36.6091138948564 -6.32249845986673e-13 -2.39237503505546e-13
36.5545341089851 1.67776857961041 0.628977811463027
36.3911463842735 3.34767163007716 1.25548588149377
36.120002245565 5.00191158889778 1.87706503072564
35.7428430213412 6.63282614967278 2.49127719171446
35.2620831401725 8.2329542041532 3.09571593504551
34.6807869749248 9.79509978048664 3.68801696149333
34.0026394578124 11.3123933417502 4.26586855198878
33.231910743655 12.7783498357268 4.82702196966671
32.3734152442709 14.186922919704 5.36930181121958
31.4324653895152 15.5325548221907 5.89061630791142
30.4148204837307 16.8102213455545 6.38896757929416
29.3266310112048 18.015471556796 6.86246184346762
28.1743786892113 19.1444617517773 7.30931958341522
26.9648124615114 20.1939832987191 7.72788565291561
25.7048804674629 21.1614839475788 8.11663926568894
24.4016578377494 22.045082100319 8.47420372868395
23.0622700354984 22.8435733370016 8.79935563056705
21.6938115346642 23.5564281686614 9.09103296020544
20.3032601249992 24.1837795895653 9.34834131445448
18.8973882578743 24.7263986936456 9.5705570233286
17.4826746167542 25.1856566944742 9.75712581196645
16.065221146521 25.5634724753535 9.90765572062213
14.6506823124609 25.8622464561407 10.0219035630055
13.2442134301163 26.0847838552483 10.0997551990896
11.850442964646 26.234212657174 10.1412010755678
10.4734700895469 26.3139029025116 10.1463094383886
9.11688471190689 26.3273937415601 10.1152000028564
7.78380400592779 26.2783331153923 10.0480205892584
6.47691808165642 26.1704325831826 9.94492848522052
5.19853773195817 26.0074374862646 9.80607740069472
3.95063863762686 25.7931108817116 9.63161011157798
2.73489823536099 25.5312286786974 9.42165638059776
1.55272313016366 25.2255830756159 9.17633550958833
0.405266204392941 24.8799915095678 8.8957628560663
-0.706566607495761 24.4983086785313 8.58005976937342
-1.78211948429388 24.0844396040017 8.22936662922768
-2.82099926901288 23.6423519938468 7.84385896353027
-3.82309675301771 23.1760862570814 7.42376678969923
-4.78861592473536 22.6897618517476 6.96939709231769
-5.71811096211554 22.1875800593772 6.48115944162382
-6.61253305263685 21.6738242345295 5.95959779151315
-7.47329056876143 21.1528524474513 5.40543749601395
-8.30231724541844 20.6290628418162 4.819653578234
-9.10212281537306 20.1068154284583 4.20353888825344
-9.87580601284068 19.5903523706607 3.55872501711625
-10.6270897046251 19.0838229848488 2.8871680612652
-11.3605293148288 18.5914184362893 2.19127295866081
-12.0819346402645 18.1173025631719 1.47438571684774
-12.7986558201824 17.6648581352821 0.741562951531729
-13.5191193295553 17.2352410080501 8.13482456396692e-12
-14.2514104303722 16.8261098701654 -0.741562951531621
-15.0015993886323 16.4316333347991 -1.47438571686054
-15.7728984417527 16.0439359329712 -2.19127295866041
-16.566053094875 15.6549608727213 -2.88716806125938
-17.3803622566982 15.2575948032152 -3.55872501711678
-18.2144739835861 14.8457970285927 -4.20353888825273
-19.0666562955459 14.4142687935136 -4.81965357823417
-19.9347847386023 13.9582054339556 -5.4054374960178
-20.8163382989616 13.4732534520848 -5.95959779151213
-21.7084749398745 12.955539112393 -6.48115944161943
-22.6081246480572 12.401663693491 -6.9693970923183
-23.5120535234214 11.808661765621 -7.4237667897024
-24.4169002383851 11.173952755796 -7.84385896353016
-25.3191992318337 10.4953002758231 -8.22936662922581
-26.2153968026132 9.77077869866462 -8.58005976937325
-27.1018602364251 8.99874465432845 -8.89576285606713
-27.9748797748427 8.1778135898873 -9.17633550958834
-28.8306641842641 7.30684271860473 -9.42165638059739
-29.6653310260062 6.38492174734238 -9.63161011157796
-30.4748928574221 5.41137273256883 -9.80607740069484
-31.2552409268944 4.38576042249018 -9.94492848522049
-32.0021284910053 3.30791427832757 -10.0480205892583
-32.711156592582 2.17796283473881 -10.1152000028564
-33.3777658720676 0.996380015775846 -10.1463094383886
-33.9972385327208 -0.235958597050965 -10.1412010755678
-34.5647146269315 -1.51771362815553 -10.0997551990896
-35.0752260271844 -2.84702010945209 -10.0219035630055
-35.5237495868629 -4.22143366478133 -9.90765572062214
-35.9052782577874 -5.63789226912532 -9.75712581196646
-36.2149059827386 -7.09269922183002 -9.57055702332862
-36.4479199875888 -8.58152952526626 -9.3483413144545
-36.5998934248182 -10.0994580817564 -9.09103296020546
-36.6667722818074 -11.6410053233334 -8.79935563056706
-36.6449524872666 -13.2001948039432 -8.47420372868396
-36.5313453551134 -14.7706177844319 -8.11663926568897
-36.3234312120471 -16.3455012227485 -7.72788565291562
-36.0193020044264 -17.9177770769673 -7.30931958341524
-35.6176939759459 -19.4801519568739 -6.86246184346763
-35.1180114113572 -21.0251767898328 -6.38896757929415
-34.5203421974513 -22.545316391956 -5.89061630791142
-33.8254657131328 -24.0330188211049 -5.36930181121958
-33.0348533890139 -25.480784274595 -4.82702196966672
-32.1506621814659 -26.8812331674697 -4.26586855198878
-31.1757211709693 -28.2271729254341 -3.68801696149331
-30.1135115000789 -29.5116629598277 -3.09571593504551
-28.968139896175 -30.7280772572804 -2.49127719171448
-27.7443060672539 -31.8701640071173 -1.8770650307257
-26.4472643083142 -32.9321016987364 -1.25548588149382
-25.082779707109 -33.9085511442364 -0.62897781146321
-23.6570793884302 -34.7947029151396 3.9652851302343e-14
-22.17679928388 -35.5863197238475 0.628977811463283
-20.6489269579632 -36.2797733288138 1.25548588149389
-19.080741060315 -36.8720755960153 1.87706503072576
-17.4797480071701 -37.3609034069533 2.49127719171454
-15.8536165220975 -37.744617163981 3.09571593504558
-14.2101106859595 -38.0222727059208 3.68801696149339
-12.5570221583505 -38.1936265092199 4.26586855198884
-10.9021022366453 -38.2591341103219 4.82702196966678
-9.2529944131419 -38.219941740809 5.36930181121963
-7.61716807406786 -38.0778712141466 5.8906163079115
-6.00185395437755 -37.8353981353874 6.38896757929422
-4.41398191726292 -37.4956235136699 6.86246184346768
-2.86012156678883 -37.0622388287447 7.30931958341529
-1.34642613146815 -36.5394845214675 7.72788565291567
0.121420005646498 -35.9321017320106 8.116639265689
1.53824976751329 -35.2452769042621 8.474203728684
2.8994573643052 -34.4845786603349 8.79935563056709
4.20103700815016 -33.6558862504176 9.09103296020549
5.43961498058565 -32.7653091148314 9.34834131445453
6.61247284286041 -31.8190979154755 9.57055702332864
7.7175587590293 -30.8235489635994 9.75712581196648
8.75348355833807 -29.7849061401347 9.90765572062216
9.71949883271964 -28.7092665655927 10.0219035630055
10.6154563148113 -27.6024974834038 10.0997551990896
11.441750686071 -26.4701712542247 10.1412010755678
12.1992509005168 -25.3175228867356 10.1463094383886
12.8892269986712 -24.1494309068211 10.1152000028564
13.5132796030738 -22.9704188370644 10.0480205892583
14.0732779632342 -21.7846721606923 9.94492848522051
14.5713102434599 -20.5960647536958 9.80607740069488
15.0096475063753 -19.4081891343686 9.63161011157784
15.3907210668989 -18.2243859600922 9.42165638059704
15.7171117626754 -17.0477694857294 9.17633550958816
15.9915491500301 -15.8812468552392 8.89576285606785
16.2169185281048 -14.7275299798635 8.58005976937476
16.3962738341187 -13.5891393281793 8.22936662922432
16.5328546253933 -12.4683992380594 7.84385896352353
16.6301053944454 -11.3674244914563 7.42376678970268
16.6916956907907 -10.2880981582336 6.96939709233595
16.7215410199669 -9.23204094699301 6.4811594416254
16.7238264695925 -8.20057078249171 5.95959779147633
16.7030304253923 -7.19464701348105 5.40543749599558
16.6639286589553 -6.21479404822132 4.81965357828865
16.6115519169011 -5.26101839987811 4.20353888829797
16.5511233875564 -4.33275756756114 3.55872501705175
16.4880979175831 -3.42886211212853 2.88716806119354
16.4283828745344 -2.54748250317577 2.19127295872348
16.3784891467677 -1.68566922834393 1.47438571693163
16.3450213686092 -0.838748265272893 0.741562951473142
16.3331937772542 -5.91814708384583e-11 -6.75443533475057e-11
16.3450213684887 0.838748265277227 -0.741562951472975
16.3784891467531 1.68566922844879 -1.47438571680964
16.4283828746327 2.54748250316919 -2.1912729587248
16.4880979176033 3.42886211205859 -2.88716806128475
16.5511233874917 4.33275756756548 -3.55872501705297
16.6115519168862 5.26101839991419 -4.20353888824579
16.6639286589895 6.21479404822243 -4.81965357828562
16.7030304253973 7.19464701346994 -5.40543749601668
16.7238264695781 8.20057078248994 -5.95959779148121
16.7215410199689 9.23204094699449 -6.48115944162347
16.6916956907958 10.2880981582361 -6.96939709233257
16.6301053944412 11.3674244914581 -7.42376678969916
16.5328546253914 12.4683992380591 -7.84385896352556
16.3962738341218 13.5891393281793 -8.22936662922773
16.2169185281056 14.7275299798643 -8.58005976937451
15.9915491500286 15.8812468552398 -8.89576285606662
15.7171117626747 17.0477694857298 -9.17633550958826
15.3907210668992 18.2243859600928 -9.42165638059755
15.0096475063755 19.4081891343692 -9.63161011157802
14.5713102434597 20.5960647536963 -9.8060774006949
14.0732779632338 21.7846721606927 -9.94492848522055
13.5132796030735 22.9704188370649 -10.0480205892583
12.889226998671 24.1494309068216 -10.1152000028564
12.1992509005166 25.3175228867361 -10.1463094383886
11.4417506860707 26.4701712542251 -10.1412010755678
10.615456314811 27.6024974834041 -10.0997551990896
9.71949883271934 28.709266565593 -10.0219035630055
8.75348355833778 29.784906140135 -9.90765572062213
7.71755875902903 30.8235489635997 -9.75712581196644
6.61247284286013 31.8190979154757 -9.5705570233286
5.43961498058538 32.7653091148316 -9.34834131445448
4.2010370081499 33.6558862504178 -9.09103296020543
2.89945736430496 34.4845786603351 -8.79935563056704
1.53824976751305 35.2452769042622 -8.47420372868394
0.121420005646273 35.9321017320107 -8.11663926568895
-1.34642613146835 36.5394845214677 -7.7278856529156
-2.86012156678903 37.0622388287447 -7.30931958341523
-4.4139819172631 37.4956235136699 -6.86246184346765
-6.00185395437769 37.8353981353874 -6.38896757929418
-7.61716807406798 38.0778712141466 -5.89061630791145
-9.25299441314199 38.219941740809 -5.36930181121961
-10.9021022366453 38.2591341103219 -4.82702196966675
-12.5570221583505 38.1936265092199 -4.26586855198883
-14.2101106859595 38.0222727059208 -3.68801696149339
-15.8536165220975 37.744617163981 -3.09571593504559
-17.47974800717 37.3609034069533 -2.49127719171454
-19.0807410603149 36.8720755960154 -1.87706503072579
-20.6489269579631 36.2797733288138 -1.25548588149395
-22.1767992838799 35.5863197238475 -0.628977811463331
-23.6570793884301 34.7947029151397 -1.01593089793828e-13
-25.0827797071089 33.9085511442365 0.628977811463139
-26.447264308314 32.9321016987365 1.25548588149374
-27.7443060672537 31.8701640071175 1.87706503072561
-28.9681398961748 30.7280772572806 2.49127719171436
-30.1135115000787 29.5116629598279 3.09571593504541
-31.1757211709691 28.2271729254344 3.68801696149322
-32.1506621814657 26.8812331674699 4.26586855198865
-33.0348533890137 25.4807842745953 4.8270219696666
-33.8254657131327 24.0330188211053 5.36930181121946
-34.5203421974511 22.5453163919564 5.89061630791129
-35.118011411357 21.0251767898333 6.38896757929401
-35.6176939759457 19.4801519568744 6.8624618434675
-36.0193020044263 17.9177770769678 7.3093195834151
-36.323431212047 16.345501222749 7.72788565291548
-36.5313453551134 14.7706177844325 8.11663926568884
-36.6449524872666 13.2001948039437 8.47420372868384
-36.6667722818074 11.641005323334 8.79935563056693
-36.5998934248182 10.099458081757 9.09103296020536
-36.4479199875889 8.58152952526689 9.34834131445441
-36.2149059827388 7.09269922183065 9.57055702332853
-35.9052782577875 5.63789226912596 9.75712581196639
-35.523749586863 4.22143366478199 9.90765572062209
-35.0752260271847 2.84702010945271 10.0219035630055
-34.5647146269318 1.51771362815612 10.0997551990895
-33.997238532721 0.235958597051635 10.1412010755678
-33.3777658720678 -0.996380015775165 10.1463094383886
-32.7111565925825 -2.17796283473827 10.1152000028564
-32.0021284910058 -3.30791427832702 10.0480205892584
-31.2552409268947 -4.3857604224895 9.94492848522057
-30.4748928574228 -5.4113727325684 9.80607740069489
-29.665331026007 -6.38492174734215 9.63161011157804
-28.8306641842645 -7.30684271860419 9.42165638059782
-27.9748797748425 -8.17781358988603 9.17633550958837
-27.101860236425 -8.99874465432684 8.89576285606607
-26.2153968026151 -9.77077869866635 8.58005976937464
-25.3191992318365 -10.4953002758275 8.22936662922994
-24.416900238383 -11.1739527557896 7.84385896352618
-23.5120535234191 -11.8086617656102 7.42376678969377
-22.6081246480619 -12.4016636935055 6.96939709232926
-21.7084749398749 -12.9555391124055 6.48115944163347
-20.8163382989572 -13.4732534520546 5.95959779149238
-19.9347847386097 -13.9582054339534 5.40543749600663
-19.0666562955515 -14.4142687935618 4.81965357826336
-18.2144739835755 -14.8457970285638 4.20353888824823
-17.3803622566924 -15.2575948031532 3.55872501708741
-16.5660530948811 -15.654960872793 2.8871680612952
-15.7728984417637 -16.043935933029 2.19127295868115
-15.0015993886387 -16.4316333346905 1.47438571679629
-14.2514104303572 -16.8261098701316 0.74156295152937
-13.5191193295492 -17.2352410081686 6.61646681422168e-11
-12.7986558202026 -17.6648581352815 -0.741562951550215
-12.081934640254 -18.1173025630679 -1.47438571690285
-11.360529314807 -18.5914184363131 -2.19127295862115
-10.627089704658 -19.083822984928 -2.88716806124106
-9.87580601286411 -19.5903523706322 -3.55872501716398
-9.10212281533496 -20.1068154284009 -4.20353888825194
-8.30231724539881 -20.6290628418328 -4.81965357819111
-7.47329056878988 -21.1528524474864 -5.40543749602229
-6.61253305265132 -21.6738242345241 -5.95959779154045
-5.71811096210432 -22.1875800593605 -6.48115944161784
-4.78861592473033 -22.6897618517479 -6.96939709230455
-3.82309675302067 -23.1760862570846 -7.42376678970007
-2.82099926901435 -23.6423519938451 -7.84385896353331
-1.7821194842953 -24.0844396040024 -8.22936662922777
-0.706566607497452 -24.4983086785329 -8.58005976937335
0.405266204392394 -24.8799915095666 -8.89576285606569
1.55272313016311 -25.2255830756145 -9.17633550958756
2.73489823535981 -25.5312286786976 -9.42165638059774
3.95063863762572 -25.7931108817117 -9.63161011157802
5.19853773195711 -26.0074374862643 -9.80607740069453
6.47691808165526 -26.1704325831826 -9.94492848522042
7.7838040059266 -26.2783331153923 -10.0480205892583
9.11688471190567 -26.3273937415601 -10.1152000028563
10.4734700895456 -26.3139029025117 -10.1463094383886
11.8504429646447 -26.234212657174 -10.1412010755679
13.244213430115 -26.0847838552485 -10.0997551990897
14.6506823124596 -25.8622464561409 -10.0219035630056
16.0652211465197 -25.5634724753539 -9.90765572062225
17.4826746167528 -25.1856566944746 -9.75712581196662
18.8973882578729 -24.7263986936461 -9.5705570233288
20.3032601249979 -24.1837795895659 -9.34834131445472
21.6938115346628 -23.556428168662 -9.09103296020573
23.062270035497 -22.8435733370023 -8.79935563056736
24.4016578377481 -22.0450821003198 -8.47420372868429
25.7048804674617 -21.1614839475798 -8.1166392656893
26.9648124615101 -20.1939832987201 -7.72788565291603
28.1743786892101 -19.1444617517784 -7.30931958341567
29.3266310112036 -18.0154715567972 -6.86246184346813
30.4148204837296 -16.8102213455558 -6.38896757929469
31.4324653895141 -15.5325548221921 -5.89061630791196
32.3734152442699 -14.1869229197055 -5.36930181122014
33.2319107436542 -12.7783498357284 -4.82702196966734
34.0026394578116 -11.3123933417518 -4.26586855198941
34.6807869749241 -9.79509978048833 -3.68801696149395
35.2620831401719 -8.23295420415496 -3.0957159350462
35.7428430213407 -6.6328261496745 -2.4912771917151
36.1200022455646 -5.00191158889963 -1.87706503072632
36.3911463842732 -3.34767163007871 -1.25548588149432
36.5545341089849 -1.67776857961232 -0.628977811463756
