-1.7935467568371208 1.5227602230811828 -0.1756522944800156
-1.8063128560862232 1.4808684500701119 -0.22965336719515259
-1.8159065291269887 1.437350520609495 -0.28129838456176137
-1.8224743383382049 1.3916443924345558 -0.33131133715399519
-1.825783820944672 1.3436599438064116 -0.37997900573462168
-1.8250561866530388 1.2932443143071564 -0.42721218189487015
-1.8206811270460856 1.2410879840937723 -0.47142170087129154
-1.813673166856802 1.1880649860174353 -0.51276109729896335
-1.8036954009487964 1.1338863834398278 -0.55169443013705299
-1.7902863727243676 1.0781310754675526 -0.58841857649161444
-1.7730711770455603 1.021150965406697 -0.62174501377701941
-1.7535429635530402 0.96412146163422197 -0.65148361578770275
-1.731664400592712 0.90708789175818627 -0.67828309002616205
-1.7073388153228557 0.84979835408577331 -0.70205956410867654
-1.6799924895850249 0.79168335520804878 -0.72235985208876918
-1.6497439834420213 0.73395313856317557 -0.73818791226276992
-1.6182120606025081 0.67743361491662601 -0.75097385118168181
-1.5848655387019432 0.62152144454976888 -0.76039553633600465
-1.5495979739874972 0.56617681825489719 -0.76622509453404819
-1.5122599429292256 0.51169876677568182 -0.76779121636975745
-1.4736531138331912 0.4588528974357442 -0.76541586808903628
-1.4343811103428605 0.40756303135754718 -0.76003339370254819
-1.3943758315940322 0.35764550872024364 -0.75122586608375375
-1.3533917393495034 0.30909807302668618 -0.73854277777008559
-1.3116073278656966 0.2628176755072435 -0.72152706825431379
-1.2701595034682693 0.21849402327741291 -0.70155469172433971
-1.228983743119695 0.17595899987375882 -0.67851904083531245
-1.1880342710022116 0.13530902481563001 -0.65226887875069106
-1.1474409765845466 0.096950430102643842 -0.6222247047388263
-1.1079339126381755 0.061361252771937061 -0.58834158278364834
-1.0695847286566362 0.027723085121596831 -0.5522211399382102
-1.0325952891693053 -0.0038183680711451826 -0.51337115072734552
-0.99723949931806055 -0.033156770679976584 -0.47170326362109205
-0.96422455478128855 -0.059841937363697632 -0.42695025863010616
-0.93388111514868 -0.084417064693004279 -0.37975345928817045
-0.90602182330916525 -0.10719929665940484 -0.33061484374035421
-0.88111112164557281 -0.12810081297991111 -0.27943062203914554
-0.85976222182057327 -0.14713882297257835 -0.22700134685354006
-0.84487519683259482 -0.16393500694265867 -0.17275010879943653
-0.83419851822553059 -0.18151485784419705 -0.11750614328781844
-0.82615336803681028 -0.20006617608370142 -0.060758601471303381
-0.81885359276020087 -0.21886571003972455 -0.0043142698090620751
-0.81534046526231041 -0.23831575138880728 0.050544914361076422
-0.81616416262198355 -0.26285487565098248 0.10393010518104934
-0.81874223413201486 -0.29233132835770437 0.15629053256688777
-0.82193379356954288 -0.32667409918532425 0.20654701819284474
-0.82489337489894288 -0.36473709698565709 0.25485570067343322
-0.82721851903065369 -0.40688509368616382 0.3004371912414634
-0.82797807495549647 -0.45276485762954399 0.34290459771722692
-0.82710497457862719 -0.50123948169917432 0.3826688101817371
-0.82444287378119963 -0.55201703750877196 0.41977086127184216
-0.82007627103477831 -0.60492685178749539 0.45462603109798466
-0.81297257330040329 -0.66018271084188918 0.48572065499052436
-0.80346541522698878 -0.7167537210595194 0.51344900647016323
-0.79166153722772925 -0.77440876527493863 0.53837129999485567
-0.77746265093381506 -0.8330084179147107 0.5605872330036642
-0.76076207744745483 -0.89263057384520716 0.57974021164697476
-0.74099227907638821 -0.95250654418142444 0.59507340393409525
-0.71865166962109051 -1.012027632996191 0.60720637098565011
-0.69383542812692833 -1.0713013615127116 0.61647310918068232
-0.66652022931975863 -1.1305948477879058 0.62305405947023274
-0.63617494187100254 -1.1892043791082869 0.62588080522499268
-0.60308146407534735 -1.2459777334834232 0.62530171667065393
-0.5676937564227148 -1.3010421074561602 0.62193732047319783
-0.53011332092554664 -1.3546360377889826 0.61592951854752964
-0.49017131740318731 -1.4075239444022052 0.60713063482754137
-0.44717301199687209 -1.4574074032956386 0.59489130022029268
-0.40258196684084535 -1.5041334655254617 0.58009385544052616
-0.35613120717001473 -1.5483758976192419 0.5628366218909745
-0.30771845128071296 -1.5902222359941018 0.54324865440689896
-0.25690910380802534 -1.6290344919505135 0.52141000321311615
-0.20493765799597655 -1.6638406252151892 0.49678926747010133
-0.15216255830352565 -1.6951036388670264 0.47032769254402174
-0.098216629631859745 -1.7230109422101409 0.44213620456955988
-0.04268501412578804 -1.7478581134999391 0.41201735864652395
0.0140191899159261 -1.7680207490294948 0.37991642825329575
0.07051559284436365 -1.7836182455746536 0.34684297470405007
0.12692399528349477 -1.7956069754021975 0.31244199685673002
0.18345381451712475 -1.8038285532281551 0.27660417592713871
0.24080667139562925 -1.8080534735719431 0.23967722651121892
0.29770384983584153 -1.8070396875485204 0.20200685227637558
0.3530305979981142 -1.8021950075884721 0.16379369667554888
0.40756184082323277 -1.793400098772425 0.1250853526239627
0.46149690697133572 -1.7806339530660422 0.086151572925432823
0.51474373971696818 -1.7633866334806687 0.046760357387580359
0.56594487861092546 -1.7415623683847643 0.00735503851363941
0.61508322917261227 -1.7161514130245257 -0.031298528331980324
0.66241355812231473 -1.6871737627024477 -0.069627611199587186
0.70807787280392898 -1.654286287868697 -0.10792928073254854
0.75149532515318396 -1.6170435152770919 -0.14505543400253493
0.79231733502857515 -1.5766315766337586 -0.18063452626048782
0.83064045671421949 -1.5331955408497151 -0.21488113453718644
0.86647500435986802 -1.4869009420718504 -0.24776922299059068
0.90008429721593508 -1.4369214844121172 -0.27956282259355053
0.92995292490426418 -1.3834400540838478 -0.30904099769507776
0.957005088487203 -1.3286146745067229 -0.3359690099549319
0.98132255339890184 -1.2718570613341151 -0.36079712704047412
1.0030635851286138 -1.2129682597267062 -0.38361847074696753
1.0216762348099271 -1.1513894712787842 -0.40368272214557449
1.0368764949491491 -1.0884690238856556 -0.4203926969766153
1.049398965777699 -1.0250993130638986 -0.43434553620356758
1.0592630152767204 -0.9608821123260336 -0.44545481773455314
1.0663729241078082 -0.89544395834569701 -0.4534635250863937
1.0701641619352995 -0.82943022439077607 -0.45750103571612694
1.0715440624878971 -0.76401319151654723 -0.45828414846186361
1.0706744817030882 -0.69898214906914857 -0.45589253114034128
1.0675919036679231 -0.63437080309666993 -0.45009495622344298
1.0622323808410767 -0.57019821586244213 -0.44026378799287685
1.0546432852665106 -0.50762006207354748 -0.42577872617821894
1.0459794913853395 -0.44685378890012151 -0.40818350685835381
1.0361589515908047 -0.38781763363299937 -0.38680145047656522
1.025447973526707 -0.33079435347266706 -0.36137259666936816
1.01433147208926 -0.27698128681932488 -0.33112030780967866
1.0042052637641306 -0.22683629815493556 -0.29701375507274541
0.99604878531151253 -0.18051229145361783 -0.25959575124469914
0.99083789777495634 -0.1375048621471596 -0.21984094529000034
0.98918592666515903 -0.096757576942380241 -0.17919403250950328
0.99174104463462087 -0.056062221397037017 -0.13903892051563821
0.99772410853014692 -0.014207904408581488 -0.09964551652316575
1.006882155911561 0.029561353128814173 -0.061510851616858604
1.0183830643944229 0.075935555944291425 -0.024963157516623861
1.0313560895331702 0.12671756041443025 0.0083358969064496052
1.0433691543231949 0.18206314123964523 0.037266413328485432
1.0532746508555733 0.24026902258404095 0.06235121700112408
1.0604677356865593 0.30068312973055977 0.083830635056270614
1.0648193139726565 0.36302618387696084 0.1022982429921788
1.0652746244092333 0.42686885481190989 0.11711656627295861
1.0619928557566432 0.49100220353299268 0.12885061725178812
1.0553155220813686 0.55523048319737933 0.1380671300405952
1.0452229209109414 0.61949164385688837 0.14494763041481276
1.031589778425293 0.68416824638697715 0.14967358066114361
1.0131905152403298 0.7478683168844209 0.15154542155527762
0.99138282543264644 0.80981777221124129 0.15150942196004044
0.96620140786637143 0.87048433796821112 0.14975624644568855
0.93764986350580104 0.92999965272502694 0.14635875079789165
0.90516902252932141 0.98805231594193765 0.14113807273766438
0.86884859980111806 1.0432737288116494 0.13435124656747499
0.82972925850581802 1.0958007009523894 0.12657105288674453
0.78768443122962872 1.1459363351276475 0.11770452199811385
0.74257795624308109 1.1938367636853653 0.10755543838116144
0.69419693925687886 1.2383819976209964 0.096165072460564549
0.64348175242283046 1.2794190265780054 0.084202602959985329
0.59062152460319239 1.3170543379757969 0.071641072904654463
0.53583261663378701 1.3515361566454043 0.058560921502281281
0.47842625147961493 1.383041639449464 0.044928083092295061
0.41881076013993834 1.4098771932217036 0.030850506603744991
0.35849083183053154 1.4327730311148541 0.016874303722240608
0.296910936345262 1.452224438507274 0.002891078652761574
0.23394022071537648 1.4679111716954605 -0.01105633769432271
0.16966936784213735 1.4795335969366676 -0.024853899011923381
0.1048747007040918 1.486533988984136 -0.038277477467265349
0.040232066945272371 1.4896748464379796 -0.051197857392134644
-0.024686621385305821 1.4890845885757533 -0.063716626067732263
-0.090058230568550918 1.484291165692049 -0.075713039101116569
-0.15521734927219533 1.474820665284666 -0.086495631058283007
-0.21941510487683383 1.4612194623885215 -0.096055204384627835
-0.2824927634510791 1.4438311186042683 -0.1043635731478583
-0.34451328445795354 1.4229720046597003 -0.11137892139109359
-0.40608081198354695 1.3980931220417219 -0.1168879354133299
-0.4656402983951492 1.3684162889367091 -0.12011959346185205
-0.52278545189096814 1.3359043209579482 -0.12121238634468021
-0.57791236592028894 1.3003236199354211 -0.12012163988900604
-0.63087630413802553 1.2618454917044413 -0.11663009628386226
-0.6815955736991588 1.2204281707492135 -0.11015792275852695
-0.72904255715436672 1.1764350778260422 -0.099759821619660405
-0.77330910202402614 1.1311871483862137 -0.086152654257754979
-0.81450396400152858 1.0853021191292964 -0.068860413962675726
-0.85305413764303895 1.0395799667671468 -0.047890950538057205
-0.88846787924258708 0.99540935443438427 -0.022299017056846036
-0.92166026929284439 0.95474206137663564 0.0071788003477705822
-0.95434437897866331 0.91763383928433051 0.038814049880951648
-0.98743627233460229 0.88408364829632247 0.071851846223345589
-1.0216375128208999 0.85423039843835935 0.10549751528351647
-1.0598350829585768 0.82744623972938436 0.13880235429266283
-1.1021802333239357 0.80157449301737915 0.17132506173336198
-1.1482516840474535 0.77566274205421593 0.20139067302235131
-1.1982250614674794 0.74828308601679927 0.22741629821185372
-1.2506912298723589 0.71807993218762478 0.24845746678319669
-1.3036910428580977 0.68488879067216513 0.26415763199268666
-1.3562429835098135 0.64920938085508861 0.27579852949572975
-1.4080567267100688 0.61106817178717532 0.28400635715762074
-1.4594962964123983 0.57023478039936581 0.28937514039791212
-1.5087293024373161 0.52603484770551123 0.29058404445427205
-1.5552621387776109 0.4798091672619097 0.28871352751295543
-1.5995262355429996 0.43147135319523533 0.28419568344295254
-1.6417253781412708 0.38095970910505805 0.277211122904584
-1.681328876146817 0.32793858523729524 0.2674881512997499
-1.7171056324104774 0.27301488670620661 0.25509549184716679
-1.7493416754621671 0.21683906411235371 0.24082800817226818
-1.7782868158889529 0.15927891910297357 0.2248457977453634
-1.804486370287165 0.099705262564590794 0.20700542934352315
-1.8257100317761965 0.038657945712406036 0.18710538260948867
-1.8426527615672978 -0.022353875582102035 0.16632782974772667
-1.8559255892352906 -0.083862692739735539 0.14447070648443175
-1.8657003978189655 -0.14621016487890437 0.12129680763850784
-1.8710386110887647 -0.20928729773260984 0.096649169302771537
-1.8714701776074028 -0.27195819427854839 0.071669367839764159
-1.8679322486991636 -0.33380472574319364 0.046411885372149422
-1.8605781020029046 -0.39501755465562033 0.0206575099879183
-1.8494421414779478 -0.4563980783700069 -0.0060390363514674613
-1.8330058449994355 -0.51671516862580602 -0.032922322949720514
-1.8129289885680624 -0.57487883862923883 -0.0594479939761881
-1.7893016632930383 -0.63159118747874776 -0.085904099684147139
-1.7618913476968108 -0.68720873385769787 -0.11253158067336583
-1.7299947125618527 -0.74101298509203106 -0.13938130659184594
-1.6943100195956717 -0.79197483649142553 -0.16549156205598778
-1.6558198071717076 -0.84034774005288981 -0.19080597417923123
-1.6143296897562383 -0.88647959393776699 -0.21561317286205053
-1.5690138571260714 -0.93064873939378234 -0.24028341577812584
-1.5198650718471063 -0.9710161064304208 -0.26375268158976201
-1.4691265226406809 -1.0080035484903418 -0.28617869844739324
-1.4159821728219635 -1.04208848236487 -0.30760401762815698
-1.3601041421889917 -1.073302441545305 -0.32796612511446138
-1.3013692966501886 -1.1007266669956908 -0.34693230513749618
-1.2411577812380448 -1.1241334290906644 -0.36426482445558372
-1.1799274901738779 -1.1442369074484446 -0.37997011091065225
-1.1173538074987619 -1.161006079945903 -0.39416361070317796
-1.0528048340939424 -1.1741423987269457 -0.40682681107281393
-0.98722187249784155 -1.1826161105341384 -0.41698643847663797
-0.92201099010373055 -1.1879212530431627 -0.4251056141743903
-0.85653837597663485 -1.1899088978852279 -0.43122778235658721
-0.79060931328360129 -1.1884305172362937 -0.43525649448270026
-0.7245567566930452 -1.1828578290872029 -0.43664970438346246
-0.65947299069227239 -1.1737780626253427 -0.43538072642476328
-0.595458764314027 -1.1619248002379483 -0.43183866782984132
-0.53237852416367926 -1.1471944712658604 -0.42589351934007991
-0.46994433377299905 -1.1292324809440861 -0.41714738253296396
-0.40954902140299865 -1.1076688863656545 -0.40477482117047375
-0.35129585935695667 -1.0844884775428303 -0.3899938651242183
-0.29491938115170357 -1.0593111709067506 -0.37239499463688341
-0.24041576100219636 -1.0321481927220901 -0.35181520696129653
-0.18859055672397096 -1.0027939607785641 -0.32744834338898565
-0.1400998311876954 -0.97225682282815828 -0.2994752801933519
-0.094480732711987869 -0.94132898126370557 -0.26865269349473087
-0.051851970407548034 -0.91027639648169334 -0.23462836018503178
-0.012445957103839195 -0.87970258596132933 -0.19710654857811238
0.021897587705286159 -0.85121482552657901 -0.15482847881276429
0.052866485773675059 -0.82612142408160394 -0.10972000376285759
0.081908890591285782 -0.80449430468769234 -0.06254965180230368
0.10977891537908463 -0.78641800677279317 -0.013895628697064226
0.13757314270002299 -0.77226426206337306 0.035760123124583161
0.16581196454727262 -0.76158183017727143 0.086162894001377666
0.19467577234474451 -0.75410883133398843 0.1366706323353899
0.22444411616982282 -0.74999156980160642 0.18660755927980183
0.25594529509003838 -0.74970493283555029 0.23566338603563139
0.29256516467549853 -0.75334270714413443 0.28225211292302455
0.33373090180578846 -0.75915510535606723 0.32630938235957163
0.37813635250723865 -0.76613608250494036 0.36776098486815351
0.42539435348343291 -0.77391627807016428 0.40669152661687163
0.47595507367108503 -0.78199231055617746 0.44221855773913432
0.52956499698930137 -0.78982453208997161 0.47378178346645783
0.58546354094157749 -0.7969318512919078 0.50186402141243858
0.64324482257823856 -0.80306927485361623 0.5267377238136518
0.70290530857327715 -0.80840740225234786 0.54887032802359326
0.76452619029986135 -0.81222327469795463 0.56643941911026385
0.82711013729978633 -0.81441192058382539 0.58004400560096714
0.89057076700841975 -0.81503152491291009 0.5903755936446583
0.955010491505357 -0.81411616325638347 0.59768284743751809
1.0203440028163109 -0.81118473464504692 0.60142402112632398
1.0855749169930198 -0.80581437265475653 0.60084768885925854
1.1503150851966211 -0.79835467728731846 0.59670490650837649
1.2147227782847803 -0.78888087243161231 0.58930969599635918
1.2794404428865962 -0.77755463649879641 0.57891374889607772
1.3431312825550858 -0.76339102900689104 0.56423808610294901
1.4047328355146991 -0.74665820781686054 0.5463410162991067
1.4647596432017735 -0.72774233512471642 0.52552769800855226
1.5236110407344781 -0.70691244668497566 0.50172518745586214
1.581211291828855 -0.68359183310084071 0.47474551611871796
1.6358028643779914 -0.65762889498555399 0.44451848003043271
1.6873265146809013 -0.62979423002977519 0.41186773782849606
1.7363556699123917 -0.60000047562338132 0.37688650190909123
1.7835508784006684 -0.56780068085014446 0.33954060905381334
1.8271148755541344 -0.53327605648720255 0.29921239321560705
1.8664629869620373 -0.49713422853727252 0.25733346593100881
1.9023247024115386 -0.45943635213832223 0.21400430984702071
1.934980459503256 -0.42010206755898638 0.16897235954983342
1.9642367332501152 -0.37895181898557811 0.12165210346129968
1.9884630313282396 -0.33615953845822388 0.07330074780770332
2.0083594853175506 -0.2928065471287713 0.024859383123614458
2.024431144653116 -0.24874400356590243 -0.024356242523315169
2.0368116256627822 -0.20364510764953758 -0.075157978274912773
2.0440294538119455 -0.15761084254943988 -0.1267090809402506
2.0466274292712687 -0.11145386893389359 -0.17732598472253042
2.0451513026579771 -0.065254267442465791 -0.22750995429846924
2.0395491308958915 -0.018918533656991775 -0.27762653989525843
2.0293091189496337 0.027882663203337744 -0.32808991126784703
2.0137187163389427 0.074077909865226041 -0.37728831653527822
1.9946106514776989 0.11879609871226587 -0.42477423307538553
1.971822469701775 0.16279248059955742 -0.47121341550169343
1.9447695781896079 0.2065721297482177 -0.516974197779552
1.9127329055056272 0.24935378055411869 -0.56101423864070055
1.877301711985812 0.29031763781048764 -0.60255997398771244
1.8388552172186625 0.32970113601949014 -0.64202119842980865
1.7971067870889192 0.36749936567631253 -0.67973115225370795
1.7512200166170728 0.4036991487157563 -0.71579594319789974
1.7017320068753561 0.43772276026784962 -0.74849996144587361
1.6506774520960943 0.46966658843484205 -0.7783451886461914
1.5972871111772555 0.49951114540404917 -0.80582272322660586
1.5409722465422298 0.52729712533779471 -0.83086054430810896
1.4819122103108515 0.55270629886778821 -0.85223381509827656
1.4218333199412294 0.57578498655000876 -0.87028220918189214
1.3607051747312566 0.59638983420907599 -0.88577612464271727
1.2981814705108778 0.61466731658669527 -0.8983956260714081
1.233784160805057 0.63049984222288114 -0.90749220244666684
1.1686411338525726 0.64321450158010351 -0.91259980274816654
1.103958648558669 0.6538533308867126 -0.91500088169609284
1.0391032657614534 0.66221574691766805 -0.91440126681442002
0.97378898616187937 0.66804050503981016 -0.91052246481049981
0.90862483183363429 0.67087220028842487 -0.90263440635523662
0.84460303403599546 0.67177652959610901 -0.89152456337932251
0.78154106251787603 0.67051657935235232 -0.87782519557427541
0.7193926345184577 0.66711491576698412 -0.86127896292331518
0.65822740762916032 0.66137175630320144 -0.84114629750003711
0.59906295915801211 0.65330300571643929 -0.81719398590151948
0.54174778918562949 0.64391714353034035 -0.79110151801564144
0.48623622540532296 0.63287373076009268 -0.76232814931296278
0.43274125278666231 0.62012103933648433 -0.73055230733422161
0.38205558842450393 0.60562509177964907 -0.69531593978530903
0.33412233454066365 0.59000301147781575 -0.65760248107216035
0.28872190346610405 0.57357539742483576 -0.61771806733532375
0.24602256339029507 0.5563792073446201 -0.57551427961906021
0.20654062994243269 0.53858924626650939 -0.5306557931140008
0.1712776713887105 0.52073492860123771 -0.48281580147474673
0.13892482066854742 0.50337587706972453 -0.43326549288257526
0.10995916619649013 0.48666369738430881 -0.38173193983458464
0.084828845846130763 0.47103316887360036 -0.32824071633235091
0.064561543155242568 0.45745486427567583 -0.27266323958885824
0.048384647364119127 0.44673798317407487 -0.21548348201645093
0.035533394242016042 0.43861817075984783 -0.15733335128482737
0.02635466877324541 0.4340399813284021 -0.098527378631765805
0.020334076525975658 0.43391185729487253 -0.038378267649035527
0.012855251675950308 0.43501294515711864 0.022338717796389837
0.0055638558860283127 0.43771386596567652 0.082348489869326108
-0.001301355621519229 0.44471001089724588 0.14155039894413629
-0.0077714555783164052 0.45574624626379817 0.20025386521503866
-0.014936546762229788 0.47218891403645746 0.25790137079404729
-0.022763375579546177 0.49265141302145804 0.3145514342462965
-0.031720961497906708 0.51686537755496942 0.36978731801061049
-0.041976268867706709 0.54426377592202191 0.42358210956483572
-0.053789652535455978 0.57487384294991961 0.47563038736835789
-0.067996697440816142 0.60887593732615974 0.52515412664828642
-0.083964490182740742 0.64551227843188941 0.57240474988782086
-0.10166451300319539 0.68449059559762093 0.61743000093751954
-0.12110137262214604 0.72531620972799171 0.66067027013762847
-0.14333115569127017 0.76834805323876709 0.70070091678216107
-0.16795555691200115 0.81292661699811075 0.7375537899603436
-0.19471261927541095 0.85865561237577825 0.77169690880053055
-0.22354048867743945 0.90537230102411403 0.80342364973317693
-0.2546154974895819 0.95325722689230707 0.83219502700477022
-0.2883847834935338 1.0016177236155122 0.85701469375845607
-0.32421259275088005 1.0500311347734097 0.87837353225791126
-0.36191592454428012 1.0985547489184142 0.89671718884670282
-0.40173749536960923 1.1472414691309936 0.91276601366110932
-0.44378999876633896 1.1957491842489729 0.9243518197862729
-0.4874791691116519 1.2431665461671613 0.9318835046406142
-0.53276190013738112 1.2896503089490574 0.93615108000826674
-0.57965595655390689 1.3355120052196674 0.93739098624135531
-0.62825094934558856 1.3806036469217873 0.93492011002529096
-0.67824860277124122 1.4235201823373724 0.92818284212625279
-0.72897865870721856 1.464365216890585 0.91783093563536389
-0.78049015244899567 1.5034850995450519 0.90412181360090604
-0.83355210347798103 1.5413337509938596 0.88753985329822327
-0.88751758998649544 1.5762457360133306 0.86660642669015298
-0.94085932915845649 1.6080548228498244 0.84207582117988289
-0.99415019850992703 1.6374392124358712 0.81453614279504882
-1.0479361527600091 1.6645072098829525 0.78411163491134594
-1.102213611257487 1.6888700076089396 0.75026794186304846
-1.1553130215493705 1.7095597078901346 0.71279044430790739
-1.2069882936008061 1.7268488715188965 0.67287511079435491
-1.2579033476883907 1.740971961134915 0.63066554950545317
-1.3089635541066691 1.7520838259615932 0.58590233403729719
-1.3586544221268975 1.7589616519604685 0.538163753364716
-1.4059145011421113 1.7619550546757825 0.48888314142735889
-1.4513606971809341 1.7615580918056279 0.438031875867048
-1.495107004227886 1.7577557848236571 0.38555418098110639
-1.5373926270523439 1.7504042053370772 0.33108049307234177
-1.5770054307124068 1.7386707874412823 0.27539954401803279
-1.6136724185017051 1.7236111536323728 0.21957309011542545
-1.6478981571519646 1.7052758782128341 0.16322477199914612
-1.6800081106136373 1.6833847366145416 0.10588374320418684
-1.7090024319839576 1.6573553316686886 0.047984680020338885
-1.7345798080873196 1.6279333404935639 -0.0089009848641545403
-1.7570945887755911 1.5958112453433322 -0.064905243838421861
-1.77667262618625 1.5609914572582577 -0.12020864704082559
