-1.5212156326957744 1.3172711917794515 -0.10676083412130266
-1.5323448298798921 1.2917565840706398 -0.1435655742754004
-1.5419637656760159 1.2629890451322259 -0.18161054729474296
-1.5498621647020243 1.232490545165617 -0.21906801478779619
-1.5562392871860398 1.2009955561116654 -0.25519560457286622
-1.5606799339156614 1.1693387657844592 -0.28994683139006217
-1.5624125573585477 1.1354726275104692 -0.32439947275097425
-1.5618532371257754 1.0988562935198263 -0.35852609946517644
-1.5594728962514963 1.0607294183580986 -0.39135962363542454
-1.5559140833314664 1.022686097172955 -0.42257848117151142
-1.5498998871435892 0.98394863079293737 -0.4523975213236453
-1.5407724112252303 0.9425824530985788 -0.48093430348990163
-1.5293139124051731 0.89953079864821972 -0.50779030992587759
-1.5158977264515008 0.85575029616451048 -0.53296407193117168
-1.5017558807412317 0.8126452844674994 -0.55665459344925983
-1.4848715118018976 0.76842614522898289 -0.57762497610225549
-1.4646293236057131 0.72225627808141057 -0.5959612421925744
-1.4423992731120194 0.67571436365495696 -0.61202174278527899
-1.4187299302862404 0.62925196901272018 -0.62605344783306893
-1.3936140915124453 0.58303358282662687 -0.63780854410018029
-1.3658167171285398 0.53641449115199402 -0.64586363095642119
-1.3355148692588488 0.48958876617266456 -0.65047991010097139
-1.3034509379662391 0.44314194356260422 -0.65222328402724505
-1.2708046001469311 0.3972411658990882 -0.65184079154984431
-1.2365825866879656 0.35221208378795971 -0.64774711366626747
-1.2002096341803921 0.30802038088953504 -0.63921475320444177
-1.1627387846571082 0.26481297776895879 -0.62705111062607433
-1.1247739900072171 0.22264275003160694 -0.61167324839362991
-1.0863894177363751 0.18157344623192112 -0.59373430695822227
-1.0475426302703608 0.14248719815164776 -0.57095268667115595
-1.0085375088579467 0.10539429499570943 -0.54355573765595977
-0.96982115244561562 0.070087111451430512 -0.51254140071507548
-0.93159220126349918 0.036359437590484579 -0.47829415338493386
-0.89414356531600037 0.0048046209698085693 -0.43997570477630071
-0.85862453115835335 -0.02415841278911094 -0.39700444959226178
-0.8253301948926256 -0.050961858682610099 -0.35027766987042208
-0.79487797432242002 -0.075578144139017644 -0.29988169901401712
-0.76600027435931228 -0.098893734988449389 -0.24546942208385772
-0.74321997067474288 -0.11951112494415631 -0.18502993125645792
-0.72818096568114321 -0.13925405197572543 -0.1228667207175603
-0.71858529144415428 -0.15897915971637488 -0.062114173341323103
-0.71059756952583564 -0.17943688527333659 -0.00076473261353824512
-0.7075107909495707 -0.20358746734050703 0.063245188854252926
-0.70990551799648993 -0.23478777182748534 0.12312918763062158
-0.71326963273089383 -0.27040542839191045 0.17689291162927251
-0.71631603094555885 -0.31010261347537138 0.22577936540591231
-0.71825607412534875 -0.35296242801414973 0.27061790535128483
-0.71850734542598615 -0.39912122387628823 0.31066735170272575
-0.71652684926768073 -0.44720494353658791 0.34683828754869955
-0.71270524628182064 -0.49671826194262392 0.38004952924648433
-0.70681911244406637 -0.54760757851688635 0.40995548625471923
-0.69847721209404623 -0.59936408197517976 0.4358235398265109
-0.68734671127682012 -0.65190256133833102 0.45749013603085886
-0.67432350319039247 -0.70480233662009806 0.47697402368084524
-0.65911284458528641 -0.75765956694436531 0.49355175879204238
-0.64167300814270423 -0.81015597097856351 0.50679768949138393
-0.62184761095612096 -0.86162440643477356 0.51627532097001461
-0.59962221508415126 -0.91227286452222867 0.5228704270619724
-0.57561594118556747 -0.96250438525394322 0.52748622251744171
-0.54976442544153303 -1.0115511810819675 0.52947984712365426
-0.52215246433111784 -1.0582944047714229 0.52833932686996599
-0.49251072165965171 -1.1026209765852417 0.52418878123445145
-0.46096850559390856 -1.145994251296353 0.51837524940883839
-0.42796396875790677 -1.1882699962526477 0.51065654006786765
-0.39373332595166954 -1.2286459247305948 0.50080023116702055
-0.35882131567036435 -1.2650144878041867 0.48880020903795451
-0.32223083072443626 -1.2984554978466358 0.47476202304014364
-0.28415200444241384 -1.3314165546464132 0.45920794903372403
-0.2451446943384219 -1.3618869157109332 0.44220328770168094
-0.20560101011170431 -1.3893123099089815 0.42404873381488795
-0.16594255771511782 -1.4132029298130826 0.40452299746121267
-0.12538516722825049 -1.4350310849287542 0.38307997487444717
-0.083577221479576858 -1.4550995880994229 0.36067675046704373
-0.041466474245089424 -1.4724877847568081 0.33737234779785952
-0.00031501439253575625 -1.4864290511259137 0.31378384440832058
0.040672257987230453 -1.4969260563212108 0.28945182159282273
0.083125199798150168 -1.5056310761711198 0.26355252645883864
0.1256045836400336 -1.5121088254226023 0.23662987006646927
0.16754991274668027 -1.5158145935119127 0.20939644770928739
0.20806528306053859 -1.5165942264392784 0.18284909987719597
0.24829387863175437 -1.5142217121897024 0.15565199838470919
0.28917800952598827 -1.5096229058912463 0.12696836497915417
0.32945477334765816 -1.5024390038478423 0.098136430711813827
0.36880126716442885 -1.4928327598442639 0.069591992423941235
0.40634640682078715 -1.4809124930709401 0.04180211202586892
0.44310475248062731 -1.4660492303737476 0.013604731654209366
0.47991527497405995 -1.4482732601525607 -0.015169776189679407
0.51572394957460732 -1.4281039478474478 -0.043792522195556231
0.54951263942089446 -1.4063624543830207 -0.071727244383587324
0.58180618966123454 -1.3820610875182691 -0.099006882013552094
0.61348918090149152 -1.3546429730720595 -0.12617075470542066
0.64402621510452085 -1.3246484420538507 -0.15284363520881009
0.67321808620100188 -1.2923070928309039 -0.17891849305308319
0.70032469232985983 -1.2596531427336435 -0.20351158963449262
0.72524208033424409 -1.2242623828473342 -0.22717969343266031
0.74912358195325435 -1.1849601295321204 -0.25042355790998677
0.77139511211897982 -1.1433984502366847 -0.27239920176158366
0.79193561545256386 -1.1007841516559571 -0.29312990582251663
0.8103966169909107 -1.0576810816501216 -0.31229399648196388
0.82662659771003866 -1.0117955331197273 -0.32960346171312299
0.84088366334786491 -0.96311180266396534 -0.34514109970035212
0.8531717095439193 -0.91295077755632437 -0.35877801373448837
0.86376671360816337 -0.86259675281016179 -0.37075796944615907
0.8719233501749486 -0.81103883674675037 -0.3802290472653882
0.87756230352426612 -0.75725348009364279 -0.38682703612438962
0.88107133977181995 -0.70240115065804187 -0.39079890786531085
0.88257236987821686 -0.64698762017031053 -0.39222531162978813
0.88236988428576968 -0.59168100505152998 -0.39159186548315283
0.87953789147346706 -0.53577239291120493 -0.38679371348712638
0.87444868359367978 -0.47911130660318602 -0.37790242258828655
0.86772224265465248 -0.42271684276937899 -0.36541443207116103
0.85959826195426825 -0.36670832146147081 -0.34969045049049569
0.84962177959218854 -0.31114143078582052 -0.32901766412796424
0.83827239497543549 -0.25608710502882837 -0.30199042836301937
0.82684257522819971 -0.20217199773222883 -0.26787810441688575
0.81729343138266053 -0.14996265371055401 -0.22632366113804736
0.81180851655973352 -0.099301713734168712 -0.17835962388243312
0.81292322505871728 -0.04906791166756206 -0.12868747961251362
0.81993872929681522 0.0011689103070249701 -0.081462688559344021
0.83125354339793123 0.051919130602705685 -0.03864949300704517
0.84439871424347013 0.10337408400622985 -0.0017690451833450808
0.85670732128513227 0.15565439685517193 0.027171761086944218
0.86594231573359315 0.20820167184060664 0.049753715107483887
0.87239933548091764 0.26122834228229741 0.068603514455922526
0.87600161961780842 0.31483955066676772 0.084171416786100989
0.87656169026670927 0.36821970356458655 0.096675669674446768
0.87364812353156562 0.42144832246159536 0.10609418234339946
0.86791935627215588 0.47512703790285121 0.1136517539283885
0.8594728101940905 0.52870004836155693 0.11936068107786002
0.84823663891961731 0.58160515185769168 0.12318577930088981
0.83420755229663124 0.63232590362838625 0.12501398568627328
0.81668526974827316 0.68181901589990379 0.12486952104873905
0.79649758047114294 0.73152022262505545 0.1236709771230661
0.77375104318252175 0.77995593662725848 0.1211653619137161
0.74873295899318215 0.8263784207711059 0.11743092847738515
0.72142449643095152 0.86998964164117443 0.11250923140239108
0.69114112210732048 0.91206921059593959 0.10659057772375416
0.65828640570363883 0.95319734111318966 0.099899147401580984
0.62338158658817311 0.9922518461796217 0.092363720060939208
0.58710077260027216 1.0284560632128961 0.084067563431895947
0.54878492240644283 1.0618465411834492 0.075043239544708734
0.50812202831546505 1.0934050131553086 0.06551450412912857
0.4654586184144992 1.1227753547163042 0.05543663250564964
0.42123246324329022 1.1498453293318529 0.044956768363481253
0.37695420681248315 1.1736006616350925 0.0345283350316535
0.33110163277783333 1.1940258158506294 0.023783623631060326
0.28272639533176447 1.2124488308940082 0.012651227625642525
0.23356272964585931 1.2282078066207525 0.0015502704972617208
0.1840854181549684 1.2409744471963049 -0.0093685549257647334
0.1345466152968661 1.2506753482762145 -0.019997617882216719
0.084055105528833246 1.2570923138988692 -0.030485145479931208
0.032230061171011154 1.2606684513149713 -0.040890857760414803
-0.019527938423725438 1.2614537501538217 -0.050953409547801275
-0.070370300383150702 1.2593550509025109 -0.060528023957637178
-0.12100734246773785 1.2539348715317093 -0.069309144249896815
-0.17204154576269076 1.2452074433618849 -0.077368854313423052
-0.22322454686446688 1.2332532065737161 -0.084645074809639037
-0.27409894012089897 1.2184072037421352 -0.091056759989005809
-0.32291150451011541 1.2016757195591525 -0.096417044691241349
-0.37052152556613005 1.1813239307076091 -0.10032973401387757
-0.41829027001661068 1.1573130749645901 -0.10273011382405028
-0.46489801653092611 1.1305768929571638 -0.10350799242269429
-0.51015380935411259 1.1012493677627526 -0.10260027046626471
-0.55355221164449542 1.069892012432347 -0.1000002737421814
-0.59507956555411623 1.0356641503137287 -0.094441788525472442
-0.63528779772450406 0.99838260053587058 -0.085872863131880056
-0.67396843293932562 0.95847918943326516 -0.073759527164192068
-0.71135325470098298 0.91654125655130547 -0.058046758864777941
-0.74754572534513886 0.8724178079898115 -0.036711536745339148
-0.78361750807107 0.82738839475722969 -0.0076413431487490947
-0.82100128699299391 0.78381071847181583 0.027759265952746671
-0.86127020286732336 0.74332992584885438 0.067849102985950399
-0.90666176070239346 0.70705141717080044 0.11050221148408368
-0.95672664152317943 0.67624797218400112 0.14947874103143927
-1.0075168352028747 0.64805324096001826 0.18162105070725859
-1.0588251777869822 0.62001590656505812 0.20612769525097038
-1.1086150184927108 0.59085212382923447 0.222765615645657
-1.155710672599644 0.55982775746972102 0.23347627312810354
-1.2010235765796566 0.52694930678864849 0.24045580715373821
-1.2448984134329986 0.49241917644236616 0.24507991190296485
-1.2869462041692241 0.45626513701390059 0.24708735733176618
-1.3255465675848745 0.41899798139476391 0.24607951128439798
-1.36122149184343 0.37987130715789819 0.24212243298565606
-1.3960014686525148 0.33896454670354698 0.23681204600807637
-1.4285692677508506 0.29682150144520836 0.2296209677804063
-1.4582231561331809 0.25398376631727948 0.22065149820080063
-1.4841843252083007 0.21073245816355179 0.20992676562490814
-1.5076229018911744 0.1661592835267921 0.19776577257257646
-1.5292068562146202 0.12023272366114376 0.18452976169344076
-1.5482209459986149 0.073637357129744521 0.17016606341505031
-1.5634660708695631 0.028134631817357272 0.1551511761534837
-1.5750669341016434 -0.017771147424492435 0.13914953781768133
-1.5850845110190794 -0.065625410449828142 0.12213802675676094
-1.5925223335237291 -0.11367508943876081 0.10430361567769222
-1.5970163871233669 -0.16068838092593674 0.086087397301952362
-1.5981356245901861 -0.2064203835594644 0.067742807611269468
-1.5963111587863799 -0.2528595006139121 0.04897140812666248
-1.592018634712602 -0.29995746232706855 0.029436432465125222
-1.5850927870507168 -0.34675641492124354 0.0094523088992045159
-1.5759377828088443 -0.39118669658631156 -0.010083236812954871
-1.5634640117354104 -0.43441664927542289 -0.02946260532988345
-1.5480474200748531 -0.47859019089949872 -0.049665535345399282
-1.5301030223362198 -0.52201307537090158 -0.069936794587205309
-1.5102452142631766 -0.56349241286077945 -0.08972427541799291
-1.4882224559809147 -0.60268041056379107 -0.10913826445134026
-1.4629224461224017 -0.64121613759511076 -0.12873220947396644
-1.4346318249728724 -0.67928715810795448 -0.14846277162751811
-1.4042177670262632 -0.71587507362435288 -0.16781597682206897
-1.3733673591598679 -0.7496502047001159 -0.18622205204122741
-1.3396092189128339 -0.78128503700181984 -0.2040290337240834
-1.3022588225495801 -0.81211210253112487 -0.22208777621876438
-1.2631162350077803 -0.84094425145404683 -0.23961899245773133
-1.2231518191640007 -0.86755551321613511 -0.25623398945864878
-1.1819689852275475 -0.8916257331353622 -0.27178431967480965
-1.1378735185914048 -0.91337857425045388 -0.28673266040962991
-1.0913789520520818 -0.93299824102484308 -0.30093543147987117
-1.0436036734109237 -0.95034885030143146 -0.31405339860041304
-0.99623226634839557 -0.96547539472836053 -0.32619502862866434
-0.94723583819006496 -0.97731760416913405 -0.33698469108602064
-0.89554266953180417 -0.98634137940872679 -0.34644518197151908
-0.84295098422473325 -0.99282077701811189 -0.35443239391715553
-0.79037798956768734 -0.99707227671787457 -0.36109413451263411
-0.73781157838305889 -0.99859035031624255 -0.36624002749967233
-0.6840667053376156 -0.99663025949548145 -0.3693086674959507
-0.62949673901922176 -0.99163531925122728 -0.37033307656953318
-0.57490722443968312 -0.98399697030471467 -0.3693821022687051
-0.52137755621567472 -0.97469047052496594 -0.36718889375083275
-0.46829074723478092 -0.96178310074935003 -0.36219925878211073
-0.41491000383047594 -0.94540869886220125 -0.3541686290208429
-0.3623696241772445 -0.92668611345160501 -0.34350453752607241
-0.31100823454839055 -0.90622087005094953 -0.33065130063377307
-0.26121965074832865 -0.88365909736687709 -0.31526948576784042
-0.21309643563334907 -0.85826809569153295 -0.2957607665009156
-0.16665304159775179 -0.83072757326975377 -0.27235257559513237
-0.12224681261469278 -0.8017419812610973 -0.24512942799176879
-0.079369118802193259 -0.77153963568656703 -0.21478816614836035
-0.039658758520378701 -0.74043770430336753 -0.17798307630562218
-0.0034417263132516807 -0.71044345783520846 -0.13369030495286888
0.030218131708093426 -0.68366725429970854 -0.083726596304087963
0.062505878083644467 -0.66105860185700682 -0.029312165158807794
0.094747784528775053 -0.64391166682862744 0.027833678179474491
0.12741878140182702 -0.63221766828147596 0.085742975658114923
0.16143122100847498 -0.62550623648563486 0.14377540462497868
0.19840404885741883 -0.62421540993014413 0.2012728234187561
0.24061615732081945 -0.62864911979086957 0.25539188812735841
0.28797611496048314 -0.6364658655116513 0.30173797916228318
0.33682512747060056 -0.644588353725562 0.34236468135113907
0.38762907420586667 -0.65292845308521164 0.37858570470948844
0.44070160920226431 -0.66096444793148112 0.40975518812993511
0.4957143073265966 -0.66795598320977734 0.43537419875187666
0.55161688712015944 -0.67358570785112704 0.45685464692562228
0.60812133550034253 -0.67780317642829913 0.47504632724608276
0.66530615875213106 -0.68074515350164355 0.48961478712370721
0.72261057947552687 -0.68193933464988266 0.49940271787525481
0.77983630436454499 -0.68107928311997368 0.50479809427034406
0.83706129880698177 -0.67882688223899401 0.50825273233084267
0.89385296718964047 -0.67491753733201243 0.50870230591169008
0.94946536419095029 -0.66899543817933971 0.50565310236714656
1.0033562361290862 -0.66081416180849484 0.4987402479121934
1.05645272561669 -0.65096569354621647 0.48914031802599545
1.1089916190449238 -0.63976583328325065 0.47761936057573928
1.1601151415275115 -0.62698612366427209 0.46365000528833999
1.2080210824009836 -0.61230060943547793 0.44692015064482249
1.2534249317427253 -0.59544017722668041 0.42766678432351901
1.2986381973177803 -0.57729866567013166 0.40698345091664045
1.3423251997852412 -0.55807637692693601 0.38426694698978919
1.3833276376281503 -0.53756571765118055 0.35994127359541339
1.4204731106153368 -0.51564394249841317 0.33422002255058497
1.4556978230430591 -0.49235127966538084 0.30675616838048514
1.4901557752738817 -0.46779596402084656 0.27790333293687397
1.5223785354330981 -0.44206789527695134 0.2480701099048111
1.5506886944243436 -0.41598702702645196 0.21786030060849232
1.5756148765228333 -0.38917236338436578 0.18665453889221861
1.5996275774159414 -0.36070052834186639 0.15413113589384247
1.6217067009424295 -0.33137165288412446 0.12062441840953736
1.6409940684958448 -0.30181362958783065 0.086784523043614836
1.6566452598884358 -0.27265857976185082 0.053610406408422288
1.6697358436579044 -0.24231904073314181 0.019854178336953118
1.6814886154541904 -0.21050773610337792 -0.015578693358064985
1.690881570226062 -0.1784735061161829 -0.051485925301345707
1.6974249006697082 -0.14760948482975977 -0.086288416866207474
1.7009231707020678 -0.11689707784726788 -0.12052664333156285
1.7022159143492945 -0.084582439509108209 -0.15586028981832739
1.7011843961208697 -0.051745024403280875 -0.19152314458901809
1.6978086471120319 -0.019230889729003546 -0.22670223277780951
1.6924293936011856 0.011737393467580244 -0.26020994498958727
1.6839201147639202 0.043002293412431607 -0.2936512635676668
1.6723374358958714 0.075637656023816779 -0.3284142373037211
1.6584145648840924 0.10798657043732665 -0.36277125328204179
1.6432726965836386 0.13884696343631925 -0.39543642115693045
1.6258248611416364 0.16877338016911334 -0.42683688383851859
1.6047264941901291 0.19922693524242946 -0.45836865807970356
1.5807150108996275 0.22968554265065061 -0.48941315686380982
1.5546551489907241 0.25956191344039903 -0.51931839687712189
1.5279976053644477 0.28764827323344766 -0.5478657009370943
1.4981565869547921 0.3146314826910106 -0.57532231734241235
1.4642489844815541 0.34164105132790568 -0.60193334379962382
1.4281724286031623 0.36793119353367582 -0.62702240758190497
1.3914274734476917 0.39276437071577536 -0.65086129973717932
1.3528252293350744 0.41589939457727332 -0.67313931406929461
1.3105644953079372 0.43819635532680484 -0.69326439996158273
1.2658091526669575 0.4594664029973195 -0.71135632934939808
1.2196393809504347 0.47913433826298801 -0.72787241506263534
1.1733652239347354 0.49747277877147045 -0.74299221452253228
1.1247594933815119 0.51375986970493603 -0.75529805751367218
1.0731773943826322 0.52807349511871293 -0.76473528856873974
1.0203738843970283 0.54071108975483029 -0.77177909483470597
0.96742724516512557 0.55216223296948408 -0.77707252293512508
0.91369986380281465 0.56123530880780881 -0.77998326046289967
0.85837011861657475 0.56784131654495751 -0.77917031385589675
0.80227447179444289 0.57253210165382684 -0.77501219991862291
0.74596899918840232 0.57528775593759862 -0.76828299724440374
0.68999250098666509 0.57647013978139372 -0.75997222025705879
0.6341754944382304 0.57495982239622612 -0.74776617480780716
0.57850452702562705 0.57097113339474459 -0.73145761930063757
0.52360624262724942 0.56520214469207997 -0.71219885372553227
0.4695657352496142 0.55788680447351169 -0.69073211718723826
0.41689269914464344 0.5485769916201747 -0.66600773422905812
0.36608795316925224 0.53698015685513956 -0.637130431386421
0.31725678554998826 0.52362955748650053 -0.60479403803166465
0.27048466416936701 0.50893044755441574 -0.5694784237348548
0.22543974833853161 0.49296155527284236 -0.53182302928738012
0.18393526043055339 0.47567619732869942 -0.4900494795668881
0.14602583638444386 0.45781305745584666 -0.44456297813453294
0.11134892648456748 0.43995749654013483 -0.39605187631928063
0.079787696835350974 0.42223480946009806 -0.34451905840311492
0.052904672727494245 0.40532281366130873 -0.28902468022974592
0.031641544687075834 0.39117312201971755 -0.23000789351362577
0.015061167728777886 0.38010852423888486 -0.16855110751806904
0.003170904321011081 0.37305194481045351 -0.10457571710968455
-0.0037301134033390776 0.37195233909406894 -0.040758396302042144
-0.011237327698015873 0.37305884909836895 0.021500350404049101
-0.018797102246644659 0.3767269901971928 0.084928843203401855
-0.025988906947634033 0.38633296817746104 0.1486218482410411
-0.033162147248554485 0.40187782249460458 0.21121007899521776
-0.041480468900173734 0.42380084067615603 0.27124979937219629
-0.050851363114392228 0.4496605198688125 0.32858994381040613
-0.061968132778779106 0.47937298702522935 0.38313463631579242
-0.075016018724964856 0.51238768728224715 0.43484462918911676
-0.090593738321004882 0.54885236521535785 0.48299742223795572
-0.10853027434068767 0.58792953307961437 0.52755104588337975
-0.12793648508863434 0.62864760899104033 0.56932570388332171
-0.14951207880613757 0.67075936596840569 0.60788768806886506
-0.17376911762243608 0.71406338235198397 0.64245352245570919
-0.20072808689188135 0.75844574665351838 0.67258478313220282
-0.22926259884263481 0.80307049190769908 0.70021138410822747
-0.25962180180734251 0.84782733959241341 0.72473050954692841
-0.29185252158214164 0.89251083882546567 0.74536551150305319
-0.32614137410195698 0.93654464997448272 0.76140032571670657
-0.36216927589558767 0.9798732130617186 0.77418921092592685
-0.39927400695045712 1.0228406532360317 0.7847246210347949
-0.43767889784872349 1.0647356459840989 0.79225019820772935
-0.47695206455917272 1.1047679554464511 0.79525958823604948
-0.51713741528942792 1.1431357073903523 0.79405339117642038
-0.55846090149079575 1.1805882093910722 0.79135542942826509
-0.60029409946648926 1.2167208313444222 0.78594058634115849
-0.64219920613623516 1.2506015203001639 0.7772074486374716
-0.68403528588731499 1.2813950363865219 0.76495776140770666
-0.72635364013844284 1.3104214742657823 0.75030403794065337
-0.76900358555131854 1.3385114864231726 0.73376562501264286
-0.81174202390798733 1.3644338488911927 0.71517662145335359
-0.85300580639739365 1.3866613783984614 0.69411244618487711
-0.89321595169841994 1.4061876191160778 0.67017711587910078
-0.93424840483909644 1.425268373628978 0.64467219174395418
-0.97510782156848586 1.4422548860220417 0.61771192396458308
-1.014485554798451 1.456397581267296 0.58928487748329705
-1.0513949995871141 1.4673807373647492 0.55932922545475383
-1.0877042497409311 1.4764013192246386 0.52755664654292811
-1.1246112299246722 1.4839632202954816 0.49442516840662643
-1.1607831703048794 1.4892586311808109 0.46034525573614166
-1.1942462339236217 1.4916929782655579 0.42635430829925031
-1.2255583265069596 1.4915255050138527 0.3914717250411282
-1.257148309575612 1.4898508258896095 0.35475593896932012
-1.2878162388700332 1.4862768015967074 0.31714687371156802
-1.316995580211058 1.480668864285827 0.27914571268430577
-1.3437434272252389 1.4730694322940201 0.24190884687527697
-1.3689392490839316 1.463137179043893 0.20418213066238053
-1.3937617199871919 1.451254022020027 0.16480107152415099
-1.4172144822022201 1.4374813599362051 0.12512584873121058
-1.4384913217713093 1.4223581400029381 0.086645549309823794
-1.4575629541111632 1.4055198496112928 0.048905139693623388
-1.475656232201163 1.386063568213737 0.010025365592323851
-1.492546137733793 1.3643827969599442 -0.029587114231859779
-1.5078493999445162 1.3408470972124102 -0.069217247188722159
