-1.6664588989044926 1.4268653418070416 -0.14350294631261623
-1.6784611105232687 1.3926162459370248 -0.18947906383260155
-1.6880665728498681 1.355981832053436 -0.23477739383715279
-1.6952553239746542 1.3173725970423844 -0.278931120049769
-1.6999963718573101 1.2770832295488634 -0.32174675185913576
-1.7016806020422628 1.2354217249965644 -0.36315501832595976
-1.7001557945252346 1.1918008176882309 -0.40281132774847678
-1.6961571996489897 1.1464342628518844 -0.44078476497652941
-1.689724898756723 1.0997464664016876 -0.47687152043629305
-1.6809126376743471 1.052256752263407 -0.51102653200889969
-1.6689245750913071 1.0037898759202759 -0.54271618396544485
-1.6542500391333956 0.95406992431758841 -0.57189393671539557
-1.6372341727718605 0.90356124830686857 -0.59871979264602926
-1.6179996405162234 0.85257592705585061 -0.62314833442584094
-1.5968154054579213 0.80146558886245911 -0.64503073139033151
-1.5728034966766302 0.75004054167388567 -0.66325854205452983
-1.5465401166706705 0.69835085772685879 -0.67863463365343168
-1.5183812814266455 0.64681147346552337 -0.69115443267899934
-1.4885262202602441 0.59561188860854797 -0.70081165940692458
-1.456891878934728 0.54498834759945614 -0.70713263597728815
-1.4233294620376871 0.49504830783666076 -0.70962482409381589
-1.3882435311703216 0.44584170760460196 -0.70890843468847897
-1.3519442145677287 0.39754384498001194 -0.70502466112404971
-1.3148510743883028 0.35023151636714045 -0.69808185086730634
-1.2765957819827554 0.30453506603824437 -0.68709642277989225
-1.2375162311339265 0.26027299016306993 -0.67246272041505395
-1.1980694291704879 0.21742418955818549 -0.65450067340433471
-1.1585128065378807 0.17606476324975256 -0.63332425125072922
-1.1189502491220666 0.13644117096297323 -0.60892918577454447
-1.0797513141998618 0.099220027282468731 -0.58022676459781863
-1.0410960260839144 0.063969649729516048 -0.5481772855398267
-1.0033006920315835 0.030670855706056814 -0.51298393405495291
-0.96660409355926524 -0.0007158734870947106 -0.47477901217755158
-0.93152009303082073 -0.029673543474728066 -0.43302880016499695
-0.89876137595319427 -0.056296360471187391 -0.38780392143007975
-0.86836573004811346 -0.08095515893690064 -0.3397908292677192
-0.84086898622810147 -0.10359023418749416 -0.28897445796075227
-0.8160066463386515 -0.12462444857998484 -0.23561978196102162
-0.79743609129226389 -0.14320386201002422 -0.17848069261271318
-0.78472366037148322 -0.16179314843891029 -0.12000774608836465
-0.77595493229357082 -0.18089223511228239 -0.061391201677312587
-0.7683341152508304 -0.20046559181541018 -0.0026578191178176207
-0.76501995058303185 -0.22210921883293383 0.056471709124558782
-0.76657679513008647 -0.24975689386668382 0.1128896769908497
-0.76952168681149169 -0.28209924170700051 0.16590497612933397
-0.772645504345017 -0.31894073918734622 0.21552211355894293
-0.775129301204599 -0.35924225146562033 0.26221139618976397
-0.77648663801514217 -0.40326195444155521 0.30521126612338584
-0.77596750296784911 -0.45017023105283116 0.34474031963858082
-0.77371843470678414 -0.49912957914611744 0.38144647907861912
-0.76955178515720413 -0.54995928997922539 0.41519035293051815
-0.76333004352910339 -0.6023308925417481 0.44585153517129694
-0.75434717102273119 -0.65631864107356208 0.47254641280934712
-0.74319918960991049 -0.71117640832112272 0.49642734783514819
-0.72980548066125595 -0.7665924727206711 0.51745551410020951
-0.71409415096463003 -0.82234394267784205 0.53548544603126669
-0.69593532641816569 -0.87816102905367144 0.55012326266439338
-0.6750195825466776 -0.93373082700713306 0.56137868139377123
-0.65190166301784636 -0.98891678404980876 0.57000363503381957
-0.62660229354041053 -1.0434179439783644 0.57587625355406924
-0.5991486056583929 -1.0968546410468805 0.57885385092344166
-0.56913163910570552 -1.1487987912641993 0.57842452736274008
-0.53676208345067589 -1.1993187751294572 0.57540269861514004
-0.5024865221791377 -1.2484151222278543 0.57000628961737709
-0.4664693232710706 -1.2958406516950682 0.56220251776995878
-0.42887464992786994 -1.3410195313231299 0.55190976945906756
-0.38886666073640208 -1.3832298474194373 0.53883097086955645
-0.34731465105491061 -1.4235322404485724 0.52368043245068518
-0.30433750118193809 -1.4613477060620312 0.50654106593597081
-0.26006364540184224 -1.4964642704877122 0.48762202479729383
-0.2144580489646685 -1.5283130962863791 0.46686273386222787
-0.16781316230437104 -1.5570628397481863 0.44372493092546272
-0.12015606778568287 -1.5831017485088115 0.41915725290809869
-0.071733223784700262 -1.6061001353985858 0.3932464047427664
-0.022912347583603651 -1.6258578843920606 0.36617505200202904
0.026457288349201469 -1.6415098924322955 0.33769961181174168
0.076400076089464031 -1.6538908998530044 0.30797409885628474
0.12630826984987956 -1.6633078387450531 0.27706300435460834
0.17603199369091735 -1.6694220386939085 0.24524056942547479
0.2255273568392536 -1.6720391582433662 0.21315743408200818
0.27464586327393425 -1.6703912990477388 0.18037458712693125
0.32323272337778874 -1.6656613601297667 0.14660854188389802
0.37111187600129791 -1.6576182544742863 0.11250918906495988
0.41823894172811249 -1.6463267295625457 0.078423768691403412
0.46415831769875038 -1.6315653679561288 0.044446509552115022
0.50861948641678634 -1.6129895706462898 0.010271561979238723
0.55200485054662118 -1.591141608350942 -0.023771777332239896
0.59395840746671791 -1.5662745157701143 -0.057571236331039409
0.6340807638918462 -1.5385884989087146 -0.09103499710303331
0.67230706192360756 -1.5073850489896412 -0.12356610974100962
0.70886419643593612 -1.4730368949716324 -0.15521809953478982
0.7435538106296935 -1.4358735614116451 -0.18593030151727749
0.77628844255239715 -1.396090479092742 -0.21563888235308717
0.80686314826909999 -1.3541962582954963 -0.24407224721265683
0.83442119743825482 -1.3091571408401415 -0.27083905570594963
0.85999371877136033 -1.2615758868519085 -0.29604779900062417
0.88335641413493815 -1.2119097094886475 -0.31954476191032521
0.90453719927979059 -1.1606156759603565 -0.34139047378222376
0.92307907982771953 -1.1076588894520749 -0.36103465016922287
0.93875987623756418 -1.0526880615282224 -0.37802438718698556
0.9520918246437764 -0.99617180821059637 -0.3927167991687337
0.96308707260141313 -0.93851415610016931 -0.40500564253452292
0.97182335920797391 -0.88011526242911386 -0.41486759912095089
0.97765178311380252 -0.82084757682356413 -0.42144077443911554
0.98101924163820264 -0.76085865951919185 -0.42493749603770908
0.98219301546849636 -0.7005776831439654 -0.42551550694532708
0.98124945456606016 -0.64025865106436886 -0.42308912207973737
0.97829654911526687 -0.58022351748401646 -0.41755022415500564
0.97292743482975697 -0.52075781646445429 -0.40758572025570905
0.96593178108256494 -0.46190729716155166 -0.39405233419898911
0.9575551540872671 -0.40410393122997651 -0.37682084188737658
0.94805144145956888 -0.34755420520077551 -0.35592092845256101
0.93746694892395999 -0.29292268733702287 -0.33013907409154525
0.9267699249960728 -0.24048667469608553 -0.29933620260820659
0.91708588727263329 -0.19062015438363628 -0.26346084939171954
0.9098504801252183 -0.143318498210077 -0.22286621268575563
0.90640980194929388 -0.097944840778548176 -0.17880464181687053
0.90829272883253243 -0.052798210189948701 -0.13420824809418008
0.91475759822125879 -0.0070320575412984657 -0.09116019680671561
0.92492213673853385 0.039994982616630211 -0.050842217598945673
0.93719036765731167 0.08874020237319602 -0.01413923842776043
0.94985333101741909 0.14022141742010968 0.017125966857347092
0.96056996298138064 0.19426112218676056 0.043093820825351375
0.96886617034740063 0.25005003844322732 0.065268955813363366
0.97438354818780892 0.30728945950079017 0.083989666530191465
0.97696575624321436 0.36544982639785284 0.09967437544390384
0.97584892399965506 0.42433927304842978 0.111972787105831
0.97142522266388243 0.48359379290559329 0.12175781436753497
0.96392225653397223 0.54284961360732886 0.12933745385798545
0.95329598931499016 0.60181128092392999 0.13479209989498203
0.93947807289858432 0.65997515309963473 0.13816576967287078
0.92148806734403665 0.71704530975831293 0.13909666798555961
0.90043637778394481 0.77327891573768792 0.13851814770278575
0.87639123768057492 0.82823775067576655 0.1364138336641014
0.8494886413999122 0.88164307781319717 0.13285910038165527
0.81942157701674878 0.93295640126824819 0.12777794678120352
0.78591844354401252 0.9820449536443181 0.1213962677737386
0.74972259386480111 1.0292524663607627 0.11412416366033487
0.71100977039694946 1.0742169069519021 0.10587881442743236
0.67002193720977021 1.1166591034648796 0.0965944300715042
0.62633799806000867 1.1559987846168078 0.08630821709983183
0.58031388117272664 1.1926124869807468 0.075481490172252169
0.53221216838180219 1.2263908124547003 0.064079000718452211
0.48235254505155523 1.2574137705657469 0.052212316704174595
0.43107263063495338 1.2853025164694241 0.040074867330662331
0.3778798340376226 1.3091465504485356 0.027552627883158813
0.32313409479777355 1.3299550710117927 0.014903534877161503
0.26734843988554069 1.3476833436268973 0.0022653681801949755
0.21067464618718604 1.3620073669291879 -0.01026870573566232
0.1532787499876774 1.3727330808951228 -0.022587634484726941
0.095158889622304482 1.3794612072776782 -0.034641055873176077
0.03649779758395047 1.3828051953805758 -0.046387924230665387
-0.022279236003234976 1.3828568639788519 -0.05776045835843114
-0.080870529815364148 1.3793209787902645 -0.068626698700826189
-0.13925267943011518 1.3717406281999529 -0.078475270547702786
-0.19730744395690042 1.3604138535094243 -0.08733490768473226
-0.2548342623773267 1.345561426323344 -0.095161607256689318
-0.31165325710066138 1.3275084308981699 -0.10189524607011929
-0.36726846849594563 1.3064316675498562 -0.10733485307635524
-0.42125153774160695 1.281106521763129 -0.11088432571946397
-0.47402103368293458 1.2525617394943811 -0.1125873258350529
-0.52517233620525294 1.221108480678901 -0.11236860440472721
-0.57453913990553285 1.1869006338649866 -0.11008284423565007
-0.62184200474031592 1.1501779635346758 -0.10541768655089903
-0.66652649440758316 1.1107419783202959 -0.097278072842372693
-0.70889916001758257 1.0692116927227202 -0.086022085065680015
-0.74892071617250056 1.0261180852711485 -0.071146666790050023
-0.78692705893674619 0.98216190199975417 -0.052630327757193548
-0.82270420742377792 0.93801329942691702 -0.029024859578142822
-0.85724031405601642 0.89531035028757955 0.00026273338272806562
-0.89211760271868423 0.85518304957182367 0.033655150714455989
-0.92855877324987213 0.81839857782083736 0.069983899379227832
-0.9679821618322636 0.78554687384683186 0.10783304017711451
-1.0117178102887248 0.75688704820820552 0.14378466810409185
-1.0580039808674406 0.72993124205727733 0.17612985658784708
-1.1065193144592336 0.70302755215927559 0.20360128339570688
-1.1564070414125873 0.67481530366260234 0.22524597968096191
-1.2063669698117587 0.64422891731926968 0.24146624307748654
-1.255779558594825 0.61118369819319074 0.25309678040117739
-1.3042821841406331 0.57604061879581814 0.26146317461910612
-1.3515384828576746 0.5388267555596471 0.26677749057222194
-1.3969864229595539 0.49965760753055161 0.2691705134782722
-1.4398923241601693 0.45782519544995848 0.26796862576891795
-1.4809404927192327 0.41408167766800713 0.26449283614401187
-1.5197463172399968 0.36863475571188942 0.25872748280043095
-1.5560910078708288 0.32170426913742806 0.25081663137615173
-1.5893280857088428 0.27324239260288163 0.24062617131815706
-1.6193470248348028 0.22314893855581319 0.22834162285235796
-1.6466120931466453 0.17175610523512241 0.21455549314881539
-1.6709227432734617 0.11931285684880003 0.19932858839121728
-1.6920102305589508 0.066305634882548481 0.18280677785483807
-1.708743252861405 0.012324368915186748 0.1647259883733119
-1.7224542446447959 -0.042547258520374227 0.14570592168527599
-1.7330040699032287 -0.097775144532613989 0.12572606410795331
-1.7403145261610196 -0.15296666570085279 0.10486574948144861
-1.7436838840560949 -0.20794940445180865 0.083159533846737244
-1.7430626354909255 -0.26304547056838479 0.061076986640316709
-1.7391725621721015 -0.31800933614900195 0.038490007348871459
-1.7320182883585502 -0.3724956894462445 0.015428416146518534
-1.7218067740990328 -0.42596610020428238 -0.0079263299001615869
-1.7072196561428905 -0.47830919292896057 -0.031307788060463221
-1.689317589937898 -0.52994413635536008 -0.054882846615153323
-1.6683422975131896 -0.58045473516175283 -0.078452690638907613
-1.6444564854277814 -0.62947445072580266 -0.1018881715541918
-1.6171676594907483 -0.67645778364551912 -0.12526788692627663
-1.5863291519748124 -0.72162077700647864 -0.14833719751771116
-1.5525987488122512 -0.76518613514525335 -0.17104581298843177
-1.5162774591489165 -0.80686415112484045 -0.19330781471005914
-1.4777121580751764 -0.84618275653673802 -0.21505477936757325
-1.4357456738111125 -0.88247494069707366 -0.23588164591911201
-1.391254929264834 -0.91658754037604062 -0.25626960140736649
-1.3446447351753446 -0.94822117460648592 -0.275877672548625
-1.2961930581106627 -0.97728720832502569 -0.29449112847508213
-1.2456491513196228 -1.0031462311942041 -0.3118632452549091
-1.1929584586696127 -1.0257811634985663 -0.32808314790080528
-1.1386048390503731 -1.0456588631174306 -0.34308726050962107
-1.0829370782577707 -1.062699372778483 -0.35677884505522101
-1.0264043024793539 -1.0767644635276059 -0.3691986459322108
-0.96856172315421252 -1.0868101408971365 -0.37965228969434989
-0.90965910717016496 -1.0938506453470926 -0.38839741247971704
-0.85019759315908072 -1.0979344414805736 -0.39538993441818576
-0.79050136221617473 -1.0991300049943649 -0.40064739316333609
-0.73074234014838491 -1.096866338994088 -0.40379185517102706
-0.67095005752676584 -1.0911090878314076 -0.40454709892465074
-0.61134315250978455 -1.0824563757774786 -0.40313605857503088
-0.55222525095914776 -1.0710356374839924 -0.39952152470677166
-0.49394650424624764 -1.05711287608183 -0.39383342110130271
-0.43696182679116369 -1.0395888530780457 -0.38490622538923769
-0.38098246011126569 -1.0195845808252033 -0.37327542160930977
-0.32639616123028936 -0.99741947742768278 -0.35891278131850496
-0.27335891532375367 -0.9733821088088912 -0.34193871734178555
-0.22248413393533789 -0.94719769118644348 -0.32176487649911789
-0.17416491326233377 -0.91906208349773311 -0.29774184047021496
-0.12816114352534436 -0.88971499086652805 -0.27037930514158492
-0.084702896770882247 -0.85962700271208181 -0.2395288584948424
-0.043676765896404415 -0.82922654249977357 -0.20535797011089477
-0.0068287072000241117 -0.79951883562241366 -0.16563395764276465
0.026589320133109245 -0.77213837316661937 -0.12090614431819618
0.057786536445796011 -0.74810834783996649 -0.072432225903136332
0.087718164641212543 -0.72791695114542621 -0.021090012379211223
0.11758797555344061 -0.71236638428715848 0.032061115483532451
0.14789514574606469 -0.7012118879592335 0.085966932107855054
0.17916164838781876 -0.6940942870714234 0.13998619273719801
0.21229208475736763 -0.69129602852825733 0.19345134921131382
0.24879169746440291 -0.69321222008136596 0.24487002034510402
0.29042360814182466 -0.69880018104897568 0.29134551716801188
0.33517487378270083 -0.70569062126183146 0.3338018552223031
0.38256628929993175 -0.71330585544240022 0.37281252079410981
0.43253773948555418 -0.72120542400544552 0.4081212353229679
0.48517604937699044 -0.72877535779452407 0.43902452354508076
0.53985587905036847 -0.7355797474451774 0.46588245308073456
0.5960371784023345 -0.74133846968889039 0.48934909746813915
0.65354011279272173 -0.74598468488936232 0.50941368669167764
0.71210110166099372 -0.74938897070453081 0.52578544328770194
0.77167091019671374 -0.75102274529489688 0.53767346751830125
0.83175401266981086 -0.75113890268957073 0.54654141140824242
0.8921024604263228 -0.74964499737515777 0.55226139270260644
0.95242276542530058 -0.74639315822042973 0.55473563307134466
1.0124163783622726 -0.74101180065465599 0.55350492695972964
1.0719845610173993 -0.73355165573743786 0.54871758247040248
1.1310308009924956 -0.72434655008542015 0.54113165173981248
1.1892392144647215 -0.71332998967352024 0.53066850699928358
1.2461114079933102 -0.70043609053591438 0.51731673637882525
1.3012683188426508 -0.68501396484279276 0.50050481193921503
1.3552220043561369 -0.66762375481505376 0.48130748578728916
1.4076235696073918 -0.64856488796575218 0.45960601419979619
1.4581454526181918 -0.6278839731358713 0.43555936098765269
1.5062001405958798 -0.60521615081970792 0.40916695245358919
1.5517538450883563 -0.58049934116947322 0.38022940126045718
1.5953135029576255 -0.55419503922560842 0.34935101554573911
1.6364996738220547 -0.52629860479504731 0.3167721856404272
1.674881859211717 -0.49695430906575455 0.2827564651126635
1.7097482093395273 -0.46602766637254545 0.24668539453135913
1.7419397958405258 -0.43346516844608296 0.20917237858033119
1.7713696350592878 -0.3996728258196966 0.17042702717619515
1.797786810366464 -0.36490079650578033 0.13061803584693141
1.8206940456813314 -0.32934830734783871 0.089899311503290225
1.8397236770820833 -0.2923673061865189 0.048359015388019892
1.8558197460479826 -0.25440043531692108 0.0059882807654973863
1.8687746765871576 -0.21595110475603335 -0.037016761153062752
1.8784311539993477 -0.17749515033364127 -0.080352182950850309
1.8839131883606692 -0.13861108568842628 -0.12382394338952965
1.8859020556410144 -0.098913868535660421 -0.16730866043390236
1.8846334129406601 -0.058949954024179498 -0.21071610976739202
1.8800702384634238 -0.019064299823930604 -0.25386186324044896
1.8720985804536914 0.020348203993317576 -0.29641259367132577
1.859812702270599 0.059575955520588642 -0.33825769181705956
1.8442164842061795 0.098655492124322966 -0.37980623504860878
1.8255654474535232 0.1372163891905164 -0.42060707313252266
1.8040710334401557 0.17496705213599842 -0.46025656868899528
1.7788424848024316 0.21174959370778285 -0.49839813973301561
1.75009994368116 0.24780864327872718 -0.53527069323064158
1.7183897876031129 0.28302719244736502 -0.57080411236567585
1.6839626893097615 0.31712855463288625 -0.6048718664113012
1.6470495580325144 0.3495420734906789 -0.63742849680952385
1.6067301442457596 0.38028016406532472 -0.66768372753092498
1.5636775005426422 0.40992133778493844 -0.69601966105112656
1.518366925976012 0.43810716786454157 -0.7223825759257454
1.4711846857647786 0.46451517318085234 -0.74686089684167511
1.4216716191888221 0.48886307686554792 -0.76865638128475167
1.3699078684456931 0.51157695864584696 -0.7876738982124144
1.3164203644345835 0.53249223297692294 -0.80438022017250166
1.2615284953826711 0.55141859336896515 -0.81881812760064743
1.2055886569322403 0.56842054594555613 -0.830725541415404
1.1481630349660776 0.58280234003835873 -0.83919232163873592
1.0895940632765184 0.5951560741949794 -0.84487693823666143
1.0303628877913882 0.60551357357501046 -0.84784425322388679
0.97082017369672768 0.61396397807365799 -0.84824582526865822
0.91099318008591856 0.61970831759747069 -0.84539720493881276
0.85102767350693254 0.62327343017223835 -0.83909258026839051
0.79121665351360726 0.62479048975970708 -0.82984579760163757
0.73179493803109852 0.62426224117993756 -0.81788084560648977
0.67305111786266247 0.62175100192635779 -0.80326506145331389
0.61544880895544729 0.61674285350033986 -0.78479434072445375
0.55890093351096171 0.60987567213372895 -0.7632676986153063
0.50367556677555536 0.60129365726168682 -0.73893447803882861
0.44992601126937315 0.59107839640043047 -0.71196955193229605
0.39831290676056896 0.57900264503856103 -0.68163877719239196
0.34903962323400495 0.56525901265390022 -0.64804885788548194
0.30203818177191666 0.55026733878694589 -0.61168685366028286
0.25743821042052861 0.53423645277585807 -0.57269754687309771
0.21536021852727885 0.51729632380279811 -0.53120050332824453
0.17718454627490385 0.49970752067405316 -0.48619151791774606
0.1422386280026324 0.48211322791658157 -0.43853765266682215
0.11060772099759289 0.4648674703236943 -0.38841457686077613
0.082476309641100198 0.44826060114729926 -0.3358372759653741
0.05912167028896001 0.4331265739889712 -0.28029857855460583
0.04057119944816559 0.42080771463537481 -0.22226154071513252
0.025979688535838236 0.41131366905006511 -0.16256830419367349
0.015535578695536068 0.40557889762002608 -0.10134993658812788
0.0091041212256287862 0.40499741546783086 -0.039488994353771956
0.0016120479680994115 0.40610103366303546 0.02194747967996416
-0.0058045912425524204 0.40925332394038411 0.08355265475856144
-0.012822212907039471 0.41746739096134627 0.14485040861602522
-0.019620445024427516 0.43060764850484112 0.20536676497912223
-0.027323710426603628 0.44960781313498344 0.26413063746385018
-0.035871103095807669 0.4725889962168901 0.3211027387095477
-0.045836308095647163 0.49936892864109078 0.37601606655302872
-0.057394818801093844 0.52938826789012705 0.42883795205616687
-0.070964892568712135 0.56273048667379078 0.47906833697417017
-0.086912366660756191 0.59910094867777186 0.52627268895799661
-0.10448475447215776 0.63764209935949312 0.5709678617523879
-0.12399337704456841 0.67808268843732056 0.61297692159881412
-0.14567965362228139 0.72006489028585474 0.65216912121939952
-0.17011639025155537 0.76372697683231772 0.68758005441218051
-0.19656550981296353 0.80832709195591856 0.72012733389602279
-0.22500357112364569 0.85360241841020801 0.74977925581551619
-0.25541943736630046 0.89937028533141139 0.77632985189245252
-0.28799423990869033 0.94545802433065573 0.79915749973700723
-0.3228175466144923 0.99147028535707515 0.81836280176994236
-0.35924125271068263 1.0373422433893 0.83467070702045698
-0.39727197875302034 1.0827725008824003 0.84796592654851521
-0.43683762765807221 1.127420496078207 0.85792968179608142
-0.47801879314378048 1.1711962283816166 0.8635458864350084
-0.52060397755525234 1.2139633223383197 0.86630373620818468
-0.56427692649096484 1.255616552733561 0.86605284963028284
-0.60884280635899346 1.2958871122572324 0.8626386686928762
-0.65428363973172754 1.3343062953386635 0.8556043473370849
-0.70069762020926862 1.370740785237297 0.8451727335063064
-0.74765695790113196 1.4056334760057927 0.83193379067809403
-0.79507435912985847 1.4385945159065843 0.81594739059871491
-0.84263049817370694 1.4691533104493404 0.79727372997866175
-0.89017682545206023 1.4968852814612794 0.77493941497832863
-0.93777423114275515 1.522754479880096 0.74995412744311618
-0.98526375593725446 1.5463531934427508 0.72268484067416483
-1.0323258737112819 1.5673893831956462 0.69319248144492318
-1.0784982591446461 1.5855083481616508 0.66116320753917768
-1.1237622613720988 1.6007524598462364 0.62634800535091706
-1.1685456638852769 1.6135022342813028 0.589598471013415
-1.2125805982427522 1.6235057404896664 0.55118274574644111
-1.2554288046879136 1.6305680970367766 0.51144658869287529
-1.296542910837593 1.6341581167187145 0.469707473480375
-1.3364902784110781 1.6349730812422349 0.42629044694694085
-1.3750399499691803 1.6330934897081317 0.38161887486115731
-1.4119883396866995 1.6284485552393364 0.33589689577593279
-1.4470230004663616 1.6209813112503173 0.28946705818037821
-1.4799078792857852 1.6100884368558339 0.24216475111872843
-1.5110474258615989 1.5965111588799448 0.19401281477283069
-1.5402457755087506 1.5803051030170738 0.14544527447410954
-1.567300275820551 1.56157232486246 0.096905919386817418
-1.5916640089766536 1.5398321067085705 0.048414227867871654
-1.6137488060071132 1.5150607800963112 -6.8687984464625707e-05
-1.6336386449560854 1.4878113027644178 -0.048423450022026221
-1.6512217872734409 1.4582574225701954 -0.096412660443177312
