Component 1 of 1:
-28.679153 -12.547554 4.961743
-28.713565 -13.344691 4.358924
-28.694575 -14.130466 3.740698
-28.624027 -14.903103 3.109780
-28.500423 -15.660009 2.468018
-28.325035 -16.399332 1.817894
-28.098414 -17.119072 1.161670
-27.821243 -17.817286 0.501611
-27.494341 -18.492102 -0.160026
-27.118663 -19.141717 -0.820989
-26.695291 -19.764404 -1.479037
-26.225431 -20.358511 -2.131942
-25.710413 -20.922464 -2.777496
-25.150999 -21.454243 -3.413322
-24.550815 -21.954039 -4.037810
-23.908248 -22.417818 -4.647761
-23.229480 -22.848255 -5.242745
-22.511074 -23.239102 -5.818259
-21.760069 -23.594426 -6.374811
-20.974534 -23.908765 -6.907900
-20.160504 -24.185980 -7.418314
-19.315994 -24.419434 -7.900365
-18.448118 -24.615522 -8.356811
-17.555017 -24.766469 -8.780700
-16.642587 -24.877798 -9.174504
-15.711684 -24.945411 -9.533520
-14.766145 -24.971618 -9.857985
-13.808152 -24.954127 -10.144258
-12.841662 -24.897319 -10.394597
-11.868496 -24.794145 -10.600517
-10.892848 -24.653677 -10.768989
-9.917623 -24.468200 -10.890044
-8.946022 -24.245391 -10.969735
-7.981823 -23.982073 -11.002215
-7.027919 -23.682193 -10.989731
-6.087729 -23.346602 -10.930867
-5.164215 -22.977579 -10.826030
-4.260011 -22.577613 -10.676070
-3.377021 -22.149769 -10.482975
-2.516289 -21.697356 -10.249601
-1.679814 -21.222122 -9.976610
-0.868133 -20.726893 -9.666835
-0.081143 -20.214326 -9.323401
0.679964 -19.685798 -8.947357
1.415429 -19.143307 -8.541381
2.125225 -18.588345 -8.107532
2.809360 -18.022169 -7.647731
3.468459 -17.446045 -7.164329
4.102406 -16.860722 -6.658840
4.711778 -16.267012 -6.133310
5.297180 -15.665530 -5.589689
5.860006 -15.056954 -5.030347
6.398986 -14.440944 -4.455850
6.917027 -13.818325 -3.869350
7.412507 -13.188285 -3.271386
7.889043 -12.551650 -2.665077
8.343592 -11.906676 -2.050740
8.780725 -11.254437 -1.431466
9.197935 -10.592934 -0.808280
9.598100 -9.922548 -0.183418
9.980109 -9.241574 0.441359
10.346026 -8.550156 1.064298
10.694335 -7.846121 1.683181
11.027205 -7.130011 2.296690
11.343042 -6.399613 2.902302
11.643196 -5.655287 3.498866
11.926927 -4.895796 4.084253
12.193901 -4.120438 4.656571
12.444283 -3.329190 5.214470
12.676374 -2.520501 5.754984
12.890995 -1.695415 6.277649
13.086298 -0.852743 6.779409
13.262066 0.006967 7.258999
13.417249 0.883664 7.714342
13.550263 1.777399 8.142779
13.660459 2.687232 8.542877
13.746466 3.612473 8.912424
13.806224 4.552461 9.248422
13.838105 5.505854 9.548518
13.840897 6.470802 9.811035
13.811515 7.445671 10.031989
13.748088 8.427838 10.209110
13.648835 9.414235 10.340391
13.510865 10.401301 10.422522
13.333130 11.384879 10.454655
13.116079 12.360937 10.437870
12.858036 13.324725 10.370561
12.563087 14.273686 10.258249
12.226063 15.200923 10.095012
11.856200 16.107740 9.892419
11.445293 16.984033 9.640893
11.004370 17.834517 9.353869
10.526201 18.648069 9.022964
10.020137 19.430279 8.659396
9.480292 20.169296 8.256379
8.915413 20.872355 7.824266
8.321188 21.527791 7.358101
7.703924 22.141096 6.865283
7.062933 22.705454 6.345044
6.401737 23.222596 5.801487
5.720815 23.686981 5.235166
5.023605 24.101210 4.650049
4.311146 24.460567 4.047313
3.586232 24.766575 3.430156
2.850602 25.016461 2.800546
2.106705 25.211313 2.161272
1.356467 25.348660 1.514502
0.602202 25.429015 0.862861
-0.153908 25.453087 0.208820
-0.909651 25.417932 -0.445135
-1.662933 25.327462 -1.096613
-2.411326 25.178137 -1.742887
-3.152886 24.973244 -2.381738
-3.885191 24.711523 -3.010423
-4.606650 24.396517 -3.627113
-5.314103 24.024681 -4.228228
-6.006282 23.600679 -4.812283
-6.680966 23.125044 -5.376722
-7.335805 22.598424 -5.918826
-7.969505 22.024065 -6.437055
-8.578745 21.400928 -6.927545
-9.163452 20.734471 -7.390106
-9.719664 20.023289 -7.820075
-10.249264 19.274957 -8.219484
-10.744278 18.483826 -8.578922
-11.211121 17.662059 -8.905658
-11.639857 16.803735 -9.187806
-12.036902 15.919199 -9.432660
-12.394005 15.006171 -9.630064
-12.715932 14.072231 -9.785366
-12.996646 13.118201 -9.890798
-13.238990 12.149770 -9.949347
-13.440370 11.170257 -9.957240
-13.601500 10.184224 -9.914773
-13.723907 9.195959 -9.823308
-13.808431 8.209392 -9.683395
-13.857865 7.227920 -9.498224
-13.874471 6.254330 -9.270445
-13.860284 5.290957 -9.002563
-13.817398 4.339630 -8.697310
-13.747933 3.401662 -8.357582
-13.653798 2.477991 -7.986113
-13.536080 1.569685 -7.584687
-13.396027 0.677428 -7.155408
-13.234861 -0.198384 -6.700448
-13.054002 -1.057831 -6.222279
-12.853668 -1.900251 -5.722073
-12.635222 -2.726216 -5.202396
-12.399311 -3.535929 -4.665077
-12.146230 -4.329492 -4.111712
-11.876897 -5.107804 -3.544534
-11.590872 -5.870735 -2.964765
-11.289454 -6.619924 -2.374965
-10.971542 -7.355091 -1.776239
-10.637703 -8.077581 -1.170797
-10.288243 -8.788571 -0.560574
-9.921532 -9.488019 0.052861
-9.538563 -10.177693 0.667425
-9.138006 -10.857907 1.281328
-8.718908 -11.529293 1.892557
-8.281759 -12.193015 2.499498
-7.825058 -12.849247 3.100152
-7.349089 -13.498749 3.693129
-6.850998 -14.141061 4.275660
-6.333025 -14.777246 4.847489
-5.791409 -15.406300 5.405112
-5.228645 -16.029005 5.948763
-4.640663 -16.643932 6.474256
-4.029752 -17.251473 6.981882
-3.394030 -17.850503 7.468743
-2.732943 -18.440099 7.932797
-2.046534 -19.019362 8.372456
-1.334750 -19.587161 8.785959
-0.596775 -20.141710 9.170513
0.166604 -20.681779 9.524927
0.956021 -21.204973 9.846039
1.770234 -21.709784 10.132851
2.609338 -22.193297 10.382165
3.471901 -22.653426 10.592695
4.357420 -23.086520 10.761030
5.263733 -23.490204 10.886211
6.188610 -23.861823 10.967089
7.129668 -24.198297 11.002215
8.083699 -24.497863 10.992016
9.047400 -24.759403 10.937630
10.017824 -24.978776 10.836866
10.991215 -25.159206 10.695426
11.964415 -25.295807 10.510429
12.934491 -25.392294 10.287444
13.897582 -25.442881 10.023048
14.851757 -25.453087 9.723896
15.792810 -25.417906 9.387468
16.719518 -25.342219 9.019294
17.626901 -25.220714 8.616923
18.514611 -25.058836 8.185885
19.378184 -24.853352 7.725425
20.216520 -24.607218 7.238993
21.026459 -24.319867 6.727687
21.806539 -23.993138 6.194027
22.552566 -23.625567 5.638746
23.265617 -23.221689 5.065616
23.940324 -22.779043 4.474988
24.577812 -22.301734 3.870178
25.174444 -21.789297 3.252546
25.729200 -21.243666 2.624409
26.240551 -20.666288 1.987874
26.707079 -20.058695 1.345067
27.127487 -19.422495 0.698127
27.500596 -18.759378 0.049211
27.825347 -18.071105 -0.599519
28.100811 -17.359509 -1.245888
28.325338 -16.626170 -1.887606
28.500790 -15.874022 -2.522832
28.623224 -15.103873 -3.148856
28.694823 -14.318675 -3.763962
28.713565 -13.520094 -4.365561
28.681170 -12.710746 -4.952001
28.595865 -11.892528 -5.520570
28.458757 -11.067912 -6.069418
28.269365 -10.239184 -6.596059
28.029934 -9.408801 -7.099189
27.738685 -8.579151 -7.575521
27.398927 -7.752607 -8.024315
27.008760 -6.931916 -8.441792
26.572257 -6.119211 -8.827777
26.088412 -5.317452 -9.178634
25.561225 -4.528520 -9.494334
24.988891 -3.756165 -9.769891
24.378925 -3.000591 -10.008742
23.725306 -2.268394 -10.200555
23.039158 -1.557156 -10.353342
22.315384 -0.874650 -10.455667
21.562452 -0.219093 -10.513453
20.781107 0.405001 -10.521557
19.975720 0.996326 -10.480247
19.150513 1.553928 -10.390086
18.309487 2.076930 -10.251617
17.456970 2.566210 -10.067678
16.596569 3.022444 -9.840603
15.731514 3.447339 -9.573873
14.864333 3.841164 -9.269012
13.997300 4.205504 -8.929094
13.132186 4.541991 -8.557100
12.270557 4.850826 -8.154303
11.413485 5.133914 -7.723835
10.561985 5.391753 -7.267231
9.716750 5.625383 -6.786596
8.878202 5.835944 -6.284093
8.046545 6.024546 -5.761810
7.221884 6.191972 -5.221528
6.404148 6.338992 -4.665027
5.592870 6.467032 -4.094558
4.788191 6.575147 -3.510767
3.988707 6.666766 -2.917108
3.194880 6.738512 -2.313196
2.404754 6.795312 -1.702888
1.618312 6.833418 -1.086390
0.833947 6.856428 -0.466515
0.050823 6.862214 0.155324
-0.732278 6.852623 0.777145
-1.516557 6.826014 1.396983
-2.303027 6.783518 2.013148
-3.092862 6.724007 2.623574
-3.886897 6.647662 3.226635
-4.685890 6.554198 3.820674
-5.490849 6.442090 4.403319
-6.301915 6.312017 4.973629
-7.119718 6.162673 5.529416
-7.944584 5.993169 6.068735
-8.776490 5.803130 6.590102
-9.615561 5.591166 7.091135
-10.461417 5.356853 7.570337
-11.313750 5.098810 8.025258
-12.171834 4.816351 8.454124
-13.034860 4.508037 8.854306
-13.901594 4.173282 9.224077
-14.770609 3.811031 9.561145
-15.640158 3.420204 9.863117
-16.507977 2.998539 10.125964
-17.371653 2.546641 10.349268
-18.227882 2.062104 10.528519
-19.073060 1.544374 10.661479
-19.902876 0.992610 10.745296
-20.712765 0.406906 10.778211
-21.498906 -0.210911 10.760941
-22.258617 -0.858031 10.695937
-22.984045 -1.536092 10.577663
-23.679395 -2.236935 10.418122
-24.333202 -2.963832 10.207982
-24.952685 -3.708794 9.960237
-25.526174 -4.473724 9.666983
-26.060035 -5.252754 9.338139
-26.546627 -6.045295 8.970561
-26.989747 -6.847566 8.570404
-27.380741 -7.658298 8.134688
-27.725520 -8.474013 7.670205
-28.019129 -9.292667 7.176628
-28.262216 -10.111737 6.656966
-28.453145 -10.928793 6.112938
-28.593149 -11.741610 5.547478
