2.4015154773466549 0.15605342460176991 -0.060550798691823927
2.4206810051312448 0.268897952660689 0.053913842445127633
2.415512577772343 0.37609458784443872 0.1750803480588643
2.3854200332774087 0.47565147557606791 0.29910120296780246
2.3306788282709894 0.56622406989866514 0.42157517227927022
2.2526808124400874 0.64580588495154057 0.53896529275466065
2.1530883839678019 0.71301192329408702 0.64742458324840868
2.0347513230459842 0.7672646545175178 0.74362103285215009
1.9002410330076609 0.80718547797401219 0.8243445174165579
1.7532077322805804 0.83288359181804084 0.88695074860804868
1.5974434522254997 0.84439445049172679 0.92942427048712806
1.4369203555830798 0.84195215343167262 0.9501710366648094
1.2758600983927542 0.82611494843988409 0.9477196583734051
1.118226876193912 0.79895594048074881 0.92291181213576068
0.96830565365234678 0.7635685149099587 0.87320541670117957
0.82885046530088036 0.7255336322021968 0.80044498095660221
0.70244906484333103 0.68867383025718298 0.7063479649556017
0.59090705458429371 0.65678837247273281 0.59347310587634361
0.49476987658879767 0.63341250080497336 0.46534987255560001
0.41369095504976572 0.62157330699360669 0.32572498800836969
0.34696363220298848 0.62298541582009292 0.17822267556672577
0.29449839466087135 0.6361546374096112 0.025626214694308584
0.25570155418500906 0.66827484475080046 -0.12812735828166236
0.21832106133813656 0.7200050987950799 -0.2769580627496312
0.18475788770754675 0.79071291699554369 -0.41868394701682488
0.15468064101600829 0.8800411857105076 -0.55030035969975932
0.12573674741266649 0.98690238926423834 -0.66839684948442379
0.095556105706905495 1.1093315593738362 -0.76988747867521901
0.061661165069378403 1.2445961449668332 -0.85206339569593759
0.02210805187909308 1.3893108381599029 -0.91288767982290286
-0.025194368596685446 1.5397100503322521 -0.9495481267685788
-0.081454865029997783 1.6909144248674426 -0.96264792402809229
-0.1496906802676185 1.8373240367372539 -0.95246331751027369
-0.22867278524412216 1.9748813853707217 -0.9203815334904264
-0.31716442717357862 2.0996706835368544 -0.8675457331598101
-0.41393627209991257 2.2078297618734206 -0.7959061146334826
-0.51780464833787421 2.2960443423815753 -0.70859038101964789
-0.625980943034116 2.362045526102468 -0.60791023331877225
-0.73679404706253637 2.4039850891592009 -0.49762530960557755
-0.84692948325492368 2.420267344650469 -0.38012393105355824
-0.95462048869567384 2.4107850580850103 -0.25966612728673893
-1.0571732930637288 2.3758292388144584 -0.13941559035377743
-1.1523217483938391 2.3158541082328221 -0.023006469977471161
-1.2382200940426151 2.2325337004866581 0.085978879902990427
-1.3134733117207191 2.1282552782596214 0.18428482877666821
-1.3779401027852307 2.0064505531199965 0.26921590747354646
-1.433038628294776 1.8708526205476546 0.33841768011099044
-1.4802283669680611 1.7248488029770639 0.39013411205869908
-1.5212228556330916 1.5717979181157746 0.42354097878252062
-1.5570376137445747 1.4145912406323808 0.43853601154680816
-1.5877383665331495 1.2556070937775488 0.43519252255154095
-1.614460475126269 1.0972666661372019 0.41406170003908194
-1.6381627196951225 0.94230053282766002 0.37345368666438294
-1.6604277464681974 0.79370561858590383 0.31314663373351892
-1.683383855558096 0.65486997483255838 0.23311073253396514
-1.7050012611112544 0.53246980853937387 0.12973072099786159
-1.7440548811900731 0.41701024909720508 0.023416849594466438
-1.7990737966099812 0.29120938959832338 -0.062239623241012385
-1.8522823685590986 0.15229272966632379 -0.12579416136237545
-1.8785506610026832 0.0043019047492968976 -0.18563413043727439
-1.882060389642328 -0.13829055825013128 -0.26212261835598405
-1.8842172114799447 -0.27046368156271261 -0.35570886182455264
-1.8988559894086392 -0.41197143472963615 -0.43280600353418686
-1.9157418561829587 -0.56408008774918283 -0.48551902640667383
-1.9272699087756133 -0.72280002365645135 -0.51538088937839677
-1.9292642047356705 -0.88438346803524326 -0.52581498956408568
-1.9192694106679733 -1.0458860535206036 -0.51947649651037964
-1.8964813260647591 -1.2048784585208181 -0.49875849037609282
-1.8603378477917401 -1.3591908723418256 -0.46538898899773246
-1.8111586004662115 -1.5071654354016792 -0.4215491704033803
-1.7493491532801564 -1.6474285455348241 -0.3691462143260642
-1.6759151418366236 -1.7789381071041706 -0.30955881968125643
-1.5915963272206175 -1.9008120430533582 -0.24417187196499318
-1.497325774673353 -2.0121987379245008 -0.17384717733543437
-1.3939412485345679 -2.1123736976359964 -0.099571922397833967
-1.2820671592768631 -2.2001638824093614 -0.022018882305408233
-1.1622819773676136 -2.2740305607781859 0.058162915422993233
-1.0354395206393527 -2.3319218913032103 0.14055323168965247
-0.90248274467599043 -2.3723294061910276 0.22372240329938164
-0.764639564023464 -2.3938753670743615 0.30591925420372684
-0.62347778936481391 -2.3942094913377074 0.38523369650822714
-0.48079279533186176 -2.3733977834084841 0.45888013035952646
-0.33837399293396941 -2.3321549134213471 0.52390630980483999
-0.19830740335919811 -2.2708006605864828 0.57711691614505867
-0.061814194728062058 -2.1927023436700019 0.61567970235851044
0.07037244533916924 -2.10167349364214 0.63726842910704318
0.1973500242639612 -2.0012092343736878 0.63871769489185837
0.31914875036925183 -1.8963127149792285 0.61952148657082051
0.43554485746326121 -1.7917890619828811 0.57788111781350526
0.54656839326027395 -1.6941006512077481 0.51214034704506406
0.65169261857161143 -1.6143061957610019 0.41871046774908433
0.76243806023044502 -1.5561192389338303 0.31601403720309268
0.88176395844789401 -1.4849312344605115 0.23322498272806469
0.9887270485093933 -1.3880508960277491 0.16014307500367625
1.0704365501611588 -1.2758933754602089 0.076943827002392925
1.1430140956710433 -1.1746547819511364 -0.02637085890988641
1.2225724755450849 -1.0952143654741537 -0.14275600860886284
1.3199523814461245 -1.0124832835061421 -0.24196100891640585
1.4290888383107621 -0.92230483233053551 -0.32052175787177611
1.546444114900954 -0.82755324998140656 -0.37947029515129138
1.6682933373118463 -0.72848810963866339 -0.41893823802434305
1.7913696983604752 -0.62508223947094443 -0.43832409099080399
1.9125464117802 -0.51765282739039142 -0.43783420553056174
2.0283353003355535 -0.40639036901788395 -0.4169399345330107
2.1352130861436316 -0.29172240351010315 -0.37630578061351511
2.229769938721156 -0.1745938203300387 -0.31664054420960436
2.308538614176896 -0.056401066415653817 -0.23892895966958405
2.3684433463131827 0.061615741321716003 -0.1457201818094396
2.3677363792959296 0.196582345986272 -0.085756814271156612
2.3195133623899342 0.35060693776102597 -0.07115413950198661
2.2712903454839402 0.5046315295357765 -0.056551464732816921
2.2230673285779448 0.65865612131053053 -0.041948789963646912
2.1748443116719507 0.81268071308528111 -0.027346115194477244
2.1266212947659557 0.96670530486003514 -0.012743440425307239
2.0783982778599617 1.1207298966347856 0.0018592343438624359
2.0301752609539667 1.2747544884095396 0.016461909113032441
1.9819522440479722 1.4287790801842903 0.031064583882202131
1.9215391075929504 1.5620415876998053 0.067102122215065396
1.8097176929410654 1.6155202266091504 0.17120442602504965
1.6827107234512015 1.6539488670331282 0.26395015240093067
1.5438253726182243 1.6792661079065647 0.34325180243825498
1.3958254868185147 1.6936710075932555 0.40737028511030865
1.2411648321737689 1.6994976047958374 0.45501763878547558
1.0822535827408022 1.6991974504888185 0.48625218864125941
0.92117004724059859 1.6912631159998557 0.50115766783782334
0.75986359227631317 1.6766816643945233 0.49923820459934326
0.60013939635444968 1.6575751965843439 0.48048504234225209
0.44387521871557339 1.6355845192306062 0.44405148039965359
0.29343814989667533 1.6133801391332392 0.38843005667142627
0.15170886985501109 1.594506117457074 0.3126684555687585
0.02547273495213366 1.5816980559258094 0.21248773334217202
-0.10341130261508764 1.5860244415182594 0.11471751086059989
-0.24695448120336294 1.5869507942388035 0.040034026140847882
-0.39510788038086375 1.5627391321261923 -0.02021353641721468
-0.53272481394283 1.5114330195445747 -0.08798962672843369
-0.65700652667351134 1.4592890567585763 -0.17759316406971648
-0.77407711575562976 1.4272937979639317 -0.2845483955205857
-0.90397204463473824 1.4101537288675692 -0.37947722171419618
-1.0476487715104175 1.3958069255428234 -0.45273108186667499
-1.1996276862615736 1.3825564139837938 -0.50705384067326731
-1.3571007805574524 1.3675671917876295 -0.54181873916211343
-1.517074748243882 1.3494564607247965 -0.55945074327057231
-1.6775118717581956 1.3273127685765653 -0.55892096342363662
-1.836246284091289 1.3012949300460299 -0.54016258462748601
-1.9908516565149377 1.2695463526209816 -0.50390155614428567
-2.1382312481719046 1.2296102027553892 -0.44998600708212755
-2.2749833171758822 1.1791091073754427 -0.37955640661913193
-2.3976844785522866 1.116182730934989 -0.29480960895226738
-2.502731800918836 1.039896366380618 -0.19811553636509455
-2.5863561696197346 0.95084003693523944 -0.091895428079244154
-2.6467747964062585 0.85185910848660062 0.021018162828453067
-2.6823858546407107 0.74572539281370021 0.13789891708881508
-2.6922556098858124 0.63490548877637276 0.2554320013347145
-2.6762131279667072 0.52184907237597011 0.37012213456268428
-2.6347534821575005 0.40894561566086662 0.47841381354241891
-2.5690021140879904 0.29901423839921881 0.57733414646955938
-2.4808574162747634 0.19395991532161472 0.66329127864154058
-2.3727511097448146 0.096099570292550729 0.7334976053208786
-2.2477562398601307 0.0074771547904480817 0.78558313601714291
-2.1096724624605692 -0.070808758375067338 0.81709667122952301
-1.9626735901279857 -0.13784292658861844 0.82671830064976082
-1.8113132392884235 -0.1934802466591217 0.81276040887195966
-1.6607340378578828 -0.23909887249418818 0.77486624874232113
-1.5164796661568025 -0.27755508776878624 0.71236691112675155
-1.3832010579579301 -0.31214348838543338 0.62731164657750627
-1.2649999940630636 -0.3464800971959433 0.52221115486304792
-1.1650687674306022 -0.38460385887682957 0.40075047894880161
-1.0855088567495816 -0.43074854955297681 0.26763480996857558
-1.024930868966075 -0.48302744252855956 0.12688415714412823
-0.97732353941724803 -0.52894315368508116 -0.020970156339117044
-0.94672270286334703 -0.58120649321386331 -0.17103816258625132
-0.93306824286548573 -0.6555791770841366 -0.31396983765988984
-0.92958047777313069 -0.75137802753015048 -0.44426806662203494
-0.92978500908666939 -0.8680168410384812 -0.55649996479852581
-0.92648174971071429 -1.0024142037736552 -0.64665158035749271
-0.91423715528628502 -1.1495869236122402 -0.71285242124816328
-0.88922839878482873 -1.3037729167554901 -0.75506997351991401
-0.84994404828113679 -1.459484202313492 -0.77537013482174455
-0.79457797889634652 -1.6115727247928393 -0.77456769315833673
-0.72400407455008431 -1.756101445074493 -0.75631967481510098
-0.6392780841943505 -1.8902442377002189 -0.72404952932502109
-0.54158296989750876 -2.0119184917102833 -0.68078404342695109
-0.43299115354259221 -2.1207088292550935 -0.62972598401869972
-0.31538772739295201 -2.2166526829088364 -0.57311911804284588
-0.19055295044055071 -2.3002912282922985 -0.51257077940237372
-0.060260101870746194 -2.372403234059421 -0.4487458581005539
0.073918210693573294 -2.4334808224914206 -0.3815351409442948
0.21028966595465165 -2.4842693948754992 -0.31030608756545586
0.34746603101160911 -2.524791071413039 -0.23422222705730075
0.48439997075935726 -2.5542728356703766 -0.15282614908840736
0.620031365559361 -2.5715015239202774 -0.065919255196921683
0.75273662578868272 -2.5755075855339209 0.026913676472985381
0.87989442162779419 -2.5669060089152675 0.12686137806507192
0.99932014278535997 -2.544469294918418 0.23391786451189833
1.1085993227029161 -2.5053098637746367 0.34686085353964985
1.2053704255626332 -2.4472675592039326 0.46293541662103388
1.2875264198616776 -2.3698787560260941 0.57894666160094643
1.3528565456144301 -2.2735973733708819 0.69144710726562308
1.4001328014992902 -2.160318659302499 0.7969739077990956
1.4274344000060371 -2.0324036422896898 0.89231884407350015
1.4351108279593161 -1.8936055642595966 0.97519096977337671
1.4228406669345735 -1.746933865621811 1.0425300104811239
1.3914283475131659 -1.5963116793811458 1.092701478212158
1.3417139902400717 -1.4454608344562396 1.1237867195291749
1.2759039660309039 -1.2980336259261938 1.1353336026646614
1.1955330918915577 -1.1578898372275699 1.1252615624211504
1.1066446963289478 -1.026532167937876 1.0930500146785185
1.0139724437250068 -0.90541988009581675 1.0388098092953286
0.9217520719987613 -0.79562931162173323 0.96363719767587852
0.83390839823463958 -0.69765735508950011 0.86927552212335524
0.75406972668733507 -0.61153269324774562 0.75778757042574696
0.68591465289636699 -0.53711477076611636 0.6311815753298512
0.63267066909055847 -0.4738582886764241 0.49201457554329603
0.59694440682705063 -0.42028831318037829 0.34348860584878826
0.58166040031256916 -0.37447815474575452 0.18898607109315263
0.58448122772843702 -0.33735167220251339 0.031374176382770652
0.61386758192942015 -0.3017991533002029 -0.1233476907931704
0.66474703192341422 -0.25696056141548129 -0.2704990927682635
0.7300643925938457 -0.21115962505102984 -0.41140564958867892
0.81310835353715427 -0.16082431160014135 -0.54099990578310364
0.91175124806012997 -0.10489387281031923 -0.65658263518901516
1.0233245416757555 -0.042596870963281463 -0.75594964368947426
1.144971648602513 0.026441182947837288 -0.83735996733875062
1.2736910588070935 0.10269317216236107 -0.89919352667134733
1.4061658101458401 0.18619939210300673 -0.94040038673893744
1.5389066244885097 0.27685295495429896 -0.95986704417687607
1.6683597987931735 0.37406818845558604 -0.95850486495185716
1.790301915267573 0.4779893099109328 -0.93538184337436714
1.9010471690855384 0.58785413494770999 -0.8921582041585342
1.9965306608978206 0.70258324001243577 -0.82944309853747966
2.0730551020771486 0.82054047776678818 -0.74919311435979152
2.1279646958142435 0.93991866096999344 -0.65464226413527071
2.1591499884824383 1.0587373144627041 -0.54920499798860989
2.1654501581296763 1.1740649641215541 -0.43578611869080075
2.146912896569408 1.2829406628674143 -0.31746360720658506
2.104028139748058 1.3825612031741674 -0.19733284205432713
2.0378900881102369 1.470347642946261 -0.078529532107983552
1.9384111876960866 1.5475182648066002 0.0052521450669842356
1.7979908867238152 1.6283220129090037 0.0013578275695475639
1.6575705857515499 1.7091257610114039 -0.0025364899278889361
1.5171502847792848 1.7899295091138039 -0.0064308074253254365
1.3767299838070195 1.8707332572162039 -0.010325124922761934
1.236309682834748 1.9515370053186074 -0.014219442420198607
1.0958893818624826 2.032340753421007 -0.018113759917635107
0.95546908089021743 2.1131445015234069 -0.02200807741507161
0.81504877991795222 2.1939482496258069 -0.025902394912508103
0.67462847894568079 2.2747519977282105 -0.029796712409944776
0.53420817797341547 2.3555557458306104 -0.033691029907381279
0.3937878770011502 2.4363594939330104 -0.037585347404817782
0.2533675760288851 2.5171632420354104 -0.041479664902254278
0.14187763080587421 2.5635950045563973 0.058170771905140875
0.032704066810108914 2.5816856392030996 0.17630090938128548
-0.075441142059271396 2.5736530539067828 0.29648963770389791
-0.17965905192792792 2.5395397169878877 0.41556342009651537
-0.27728195873036365 2.4805524878902574 0.53040393957585075
-0.36652599230562577 2.3981068855492582 0.63732866981905856
-0.44576592381311136 2.2942894423941427 0.73291056579031255
-0.51288664034251019 2.171822246944759 0.81469596856705162
-0.56756204436774882 2.0339817766199939 0.87957173784331122
-0.61025010904899235 1.8844699198656034 0.92461574088724552
-0.64153325617117107 1.7274236770093534 0.94824663727704284
-0.66255037421248963 1.5669169406493471 0.9504008332978896
-0.67388654629750244 1.4067850750880686 0.92945372459405629
-0.67821095172773371 1.2507088321534776 0.88672503502245736
-0.67813686628360392 1.1019183566580377 0.82294868469931948
-0.67565028491732371 0.96322972542993535 0.73946719804277272
-0.67297735670889935 0.83722628682883615 0.6378416286032853
-0.67235100100623202 0.72607549156772999 0.52009058945827213
-0.67608260375206608 0.63139380006621304 0.38876142526149798
-0.68603383669616824 0.55389809590749772 0.24691365824518022
-0.70313392541607955 0.49089986779334338 0.098687621852246582
-0.72337584682935352 0.4529906056217865 -0.057219555649089246
-0.7600582258417109 0.42857488937442734 -0.21247829232666199
-0.82000315678592106 0.41339305449217123 -0.36220862629402711
-0.89388540301585762 0.40801960027123751 -0.50621571465537329
-0.98525982882050955 0.41098900614659795 -0.63987883819903524
-1.0934736887444296 0.41964511216766121 -0.75999086005145267
-1.2169202516783195 0.43122542087794757 -0.86406359301713687
-1.3539807209428711 0.44279720405634226 -0.94944789823337961
-1.5019583352583883 0.45161997518290897 -1.0144661322769721
-1.6574479422897821 0.45425874864828442 -1.0594896841431563
-1.8175449161422521 0.44798685004906069 -1.082728093007342
-1.9786117006930795 0.43181490463161887 -1.0848758552326532
-2.1369522636753278 0.40431641004689545 -1.06552372887793
-2.2888941806600114 0.36497049525093822 -1.0258460501551456
-2.4302273583138918 0.31291995626540337 -0.96653713621953008
-2.5577190735442272 0.24860757996467484 -0.89034911143039674
-2.6678161008079724 0.17249675045237617 -0.79930282986040257
-2.7569523528406301 0.086038142719071009 -0.69544642040290916
-2.8236244629628753 -0.0086281941721925437 -0.58236809163954162
-2.8659165694988928 -0.10939347552921833 -0.46300031549803783
-2.8829428455464141 -0.21371022143834342 -0.34039524395716703
-2.8746060488283938 -0.31944499168272777 -0.21810026333747079
-2.8419793174775831 -0.42470628946108835 -0.099521401695466111
-2.7874693506223904 -0.52816653228807964 0.012443254385643811
-2.7131660018520143 -0.62887187790080412 0.11519840766592553
-2.6218882893264448 -0.72628303432937602 0.20688830219803081
-2.5171603478985514 -0.82037302396573653 0.28695679687105913
-2.4015178281219383 -0.91072636387847627 0.35552119396197429
-2.2753670401756083 -0.99405105994356802 0.41370475529890899
-2.1407194930348812 -1.070238314210449 0.46175417422893716
-1.9992758915229971 -1.1391578415883281 0.50033662141095236
-1.8526578464632641 -1.2014840562833988 0.52976779648125871
-1.7018513202147936 -1.2569671056189893 0.55043849804335743
-1.5475956414755365 -1.3050249900601802 0.56241029172499923
-1.3906212999616225 -1.3449871827789104 0.56529431611054604
-1.2318743563528147 -1.3764372590058007 0.5580164610096976
-1.0726729817485663 -1.3974798581592416 0.53727658997008976
-0.91596819023234488 -1.4055133389700993 0.49771011075431554
-0.76629875792326962 -1.4022688039947786 0.4360860672713584
-0.62968745863769038 -1.3901446360861345 0.35006927421790324
-0.50355597216105141 -1.3733314694785221 0.24980670718019829
-0.38145131564909762 -1.351760923218611 0.14549125742247188
-0.2637645188942222 -1.3218534610348016 0.038245551270133731
-0.15457760329274572 -1.2831901742846787 -0.074988476387036512
-0.054869606364906287 -1.260305961199212 -0.20012619460682898
0.045180150279614639 -1.2789612873771372 -0.32587196513761169
0.14807500985864774 -1.3269745570364622 -0.44126919691703459
0.25472695885398022 -1.3950936501728239 -0.54223879676936926
0.36690095959641655 -1.4775604976237782 -0.6248586294859646
0.48582396187573451 -1.5685149856321476 -0.68641649010730243
0.6118888006875034 -1.6623753989508212 -0.725084035105238
0.74473074779637993 -1.7537553738245224 -0.73939383086887123
0.88309941860774221 -1.837132739389203 -0.72942955905905593
1.0252895120976611 -1.9074309330252761 -0.69729651688002514
1.1690009193106534 -1.9606158786556576 -0.64523014403375489
1.3114709012292982 -1.9939119706149333 -0.57604750529661397
1.4492638630867005 -2.0059052463722331 -0.49200666704187662
1.5794338845617992 -1.9955730179938096 -0.39638012641908404
1.6988317219762838 -1.9629200584152329 -0.29209601744198826
1.8047494368458146 -1.9083734007019879 -0.18253935378343078
1.894648876042595 -1.833188701089393 -0.070912721372655682
1.966543434323174 -1.7390041324854606 0.039323855891865413
2.018578138852515 -1.628400418740676 0.14538816688846362
2.0496268536730669 -1.5041845135594758 0.24440723801079794
2.0585140890204867 -1.3694460720763837 0.33369720371387923
2.046747677414579 -1.2274129892105723 0.41044123020153156
2.0178198882669656 -1.0808988292613411 0.47296408356411246
1.9747207412259529 -0.93180033217984548 0.51916261272351638
1.9204376531518954 -0.78197615601935677 0.54794976166132336
1.85656459114546 -0.63365738474491606 0.5600572242941334
1.784963678835833 -0.48853388008302601 0.55401724069439928
1.7083213562452646 -0.34810983919031169 0.52898052336475732
1.6299154364826334 -0.21382153760813286 0.48385659975802542
1.5544868483094785 -0.086710680082899144 0.41781183028214847
1.4888479670165597 0.032669541273930278 0.33042084952532447
1.4430605569226735 0.14815680344211571 0.22674148679719597
1.4209143754853608 0.27354462480843417 0.12693660244663152
1.4095282575223498 0.41335528923649723 0.046240710627784613
1.3874461102308311 0.56232326081728812 -0.012926469339483675
1.3353292460302313 0.70296532177814863 -0.073612156585161154
1.2689162564884646 0.82651204558260027 -0.15416208450260815
1.2103855544238653 0.93765165156531571 -0.2561732907710767
1.1564013148818149 1.0607335801578384 -0.34579548333141913
1.0988204735110765 1.1969014825219857 -0.41182560528072926
1.0398399595990635 1.3404352538001518 -0.45817886093152987
0.97793621093205751 1.4872769619129957 -0.48710020123021713
0.91190019706310288 1.6347418078141001 -0.49847398093389728
0.84145875962991001 1.7804812777603283 -0.49326162461503792
0.76622221188455264 1.9222108581903612 -0.47132905517082208
0.68543493159874758 2.0572630125971001 -0.43299820958310786
0.60028742068041474 2.1835744091813685 -0.3780268036127209
0.51072135761081694 2.2982902937436274 -0.30706205322581237
0.41614287589636478 2.3981002772243132 -0.22159630436631533
0.31618356596203012 2.47934694891577 -0.12354017009795773
0.33477640834975186 2.438368184478326 -0.078136950743571063
0.44355214882327204 2.3182463550111398 -0.077211363793479121
0.55232788929679222 2.1981245255439541 -0.076285776843387165
0.66110362977031711 2.0780026960767626 -0.075360189893295182
0.76987937024383735 1.9578808666095766 -0.07443460294320324
0.87865511071735758 1.8377590371423906 -0.073509015993111299
0.98743085119087759 1.7176372076752044 -0.072583429043019343
1.0962065916644026 1.5975153782080134 -0.07165784209292736
1.2049823321379229 1.4773935487408274 -0.070732255142835418
1.3137580726114428 1.357271719273641 -0.069806668192743462
1.4225338130849632 1.2371498898064552 -0.068881081242651521
1.5313095535584882 1.1170280603392642 -0.067955494292559537
1.6400852940320083 0.99690623087207797 -0.067029907342467582
1.7488610345055284 0.87678440140489189 -0.066104320392375654
1.8576367749790486 0.75666257193770603 -0.065178733442283698
1.9664125154525736 0.63654074247051473 -0.064253146492191715
2.0751882559260935 0.51641891300332865 -0.063327559542099773
2.1839639963996138 0.39629708353614257 -0.062401972592007825
2.2927397368731346 0.27617525406895649 -0.061476385641915883
