2.3411200408607291 0.15062339550761422 0.0060714180251638886
2.2906144366233208 0.26963400538209398 0.060952779984904809
2.2849631401761132 0.36318581724687055 0.16719100889008515
2.2593284822376751 0.45024332727342353 0.27530362021142774
2.2138703198498471 0.53028199571800849 0.3824306383917826
2.1493725603866958 0.6019111853754634 0.48626048557779011
2.0664028771150811 0.66407755553156955 0.58415824074469835
1.9666554226540649 0.71624968785813892 0.67345591928528281
1.8514087662547585 0.75696383674335133 0.75141532095052865
1.7226320643873019 0.78584851071250261 0.81549919862565812
1.5830165677167567 0.80245735645060157 0.86326303550154615
1.4356624339146544 0.80642747601272202 0.89256635020979236
1.2837592682181342 0.7973274753760029 0.90077549118335931
1.1313233025816392 0.77606362710170418 0.888072410561068
0.98263022713513337 0.74440431228263926 0.85084741460017821
0.84117004983644361 0.70749771446548559 0.78891149336751243
0.71061717496954835 0.66981457135084699 0.7032216303728539
0.5939612824925945 0.63568336836183859 0.59568055493631022
0.49285223128013395 0.60942708383713584 0.46977375295629314
0.40765659244156094 0.59496928397651316 0.32979746493003576
0.33805251002918651 0.59481652102623928 0.18039329258790615
0.28387084481696256 0.60768117303921243 0.024582785209402328
0.24424708767952252 0.64120539774455421 -0.13274496405980643
0.20650481900187534 0.69618378925070901 -0.284111050305979
0.17306000267680602 0.77183223190066275 -0.42701464689766466
0.143167727453856 0.86730432027265414 -0.55758606101545838
0.11398164663269891 0.98063004866721881 -0.67178125769367802
0.082836501582489355 1.1087245030275965 -0.7663017336103336
0.047207713048190617 1.2476484879156344 -0.83866361944328682
0.0052788712480740796 1.3928709243603516 -0.88711607047159169
-0.044602197970170523 1.5395295881227189 -0.91024961844398
-0.10358659364624014 1.6821682109450469 -0.91039645723709384
-0.17342739255952877 1.8155755396782218 -0.88902319038036814
-0.25154576656579536 1.9370273107083258 -0.84854404874340161
-0.33639642178771995 2.0434449566599491 -0.79094663030232459
-0.42676542461084438 2.1324638538535701 -0.71899247222848506
-0.52130845595283559 2.2025040915357064 -0.63580996986406257
-0.61769725144865539 2.2528659399354392 -0.54344948343202681
-0.71463310878561026 2.2828468218475106 -0.44516685594958028
-0.80979348320142153 2.2920675667727508 -0.34246639177860877
-0.90259933983535412 2.2810198771166994 -0.23818533577659068
-0.99096208879208103 2.2500917668532758 -0.13454082268755979
-1.0736198033246989 2.1995036000143098 -0.033759942862319897
-1.1495775971981854 2.1299471160446215 0.062050011212374287
-1.2178958830831503 2.0420711801199261 0.15082710968557966
-1.2782129147369352 1.936982114905295 0.2305645248386613
-1.331093775543311 1.8167341969379203 0.29862151550810428
-1.377239994093884 1.6837297245735128 0.35236650060941771
-1.4178370444630466 1.5409473192188463 0.38985128179686551
-1.4536820982045793 1.3917969204868972 0.4099895834389195
-1.4846580878792368 1.2387261071601963 0.41221280944531918
-1.5116292580132378 1.0841192459570934 0.39679502193490607
-1.5354602945056286 0.93067654677535039 0.36163819758975474
-1.5576868717226842 0.78126503482352727 0.30552063548106423
-1.5806269287036236 0.64058565369669984 0.22848375569059995
-1.6028756545355931 0.51264377864678445 0.12267161540636452
-1.6451140123732806 0.3888379453381261 0.010337972247304606
-1.7020376279273874 0.25832250770259269 -0.074277923307884866
-1.7493182528880233 0.12620983789305873 -0.131466117093229
-1.7690173691922202 -0.0068470487354730103 -0.18579539619865879
-1.7707755292723142 -0.1414492936396515 -0.26072728760503344
-1.7741813290177655 -0.27710026654726505 -0.35589524344764617
-1.7908452388911602 -0.42497750366539577 -0.42961831259570066
-1.8068446851398978 -0.57712037155879614 -0.47390414412578691
-1.8152771699712431 -0.73007488221546268 -0.49513675388318262
-1.8134682113467475 -0.88186025074460972 -0.49866166028194425
-1.8001426751271676 -1.031009086238895 -0.48759224704723081
-1.7751751687624286 -1.1761117470134947 -0.4642960426452199
-1.7383845628589563 -1.3158309522835065 -0.4303964196159723
-1.6902028329377039 -1.4493266391137194 -0.38781575673398583
-1.631004877162253 -1.5757213726270192 -0.33804745690875732
-1.5616426874532747 -1.6942758016152939 -0.28215136637275973
-1.4827510587503419 -1.804168621700724 -0.22129617935037801
-1.3951449663948108 -1.9046580221045526 -0.15617818034741318
-1.2997119090401346 -1.9949340301831351 -0.087776447046026773
-1.1973521729223318 -2.0737631303816322 -0.016892956498671216
-1.08896339577775 -2.1398402483547225 0.055691764263497
-0.97542536116611311 -2.1917572684693063 0.1295987885904126
-0.85743118013691633 -2.2287167479213235 0.2037505957423888
-0.73637055444939281 -2.2499899984832554 0.27657784071728841
-0.61300992241280328 -2.2540094498578909 0.34703943117966296
-0.48768673791658396 -2.2407140118065776 0.41367909108568451
-0.36176099476033979 -2.2105353084347854 0.47424887761591145
-0.23607846622061224 -2.1625929049672354 0.52651519013347559
-0.11083076216171751 -2.0978801340732884 0.56801260955372868
0.012936230303531554 -2.0189907120341992 0.59612894516842341
0.13450038122899488 -1.9278303455399988 0.6068048052638596
0.2537416276960322 -1.828141376465978 0.59810040612511606
0.37028236932052061 -1.7241221482230866 0.56708866885733811
0.48485574128761461 -1.6208362825352813 0.51003015014703468
0.59665506627197762 -1.5309959426112603 0.41674402224981855
0.7095676061703724 -1.4696255757460406 0.31076369711475627
0.82161170565356001 -1.4056896273749508 0.23134017473497259
0.9207349587102629 -1.3221637267952289 0.16618775127425561
1.0020449027536 -1.2155113942684954 0.089454070974873678
1.0785012406219818 -1.1079757068735088 -0.016207963869244148
1.1624883483690955 -1.0234037223242174 -0.13805051933172413
1.2623828283942968 -0.93897412092668009 -0.23734043220525811
1.3729064658301999 -0.84802960475914047 -0.31317041877471102
1.4907653897442206 -0.75302904995740561 -0.36803486632874816
1.6112592309180971 -0.6546200804428427 -0.4021674806580004
1.7308645471119601 -0.55295201587691067 -0.4156194141164764
1.8462341669299736 -0.44859558392056731 -0.40923998542600332
1.9537964937831489 -0.3420765759987856 -0.38334788905686423
2.0505104331597601 -0.23402375189814237 -0.33953885755823271
2.1336428175192652 -0.12559770628095054 -0.27928742353820568
2.2007712555312082 -0.018114332379620346 -0.20440543009125506
2.244269406196985 0.07985390613692811 -0.12785226879638203
2.2431737327160408 0.17519010104017041 -0.084585742772613104
2.2023485420628184 0.31368712375382718 -0.068653353172530587
2.1541281124291141 0.46771926993797153 -0.054121815969871513
2.105907682795408 0.62175141612211948 -0.03959027876721212
2.0576872531617036 0.775783562306264 -0.025058741564553056
2.009466823527998 0.92981570849041195 -0.010527204361893668
1.9612463938942939 1.0838478546745562 0.0040043328407653924
1.9130259642605885 1.2378800008587041 0.018535870043424767
1.865412535871076 1.384080822905877 0.03463500856283569
1.8234201331610502 1.4768267341729531 0.060063737832470585
1.7442969583969834 1.520159977187882 0.13635506922327581
1.6335719925166059 1.5587216569223683 0.22329118450644511
1.5094563165450525 1.5857246232988693 0.30041048951704358
1.3741942298738117 1.6024143070392365 0.36531209973254009
1.2297402196373364 1.6104423085980857 0.41584162554179888
1.0793952814530587 1.612467451047888 0.45095054822249159
0.92580319632187102 1.6072082036659889 0.47044143127692561
0.77009491059134205 1.5948867824060504 0.47364554897940386
0.61411740509853663 1.5773759147407667 0.46017351385510302
0.45984081789617087 1.5562364838117437 0.42895313265632179
0.30936900362170217 1.5339554330159677 0.37783645540342209
0.16593088812108886 1.5143818810271845 0.30543593597690621
0.035014681732867842 1.5004208836346959 0.20367253685812586
-0.097825929688237737 1.5044242404762407 0.10340878267108808
-0.23674870770200868 1.5044277485421642 0.032212145453872187
-0.37236219196517606 1.4809430538862978 -0.022736391626456517
-0.5017564975147043 1.43200698608083 -0.087315657682574058
-0.62749890802548847 1.3800401924221284 -0.1799018574344769
-0.75201794759203888 1.3490123384525714 -0.29248101154348111
-0.89076193826123673 1.3332548721379607 -0.38656835700304054
-1.0400782788139133 1.319372050206236 -0.45374115372703361
-1.1946458107010778 1.3059656132709241 -0.50008034470232099
-1.3516371156479194 1.2900555275776961 -0.52595505165415135
-1.5085022048839527 1.2705861896907185 -0.53441661378487237
-1.6633199191174739 1.2470939726194514 -0.52438125795779933
-1.8135640066724024 1.2195917760453112 -0.49676768701952784
-1.955823808510945 1.1859256608548692 -0.45307287023753801
-2.0866896570105098 1.1441724354154335 -0.39435181790741969
-2.2036404071886122 1.092967165511606 -0.32323801101939925
-2.3046261027457824 1.0318039619763471 -0.24274138271534229
-2.3878468616144413 0.96119657824441462 -0.15542211419115115
-2.4525434532597257 0.88222808575689615 -0.062811898873443531
-2.4990887645918174 0.79690409639249282 0.033682379463690446
-2.5268193550014972 0.70705624095802466 0.13229292760957193
-2.5354836089026218 0.6140021776418243 0.23111286927114708
-2.5249978510568178 0.51899655303575676 0.32823640862366116
-2.4953481577112959 0.42318176764296866 0.42159531396691763
-2.4466007804910177 0.3282871026014148 0.50948468476688868
-2.3791462309239937 0.2354131659014187 0.58933383827979702
-2.2935500639557524 0.1460943462462809 0.65876905584237555
-2.1907586804542358 0.062221078619680348 0.7155150804438567
-2.072423730171451 -0.014866948412409597 0.75657670136643007
-1.9410721858562514 -0.083639506172994843 0.77961873939453641
-1.7996716665445402 -0.14279164739777081 0.78156644945612275
-1.6523266110291503 -0.19213667982269059 0.7602283764969554
-1.5047791090573615 -0.23342838444347766 0.71253005333309527
-1.3632925858435128 -0.26953571766612205 0.63819659206320578
-1.2339859678733363 -0.30418681050356755 0.53854481604136595
-1.1223616855414982 -0.34206482292973461 0.41678042068311699
-1.0333502223414925 -0.38881984747664067 0.27925591137139927
-0.96781075888776591 -0.44277428131869279 0.13460028910575528
-0.91756053439272522 -0.49061095346832073 -0.017913869731857945
-0.885663733098078 -0.54704061787682134 -0.17658235897309094
-0.8729776293585455 -0.62934032634641335 -0.32654173632636735
-0.87092189835830935 -0.73469106970706088 -0.45809046695077194
-0.87096140782890941 -0.8601911444293644 -0.56530628788457649
-0.86501393239605029 -0.99978746723037204 -0.64526956042283945
-0.84826791387608735 -1.1465697257003653 -0.69857148260046598
-0.81835266727309053 -1.2945416432976471 -0.72794047102101855
-0.77493915215265263 -1.4388521536302106 -0.73697055261386735
-0.71743192027336589 -1.5758122982248661 -0.72777687908842958
-0.64719908090459899 -1.7039380207110753 -0.70468175367728692
-0.56520008494026941 -1.8216395698651362 -0.67060649876538758
-0.47222699756754322 -1.9282018104468019 -0.627918132977899
-0.36963766990677693 -2.0240086079374766 -0.57894263943209912
-0.25880498614441527 -2.1090231010883502 -0.52522913812957417
-0.14110908279289675 -2.1836078914721706 -0.46787469703850082
-0.01821616500844421 -2.2481246537227282 -0.40728229180669762
0.10835086459414235 -2.3027863340255568 -0.34321852047040197
0.2368129388602388 -2.3480254954192321 -0.27510835271949752
0.36534643866049166 -2.3834695764476299 -0.2025243043665671
0.49252861324517416 -2.408264630395049 -0.12546761151347754
0.6172042457343917 -2.4214985246125309 -0.043977005982188462
0.73835697405412448 -2.422760696782285 0.042655867866199522
0.85347476797478472 -2.4127903667915542 0.13522432493761102
0.95957090670239087 -2.3908101682281901 0.23221802062445246
1.054676638217221 -2.3553113729011206 0.3317121051178748
1.1382242195933876 -2.3054089211788544 0.43192190126539703
1.2098209758194642 -2.2411172683308105 0.53123988118747778
1.2686350719847561 -2.1624186532905676 0.62808462311327229
1.31421429754525 -2.0701051753943016 0.72055046792559663
1.3448753314775175 -1.9644585362883153 0.80683827300821365
1.3602530735387339 -1.8475058481064506 0.88529118043159594
1.3592830884148361 -1.7208969590679037 0.95303192286115368
1.3415838467974099 -1.5869370622868348 1.0081556849295132
1.3065071887247843 -1.448270791894968 1.0480434771884202
1.2550864531540433 -1.3082884797943284 1.0715138012881109
1.1866671088191136 -1.1711220775398044 1.0757879293444781
1.1053556313228192 -1.0392385911044717 1.0586499414978336
1.0162361566194844 -0.91485130113413493 1.0187477633960813
0.9239923937762039 -0.79998961609650909 0.95591422144633209
0.83326830336532343 -0.69612657456776372 0.87116595122751062
0.74849352846693573 -0.60401134099348774 0.76632512383802898
0.67424348155795522 -0.52400939367968746 0.64330148311060642
0.61484073730555788 -0.45609229055167388 0.50474297850463812
0.57380282057545551 -0.39906257836889758 0.35434525746627987
0.55510603264114877 -0.35074798714805977 0.19635212665959109
0.55664072442659496 -0.31207473041262945 0.034385182100050149
0.58684451387049463 -0.27555498567882242 -0.12354390062310332
0.63981495207398831 -0.22990668626455982 -0.27204349613279039
0.7085037724338209 -0.18310654115909927 -0.41326088919049214
0.79583149903827199 -0.13131912234661505 -0.54101453291138468
0.89850828366996982 -0.073734844605911232 -0.65239576493576457
1.0130766319111086 -0.0097723410447269343 -0.74532336757281858
1.1359736114474914 0.06072100581860583 -0.81831755056722688
1.2635677431114256 0.13791240069576524 -0.87024944879864496
1.3920902994029882 0.22146677147445606 -0.90069419059112665
1.5179550962314916 0.31093283717990228 -0.90964843633276415
1.6374191027402329 0.40545788820056361 -0.898683607896961
1.7464855208525447 0.50473203541330391 -0.86788330380546697
1.8423617890206472 0.60765563174208836 -0.81989648024947814
1.9218706557763592 0.71272219025203198 -0.75611807967052014
1.98318533796526 0.81869539207238429 -0.67911421601763355
2.0252678940727185 0.92437634541238245 -0.5919195378629043
2.0472222024844648 1.0281891022974441 -0.49735168709612954
2.0489006274702897 1.1280820367601594 -0.39745330755680952
2.0307899500166884 1.2222265455714796 -0.29428858762261217
1.9933828483327354 1.3087907654383271 -0.18995744136457898
1.9403528183387857 1.3836170380548847 -0.087646691384093631
1.8679745752562811 1.4461120337994104 -0.0057396015943342819
1.7377980489445535 1.5237696718828591 0.0024043189120075549
1.5973868981625161 1.6045837807139711 -0.0016049575617062386
1.4569757473804794 1.6853978895450827 -0.005614234035420029
1.3165645965984423 1.7662119983761946 -0.0096235105091338185
1.1761534458163991 1.84702610720731 -0.013632786982847785
1.0357422950343618 1.9278402160384214 -0.01764206345656158
0.89533114425232474 2.0086543248695334 -0.021651339930275376
0.75491999347028782 2.0894684337006453 -0.025660616403989162
0.61450884268824446 2.1702825425317607 -0.029669892877703132
0.47409769190620737 2.2510966513628725 -0.033679169351416925
0.33368654112417023 2.3319107601939844 -0.037688445825130722
0.2028738219104943 2.404241205770393 -0.024271376540121792
0.11917934451858767 2.4328342836471939 0.073912817192285818
0.026346501413069448 2.4444272479396489 0.17629643370786932
-0.06685783293138671 2.43615987840312 0.27988863166857691
-0.15696888614485349 2.4075096975506716 0.38259293523517829
-0.2422643257944419 2.3591976586050896 0.48251582725061165
-0.32150453775545462 2.291890385234304 0.57708957600650412
-0.3936849767786888 2.2064620850341212 0.66383706268151832
-0.45692608976073873 2.1041009093504806 0.74097089739824173
-0.51041105397632469 1.9864381600904177 0.80590573570290069
-0.55407441317445905 1.8554405040148148 0.85553929086837655
-0.58787622873801026 1.7136317761121203 0.88722756349304033
-0.61228338501133128 1.5647980528827761 0.90001453659796071
-0.62707540139625773 1.4121797598994319 0.89115137567200386
-0.63394954317993635 1.2593282431311699 0.8602859417014691
-0.63539950221452701 1.1102974335221303 0.80733407681506575
-0.6334622261539129 0.96869707972494523 0.73282511935793926
-0.63042687141468334 0.83792423337043986 0.63772705464769064
-0.62878194165169676 0.72109746853737289 0.5236611107395055
-0.63126878794137065 0.62086496055657803 0.39315289449130975
-0.6402658724900836 0.53908490449797886 0.24982008957086141
-0.65712894729392368 0.47318379998260396 0.098917013375800888
-0.67816090435709908 0.43375732365130659 -0.061638789963078144
-0.71828726150386546 0.40917959459729392 -0.22319411809292691
-0.78363635117599439 0.39519226809960262 -0.37750373059430614
-0.86418764216003374 0.39210883131173302 -0.52375271595886386
-0.96435752347140713 0.39763674779342384 -0.65692968895897852
-1.0818747377417746 0.40831796892223793 -0.77299905351574083
-1.2140623690469807 0.42071624698205934 -0.86927748156861273
-1.3580119679007905 0.43143107252239232 -0.94334925305736816
-1.5096017069572547 0.43728368200752998 -0.99488087482367216
-1.6647094147520218 0.43482547225782553 -1.0248843671239396
-1.8197220547281276 0.42239991274333977 -1.0325634881888808
-1.9707516118692623 0.39987670349188886 -1.0200193561753823
-2.1140887254909413 0.36661402455088721 -0.98803809883153215
-2.2465252269366713 0.32294800923327383 -0.93911660042573197
-2.365190605258308 0.26899911663017739 -0.87522332980901507
-2.4686976835501642 0.20596880658899258 -0.79967987504863247
-2.5546033879945576 0.13516441570107979 -0.71471372904623987
-2.6221808605956616 0.058006619727133543 -0.62205422165789181
-2.6718565477486051 -0.024073559642797393 -0.52420940908232438
-2.7027731004468745 -0.10952821289308673 -0.42312073977733761
-2.7150410349141127 -0.19712217248492472 -0.32021017620418696
-2.708630804168179 -0.28611246339872798 -0.21712838191766617
-2.68358013886309 -0.37600154217589532 -0.11529565364913752
-2.6406357228063713 -0.4660702161325927 -0.016600155884866089
-2.5802741320433773 -0.55554794927572138 0.076741801701835019
-2.5032151854278637 -0.64419677531900599 0.162983683072536
-2.411709578294404 -0.73169553087405692 0.24065303080378991
-2.3093875739333387 -0.81702948221963756 0.30815641907859831
-2.1966618435201259 -0.89696992263549669 0.36625637641199632
-2.074125272240408 -0.97120172697722917 0.41540639650606365
-1.9432459650821392 -1.0392042616790649 0.45591035796932572
-1.8059055040538632 -1.1012993310351997 0.48780117184576199
-1.6637822482904119 -1.1571576023250136 0.51125442701317048
-1.5179170877502024 -1.206161302671614 0.52640638521876681
-1.3690404713188489 -1.247594448370364 0.53308797977401901
-1.2185401317783713 -1.2811764339801821 0.5308586080633747
-1.0679644358829132 -1.3055460784292985 0.51761671578757917
-0.91777085598055497 -1.3178296387892816 0.48810246386880435
-0.7700317055683763 -1.3185036705713031 0.43756730017348594
-0.63166487612781885 -1.308999019626391 0.35988563641260529
-0.50448320449542627 -1.2938162408366467 0.2636005505786681
-0.38338891638911266 -1.2743298492156294 0.16213598300493987
-0.26685599581421043 -1.2470332041925529 0.058334047047378934
-0.15431545673667862 -1.2076297222421013 -0.055249064846224979
-0.044871126094378835 -1.1819243765858469 -0.19084403408467063
0.065945981046821533 -1.2053737390045121 -0.32874024229626131
0.17646656346027489 -1.262085753401889 -0.44860086889936118
0.28897220431589826 -1.3386632923298432 -0.54770681383990483
0.40569566665970108 -1.42729367375798 -0.62313852420764437
0.52736649459538987 -1.5204623581547547 -0.67347991189448886
0.65354996423525136 -1.611759076934635 -0.69846565840981556
0.78287357577370043 -1.6955725129576915 -0.69869495942085558
0.91353793715489695 -1.7671617092200009 -0.67685983836523844
1.0438438240698709 -1.8232495324342881 -0.63684148908763694
1.1718784334316308 -1.862036596180388 -0.58171005801952991
1.2956938080144951 -1.8829171736672625 -0.51438189799088485
1.4130929100331375 -1.8860388901438212 -0.43695170799010663
1.522588995012869 -1.8714971828309104 -0.35209417018882999
1.6224736517819172 -1.8399395786107453 -0.2617893088382387
1.7114399700977319 -1.7919368149803359 -0.16822490068383611
1.7881460897564818 -1.7283821833220219 -0.073254216763600735
1.851494876273009 -1.6500746698764517 0.021044555500740345
1.9001580342322897 -1.5582970390678961 0.11309446458973386
1.9330805734661056 -1.4545815764576804 0.20091219460079268
1.9485333097015378 -1.3401269734474084 0.28291636325142228
1.9459716553706343 -1.2158517104970819 0.35704034424509207
1.9268674678440822 -1.0839800735917233 0.42108680581339553
1.8931179603985557 -0.94658547015889927 0.47212632113921738
1.847256962090853 -0.80545342624510619 0.5076714435673334
1.7908838675185432 -0.66331317384362265 0.52779235501088861
1.7252698536344147 -0.5220330838802002 0.5309642894651293
1.6524278589262433 -0.38306381466098915 0.51563828547213097
1.5749711676240623 -0.24784274737234133 0.47989153506032656
1.496945106094381 -0.11735962397474331 0.42147835985953352
1.4249569264367192 0.0077288448648381025 0.33702251820233703
1.3722044941235023 0.12996494862748581 0.22886225184796397
1.3470308406255271 0.26141722663815814 0.12284419445047277
1.3352552598296741 0.40242037382075402 0.041436143117422872
1.3137817200647453 0.54296658860271885 -0.014095081661601264
1.2649137313442456 0.67298927128726926 -0.070588809356623067
1.2002055477478049 0.79315885426421573 -0.15001316447576601
1.1412449485956393 0.90656502915783543 -0.25357356219863059
1.08653532435497 1.0332790735766979 -0.34144586155963275
1.0286164027284606 1.1713057867182552 -0.40271462548718406
0.96960607866672333 1.3149384428459339 -0.44374474558238036
0.90779755542116125 1.4595752755968785 -0.4667320998190399
0.84210651346942023 1.6028115825219886 -0.47198916045692546
0.77240802914830298 1.7424302193700896 -0.4608677128666368
0.69849514396001255 1.8758131398622993 -0.43357804867392491
0.62001573131636523 2.000679587548539 -0.39083927458809092
0.53840403076649657 2.1151625666918292 -0.33294640466024061
0.45374752385816791 2.2162289713463328 -0.26159230293214425
0.36588109924288814 2.3010909472881265 -0.17916883124148753
0.29438536596805182 2.3521738354815098 -0.10020706200803292
0.26602961460702768 2.3791467536279534 -0.095068662332616724
0.37183854513350839 2.2533292260466511 -0.074255349335105192
0.48060396314101522 2.1331988464373386 -0.073226287320170308
0.58936938114852677 2.0130684668280208 -0.072197225305235382
0.69813479915603371 1.8929380872187083 -0.071168163290300512
0.80690021716354055 1.772807707609396 -0.070139101275365642
0.91566563517104715 1.6526773280000833 -0.069110039260430758
1.0244310531785588 1.5325469483907657 -0.068080977245495847
1.1331964711860658 1.4124165687814534 -0.067051915230560963
1.2419618891935724 1.2922861891721404 -0.066022853215626079
1.3507273072010795 1.1721558095628282 -0.064993791200691209
1.4594927252085912 1.0520254299535106 -0.063964729185756297
1.5682581432160978 0.93189505034419795 -0.062935667170821413
1.6770235612236046 0.81176467073488545 -0.06190660515588655
1.7857889792311115 0.69163429112557306 -0.060877543140951666
1.894554397238623 0.57150391151625535 -0.059848481126016748
2.0033198152461296 0.45137353190694274 -0.058819419111081878
2.1120852332536368 0.33124315229763013 -0.057790357096146994
2.2208506512611441 0.21111277268831766 -0.056761295081212124
