-50.4521315846397 -22.3961838731224 -4.73419782471159
-50.2887575295706 -23.3170381382348 -4.20687980545732
-50.1253834745016 -24.2378924033472 -3.67956178620305
-49.9620094194326 -25.1587466684596 -3.15224376694878
-49.7986353643635 -26.079600933572 -2.62492574769451
-49.6352613092945 -27.0004551986844 -2.09760772844023
-49.4718872542255 -27.9213094637968 -1.57028970918596
-49.3085131991564 -28.8421637289091 -1.04297168993169
-49.1451391440874 -29.7630179940215 -0.51565367067742
-48.8829939801278 -30.6522352892599 0.017933369641967
-48.5423022403922 -31.5162936520994 0.556505776063473
-48.2016105006567 -32.380352014939 1.09507818248498
-47.8609187609211 -33.2444103777785 1.63365058890648
-47.5202270211856 -34.108468740618 2.17222299532799
-47.1795352814501 -34.9725271034576 2.7107954017495
-46.8388435417145 -35.8365854662971 3.249367808171
-46.498151801979 -36.7006438291367 3.78794021459251
-46.1368418471387 -37.5543987004667 4.32564090126724
-45.6141747755309 -38.3275189642826 4.85651955294748
-45.091507703923 -39.1006392280984 5.38739820462772
-44.5688406323152 -39.8737594919142 5.91827685630796
-44.0461735607074 -40.6468797557301 6.44915550798819
-43.5235064890995 -41.4200000195459 6.98003415966843
-43.0008394174917 -42.1931202833618 7.51091281134867
-42.4781723458838 -42.9662405471776 8.04179146302891
-41.955505274276 -43.7393608109935 8.57267011470914
-41.3125067585148 -44.4254790343475 9.0795729731399
-40.6079585072498 -45.0670955680861 9.57421217311148
-39.9034102559849 -45.7087121018246 10.0688513730831
-39.1988620047199 -46.3503286355631 10.5634905730546
-38.494313753455 -46.9919451693016 11.0581297730262
-37.7897655021901 -47.6335617030401 11.5527689729978
-37.0852172509251 -48.2751782367786 12.0474081729693
-36.3806689996602 -48.9167947705171 12.5420473729409
-35.6430288620674 -49.5237074841015 13.0216402476429
-34.7709336869568 -49.9896157413486 13.4400986735989
-33.8988385118463 -50.4555239985957 13.8585570995548
-33.0267433367358 -50.9214322558429 14.2770155255108
-32.1546481616253 -51.38734051309 14.6954739514667
-31.2825529865148 -51.8532487703371 15.1139323774226
-30.4104578114042 -52.3191570275842 15.5323908033786
-29.5383626362937 -52.7850652848314 15.9508492293345
-28.6662674611832 -53.2509735420785 16.3693076552904
-27.7012926701672 -53.5619298290365 16.698912507914
-26.6991528407886 -53.8108833195357 16.9929633110365
-25.6970130114101 -54.059836810035 17.287014114159
-24.6948731820315 -54.3087903005342 17.5810649172815
-23.692733352653 -54.5577437910335 17.875115720404
-22.6905935232744 -54.8066972815328 18.1691665235264
-21.6884536938958 -55.055650772032 18.4632173266489
-20.6863138645173 -55.3046042625313 18.7572681297714
-19.670452954344 -55.5011826954591 19.0143718952553
-18.6034660680655 -55.5026069723858 19.1338076889711
-17.536479181787 -55.5040312493126 19.2532434826868
-16.4694922955085 -55.5054555262394 19.3726792764026
-15.4025054092299 -55.5068798031661 19.4921150701184
-14.3355185229514 -55.5083040800929 19.6115508638341
-13.2685316366729 -55.5097283570197 19.7309866575499
-12.2015447503943 -55.5111526339464 19.8504224512657
-11.1345578641158 -55.5125769108732 19.9698582449814
-10.087235020829 -55.3380617033493 19.9413025131048
-9.04898722333184 -55.082349618954 19.8444480152118
-8.01073942583466 -54.8266375345587 19.7475935173188
-6.97249162833748 -54.5709254501634 19.6507390194258
-5.9342438308403 -54.3152133657681 19.5538845215329
-4.89599603334312 -54.0595012813728 19.4570300236399
-3.85774823584594 -53.8037891969775 19.3601755257469
-2.81950043834876 -53.5480771125823 19.2633210278539
-1.79874204461678 -53.263628360413 19.1378446070797
-0.904610409395455 -52.7711204234104 18.805139777296
-0.0104787741741284 -52.2786124864077 18.4724349475123
0.883652861047199 -51.786104549405 18.1397301177285
1.77778449626853 -51.2935966124023 17.8070252879448
2.67191613148985 -50.8010886753996 17.4743204581611
3.56604776671118 -50.3085807383969 17.1416156283773
4.46017940193251 -49.8160728013942 16.8089107985936
5.35431103715383 -49.3235648643915 16.4762059688099
6.11476620190188 -48.7401370995613 16.0321042141862
6.74752215293342 -48.06985492809 15.4815865760332
7.38027810396497 -47.3995727566187 14.9310689378802
8.01303405499651 -46.7292905851475 14.3805512997272
8.64579000602806 -46.0590084136762 13.8300336615742
9.2785459570596 -45.3887262422049 13.2795160234212
9.91130190809114 -44.7184440707337 12.7289983852682
10.5440578591227 -44.0481618992624 12.1784807471152
11.1768138101542 -43.3778797277911 11.6279631089622
11.5288244277757 -42.638291649649 10.9498985647496
11.8188497562125 -41.8834016371345 10.2436731540296
12.1088750846493 -41.12851162462 9.53744774330965
12.3989004130861 -40.3736216121055 8.83122233258968
12.688925741523 -39.618731599591 8.12499692186971
12.9789510699598 -38.8638415870765 7.41877151114975
13.2689763983966 -38.108951574562 6.71254610042978
13.5590017268334 -37.3540615620474 6.00632068970981
13.8490270552702 -36.5991715495329 5.30009527898984
13.7932721746974 -35.8483592904439 4.53653247663455
13.7294343962417 -35.097642352208 3.77162936540853
13.665596617786 -34.3469254139722 3.00672625418251
13.6017588393303 -33.5962084757363 2.24182314295649
13.5379210608745 -32.8454915375005 1.47692003173047
13.4740832824188 -32.0947745992646 0.712016920504456
13.4102455039631 -31.3440576610287 -0.0528861907215617
13.3464077255074 -30.5933407227929 -0.81778930194758
13.2825699470517 -29.842623784557 -1.5826924131736
12.9062188965192 -29.1149693905418 -2.27069968330996
12.5050944179595 -28.3891432013756 -2.95261129686137
12.1039699393999 -27.6633170122094 -3.63452291041279
11.7028454608402 -26.9374908230431 -4.3164345239642
11.3017209822806 -26.2116646338769 -4.99834613751561
10.9005965037209 -25.4858384447106 -5.68025775106702
10.4994720251613 -24.7600122555444 -6.36216936461844
10.0983475466016 -24.0341860663782 -7.04408097816985
9.69722306804196 -23.3083598772119 -7.72599259172126
9.06832555360057 -22.5815397174024 -8.17599883368715
8.38242593998414 -21.8544708081613 -8.56796882505311
7.6965263263677 -21.1274018989202 -8.95993881641906
7.01062671275127 -20.4003329896791 -9.35190880778501
6.32472709913484 -19.673264080438 -9.74387879915096
5.63882748551841 -18.9461951711969 -10.1358487905169
4.95292787190197 -18.2191262619558 -10.5278187818829
4.26702825828554 -17.4920573527147 -10.9197887732488
3.58112864466911 -16.7649884434736 -11.3117587646148
2.80862958033471 -16.0495869993792 -11.3825609326984
2.00551862471626 -15.3383098675255 -11.339834037852
1.20240766909781 -14.6270327356718 -11.2971071430057
0.399296713479354 -13.9157556038181 -11.2543802481594
-0.403814242139099 -13.2044784719644 -11.211653353313
-1.20692519775755 -12.4932013401107 -11.1689264584667
-2.010036153376 -11.781924208257 -11.1261995636203
-2.81314710899446 -11.0706470764033 -11.083472668774
-3.61625806461291 -10.3593699445496 -11.0407457739277
-4.36454915257756 -9.70018522995901 -10.6852605520326
-5.09595313003528 -9.0570474422317 -10.2334309816945
-5.82735710749301 -8.41390965450438 -9.78160141135645
-6.55876108495073 -7.77077186677707 -9.3297718410184
-7.29016506240845 -7.12763407904976 -8.87794227068035
-8.02156903986618 -6.48449629132245 -8.4261127003423
-8.7529730173239 -5.84135850359513 -7.97428313000425
-9.48437699478162 -5.19822071586782 -7.5224535596662
-10.2157809722393 -4.55508292814051 -7.07062398932815
-10.81184295374 -3.95629491837789 -6.41695210040377
-11.3821691997656 -3.3659401679743 -5.72489921611971
-11.9524954457912 -2.7755854175707 -5.03284633183566
-12.5228216918168 -2.18523066716711 -4.34079344755161
-13.0931479378424 -1.59487591676352 -3.64874056326755
-13.663474183868 -1.00452116635992 -2.9566876789835
-14.2338004298936 -0.41416641595633 -2.26463479469944
-14.8041266759192 0.176188334447264 -1.57258191041539
-15.3744529219448 0.766543084850858 -0.880529026131335
-15.8138108628605 1.41661424256951 -0.149026561656803
-16.2413849748013 2.07205836384754 0.586025365458342
-16.6689590867421 2.72750248512557 1.32107729257349
-17.096533198683 3.38294660640361 2.05612921968863
-17.5241073106238 4.03839072768164 2.79118114680378
-17.9516814225647 4.69383484895967 3.52623307391892
-18.3792555345055 5.34927897023771 4.26128500103407
-18.8068296464464 6.00472309151574 4.99633692814921
-19.2279570551432 6.66782384942587 5.72651429969364
-19.5181145126972 7.48647532646478 6.35766116203507
-19.8082719702512 8.30512680350369 6.98880802437649
-20.0984294278052 9.1237782805426 7.61995488671792
-20.3885868853593 9.94242975758151 8.25110174905934
-20.6787443429133 10.7610812346204 8.88224861140077
-20.9689018004673 11.5797327116593 9.51339547374219
-21.2590592580213 12.3983841886982 10.1445423360836
-21.5492167155753 13.2170356657371 10.775689198425
-21.7895805860188 14.0791426579843 11.352140998171
-21.8984935810923 15.0559685496973 11.7842024401661
-22.0074065761659 16.0327944414102 12.2162638821613
-22.1163195712395 17.0096203331232 12.6483253241564
-22.2252325663131 17.9864462248361 13.0803867661516
-22.3341455613866 18.9632721165491 13.5124482081467
-22.4430585564602 19.940098008262 13.9445096501419
-22.5519715515338 20.916923899975 14.376571092137
-22.6608845466073 21.8937497916879 14.8086325341322
-22.6410850102724 22.9136696210474 15.0977007776124
-22.526785088593 23.965228900498 15.2817838093697
-22.4124851669135 25.0167881799487 15.4658668411271
-22.2981852452341 26.0683474593993 15.6499498728845
-22.1838853235547 27.1199067388499 15.8340329046419
-22.0695854018753 28.1714660183005 16.0181159363992
-21.9552854801959 29.2230252977512 16.2021989681566
-21.8409855585165 30.2745845772018 16.386281999914
-21.7266856368371 31.3261438566524 16.5703650316714
-21.3958415795256 32.3419291090534 16.5168410397239
-21.0472281744935 33.3547787884168 16.4438193051442
-20.6986147694614 34.3676284677802 16.3707975705645
-20.3500013644293 35.3804781471436 16.2977758359848
-20.0013879593971 36.3933278265069 16.224754101405
-19.652774554365 37.4061775058703 16.1517323668253
-19.3041611493329 38.4190271852337 16.0787106322456
-18.9555477443008 39.4318768645971 16.0056888976659
-18.543181345971 40.3996681393468 15.8629380506907
-17.9813704431525 41.2618372212826 15.5567339741276
-17.4195595403339 42.1240063032184 15.2505298975645
-16.8577486375154 42.9861753851541 14.9443258210014
-16.2959377346968 43.8483444670899 14.6381217444382
-15.7341268318783 44.7105135490256 14.3319176678751
-15.1723159290597 45.5726826309614 14.025713591312
-14.6105050262411 46.4348517128972 13.7195095147489
-14.0486941234226 47.2970207948329 13.4133054381858
-13.3723965714043 47.9905564714562 12.9790703875788
-12.6451206753406 48.6090034646942 12.4878260080332
-11.9178447792768 49.2274504579322 11.9965816284876
-11.190568883213 49.8458974511702 11.505337248942
-10.4632929871492 50.4643444444083 11.0140928693965
-9.73601709108547 51.0827914376463 10.5228484898509
-9.0087411950217 51.7012384308843 10.0316041103053
-8.28146529895792 52.3196854241223 9.54035973075974
-7.54433772313464 52.9075900409856 9.03730860565704
-6.71723916458765 53.2165648018013 8.42643175677173
-5.89014060604066 53.5255395626169 7.81555490788643
-5.06304204749367 53.8345143234325 7.20467805900112
-4.23594348894667 54.1434890842481 6.59380121011581
-3.40884493039968 54.4524638450638 5.98292436123051
-2.58174637185269 54.7614386058794 5.3720475123452
-1.7546478133057 55.070413366695 4.76117066345989
-0.927549254758703 55.3793881275106 4.15029381457459
-0.0884199414936803 55.5125769108732 3.51715882055048
0.762148866703247 55.4786188405839 2.86285957337048
1.61271767490017 55.4446607702947 2.20856032619048
2.4632864830971 55.4107027000055 1.55426107901048
3.31385529129403 55.3767446297163 0.899961831830473
4.16442409949095 55.342786559427 0.24566258465047
5.01499290768788 55.3088284891378 -0.408636662529532
5.86556171588481 55.2748704188486 -1.06293590970954
6.71613052408173 55.2409123485593 -1.71723515688954
7.51497582523695 54.8895180604339 -2.33616580811628
8.30985829901779 54.5138032069483 -2.95238667324666
9.10474077279862 54.1380883534628 -3.56860753837704
9.89962324657946 53.7623734999773 -4.18482840350741
10.6945057203603 53.3866586464918 -4.80104926863779
11.4893881941411 53.0109437930062 -5.41727013376817
12.284270667922 52.6352289395207 -6.03349099889855
13.0791531417028 52.2595140860352 -6.64971186402893
13.8290992178128 51.7791266730978 -7.22564276503344
14.4933508038822 51.0991268731337 -7.72474000538713
15.1576023899516 50.4191270731696 -8.22383724574082
15.8218539760211 49.7391272732055 -8.72293448609451
16.4861055620905 49.0591274732414 -9.2220317264482
17.1503571481599 48.3791276732773 -9.72112896680189
17.8146087342294 47.6991278733132 -10.2202262071556
18.4788603202988 47.0191280733491 -10.7193234475093
19.1431119063682 46.339128273385 -11.218420687863
19.6624832935454 45.484185474679 -11.5765929628879
20.1336659904269 44.5710547796957 -11.887892100237
20.6048486873084 43.6579240847123 -12.1991912375862
21.0760313841898 42.7447933897289 -12.5104903749353
21.5472140810713 41.8316626947456 -12.8217895122845
22.0183967779527 40.9185319997622 -13.1330886496337
22.4895794748342 40.0054013047788 -13.4443877869828
22.9607621717157 39.0922706097954 -13.755686924332
23.3982141843743 38.1601096874056 -14.0320376212675
23.6364777351542 37.1155703234381 -14.1020086893447
23.8747412859341 36.0710309594707 -14.1719797574218
24.1130048367139 35.0264915955032 -14.2419508254989
24.3512683874938 33.9819522315357 -14.311921893576
24.5895319382737 32.9374128675683 -14.3818929616532
24.8277954890536 31.8928735036008 -14.4518640297303
25.0660590398334 30.8483341396334 -14.5218350978074
25.3043225906133 29.8037947756659 -14.5918061658846
25.4179855007239 28.7537236407643 -14.5237175070494
25.414582054882 27.6984552270866 -14.3259172428275
25.4111786090402 26.6431868134089 -14.1281169786056
25.4077751631983 25.5879183997313 -13.9303167143837
25.4043717173564 24.5326499860536 -13.7325164501618
25.4009682715145 23.4773815723759 -13.53471618594
25.3975648256727 22.4221131586983 -13.3369159217181
25.3941613798308 21.3668447450206 -13.1391156574962
25.3907579339889 20.3115763313429 -12.9413153932743
25.2072872224964 19.34712639093 -12.5251376476724
24.9918244505079 18.3988119212277 -12.0701613699217
24.7763616785193 17.4504974515254 -11.615185092171
24.5608989065308 16.5021829818231 -11.1602088144203
24.3454361345423 15.5538685121208 -10.7052325366696
24.1299733625537 14.6055540424185 -10.2502562589189
23.9145105905652 13.6572395727162 -9.79527998116817
23.6990478185767 12.7089251030139 -9.34030370341747
23.4654981461267 11.782331206338 -8.86124275566657
23.0993864281002 11.0149311747257 -8.20566106412788
22.7332747100736 10.2475311431134 -7.55007937258919
22.3671629920471 9.4801311115011 -6.89449768105049
22.0010512740205 8.71273107988881 -6.2389159895118
21.6349395559939 7.94533104827653 -5.58333429797311
21.2688278379674 7.17793101666424 -4.92775260643442
20.9027161199408 6.41053098505195 -4.27217091489573
20.5366044019143 5.64313095343967 -3.61658922335703
20.1400983554358 4.92173809574845 -2.93400416082798
19.6695678499382 4.31239430556337 -2.18565321265286
19.1990373444405 3.70305051537828 -1.43730226447773
18.7285068389428 3.0937067251932 -0.688951316302607
18.2579763334451 2.48436293500812 0.0593996318725179
17.7874458279475 1.87501914482304 0.807750580047642
17.3169153224498 1.26567535463796 1.55610152822277
16.8463848169521 0.656331564452874 2.30445247639789
16.3758543114544 0.046987774267792 3.05280342457302
15.862018827727 -0.553146925102682 3.77639294052456
15.2647525353261 -1.13553950970443 4.45227740272075
14.6674862429252 -1.71793209430619 5.12816186491695
14.0702199505244 -2.30032467890794 5.80404632711315
13.4729536581235 -2.88271726350969 6.47993078930934
12.8756873657226 -3.46510984811144 7.15581525150554
12.2784210733218 -4.04750243271319 7.83169971370173
11.6811547809209 -4.62989501731494 8.50758417589793
11.08388848852 -5.2122876019167 9.18346863809412
10.4362410748292 -5.82710554846957 9.75862750458095
9.69883051734082 -6.4996951831664 10.1543253765473
8.96141995985244 -7.17228481786323 10.5500232485136
8.22400940236406 -7.84487445256005 10.94572112048
7.48659884487568 -8.51746408725688 11.3414189924463
6.7491882873873 -9.19005372195371 11.7371168644127
6.01177772989892 -9.86264335665053 12.132814736379
5.27436717241054 -10.5352329913474 12.5285126083454
4.53695661492216 -11.2078226260442 12.9242104803117
3.78863582396963 -11.9117012095282 13.1505437021602
3.02343735565509 -12.663982495334 13.1148768549347
2.25823888734054 -13.4162637811399 13.0792100077091
1.49304041902599 -14.1685450669457 13.0435431604836
0.727841950711438 -14.9208263527515 13.007876313258
-0.0373565176031106 -15.6731076385574 12.9722094660325
-0.80255498591766 -16.4253889243632 12.9365426188069
-1.56775345423221 -17.1776702101691 12.9008757715814
-2.33295192254676 -17.9299514959749 12.8652089243558
-3.03254436010918 -18.6859913394505 12.6615568279196
-3.63086058867432 -19.4478332786744 12.1985854431119
-4.22917681723946 -20.2096752178983 11.7356140583042
-4.8274930458046 -20.9715171571223 11.2726426734966
-5.42580927436973 -21.7333590963462 10.8096712886889
-6.02412550293487 -22.4952010355701 10.3466999038812
-6.62244173150001 -23.257042974794 9.88372851907348
-7.22075796006515 -24.0188849140179 9.42075713426579
-7.81907418863029 -24.7807268532419 8.9577857494581
-8.30702377143638 -25.5327114024365 8.4018884910522
-8.58318907063301 -26.2657804516517 7.6676743196566
-8.85935436982964 -26.9988495008668 6.933460148261
-9.13551966902627 -27.7319185500819 6.1992459768654
-9.4116849682229 -28.464987599297 5.4650318054698
-9.68785026741953 -29.1980566485121 4.73081763407419
-9.96401556661616 -29.9311256977272 3.99660346267859
-10.2401808658128 -30.6641947469423 3.26238929128299
-10.5163461650094 -31.3972637961574 2.52817511988739
-10.7006421039588 -32.1230569169181 1.77600032478191
-10.611686480118 -32.8272088853341 0.970404362007439
-10.5227308562772 -33.5313608537502 0.164808399232964
-10.4337752324363 -34.2355128221662 -0.640787563541512
-10.3448196085955 -34.9396647905822 -1.44638352631599
-10.2558639847547 -35.6438167589983 -2.25197948909046
-10.1669083609139 -36.3479687274143 -3.05757545186494
-10.077952737073 -37.0521206958303 -3.86317141463941
-9.98899711323221 -37.7562726642464 -4.66876737741389
-9.81922716889666 -38.445722435345 -5.45864506644661
-9.36454158877106 -39.0833387458567 -6.19310705775104
-8.90985600864547 -39.7209550563685 -6.92756904905546
-8.45517042851987 -40.3585713668802 -7.66203104035988
-8.00048484839428 -40.996187677392 -8.39649303166431
-7.54579926826868 -41.6338039879037 -9.13095502296873
-7.09111368814309 -42.2714202984155 -9.86541701427316
-6.63642810801749 -42.9090366089272 -10.5998790055776
-6.1817425278919 -43.546652919439 -11.334340996882
-5.61330451144684 -44.1306096686883 -12.0070864788162
-4.83614802990664 -44.6161092628494 -12.5665915280741
-4.05899154836644 -45.1016088570104 -13.1260965773321
-3.28183506682624 -45.5871084511715 -13.68560162659
-2.50467858528604 -46.0726080453325 -14.2451066758479
-1.72752210374584 -46.5581076394936 -14.8046117251059
-0.950365622205644 -47.0436072336547 -15.3641167743638
-0.173209140665445 -47.5291068278157 -15.9236218236218
0.603947340874755 -48.0146064219768 -16.4831268728797
1.51091537877408 -48.364796616978 -16.8967543801773
2.50164013331638 -48.6276827897301 -17.2162591122056
3.49236488785868 -48.8905689624822 -17.5357638442338
4.48308964240098 -49.1534551352344 -17.8552685762621
5.47381439694328 -49.4163413079865 -18.1747733082904
6.46453915148558 -49.6792274807386 -18.4942780403187
7.45526390602787 -49.9421136534908 -18.813782772347
8.44598866057017 -50.2049998262429 -19.1332875043753
9.43671341511247 -50.4678859989951 -19.4527922364035
10.5032385080229 -50.4963385466136 -19.5319423965553
11.5749958072488 -50.5086090412181 -19.5945018034733
12.6467531064746 -50.5208795358226 -19.6570612103913
13.7185104057004 -50.5331500304271 -19.7196206173093
14.7902677049263 -50.5454205250316 -19.7821800242274
15.8620250041521 -50.5576910196361 -19.8447394311454
16.9337823033779 -50.5699615142406 -19.9072988380634
18.0055396026038 -50.5822320088451 -19.9698582449814
19.0657328919875 -50.5193439698364 -19.9596315260103
20.1001911785301 -50.2891951707227 -19.7874236964981
21.1346494650728 -50.059046371609 -19.6152158669858
22.1691077516155 -49.8288975724953 -19.4430080374735
23.2035660381582 -49.5987487733816 -19.2708002079612
24.2380243247009 -49.3685999742679 -19.098592378449
25.2724826112435 -49.1384511751542 -18.9263845489367
26.3069408977862 -48.9083023760404 -18.7541767194244
27.3413991843289 -48.6781535769267 -18.5819688899121
28.2869252954068 -48.2978529495397 -18.27424164491
29.1971414062076 -47.8579354166827 -17.9127072083769
30.1073575170084 -47.4180178838257 -17.5511727718439
31.0175736278092 -46.9781003509687 -17.1896383353109
31.92778973861 -46.5381828181117 -16.8281038987778
32.8380058494109 -46.0982652852547 -16.4665694622448
33.7482219602117 -45.6583477523977 -16.1050350257118
34.6584380710125 -45.2184302195407 -15.7435005891787
35.542372662053 -44.753690483043 -15.3618494637638
36.2766376828945 -44.1475917770427 -14.8656366156543
37.010902703736 -43.5414930710424 -14.3694237675448
37.7451677245776 -42.9353943650421 -13.8732109194353
38.4794327454191 -42.3292956590418 -13.3769980713258
39.2136977662606 -41.7231969530414 -12.8807852232163
39.9479627871022 -41.1170982470411 -12.3845723751067
40.6822278079437 -40.5109995410408 -11.8883595269972
41.4164928287852 -39.9049008350405 -11.3921466788877
42.0314436643935 -39.2248475246498 -10.8464704816454
42.5692186735837 -38.4969582616429 -10.2687999759369
43.1069936827739 -37.7690689986361 -9.69112947022846
43.6447686919641 -37.0411797356292 -9.11345896452
44.1825437011543 -36.3132904726224 -8.53578845881154
44.7203187103444 -35.5854012096155 -7.95811795310309
45.2580937195346 -34.8575119466087 -7.38044744739463
45.7958687287248 -34.1296226836018 -6.80277694168617
46.317209257614 -33.3947386289725 -6.22203643378675
46.6575198799034 -32.5828051970032 -5.60747908472713
46.9978305021929 -31.770871765034 -4.99292173566752
47.3381411244824 -30.9589383330647 -4.37836438660791
47.6784517467719 -30.1470049010954 -3.7638070375483
48.0187623690614 -29.3350714691262 -3.14924968848868
48.3590729913508 -28.5231380371569 -2.53469233942907
48.6993836136403 -27.7112046051876 -1.92013499036946
49.0396942359298 -26.8992711732183 -1.30557764130985
49.2703820386312 -26.0556498307717 -0.690639737790172
49.4196994518063 -25.1885073124558 -0.0754193578229143
49.5690168649813 -24.3213647941399 0.539801022144343
49.7183342781564 -23.454222275824 1.1550214021116
49.8676516913315 -22.587079757508 1.77024178207886
50.0169691045066 -21.7199372391921 2.38546216204612
50.1662865176816 -20.8527947208762 3.00068254201337
50.3156039308567 -19.9856522025603 3.61590292198063
50.4521315846397 -19.116285998622 4.22903373444923
50.4139881926652 -18.2165506938134 4.81362711091296
50.3758448006908 -17.3168153890048 5.39822048737668
50.3377014087164 -16.4170800841962 5.98281386384041
50.2995580167419 -15.5173447793876 6.56740724030413
50.2614146247675 -14.617609474579 7.15200061676786
50.2232712327931 -13.7178741697703 7.73659399323159
50.1851278408187 -12.8181388649617 8.32118736969531
50.1469844488442 -11.9184035601531 8.90578074615904
50.0012900957417 -11.0127681040322 9.45468262627664
49.7717974579054 -10.1025355475744 9.97577549249041
49.5423048200692 -9.19230299111659 10.4968683587042
49.312812182233 -8.28207043465878 11.0179612249179
49.0833195443968 -7.37183787820098 11.5390540911317
48.8538269065605 -6.46160532174317 12.0601469573455
48.6243342687243 -5.55137276528536 12.5812398235592
48.3948416308881 -4.64114020882755 13.102332689773
48.1571534002946 -3.73164966050751 13.6191198594651
47.7303676800957 -2.8392795182734 14.036561389693
47.3035819598967 -1.9469093760393 14.4540029199208
46.8767962396978 -1.05453923380519 14.8714444501487
46.4500105194989 -0.162169091571082 15.2888859803766
46.0232247993 0.730201050663025 15.7063275106045
45.5964390791011 1.62257119289713 16.1237690408324
45.1696533589021 2.51494133513124 16.5412105710603
44.7428676387032 3.40731147736534 16.9586521012881
44.2181402663635 4.27027511043975 17.2998645488223
43.5955387420037 5.10385250094042 17.5649004497612
42.9729372176438 5.93742989144109 17.8299363507001
42.3503356932839 6.77100728194177 18.094972251639
41.7277341689241 7.60458467244244 18.3600081525779
41.1051326445642 8.43816206294311 18.6250440535167
40.4825311202043 9.27173945344379 18.8900799544556
39.8599295958445 10.1053168439445 19.1551158553945
39.2373280714846 10.9388942344451 19.4201517563334
38.4556802308583 11.6673874718679 19.4955237118911
37.6622183647612 12.3880750153885 19.5568073519555
36.868756498664 13.1087625589091 19.61809099202
36.0752946325669 13.8294501024297 19.6793746320844
35.2818327664698 14.5501376459503 19.7406582721488
34.4883709003727 15.270825189471 19.8019419122132
33.6949090342756 15.9915127329916 19.8632255522776
32.9014471681785 16.7122002765122 19.924509192342
32.0722533973633 17.3775994325106 19.9066800769357
31.1685364452012 17.9276880120876 19.7238518026739
30.2648194930391 18.4777765916645 19.5410235284122
29.361102540877 19.0278651712414 19.3581952541505
28.4573855887149 19.5779537508183 19.1753669798888
27.5536686365528 20.1280423303953 18.9925387056271
26.6499516843907 20.6781309099722 18.8097104313653
25.7462347322286 21.2282194895491 18.6268821571036
24.8425177800665 21.778308069126 18.4440538828419
23.9282591712969 22.1889944129997 18.0915027975945
23.0087888989968 22.5307620304405 17.6550428717126
22.0893186266967 22.8725296478814 17.2185829458306
21.1698483543967 23.2142972653222 16.7821230199487
20.2503780820966 23.556064882763 16.3456630940667
19.3309078097965 23.8978325002039 15.9092031681848
18.4114375374965 24.2396001176447 15.4727432423029
17.4919672651964 24.5813677350855 15.0362833164209
16.5724969928963 24.9231353525264 14.599823390539
15.728377953535 25.0841172490127 13.9596330891082
14.8884405011931 25.2350665130582 13.3081368506593
14.0485030488511 25.3860157771038 12.6566406122104
13.2085655965092 25.5369650411494 12.0051443737615
12.3686281441673 25.6879143051949 11.3536481353126
11.5286906918253 25.8388635692405 10.7021518968637
10.6887532394834 25.989812833286 10.0506556584148
9.84881578714147 26.1407620973316 9.39915941996589
9.02020287572007 26.280422271194 8.73364948434119
8.28478093368723 26.3271832039244 7.95281919854122
7.5493589916544 26.3739441366548 7.17198891274125
6.81393704962156 26.4207050693852 6.39115862694128
6.07851510758873 26.4674660021156 5.61032834114131
5.34309316555589 26.514226934846 4.82949805534134
4.60767122352306 26.5609878675765 4.04866776954137
3.87224928149022 26.6077488003069 3.2678374837414
3.13682733945739 26.6545097330373 2.48700719794143
2.40389100903382 26.6975770480434 1.70374242926834
1.687732500372 26.7157125275192 0.904044956638157
0.971573991710188 26.733848006995 0.104347484007978
0.255415483048373 26.7519834864708 -0.6953499886222
-0.460743025613441 26.7701189659466 -1.49504746125238
-1.17690153427526 26.7882544454224 -2.29474493388256
-1.89306004293707 26.8063899248983 -3.09444240651273
-2.60921855159889 26.8245254043741 -3.89413987914291
-3.3253770602607 26.8426608838499 -4.69383735177309
-4.05343880762437 26.8513204395393 -5.48134114605926
-4.85717306373074 26.7997386656603 -6.19132601846167
-5.66090731983711 26.7481568917814 -6.90131089086408
-6.46464157594349 26.6965751179024 -7.61129576326648
-7.26837583204986 26.6449933440235 -8.32128063566889
-8.07211008815623 26.5934115701445 -9.0312655080713
-8.8758443442626 26.5418297962656 -9.74125038047371
-9.67957860036898 26.4902480223866 -10.4512352528761
-10.4833128564753 26.4386662485076 -11.1612201252785
-11.3171431291206 26.3397624785778 -11.819552764536
-12.2248594442062 26.124682702296 -12.3510786190695
-13.1325757592918 25.9096029260141 -12.882604473603
-14.0402920743775 25.6945231497323 -13.4141303281364
-14.9480083894631 25.4794433734505 -13.9456561826699
-15.8557247045488 25.2643635971687 -14.4771820372034
-16.7634410196344 25.0492838208869 -15.0087078917368
-17.67115733472 24.8342040446051 -15.5402337462703
-18.5788736498057 24.6191242683233 -16.0717596008038
-19.5042798429922 24.2835697706756 -16.4721062597051
-20.4426501517249 23.8597247715737 -16.7763175897057
-21.3810204604577 23.4358797724718 -17.0805289197062
-22.3193907691904 23.0120347733699 -17.3847402497068
-23.2577610779232 22.5881897742679 -17.6889515797074
-24.196131386656 22.164344775166 -17.9931629097079
-25.1345016953887 21.7404997760641 -18.2973742397085
-26.0728720041215 21.3166547769622 -18.6015855697091
-27.0112423128542 20.8928097778603 -18.9057968997097
-27.8884962681792 20.283666043308 -18.9916746927442
-28.7623840866956 19.6643165150656 -19.0655272173468
-29.636271905212 19.0449669868233 -19.1393797419494
-30.5101597237285 18.4256174585809 -19.2132322665519
-31.3840475422449 17.8062679303385 -19.2870847911545
-32.2579353607613 17.1869184020961 -19.3609373157571
-33.1318231792778 16.5675688738538 -19.4347898403596
-34.0057109977942 15.9482193456114 -19.5086423649622
-34.8283853021807 15.272335658016 -19.5080722517228
-35.5648631648241 14.5013004570757 -19.3822428846302
-36.3013410274675 13.7302652561355 -19.2564135175377
-37.0378188901109 12.9592300551953 -19.1305841504452
-37.7742967527543 12.1881948542551 -19.0047547833526
-38.5107746153977 11.4171596533149 -18.8789254162601
-39.2472524780411 10.6461244523746 -18.7530960491676
-39.9837303406845 9.87508925143442 -18.627266682075
-40.7202082033279 9.1040540504942 -18.5014373149825
-41.3094045194132 8.24846076088989 -18.247027739567
-41.8699995392818 7.37644673835665 -17.9676485687624
-42.4305945591505 6.5044327158234 -17.6882693979578
-42.9911895790192 5.63241869329016 -17.4088902271532
-43.5517845988878 4.76040467075691 -17.1295110563486
-44.1123796187565 3.88839064822366 -16.850131885544
-44.6729746386252 3.01637662569042 -16.5707527147395
-45.2335696584938 2.14436260315717 -16.2913735439349
-45.7311564560505 1.25300841312429 -15.9760166729434
-46.1038874412338 0.323330140360635 -15.5893671226901
-46.4766184264172 -0.606348132403021 -15.2027175724368
-46.8493494116005 -1.53602640516668 -14.8160680221835
-47.2220803967838 -2.46570467793033 -14.4294184719302
-47.5948113819671 -3.39538295069399 -14.0427689216769
-47.9675423671504 -4.32506122345764 -13.6561193714236
-48.3402733523337 -5.2547394962213 -13.2694698211703
-48.713004337517 -6.18441776898495 -12.8828202709169
-48.9273912106768 -7.1342602645754 -12.4358585415575
-49.1157254798608 -8.08742041123017 -11.9789735552036
-49.3040597490449 -9.04058055788494 -11.5220885688497
-49.4923940182289 -9.99374070453971 -11.0652035824958
-49.680728287413 -10.9469008511945 -10.6083185961419
-49.869062556597 -11.9000609978493 -10.151433609788
-50.0573968257811 -12.853221144504 -9.69454862343415
-50.2457310949651 -13.8063812911588 -9.23766363708026
-50.362893993973 -14.7581071312437 -8.76310978851522
-50.3739882747447 -15.707695385448 -8.26222355663508
-50.3850825555165 -16.6572836396522 -7.76133732475494
-50.3961768362882 -17.6068718938565 -7.2604510928748
-50.40727111706 -18.5564601480607 -6.75956486099467
-50.4183653978317 -19.506048402265 -6.25867862911453
-50.4294596786035 -20.4556366564693 -5.75779239723439
-50.4405539593752 -21.4052249106735 -5.25690616535425
