1 0.562602 
2 0.5625926 
3 0.5625828 
4 0.5625725 
5 0.5625616 
6 0.5625499 
7 0.5625372 
8 0.5625234 
9 0.5625082 
10 0.562491 
11 0.5624703 
12 0.5624452 
13 0.562412 
14 0.5623482 
15 0.5623912 
16 0.5623761 
17 0.5623588 
18 0.5623381 
19 0.5623126 
20 0.5622768 
21 0.562193 
22 0.5622309 
23 0.5576586 
24 0.5576349 
25 0.5576197 
26 0.5576027 
27 0.5575831 
28 0.5575598 
29 0.5575294 
30 0.5574796 
31 0.5575817 
32 0.5575313 
33 0.5575874 
34 0.5577426 
35 0.5577034 
36 0.5576223 
37 0.5576378 
38 0.5576542 
39 0.5576718 
40 0.5576911 
41 0.5577134 
42 0.557741 
43 0.5577822 
44 0.5579392 
45 0.5579129 
46 0.5578792 
47 0.5578224 
48 0.5578989 
49 0.5578608 
50 0.557754 
51 0.5577766 
52 0.5578088 
53 0.5577171 
54 0.5577073 
55 0.5576972 
56 0.5576868 
57 0.5576759 
58 0.5576647 
59 0.5576529 
60 0.5576405 
61 0.5576274 
62 0.5576133 
63 0.5575981 
64 0.5575815 
65 0.5575636 
66 0.5575441 
67 0.5575223 
68 0.5574968 
69 0.5574642 
70 0.557403 
71 0.5442369 
72 0.5442996 
73 0.5451842 
74 0.5459568 
75 0.5461912 
76 0.5466162 
77 0.5469669 
78 0.5472161 
79 0.5474399 
80 0.5476783 
81 0.5478832 
82 0.5481568 
83 0.5484379 
84 0.5486862 
85 0.5490191 
86 0.5492563 
87 0.5499931 
88 0.5506675 
89 0.5511257 
90 0.5517868 
91 0.5522317 
92 0.5525381 
93 0.5529187 
94 0.5533188 
95 0.5535237 
96 0.554194 
97 0.5547109 
98 0.5552886 
99 0.5557362 
100 0.556641 
101 0.5568366 
102 0.5567467 
103 0.5565917 
104 0.5564249 
105 0.5559071 
106 0.5556897 
107 0.5553964 
108 0.5544415 
109 0.554508 
110 0.5542748 
111 0.5542995 
112 0.5543267 
113 0.5542458 
114 0.5542715 
115 0.5542352 
116 0.5541464 
117 0.5541786 
118 0.5540726 
119 0.5541023 
120 0.5540189 
121 0.5539855 
122 0.5539261 
123 0.5531352 
124 0.5531471 
125 0.5531596 
126 0.5531731 
127 0.5531878 
128 0.5532046 
129 0.5532249 
130 0.5532506 
131 0.5532884 
132 0.5528133 
133 0.5528233 
134 0.5528335 
135 0.5528436 
136 0.5528538 
137 0.5528641 
138 0.5528746 
139 0.5528852 
140 0.5528961 
141 0.5529075 
142 0.5529194 
143 0.5529322 
144 0.5529463 
145 0.5529623 
146 0.5529817 
147 0.5530063 
148 0.5530347 
149 0.5529842 
150 0.5526085 
151 0.5526218 
152 0.5526363 
153 0.5526526 
154 0.5526717 
155 0.5526954 
156 0.5527289 
157 0.5528009 
158 0.552764 
159 0.5526521 
160 0.5526877 
161 0.5527672 
162 0.5527469 
163 0.5527212 
164 0.5526822 
165 0.5525436 
166 0.552567 
167 0.5526147 
168 0.5520981 
169 0.5521087 
170 0.5521194 
171 0.5521302 
172 0.5521412 
173 0.5521524 
174 0.552164 
175 0.552176 
176 0.5521886 
177 0.552202 
178 0.5522166 
179 0.5522328 
180 0.5522516 
181 0.5522757 
182 0.5523137 
183 0.5523884 
184 0.5523588 
185 0.5420057 
186 0.5429531 
187 0.5477844 
188 0.5486536 
189 0.5486694 
190 0.5486849 
191 0.5487 
192 0.5487147 
193 0.5487291 
194 0.5487431 
195 0.5487567 
196 0.5487699 
197 0.5487828 
198 0.5487955 
199 0.5488074 
200 0.548819 
201 0.5488303 
202 0.5488413 
203 0.5488519 
204 0.5488621 
205 0.548872 
206 0.5488814 
207 0.5488903 
208 0.5488986 
209 0.5489062 
210 0.548913 
211 0.5489187 
212 0.5489229 
213 0.5489247 
214 0.5489226 
215 0.5489124 
216 0.548881 
217 0.5487587 
218 0.5451192 
219 0.5466056 
220 0.5465889 
221 0.5465696 
222 0.5465456 
223 0.5465112 
224 0.5464364 
225 0.5464738 
226 0.5465332 
227 0.5471771 
228 0.5471653 
229 0.5471531 
230 0.5471403 
231 0.5471271 
232 0.5471132 
233 0.5470986 
234 0.547083 
235 0.5470662 
236 0.5470478 
237 0.5470272 
238 0.5470034 
239 0.5469742 
240 0.5469347 
241 0.5468654 
242 0.5462554 
243 0.5462779 
244 0.5463031 
245 0.5463326 
246 0.5463712 
247 0.5464414 
248 0.5460608 
249 0.5460746 
250 0.5460884 
251 0.5461023 
252 0.5461165 
253 0.5461311 
254 0.5461461 
255 0.5461617 
256 0.546178 
257 0.5461952 
258 0.5462133 
259 0.5462329 
260 0.5462545 
261 0.5462791 
262 0.5463087 
263 0.5463499 
264 0.5464631 
265 0.5464367 
266 0.5463943 
267 0.5460789 
268 0.5460964 
269 0.5461147 
270 0.5461342 
271 0.5461552 
272 0.5461785 
273 0.5462052 
274 0.5462375 
275 0.5462825 
276 0.5463911 
277 0.5463364 
278 0.5465348 
279 0.5465137 
280 0.5464856 
281 0.5464347 
282 0.5509714 
283 0.5510996 
284 0.5495193 
285 0.549509 
286 0.5495007 
287 0.5494924 
288 0.5494839 
289 0.5494754 
290 0.5494667 
291 0.5494579 
292 0.5494489 
293 0.5494398 
294 0.5494305 
295 0.549421 
296 0.5494113 
297 0.5494013 
298 0.549391 
299 0.5493804 
300 0.5493695 
301 0.5493581 
302 0.5493462 
303 0.549334 
304 0.5493212 
305 0.5493078 
306 0.5492936 
307 0.5492786 
308 0.5492627 
309 0.549246 
310 0.549228 
311 0.5492082 
312 0.549186 
313 0.5491604 
314 0.549131 
315 0.5490943 
316 0.5490439 
317 0.5489524 
318 0.5483392 
319 0.5483529 
320 0.5483673 
321 0.5483815 
322 0.5483603 
323 0.5482746 
324 0.5439583 
325 0.5439877 
326 0.5440063 
327 0.5440249 
328 0.5440436 
329 0.5440622 
330 0.544081 
331 0.5440998 
332 0.5441187 
333 0.5441379 
334 0.5441575 
335 0.5441778 
336 0.544199 
337 0.5442211 
338 0.5442445 
339 0.5442697 
340 0.5442972 
341 0.5443281 
342 0.5443641 
343 0.5444088 
344 0.5444716 
345 0.5445925 
346 0.5456709 
347 0.545664 
348 0.5456575 
349 0.545652 
350 0.5456513 
351 0.5456981 
352 0.5458812 
353 0.545897 
354 0.5463671 
355 0.5463563 
356 0.5463445 
357 0.5463317 
358 0.5463214 
359 0.5580655 
360 0.5616278 
361 0.5618389 
362 0.5621104 
363 0.5624805 
364 0.5630864 
365 0.5646415 
366 0.5621139 
367 0.5551294 
368 0.5568922 
369 0.5575821 
370 0.557686 
371 0.5577496 
372 0.5578362 
373 0.5579256 
374 0.557983 
375 0.5580537 
376 0.558102 
377 0.5581735 
378 0.5582683 
379 0.558476 
380 0.5585464 
381 0.5586303 
382 0.5587752 
383 0.5588664 
384 0.5589595 
385 0.5590328 
386 0.5591654 
387 0.5592475 
388 0.5593331 
389 0.5595517 
390 0.5597265 
391 0.5599109 
392 0.5600996 
393 0.5601256 
394 0.5601774 
395 0.5602141 
396 0.5603244 
397 0.5605027 
398 0.5606436 
399 0.5608126 
400 0.560922 
401 0.5609959 
402 0.5610554 
403 0.5612023 
404 0.5613975 
405 0.5617617 
406 0.561882 
407 0.5617282 
408 0.5616231 
409 0.5611956 
410 0.560645 
411 0.5601149 
412 0.5598796 
413 0.5594385 
414 0.5584699 
415 0.5577408 
416 0.5572416 
417 0.5568366 
418 0.5567032 
419 0.5561735 
420 0.5552962 
421 0.5550535 
422 0.5547188 
423 0.5546019 
424 0.5541466 
425 0.5541372 
426 0.554023 
427 0.5538904 
428 0.5532118 
429 0.5530221 
430 0.5529382 
431 0.5524316 
432 0.5524424 
433 0.5524492 
434 0.5524226 
435 0.5519242 
436 0.551938 
437 0.5519519 
438 0.5519633 
439 0.5519198 
440 0.5518266 
441 0.5502241 
442 0.550241 
443 0.5502592 
444 0.5502793 
445 0.5503027 
446 0.5503325 
447 0.5503831 
448 0.5502348 
449 0.5502548 
450 0.5502781 
451 0.5503074 
452 0.550355 
453 0.550306 
454 0.5503305 
455 0.5503631 
456 0.5504217 
457 0.5499573 
458 0.5499724 
459 0.549988 
460 0.5500042 
461 0.5500212 
462 0.5500394 
463 0.5500591 
464 0.5500813 
465 0.5501074 
466 0.5501414 
467 0.5501979 
468 0.5512098 
469 0.5511989 
470 0.5511876 
471 0.551176 
472 0.5511641 
473 0.5511518 
474 0.551139 
475 0.5511257 
476 0.5511117 
477 0.551097 
478 0.5510812 
479 0.5510641 
480 0.5510456 
481 0.551025 
482 0.5510016 
483 0.5509737 
484 0.550938 
485 0.5508835 
486 0.5507284 
487 0.5507314 
488 0.5504918 
489 0.5505136 
490 0.5505407 
491 0.550546 
492 0.5505244 
493 0.5504968 
494 0.5504536 
495 0.5502118 
496 0.5502284 
497 0.5502462 
498 0.5502661 
499 0.5502893 
500 0.550319 
501 0.5503966 
502 0.5502866 
503 0.5503156 
504 0.5503622 
505 0.5501761 
506 0.5501938 
507 0.5502133 
508 0.5502359 
509 0.5502642 
510 0.5503071 
511 0.5457132 
512 0.5467262 
513 0.5474929 
514 0.5490726 
515 0.5489434 
516 0.5489233 
517 0.5488938 
518 0.5488631 
519 0.548831 
520 0.5487974 
521 0.5487618 
522 0.5487242 
523 0.5486837 
524 0.5486395 
525 0.5485905 
526 0.5485349 
527 0.5484694 
528 0.5483881 
529 0.5482761 
530 0.5480885 
531 0.5475203 
532 0.547501 
533 0.547477 
534 0.5474438 
535 0.5473788 
536 0.5474353 
537 0.5474284 
538 0.547422 
539 0.5474175 
540 0.547424 
541 0.5487693 
542 0.5487816 
543 0.548794 
544 0.5488067 
545 0.5488196 
546 0.5488329 
547 0.5488466 
548 0.5488608 
549 0.5488756 
550 0.5488917 
551 0.5489094 
552 0.5489297 
553 0.5489543 
554 0.5489883 
555 0.5490639 
556 0.5490245 
557 0.5492037 
558 0.5491919 
559 0.5491786 
560 0.5491634 
561 0.5491451 
562 0.5491208 
563 0.5553845 
564 0.5546116 
565 0.5546017 
566 0.5545915 
567 0.5545812 
568 0.5545707 
569 0.5545598 
570 0.5545488 
571 0.5545373 
572 0.5545255 
573 0.5545132 
574 0.5545004 
575 0.5544869 
576 0.5544726 
577 0.5544574 
578 0.554441 
579 0.5544233 
580 0.5544037 
581 0.5543815 
582 0.5543552 
583 0.5543216 
584 0.5542709 
585 0.5541426 
586 0.5541478 
587 0.554072 
588 0.5533872 
589 0.5533809 
590 0.5533746 
591 0.5533682 
592 0.5533618 
593 0.5533552 
594 0.5533485 
595 0.5533417 
596 0.5533348 
597 0.5533277 
598 0.5533204 
599 0.5533129 
600 0.5533051 
601 0.5532971 
602 0.5532888 
603 0.5532803 
604 0.5532719 
605 0.5532665 
606 0.5533325 
607 0.5533871 
608 0.5536074 
609 0.5535843 
610 0.5535514 
611 0.5534789 
612 0.5535231 
613 0.5537281 
614 0.5537154 
615 0.5537018 
616 0.5536871 
617 0.5536709 
618 0.5536525 
619 0.5536305 
620 0.553602 
621 0.5535586 
622 0.5533695 
623 0.5533899 
624 0.5534133 
625 0.5534425 
626 0.5534853 
627 0.5536526 
628 0.5536373 
629 0.55362 
630 0.5535994 
631 0.5535728 
632 0.5535323 
633 0.5533219 
634 0.553336 
635 0.5533503 
636 0.5533649 
637 0.5533798 
638 0.5533952 
639 0.5534111 
640 0.5534278 
641 0.5534456 
642 0.5534674 
643 0.5534921 
644 0.5535213 
645 0.553559 
646 0.553621 
647 0.5550241 
648 0.5555662 
649 0.555592 
650 0.5556174 
651 0.5556422 
652 0.5556666 
653 0.5556906 
654 0.555714 
655 0.555737 
656 0.5557596 
657 0.5557818 
658 0.5558036 
659 0.555825 
660 0.5558461 
661 0.5558669 
662 0.5558873 
663 0.5559075 
664 0.5559273 
665 0.5559468 
666 0.555966 
667 0.555985 
668 0.5560037 
669 0.5560221 
670 0.5560402 
671 0.5560582 
672 0.5560759 
673 0.5560934 
674 0.5561107 
675 0.5561277 
676 0.5561445 
677 0.5561611 
678 0.5561775 
679 0.5561936 
680 0.5562094 
681 0.5562248 
682 0.55624 
683 0.5562548 
684 0.5562694 
685 0.5562837 
686 0.5562978 
687 0.5563116 
688 0.5563251 
689 0.5563385 
690 0.5563515 
691 0.5563644 
692 0.556377 
693 0.5563895 
694 0.5564016 
695 0.5564136 
696 0.5564254 
697 0.5564369 
698 0.5564483 
699 0.5564594 
700 0.5564703 
701 0.5564809 
702 0.5564911 
703 0.5565008 
704 0.5565099 
705 0.5565183 
706 0.5565256 
707 0.5565315 
708 0.5565351 
709 0.5565351 
710 0.5565276 
711 0.5565015 
712 0.5563897 
713 0.5540681 
714 0.5554941 
715 0.555484 
716 0.555473 
717 0.5554606 
718 0.555448 
719 0.5554446 
720 0.5563948 
721 0.5563844 
722 0.5563737 
723 0.5563626 
724 0.5563511 
725 0.5563388 
726 0.5563252 
727 0.5563101 
728 0.5562926 
729 0.5562716 
730 0.5562436 
731 0.5561931 
732 0.5563734 
733 0.5563644 
734 0.5563549 
735 0.5563448 
736 0.5563338 
737 0.5563218 
738 0.5563083 
739 0.5562927 
740 0.5562772 
741 0.5565651 
742 0.5565506 
743 0.5565337 
744 0.5565125 
745 0.5564803 
746 0.5570054 
747 0.5569961 
748 0.5569867 
749 0.556977 
750 0.5569671 
751 0.5569569 
752 0.556946 
753 0.5569344 
754 0.5569217 
755 0.5569075 
756 0.5568912 
757 0.5568716 
758 0.5568449 
759 0.5567948 
760 0.5568352 
761 0.5573452 
762 0.5573367 
763 0.557328 
764 0.5573192 
765 0.5573103 
766 0.5573012 
767 0.557292 
768 0.5572825 
769 0.5572729 
770 0.5572629 
771 0.5572523 
772 0.557241 
773 0.5572287 
774 0.557215 
775 0.5571995 
776 0.557181 
777 0.5571566 
778 0.5571152 
779 0.5571682 
780 0.5571318 
781 0.5571478 
782 0.5571652 
783 0.5571849 
784 0.5572085 
785 0.5572409 
786 0.5573202 
787 0.5572891 
788 0.5572316 
789 0.5572465 
790 0.5572623 
791 0.5572795 
792 0.5572988 
793 0.5573218 
794 0.5573526 
795 0.5574175 
796 0.5573733 
797 0.5574579 
798 0.5574286 
799 0.5573672 
800 0.5573881 
801 0.5574141 
802 0.5574529 
803 0.5578752 
804 0.5578658 
805 0.5578562 
806 0.5578465 
807 0.5578364 
808 0.5578261 
809 0.5578155 
810 0.5578044 
811 0.5577926 
812 0.5577796 
813 0.5577652 
814 0.5577487 
815 0.5577289 
816 0.5577022 
817 0.5576523 
818 0.5577062 
819 0.557643 
820 0.5576673 
821 0.5577017 
822 0.5578209 
823 0.5578009 
824 0.5577736 
825 0.5577203 
826 0.5577593 
827 0.5582216 
828 0.558212 
829 0.5582024 
830 0.5581926 
831 0.5581825 
832 0.5581722 
833 0.5581617 
834 0.5581507 
835 0.5581393 
836 0.5581273 
837 0.5581143 
838 0.5580997 
839 0.5580832 
840 0.5580634 
841 0.5580369 
842 0.5579891 
843 0.5580705 
844 0.5580403 
845 0.5579731 
846 0.5579964 
847 0.5580286 
848 0.5581145 
849 0.5580848 
850 0.5580206 
851 0.5580452 
852 0.5580806 
853 0.5582383 
854 0.5582223 
855 0.5582032 
856 0.5581782 
857 0.5581355 
858 0.5582937 
859 0.5582776 
860 0.5582585 
861 0.5582334 
862 0.5581902 
863 0.5583371 
864 0.5583199 
865 0.5582988 
866 0.5582689 
867 0.5582037 
868 0.558228 
869 0.5582625 
870 0.558391 
871 0.5583714 
872 0.5583453 
873 0.5582984 
874 0.5583782 
875 0.558343 
876 0.5585166 
877 0.5585307 
878 0.5585445 
879 0.5585581 
880 0.5585715 
881 0.5585847 
882 0.5585977 
883 0.5586106 
884 0.5586232 
885 0.5586357 
886 0.5586479 
887 0.5586599 
888 0.5586718 
889 0.5586834 
890 0.5586949 
891 0.5587062 
892 0.5587175 
893 0.5587289 
894 0.5587403 
895 0.5587519 
896 0.5587636 
897 0.5587756 
898 0.5587879 
899 0.5588005 
900 0.5588137 
901 0.5588278 
902 0.558843 
903 0.5588599 
904 0.5588795 
905 0.5589031 
906 0.5589235 
907 0.5589511 
908 0.5590157 
909 0.5589837 
910 0.5589116 
911 0.5589373 
912 0.5589831 
913 0.5588981 
914 0.558912 
915 0.5589266 
916 0.558942 
917 0.5589588 
918 0.5589775 
919 0.5589997 
920 0.55903 
921 0.5591053 
922 0.5590696 
923 0.5592923 
924 0.5593084 
925 0.5593223 
926 0.5593359 
927 0.5593492 
928 0.5593624 
929 0.5593753 
930 0.559388 
931 0.5594006 
932 0.5594129 
933 0.559425 
934 0.559437 
935 0.5594487 
936 0.5594602 
937 0.5594715 
938 0.5594825 
939 0.5594935 
940 0.5595045 
941 0.5595156 
942 0.5595267 
943 0.5595379 
944 0.5595493 
945 0.5595609 
946 0.5595727 
947 0.5595849 
948 0.5595976 
949 0.559611 
950 0.5596255 
951 0.5596415 
952 0.55966 
953 0.5596761 
954 0.5596943 
955 0.5597183 
956 0.5597628 
957 0.5597143 
958 0.5598894 
959 0.5598802 
960 0.5598708 
961 0.5598612 
962 0.5598513 
963 0.5598413 
964 0.5598309 
965 0.5598201 
966 0.5598089 
967 0.5597971 
968 0.5597847 
969 0.5597708 
970 0.5597534 
971 0.5597327 
972 0.5597059 
973 0.5548328 
974 0.554982 
975 0.5558557 
976 0.5589365 
977 0.5592226 
978 0.5592663 
979 0.5597196 
980 0.5600376 
981 0.5601036 
982 0.5602147 
983 0.5603406 
984 0.5605641 
985 0.5606435 
986 0.5607663 
987 0.5608148 
988 0.5608963 
989 0.5609893 
990 0.5610235 
991 0.561103 
992 0.5611709 
993 0.5612384 
994 0.5612921 
995 0.5613376 
996 0.5613957 
997 0.561449 
998 0.5615108 
999 0.5615633 
1000 0.5616233 
1001 0.5617363 
1002 0.5618096 
1003 0.5619402 
1004 0.5619893 
1005 0.5620503 
1006 0.5620926 
1007 0.5621421 
1008 0.5622483 
1009 0.5623302 
1010 0.5623973 
1011 0.5624765 
1012 0.5625655 
1013 0.5626205 
1014 0.5627817 
1015 0.5629084 
1016 0.5629621 
1017 0.5630245 
1018 0.5630903 
1019 0.5631506 
1020 0.5631923 
1021 0.5632492 
1022 0.5632622 
1023 0.563401 
1024 0.5636336 
1025 0.563791 
1026 0.5638891 
1027 0.5640827 
1028 0.5643668 
1029 0.5648617 
1030 0.5653871 
1031 0.5656542 
1032 0.5659147 
1033 0.5663966 
1034 0.5665144 
1035 0.566635 
1036 0.5668151 
1037 0.5669331 
1038 0.5671151 
1039 0.5674713 
1040 0.5677596 
1041 0.5679437 
1042 0.5680749 
1043 0.5682561 
1044 0.5688024 
1045 0.569029 
1046 0.569453 
1047 0.5701089 
1048 0.5707189 
1049 0.5719433 
1050 0.5722692 
1051 0.5726653 
1052 0.5733441 
1053 0.5743302 
1054 0.5748779 
1055 0.5757373 
1056 0.5760438 
1057 0.5761926 
1058 0.5762626 
1059 0.57635 
1060 0.5764797 
1061 0.5767909 
1062 0.5770655 
1063 0.5773935 
1064 0.5777082 
1065 0.5779805 
1066 0.5784891 
1067 0.5788155 
1068 0.5784925 
1069 0.5777794 
1070 0.5768322 
1071 0.5748878 
1072 0.5749672 
1073 0.5750145 
1074 0.5750695 
1075 0.5751563 
1076 0.5752298 
1077 0.5751603 
1078 0.5751676 
1079 0.575259 
1080 0.5752544 
1081 0.5752517 
1082 0.5752487 
1083 0.5752455 
1084 0.5752355 
1085 0.5752018 
1086 0.5751997 
1087 0.575105 
1088 0.5747615 
1089 0.574828 
1090 0.5748327 
1091 0.5748382 
1092 0.574845 
1093 0.5748547 
1094 0.5748727 
1095 0.5749027 
1096 0.5749035 
1097 0.5748306 
1098 0.5748342 
1099 0.5748397 
1100 0.5748177 
1101 0.5747448 
1102 0.5747529 
1103 0.574565 
1104 0.5745511 
1105 0.5745313 
1106 0.5744801 
1107 0.5744929 
1108 0.5745218 
1109 0.5745069 
1110 0.5744835 
1111 0.5743463 
1112 0.5743515 
1113 0.574357 
1114 0.5743631 
1115 0.5743699 
1116 0.5743779 
1117 0.5743881 
1118 0.5744032 
1119 0.5744411 
1120 0.5744214 
1121 0.5743493 
1122 0.5743565 
1123 0.5743651 
1124 0.5743768 
1125 0.5743964 
1126 0.5744306 
1127 0.5743979 
1128 0.5743851 
1129 0.5743642 
1130 0.5742747 
1131 0.5742846 
1132 0.5742954 
1133 0.5742587 
1134 0.5740664 
1135 0.5739006 
1136 0.5738454 
1137 0.5733007 
1138 0.5733058 
1139 0.5733117 
1140 0.5733189 
1141 0.5735246 
1142 0.5737955 
1143 0.5737421 
1144 0.5734621 
1145 0.5734694 
1146 0.5734688 
1147 0.5734474 
1148 0.5732328 
1149 0.5732382 
1150 0.573244 
1151 0.5732503 
1152 0.5732573 
1153 0.5732652 
1154 0.5732743 
1155 0.5732858 
1156 0.5733022 
1157 0.5736825 
1158 0.5734292 
1159 0.5733979 
1160 0.5711412 
1161 0.5712551 
1162 0.5713047 
1163 0.5713546 
1164 0.5714048 
1165 0.5714551 
1166 0.5715054 
1167 0.5715553 
1168 0.5716131 
1169 0.5716969 
1170 0.5718114 
1171 0.5719337 
1172 0.5720744 
1173 0.5722277 
1174 0.5723932 
1175 0.5725769 
1176 0.572792 
1177 0.5730702 
1178 0.5728688 
1179 0.5728407 
1180 0.5713396 
1181 0.5713714 
1182 0.5716167 
1183 0.5716321 
1184 0.5716557 
1185 0.5717159 
1186 0.5718099 
1187 0.5718177 
1188 0.571827 
1189 0.5718391 
1190 0.5718585 
1191 0.5718281 
1192 0.5720469 
1193 0.5724228 
1194 0.5724395 
1195 0.5724258 
1196 0.5724367 
1197 0.5724671 
1198 0.5724652 
1199 0.5759348 
1200 0.5759139 
1201 0.5758883 
1202 0.5758584 
1203 0.5758224 
1204 0.5757778 
1205 0.5757204 
1206 0.5756417 
1207 0.5755273 
1208 0.5753424 
1209 0.5749738 
1210 0.5735308 
1211 0.5734332 
1212 0.5725664 
1213 0.5725706 
1214 0.5725656 
1215 0.5724651 
1216 0.5724724 
1217 0.572475 
1218 0.5724002 
1219 0.5724091 
1220 0.5727238 
1221 0.5737626 
1222 0.5726421 
1223 0.5731768 
1224 0.5727001 
1225 0.5723543 
1226 0.5723637 
1227 0.5723772 
1228 0.5761033 
1229 0.5766734 
1230 0.5768278 
1231 0.5760729 
1232 0.5736503 
1233 0.5716291 
1234 0.5713585 
1235 0.570754 
1236 0.5709753 
1237 0.5708803 
1238 0.5708827 
1239 0.5708852 
1240 0.5708877 
1241 0.5708903 
1242 0.5708929 
1243 0.5708955 
1244 0.5708981 
1245 0.5709007 
1246 0.5709034 
1247 0.570906 
1248 0.5709087 
1249 0.5709114 
1250 0.5709141 
1251 0.5709169 
1252 0.5709197 
1253 0.5709224 
1254 0.5709251 
1255 0.5709275 
1256 0.5709294 
1257 0.5709303 
1258 0.5709262 
1259 0.5705308 
1260 0.5707334 
1261 0.5711774 
1262 0.5711438 
1263 0.5705958 
1264 0.571045 
1265 0.5709801 
1266 0.5705836 
1267 0.5556851 
1268 0.5583927 
1269 0.5589895 
1270 0.5592033 
1271 0.5595623 
1272 0.5594736 
1273 0.5593546 
1274 0.5591808 
1275 0.5590634 
1276 0.5589379 
1277 0.5588998 
1278 0.5592159 
1279 0.5595958 
1280 0.5602909 
1281 0.5616243 
1282 0.5632412 
1283 0.5628146 
1284 0.562484 
1285 0.562628 
1286 0.562694 
1287 0.5628096 
1288 0.5631167 
1289 0.5644412 
1290 0.5645213 
1291 0.5646116 
1292 0.5653225 
1293 0.5656822 
1294 0.5667306 
1295 0.567975 
1296 0.5691615 
1297 0.5702196 
1298 0.5700578 
1299 0.5698786 
1300 0.5696709 
1301 0.5693986 
1302 0.5688786 
1303 0.5689687 
1304 0.5690679 
1305 0.5691824 
1306 0.5693223 
1307 0.5695149 
1308 0.569919 
1309 0.5695561 
1310 0.569872 
1311 0.5685413 
1312 0.5686486 
1313 0.568709 
1314 0.5687719 
1315 0.5688376 
1316 0.5689063 
1317 0.5689783 
1318 0.5690542 
1319 0.5691346 
1320 0.5692205 
1321 0.5693135 
1322 0.5694145 
1323 0.569525 
1324 0.5696486 
1325 0.5697922 
1326 0.5699708 
1327 0.5702279 
1328 0.5708484 
1329 0.5703883 
1330 0.5707053 
1331 0.5773385 
1332 0.5770061 
1333 0.5767603 
1334 0.5764961 
1335 0.5762425 
1336 0.5760007 
1337 0.5757685 
1338 0.5755451 
1339 0.5753365 
1340 0.5751407 
1341 0.5749516 
1342 0.5747688 
1343 0.5745916 
1344 0.5744194 
1345 0.5742517 
1346 0.5740797 
1347 0.5738955 
1348 0.5736898 
1349 0.5734407 
1350 0.573062 
1351 0.5715066 
1352 0.5725779 
1353 0.5735341 
1354 0.573451 
1355 0.5765251 
1356 0.575812 
1357 0.576215 
1358 0.5758567 
1359 0.5747232 
1360 0.5748477 
1361 0.5750067 
1362 0.5753022 
1363 0.5749487 
1364 0.5758365 
1365 0.5756575 
1366 0.5754854 
1367 0.5753189 
1368 0.5751584 
1369 0.5750033 
1370 0.5748535 
1371 0.5747083 
1372 0.5745594 
1373 0.5744052 
1374 0.5742184 
1375 0.5739288 
1376 0.5755343 
1377 0.5753482 
1378 0.5751863 
1379 0.5750292 
1380 0.5748736 
1381 0.5747018 
1382 0.5744864 
1383 0.5741583 
1384 0.5720056 
1385 0.5721154 
1386 0.5722284 
1387 0.5723478 
1388 0.5724771 
1389 0.5726333 
1390 0.5728521 
1391 0.5733898 
1392 0.5731143 
1393 0.5742107 
1394 0.5740855 
1395 0.5739595 
1396 0.5738224 
1397 0.5736609 
1398 0.5734412 
1399 0.5729746 
1400 0.573227 
1401 0.571506 
1402 0.5716059 
1403 0.5717005 
1404 0.5717977 
1405 0.5718985 
1406 0.5720026 
1407 0.5721114 
1408 0.572225 
1409 0.5723478 
1410 0.572486 
1411 0.5726513 
1412 0.5729017 
1413 0.5717448 
1414 0.571849 
1415 0.5719582 
1416 0.5720712 
1417 0.5721927 
1418 0.5723273 
1419 0.5724846 
1420 0.5726892 
1421 0.5730377 
1422 0.5712368 
1423 0.5713557 
1424 0.5714704 
1425 0.5715919 
1426 0.5717235 
1427 0.5718711 
1428 0.5720463 
1429 0.5722792 
1430 0.5727161 
1431 0.5734202 
1432 0.5751712 
1433 0.5752232 
1434 0.5757766 
1435 0.5760298 
1436 0.5762818 
1437 0.576379 
1438 0.5765255 
1439 0.5765859 
1440 0.5766869 
1441 0.5767922 
1442 0.5769203 
1443 0.5770032 
1444 0.5771793 
1445 0.5772505 
1446 0.5773048 
1447 0.5773566 
1448 0.5774267 
1449 0.5775121 
1450 0.5775648 
1451 0.5775952 
1452 0.5776609 
1453 0.5776007 
1454 0.5774952 
1455 0.5774087 
1456 0.5773482 
1457 0.5773252 
1458 0.5773656 
1459 0.5774615 
1460 0.5774696 
1461 0.5774067 
1462 0.5772682 
1463 0.5769293 
1464 0.576742 
1465 0.576597 
1466 0.5765059 
1467 0.5764756 
1468 0.5764477 
1469 0.5764447 
1470 0.5764057 
1471 0.5763151 
1472 0.5765262 
1473 0.5766203 
1474 0.5768319 
1475 0.5769964 
1476 0.5770365 
1477 0.5771068 
1478 0.577102 
1479 0.5771587 
1480 0.5764458 
1481 0.575592 
1482 0.5759874 
1483 0.5756318 
1484 0.5757611 
1485 0.5759252 
1486 0.5761533 
1487 0.5726341 
1488 0.5724406 
1489 0.5724811 
1490 0.5725079 
1491 0.5725177 
1492 0.5725246 
1493 0.5725317 
1494 0.5725388 
1495 0.5725462 
1496 0.5725538 
1497 0.5725616 
1498 0.5725697 
1499 0.5725781 
1500 0.5725869 
1501 0.572584 
1502 0.5725809 
1503 0.5725777 
1504 0.5725743 
1505 0.5725706 
1506 0.5725664 
1507 0.5725618 
1508 0.5725564 
1509 0.5725496 
1510 0.5725414 
1511 0.5725292 
1512 0.572504 
1513 0.5723698 
1514 0.5723792 
1515 0.5723278 
1516 0.5723124 
1517 0.5722677 
1518 0.5705291 
1519 0.5700201 
1520 0.5700521 
1521 0.570088 
1522 0.5701261 
1523 0.5701674 
1524 0.570212 
1525 0.5702635 
1526 0.5703273 
1527 0.5704632 
1528 0.5725306 
1529 0.5723659 
1530 0.5722728 
1531 0.5721789 
1532 0.572084 
1533 0.5720703 
1534 0.5720499 
1535 0.5720142 
1536 0.5719021 
1537 0.5613723 
1538 0.5663378 
1539 0.5667165 
1540 0.5670545 
1541 0.5673594 
1542 0.5676431 
1543 0.5679137 
1544 0.5681719 
1545 0.5684134 
1546 0.5686448 
1547 0.5664496 
1548 0.5698857 
1549 0.5724441 
1550 0.5719351 
1551 0.5702598 
1552 0.5652248 
1553 0.5665269 
1554 0.572847 
1555 0.5724466 
1556 0.5718799 
1557 0.570818 
1558 0.5646808 
1559 0.5652993 
1560 0.5664532 
1561 0.5690987 
1562 0.5690159 
1563 0.5690021 
1564 0.5689872 
1565 0.568971 
1566 0.5689533 
1567 0.5689336 
1568 0.5689115 
1569 0.5688862 
1570 0.5688566 
1571 0.5688206 
1572 0.5687746 
1573 0.5687111 
1574 0.5686095 
1575 0.5674139 
1576 0.5573973 
1577 0.5595035 
1578 0.5625347 
1579 0.564623 
1580 0.5645975 
1581 0.5645789 
1582 0.5643414 
1583 0.5477359 
1584 0.5478552 
1585 0.5480165 
1586 0.5482508 
1587 0.5486759 
1588 0.5499644 
1589 0.5563837 
1590 0.5570461 
1591 0.5586352 
1592 0.5588057 
1593 0.5592839 
1594 0.5637532 
1595 0.5637539 
1596 0.5637545 
1597 0.5637552 
1598 0.563756 
1599 0.5637569 
1600 0.5637578 
1601 0.5637589 
1602 0.5637604 
1603 0.5638635 
1604 0.5652556 
1605 0.5660314 
1606 0.567918 
1607 0.5686411 
1608 0.5686869 
1609 0.5687543 
1610 0.5688897 
1611 0.5688943 
1612 0.5688971 
1613 0.5689003 
1614 0.568904 
1615 0.5689085 
1616 0.5689143 
1617 0.5689227 
1618 0.5689377 
1619 0.5689941 
1620 0.5690401 
1621 0.5690789 
1622 0.5691642 
1623 0.5691726 
1624 0.5691926 
1625 0.5729174 
1626 0.5732651 
1627 0.5752645 
1628 0.5751744 
1629 0.5751597 
1630 0.5751532 
1631 0.5751466 
1632 0.5751398 
1633 0.5751327 
1634 0.5751255 
1635 0.575118 
1636 0.5751102 
1637 0.5751023 
1638 0.5750942 
1639 0.5750859 
1640 0.5750775 
1641 0.5750689 
1642 0.5750601 
1643 0.5750512 
1644 0.5750422 
1645 0.575033 
1646 0.5750237 
1647 0.5750143 
1648 0.5750048 
1649 0.5749951 
1650 0.5749852 
1651 0.5749751 
1652 0.5749649 
1653 0.5749545 
1654 0.574944 
1655 0.5749333 
1656 0.5749223 
1657 0.574911 
1658 0.5748994 
1659 0.5748873 
1660 0.5748748 
1661 0.5748617 
1662 0.5748478 
1663 0.5748329 
1664 0.5748166 
1665 0.5747983 
1666 0.5747768 
1667 0.5747493 
1668 0.5747041 
1669 0.5748683 
1670 0.5748461 
1671 0.5748179 
1672 0.5747744 
1673 0.5722219 
1674 0.5724509 
1675 0.5724561 
1676 0.5724978 
1677 0.5727763 
1678 0.5731074 
1679 0.5734836 
1680 0.5739481 
1681 0.5741626 
1682 0.5742593 
1683 0.5743793 
1684 0.5744884 
1685 0.574629 
1686 0.5747824 
1687 0.5749606 
1688 0.5751971 
1689 0.5753691 
1690 0.5755003 
1691 0.5756393 
1692 0.5757501 
1693 0.5758795 
1694 0.5760176 
1695 0.5761746 
1696 0.5762741 
1697 0.576364 
1698 0.5764328 
1699 0.5764713 
1700 0.5765158 
1701 0.5765856 
1702 0.576623 
1703 0.5766701 
1704 0.5766976 
1705 0.5767701 
1706 0.5768369 
1707 0.5769282 
1708 0.5770709 
1709 0.5771583 
1710 0.5771475 
1711 0.5771312 
1712 0.5770182 
1713 0.5768951 
1714 0.5765377 
1715 0.5760602 
1716 0.5756775 
1717 0.5753967 
1718 0.5753574 
1719 0.5753735 
1720 0.5753537 
1721 0.5753291 
1722 0.5752925 
1723 0.5752262 
1724 0.5752684 
1725 0.5753619 
1726 0.5754783 
1727 0.5755154 
1728 0.5755877 
1729 0.5756307 
1730 0.5756637 
1731 0.5755582 
1732 0.5755066 
1733 0.575479 
1734 0.575438 
1735 0.5753354 
1736 0.5752836 
1737 0.5752352 
1738 0.5750027 
1739 0.5750277 
1740 0.5749987 
1741 0.5749655 
1742 0.5748894 
1743 0.5749287 
1744 0.5749715 
1745 0.5749542 
1746 0.5749426 
1747 0.5750502 
1748 0.5750268 
1749 0.5751532 
1750 0.5751283 
1751 0.575261 
1752 0.5755641 
1753 0.5755904 
1754 0.5756259 
1755 0.575705 
1756 0.5756696 
1757 0.5758223 
1758 0.575804 
1759 0.5757804 
1760 0.5757825 
1761 0.5758067 
1762 0.5758361 
1763 0.5758769 
1764 0.5759712 
1765 0.5759446 
1766 0.5760498 
1767 0.5760239 
1768 0.5765677 
1769 0.5765583 
1770 0.5765486 
1771 0.5765385 
1772 0.5765278 
1773 0.5765165 
1774 0.5765044 
1775 0.576491 
1776 0.576476 
1777 0.5764582 
1778 0.5764356 
1779 0.5772016 
1780 0.5776792 
1781 0.5778349 
1782 0.5778532 
1783 0.577874 
1784 0.5778994 
1785 0.5779356 
1786 0.5780556 
1787 0.5780399 
1788 0.5780207 
1789 0.5779984 
1790 0.578114 
1791 0.5780916 
1792 0.5795732 
1793 0.5795648 
1794 0.5795573 
1795 0.5795496 
1796 0.5795418 
1797 0.5795339 
1798 0.5795259 
1799 0.5795177 
1800 0.5795093 
1801 0.5795009 
1802 0.5794922 
1803 0.5794834 
1804 0.5794744 
1805 0.5794652 
1806 0.5794556 
1807 0.5794457 
1808 0.5794353 
1809 0.5794244 
1810 0.5794128 
1811 0.5794003 
1812 0.5793865 
1813 0.5793709 
1814 0.5793526 
1815 0.5793417 
1816 0.5794181 
1817 0.580394 
1818 0.5810698 
1819 0.5812293 
1820 0.5812426 
1821 0.5812568 
1822 0.5812724 
1823 0.5812899 
1824 0.581311 
1825 0.581341 
1826 0.5809892 
1827 0.5812206 
1828 0.5812672 
1829 0.5813173 
1830 0.5813719 
1831 0.5814328 
1832 0.5815031 
1833 0.5815882 
1834 0.5817011 
1835 0.5818835 
1836 0.582492 
1837 0.5826389 
1838 0.5858632 
1839 0.584431 
1840 0.5844244 
1841 0.5844086 
1842 0.5843592 
1843 0.5827259 
1844 0.5827557 
1845 0.582799 
1846 0.5828707 
1847 0.5830268 
1848 0.584073 
1849 0.5842104 
1850 0.5887008 
1851 0.5886807 
1852 0.5886599 
1853 0.5886385 
1854 0.5886165 
1855 0.5885937 
1856 0.5885701 
1857 0.5885455 
1858 0.5885198 
1859 0.5884928 
1860 0.5884641 
1861 0.5884335 
1862 0.5884003 
1863 0.588364 
1864 0.5883234 
1865 0.5882768 
1866 0.5882211 
1867 0.5881504 
1868 0.5880495 
1869 0.5878581 
1870 0.5860898 
1871 0.5861133 
1872 0.5861393 
1873 0.5861691 
1874 0.586205 
1875 0.5862528 
1876 0.5863349 
1877 0.5869766 
1878 0.5869621 
1879 0.5869461 
1880 0.586928 
1881 0.5869068 
1882 0.586891 
1883 0.5869923 
1884 0.5870353 
1885 0.5870722 
1886 0.5871289 
1887 0.5873338 
1888 0.587317 
1889 0.5873261 
1890 0.5874073 
1891 0.5945093 
1892 0.5945708 
1893 0.5945972 
1894 0.5946226 
1895 0.5946552 
1896 0.5947085 
1897 0.5947193 
1898 0.5947224 
1899 0.5947257 
1900 0.5947296 
1901 0.5947342 
1902 0.5947399 
1903 0.5947477 
1904 0.5947604 
1905 0.5947965 
1906 0.5949731 
1907 0.5949784 
1908 0.5949855 
1909 0.5949963 
1910 0.5950216 
1911 0.6028611 
1912 0.6027296 
1913 0.6026725 
1914 0.6026662 
1915 0.6026595 
1916 0.6026523 
1917 0.6026444 
1918 0.6026357 
1919 0.6026257 
1920 0.6026138 
1921 0.6025978 
1922 0.6025749 
1923 0.6025315 
1924 0.6022159 
1925 0.6022014 
1926 0.6021632 
1927 0.5980312 
1928 0.5980513 
1929 0.5980753 
1930 0.5981049 
1931 0.5981441 
1932 0.5982027 
1933 0.5983172 
1934 0.5990031 
1935 0.5990551 
1936 0.5991545 
1937 0.5996357 
1938 0.5997628 
1939 0.6060897 
1940 0.6060862 
1941 0.6060819 
1942 0.6060765 
1943 0.6060694 
1944 0.6060591 
1945 0.6060424 
1946 0.606006 
1947 0.6057245 
1948 0.6057047 
1949 0.6056752 
1950 0.6056139 
1951 0.6047012 
1952 0.6046998 
1953 0.6046979 
1954 0.6046952 
1955 0.6046911 
1956 0.6046836 
1957 0.6046622 
1958 0.6018048 
1959 0.6022436 
1960 0.602733 
1961 0.6032128 
1962 0.6037278 
1963 0.6042234 
1964 0.6042715 
1965 0.6043892 
1966 0.6052809 
1967 0.6054515 
1968 0.6054825 
1969 0.6055766 
1970 0.6059989 
1971 0.6060093 
1972 0.6060248 
1973 0.6060562 
1974 0.6063525 
1975 0.606358 
1976 0.6063663 
1977 0.6063827 
1978 0.6064745 
1979 0.6064932 
1980 0.6066066 
1981 0.606614 
1982 0.6066425 
1983 0.606803 
1984 0.6068051 
1985 0.6068095 
1986 0.6068227 
1987 0.6076243 
1988 0.6076258 
1989 0.6076273 
1990 0.6076288 
1991 0.6076305 
1992 0.6076322 
1993 0.607634 
1994 0.6076359 
1995 0.6076379 
1996 0.6076401 
1997 0.6076426 
1998 0.6076453 
1999 0.6076483 
2000 0.6076519 
2001 0.6076564 
2002 0.6076625 
2003 0.6076729 
2004 0.6077132 
2005 0.6077219 
2006 0.6105395 
2007 0.6105341 
2008 0.610534 
2009 0.6105339 
2010 0.6105338 
2011 0.6105338 
2012 0.6105338 
2013 0.6105339 
2014 0.610534 
2015 0.6105342 
2016 0.6105344 
2017 0.6105347 
2018 0.6105351 
2019 0.6105355 
2020 0.610536 
2021 0.6105366 
2022 0.6105374 
2023 0.6105383 
2024 0.6105394 
2025 0.6105408 
2026 0.6105425 
2027 0.6105446 
2028 0.6105474 
2029 0.6105512 
2030 0.6105569 
2031 0.6105667 
2032 0.6105919 
2033 0.6116472 
2034 0.6116482 
2035 0.6116493 
2036 0.6116505 
2037 0.6116517 
2038 0.6116529 
2039 0.6116542 
2040 0.6116556 
2041 0.611657 
2042 0.6116583 
2043 0.6116598 
2044 0.6116614 
2045 0.6116633 
2046 0.6116655 
2047 0.6116616 
2048 0.6117028 
2049 0.6117049 
2050 0.6117084 
2051 0.6117151 
2052 0.6117365 
2053 0.5945649 
2054 0.5946479 
2055 0.5946638 
2056 0.5946809 
2057 0.5946994 
2058 0.5947188 
2059 0.5947398 
2060 0.5947626 
2061 0.5947874 
2062 0.5948143 
2063 0.5948435 
2064 0.5948753 
2065 0.5949099 
2066 0.5949476 
2067 0.5949889 
2068 0.5950342 
2069 0.5950839 
2070 0.5951385 
2071 0.5951994 
2072 0.5952691 
2073 0.5953524 
2074 0.5954351 
2075 0.5955252 
2076 0.5957166 
2077 0.5960213 
2078 0.5965781 
2079 0.5977563 
2080 0.6117059 
2081 0.611319 
2082 0.6112107 
2083 0.6108675 
2084 0.609823 
2085 0.6096911 
2086 0.6089219 
2087 0.6088422 
2088 0.6085721 
2089 0.6078142 
2090 0.6077757 
2091 0.6076944 
2092 0.6068488 
2093 0.6068325 
2094 0.6068088 
2095 0.6067647 
2096 0.6065474 
2097 0.6065025 
2098 0.6058095 
2099 0.6058045 
2100 0.6057986 
2101 0.6057912 
2102 0.6057811 
2103 0.6057633 
2104 0.6056885 
2105 0.6056604 
2106 0.6041284 
2107 0.6041286 
2108 0.6041288 
2109 0.604129 
2110 0.6041293 
2111 0.6041296 
2112 0.60413 
2113 0.6041304 
2114 0.6041309 
2115 0.6041315 
2116 0.6041321 
2117 0.6041328 
2118 0.6041336 
2119 0.6041346 
2120 0.6041356 
2121 0.6041369 
2122 0.6041384 
2123 0.6041402 
2124 0.6041425 
2125 0.6041455 
2126 0.6041498 
2127 0.604157 
2128 0.6041735 
2129 0.6045203 
2130 0.6045175 
2131 0.6045146 
2132 0.6045114 
2133 0.6045079 
2134 0.6045039 
2135 0.6044992 
2136 0.6044931 
2137 0.6044839 
2138 0.6044618 
2139 0.604048 
2140 0.6040465 
2141 0.604045 
2142 0.6040435 
2143 0.604042 
2144 0.6040405 
2145 0.6040389 
2146 0.6040373 
2147 0.6040357 
2148 0.6040339 
2149 0.6040321 
2150 0.60403 
2151 0.6040276 
2152 0.6040243 
2153 0.6040125 
2154 0.6040102 
2155 0.6039928 
2156 0.6039823 
2157 0.6037798 
2158 0.6037786 
2159 0.6037774 
2160 0.6037761 
2161 0.6037746 
2162 0.603773 
2163 0.6037713 
2164 0.6037692 
2165 0.6037665 
2166 0.6037627 
2167 0.6037541 
2168 0.6034583 
2169 0.6034563 
2170 0.6034544 
2171 0.6034524 
2172 0.6034502 
2173 0.603448 
2174 0.6034456 
2175 0.603443 
2176 0.60344 
2177 0.6034364 
2178 0.6034314 
2179 0.6034213 
2180 0.6018768 
2181 0.6016797 
2182 0.6016303 
2183 0.6015818 
2184 0.6015335 
2185 0.6014847 
2186 0.6014353 
2187 0.6013842 
2188 0.6013307 
2189 0.6012737 
2190 0.6012119 
2191 0.6011425 
2192 0.6010609 
2193 0.6009567 
2194 0.6007923 
2195 0.5993838 
2196 0.5994455 
2197 0.5994838 
2198 0.5995194 
2199 0.5995547 
2200 0.5995913 
2201 0.5996306 
2202 0.5996752 
2203 0.5997288 
2204 0.5997237 
2205 0.5996472 
2206 0.5995109 
2207 0.5988405 
2208 0.5988416 
2209 0.5988565 
2210 0.5988952 
2211 0.5988094 
2212 0.5987853 
2213 0.5986907 
2214 0.598627 
2215 0.5986263 
2216 0.598625 
2217 0.5986212 
2218 0.5985207 
2219 0.5985172 
2220 0.5985134 
2221 0.598509 
2222 0.5985036 
2223 0.5984963 
2224 0.5984831 
2225 0.5983821 
2226 0.5983812 
2227 0.5983794 
2228 0.5983745 
2229 0.5982641 
2230 0.5982607 
2231 0.5982569 
2232 0.5982524 
2233 0.5982468 
2234 0.5982386 
2235 0.5982205 
2236 0.5963774 
2237 0.5963754 
2238 0.5963736 
2239 0.5963719 
2240 0.5963702 
2241 0.5963686 
2242 0.5963669 
2243 0.5963653 
2244 0.5963637 
2245 0.5963622 
2246 0.5963606 
2247 0.5963591 
2248 0.5963576 
2249 0.5963561 
2250 0.5963546 
2251 0.5963531 
2252 0.5963516 
2253 0.5963502 
2254 0.5963487 
2255 0.5963473 
2256 0.5963458 
2257 0.5963444 
2258 0.5963429 
2259 0.5963415 
2260 0.5963401 
2261 0.5963386 
2262 0.5963373 
2263 0.5963359 
2264 0.5963345 
2265 0.5963331 
2266 0.5963318 
2267 0.5963305 
2268 0.5963292 
2269 0.596328 
2270 0.5963267 
2271 0.5963255 
2272 0.5963243 
2273 0.5963231 
2274 0.5963219 
2275 0.5963208 
2276 0.5963197 
2277 0.5963186 
2278 0.5963172 
2279 0.5963151 
2280 0.5963089 
2281 0.5963015 
2282 0.5961745 
2283 0.5961725 
2284 0.5961702 
2285 0.5961673 
2286 0.5961636 
2287 0.5961577 
2288 0.5961442 
2289 0.5959234 
2290 0.595922 
2291 0.5959204 
2292 0.5959185 
2293 0.5959163 
2294 0.5959132 
2295 0.5959065 
2296 0.5953721 
2297 0.5953736 
2298 0.5953522 
2299 0.5953302 
2300 0.5953073 
2301 0.5952836 
2302 0.5952589 
2303 0.595233 
2304 0.5952058 
2305 0.5951772 
2306 0.5951469 
2307 0.5951149 
2308 0.5950806 
2309 0.5950433 
2310 0.595002 
2311 0.5949565 
2312 0.5949011 
2313 0.5948214 
2314 0.5945453 
2315 0.5945736 
2316 0.5946065 
2317 0.5946406 
2318 0.5946689 
2319 0.5921729 
2320 0.5921557 
2321 0.5921428 
2322 0.59213 
2323 0.5921172 
2324 0.5921045 
2325 0.5920921 
2326 0.59208 
2327 0.5920683 
2328 0.5920573 
2329 0.5920473 
2330 0.5920388 
2331 0.592033 
2332 0.5920308 
2333 0.5920358 
2334 0.5920624 
2335 0.5922739 
2336 0.5924076 
2337 0.5920534 
2338 0.5920506 
2339 0.5920514 
2340 0.5920554 
2341 0.592062 
2342 0.5920704 
2343 0.5920777 
2344 0.5920726 
2345 0.5919842 
2346 0.5872503 
2347 0.5872721 
2348 0.5872973 
2349 0.5873277 
2350 0.5873628 
2351 0.5874036 
2352 0.5874514 
2353 0.587508 
2354 0.587576 
2355 0.5876585 
2356 0.5877613 
2357 0.5878957 
2358 0.5880953 
2359 0.5885675 
2360 0.5890659 
2361 0.589075 
2362 0.58909 
2363 0.5890951 
2364 0.5886726 
2365 0.5886588 
2366 0.5886374 
2367 0.5885412 
2368 0.5878596 
2369 0.5878767 
2370 0.5878777 
2371 0.5878787 
2372 0.5878796 
2373 0.5878806 
2374 0.5878815 
2375 0.5878824 
2376 0.5878833 
2377 0.5878842 
2378 0.5878851 
2379 0.587886 
2380 0.5878868 
2381 0.5878877 
2382 0.5878885 
2383 0.5878893 
2384 0.5878901 
2385 0.5878909 
2386 0.5878917 
2387 0.5878924 
2388 0.5878931 
2389 0.5878939 
2390 0.5878947 
2391 0.5878955 
2392 0.5878964 
2393 0.5878973 
2394 0.5878982 
2395 0.5878991 
2396 0.5879001 
2397 0.5879011 
2398 0.5879022 
2399 0.5879032 
2400 0.5879044 
2401 0.5879055 
2402 0.5879068 
2403 0.587908 
2404 0.5879094 
2405 0.5879108 
2406 0.5879122 
2407 0.5879138 
2408 0.5879154 
2409 0.5879172 
2410 0.587919 
2411 0.587921 
2412 0.5879231 
2413 0.5879253 
2414 0.5879277 
2415 0.5879302 
2416 0.5879329 
2417 0.5879359 
2418 0.5879393 
2419 0.5879433 
2420 0.5879481 
2421 0.5879545 
2422 0.5879074 
2423 0.5878899 
2424 0.5868019 
2425 0.5868678 
2426 0.5869247 
2427 0.5869844 
2428 0.5870556 
2429 0.5871581 
2430 0.587476 
2431 0.5874181 
2432 0.5873479 
2433 0.5872567 
2434 0.587118 
2435 0.5867963 
2436 0.586718 
2437 0.5867119 
2438 0.5866745 
2439 0.5866743 
2440 0.5866741 
2441 0.5866739 
2442 0.5866736 
2443 0.5866734 
2444 0.5866732 
2445 0.586673 
2446 0.5866728 
2447 0.5866726 
2448 0.5866724 
2449 0.5866721 
2450 0.5866718 
2451 0.5866715 
2452 0.5866711 
2453 0.5866704 
2454 0.5866692 
2455 0.5866633 
2456 0.5863073 
2457 0.5863051 
2458 0.5863029 
2459 0.5863006 
2460 0.5862984 
2461 0.586296 
2462 0.5862937 
2463 0.5862912 
2464 0.5862887 
2465 0.5862859 
2466 0.586283 
2467 0.5862796 
2468 0.5862752 
2469 0.5863933 
2470 0.5864094 
2471 0.5864283 
2472 0.5864526 
2473 0.5864926 
2474 0.5870614 
2475 0.5870574 
2476 0.5870534 
2477 0.5870493 
2478 0.587045 
2479 0.5870405 
2480 0.5870358 
2481 0.5870307 
2482 0.5870252 
2483 0.5870192 
2484 0.5870124 
2485 0.5870043 
2486 0.5869948 
2487 0.5869843 
2488 0.586973 
2489 0.5869731 
2490 0.5870244 
2491 0.5872898 
2492 0.5873029 
2493 0.587318 
2494 0.5873225 
2495 0.5872924 
2496 0.5872875 
2497 0.5873396 
2498 0.5877461 
2499 0.5877367 
2500 0.587727 
2501 0.5877168 
2502 0.587706 
2503 0.5876945 
2504 0.587682 
2505 0.5876682 
2506 0.5876526 
2507 0.5876339 
2508 0.5876096 
2509 0.58757 
2510 0.5874879 
2511 0.5875531 
2512 0.5875205 
2513 0.5876194 
2514 0.5876028 
2515 0.5875802 
2516 0.5875333 
2517 0.5875678 
2518 0.5883901 
2519 0.5883803 
2520 0.588374 
2521 0.5883676 
2522 0.5883615 
2523 0.5883554 
2524 0.5883492 
2525 0.5883429 
2526 0.5883366 
2527 0.5883302 
2528 0.5883237 
2529 0.5883171 
2530 0.5883103 
2531 0.5883034 
2532 0.5882964 
2533 0.5882892 
2534 0.5882821 
2535 0.588275 
2536 0.588268 
2537 0.5882609 
2538 0.5882539 
2539 0.588247 
2540 0.58824 
2541 0.5882331 
2542 0.5882263 
2543 0.5882193 
2544 0.5882123 
2545 0.5882051 
2546 0.5881979 
2547 0.5881905 
2548 0.588183 
2549 0.5881754 
2550 0.5881676 
2551 0.5881596 
2552 0.5881514 
2553 0.5881429 
2554 0.5881341 
2555 0.5881249 
2556 0.5881153 
2557 0.588105 
2558 0.5880939 
2559 0.5880817 
2560 0.5880678 
2561 0.5880514 
2562 0.5880301 
2563 0.5879954 
2564 0.5875108 
2565 0.5875194 
2566 0.5875281 
2567 0.5875367 
2568 0.5875454 
2569 0.5875541 
2570 0.5875629 
2571 0.5875718 
2572 0.5875808 
2573 0.58759 
2574 0.5875993 
2575 0.5876089 
2576 0.5876188 
2577 0.5876292 
2578 0.5876402 
2579 0.5876521 
2580 0.5876652 
2581 0.5876802 
2582 0.587702 
2583 0.5876988 
2584 0.5877857 
2585 0.5877952 
2586 0.587805 
2587 0.5878151 
2588 0.5878256 
2589 0.5878367 
2590 0.5878485 
2591 0.5878613 
2592 0.5878755 
2593 0.587891 
2594 0.5885906 
2595 0.5885693 
2596 0.5885531 
2597 0.5885353 
2598 0.5885154 
2599 0.5884943 
2600 0.5884721 
2601 0.5884488 
2602 0.5884243 
2603 0.5883983 
2604 0.5883703 
2605 0.5883399 
2606 0.588306 
2607 0.5882671 
2608 0.5882209 
2609 0.5881478 
2610 0.5880123 
2611 0.5880497 
2612 0.5881478 
2613 0.5880846 
2614 0.5880926 
2615 0.5881003 
2616 0.5881135 
2617 0.5882603 
2618 0.5882521 
2619 0.5882434 
2620 0.5882341 
2621 0.5882237 
2622 0.588212 
2623 0.588198 
2624 0.5881796 
2625 0.5881483 
2626 0.5881505 
2627 0.5881406 
2628 0.588129 
2629 0.5881152 
2630 0.5881605 
2631 0.5880946 
2632 0.5881004 
2633 0.5881054 
2634 0.5881106 
2635 0.5881178 
2636 0.5881354 
2637 0.5881071 
2638 0.5884149 
2639 0.5884043 
2640 0.5883978 
2641 0.5883913 
2642 0.5883849 
2643 0.5883786 
2644 0.5883723 
2645 0.588366 
2646 0.5883598 
2647 0.5883536 
2648 0.5883474 
2649 0.5883413 
2650 0.5883351 
2651 0.5883289 
2652 0.5883226 
2653 0.5883162 
2654 0.5883098 
2655 0.5883032 
2656 0.5882965 
2657 0.5882897 
2658 0.5882828 
2659 0.5882757 
2660 0.5882685 
2661 0.588261 
2662 0.5882533 
2663 0.5882453 
2664 0.588237 
2665 0.5882282 
2666 0.5882188 
2667 0.5882088 
2668 0.5881977 
2669 0.5881852 
2670 0.5881705 
2671 0.5881517 
2672 0.5881233 
2673 0.5880305 
2674 0.5880401 
2675 0.5880127 
2676 0.5879956 
2677 0.5879713 
2678 0.5879164 
2679 0.5879178 
2680 0.5878976 
2681 0.587862 
2682 0.5855116 
2683 0.5855301 
2684 0.585536 
2685 0.5855419 
2686 0.5855477 
2687 0.5855536 
2688 0.5855594 
2689 0.5855653 
2690 0.5855711 
2691 0.585577 
2692 0.5855829 
2693 0.5855888 
2694 0.5855947 
2695 0.5856006 
2696 0.5856066 
2697 0.5856126 
2698 0.5856187 
2699 0.5856249 
2700 0.5856311 
2701 0.5856375 
2702 0.5856439 
2703 0.5856505 
2704 0.5856572 
2705 0.585664 
2706 0.5856711 
2707 0.5856783 
2708 0.5856856 
2709 0.5856928 
2710 0.5857 
2711 0.5857072 
2712 0.5857144 
2713 0.5857215 
2714 0.5857287 
2715 0.5857359 
2716 0.5857431 
2717 0.5857504 
2718 0.5857577 
2719 0.5857651 
2720 0.5857725 
2721 0.58578 
2722 0.5857876 
2723 0.5857952 
2724 0.5858051 
2725 0.5858212 
2726 0.5859284 
2727 0.5859191 
2728 0.5859085 
2729 0.5858962 
2730 0.5858805 
2731 0.5858554 
2732 0.5865577 
2733 0.586521 
2734 0.5865098 
2735 0.5864984 
2736 0.5864869 
2737 0.5864752 
2738 0.5864632 
2739 0.5864513 
2740 0.5864394 
2741 0.5864274 
2742 0.5864154 
2743 0.5864034 
2744 0.5863913 
2745 0.5863792 
2746 0.5863669 
2747 0.5863546 
2748 0.5863422 
2749 0.5863296 
2750 0.5863169 
2751 0.586304 
2752 0.5862909 
2753 0.5862777 
2754 0.5862641 
2755 0.5862502 
2756 0.586236 
2757 0.5862215 
2758 0.5862064 
2759 0.5861909 
2760 0.5861748 
2761 0.5861581 
2762 0.5861408 
2763 0.5861226 
2764 0.5861036 
2765 0.5860834 
2766 0.5860617 
2767 0.5860379 
2768 0.5860116 
2769 0.5859811 
2770 0.5859441 
2771 0.5858957 
2772 0.585825 
2773 0.5856869 
2774 0.5838932 
2775 0.5839072 
2776 0.5839241 
2777 0.5839465 
2778 0.5839829 
2779 0.5841145 
2780 0.5840748 
2781 0.5780096 
2782 0.5780702 
2783 0.5780475 
2784 0.5780088 
2785 0.5779252 
2786 0.5774557 
2787 0.5772488 
2788 0.5759223 
2789 0.5758965 
2790 0.5737184 
2791 0.5742967 
2792 0.5758797 
2793 0.5760367 
2794 0.5762696 
2795 0.5787544 
2796 0.5785833 
2797 0.5776325 
2798 0.577713 
2799 0.5776292 
2800 0.5776302 
2801 0.5775537 
2802 0.5775224 
2803 0.5774996 
2804 0.5774609 
2805 0.5771732 
2806 0.5771855 
2807 0.5771994 
2808 0.5772161 
2809 0.577237 
2810 0.5772614 
2811 0.5772342 
2812 0.5771579 
2813 0.5771839 
2814 0.5769818 
2815 0.5769947 
2816 0.5770097 
2817 0.5770279 
2818 0.5770518 
2819 0.5767373 
2820 0.5767298 
2821 0.5767224 
2822 0.5767149 
2823 0.5767074 
2824 0.5767 
2825 0.5766925 
2826 0.5766849 
2827 0.5766773 
2828 0.5766695 
2829 0.5766617 
2830 0.5766536 
2831 0.5766454 
2832 0.576637 
2833 0.5766283 
2834 0.5766191 
2835 0.5766093 
2836 0.5765987 
2837 0.5765867 
2838 0.5765729 
2839 0.5765557 
2840 0.5765315 
2841 0.5764777 
2842 0.5764905 
2843 0.5764757 
2844 0.5764572 
2845 0.5764304 
2846 0.5763656 
2847 0.5763752 
2848 0.5763533 
2849 0.5763153 
2850 0.5759606 
2851 0.5759701 
2852 0.5759801 
2853 0.5759908 
2854 0.5760025 
2855 0.5760156 
2856 0.5760312 
2857 0.5760499 
2858 0.5760628 
2859 0.5760329 
2860 0.5759393 
2861 0.5759582 
2862 0.5655359 
2863 0.5661201 
2864 0.5661295 
2865 0.56614 
2866 0.5661518 
2867 0.5661627 
2868 0.5661754 
2869 0.5661892 
2870 0.5662043 
2871 0.5662216 
2872 0.5662342 
2873 0.5655362 
2874 0.5655473 
2875 0.5655596 
2876 0.5655738 
2877 0.5655905 
2878 0.5656115 
2879 0.5656406 
2880 0.5656906 
2881 0.5658122 
2882 0.5658546 
2883 0.5658814 
2884 0.5659271 
2885 0.5657935 
2886 0.5658141 
2887 0.565819 
2888 0.5658239 
2889 0.565829 
2890 0.5658342 
2891 0.5658396 
2892 0.5658452 
2893 0.5658511 
2894 0.5658573 
2895 0.565864 
2896 0.5658712 
2897 0.5658792 
2898 0.5658885 
2899 0.5658991 
2900 0.5659106 
2901 0.5659227 
2902 0.565934 
2903 0.565632 
2904 0.5656253 
2905 0.5656185 
2906 0.5656116 
2907 0.5656046 
2908 0.5655975 
2909 0.5655902 
2910 0.5655827 
2911 0.5655749 
2912 0.5655668 
2913 0.565558 
2914 0.5655486 
2915 0.565578 
2916 0.565597 
2917 0.5656225 
2918 0.5656863 
2919 0.5656677 
2920 0.5656427 
2921 0.5655942 
2922 0.565639 
2923 0.5656238 
2924 0.565606 
2925 0.5655834 
2926 0.5655491 
2927 0.565433 
2928 0.5654515 
2929 0.5654768 
2930 0.5653833 
2931 0.5653746 
2932 0.5653657 
2933 0.5653567 
2934 0.5653474 
2935 0.565338 
2936 0.5653282 
2937 0.5653181 
2938 0.5653077 
2939 0.5652967 
2940 0.565285 
2941 0.5652725 
2942 0.5652589 
2943 0.5652437 
2944 0.565226 
2945 0.5652038 
2946 0.5651713 
2947 0.5650909 
2948 0.5651194 
2949 0.5647205 
2950 0.5647264 
2951 0.5647325 
2952 0.5647389 
2953 0.5647457 
2954 0.5647528 
2955 0.5647605 
2956 0.5647689 
2957 0.5647783 
2958 0.5647891 
2959 0.5648017 
2960 0.5648159 
2961 0.564833 
2962 0.5648549 
2963 0.5648888 
2964 0.5648577 
2965 0.5647851 
2966 0.5648183 
2967 0.5647414 
2968 0.5647716 
2969 0.5645656 
2970 0.5645758 
2971 0.564588 
2972 0.5646018 
2973 0.5646182 
2974 0.5646388 
2975 0.5646716 
2976 0.5645973 
2977 0.5646298 
2978 0.5645371 
2979 0.5645611 
2980 0.5645951 
2981 0.5645793 
2982 0.5645606 
2983 0.5645363 
2984 0.5644959 
2985 0.5642666 
2986 0.5642756 
2987 0.5642858 
2988 0.5642981 
2989 0.5643121 
2990 0.5643288 
2991 0.5643499 
2992 0.5643844 
2993 0.5643334 
2994 0.5638488 
2995 0.5638378 
2996 0.5638295 
2997 0.5638213 
2998 0.5638131 
2999 0.5638049 
3000 0.5637966 
3001 0.5637884 
3002 0.5637802 
3003 0.5637719 
3004 0.5637637 
3005 0.5637553 
3006 0.563747 
3007 0.5637386 
3008 0.5637301 
3009 0.5637215 
3010 0.5637127 
3011 0.5637039 
3012 0.563695 
3013 0.5636859 
3014 0.5636766 
3015 0.5636672 
3016 0.5636575 
3017 0.5636475 
3018 0.5636372 
3019 0.5636266 
3020 0.5636154 
3021 0.5636037 
3022 0.5635911 
3023 0.5635776 
3024 0.5635626 
3025 0.5635457 
3026 0.5635254 
3027 0.5634987 
3028 0.5634571 
3029 0.5633043 
3030 0.563325 
3031 0.5633534 
3032 0.5634076 
3033 0.5633797 
3034 0.5633334 
3035 0.5629224 
3036 0.5629307 
3037 0.5629395 
3038 0.5629489 
3039 0.562959 
3040 0.5629701 
3041 0.5629827 
3042 0.5629976 
3043 0.5630156 
3044 0.5630375 
3045 0.5630678 
3046 0.5631258 
3047 0.563082 
3048 0.5627757 
3049 0.562785 
3050 0.562795 
3051 0.5628061 
3052 0.5628188 
3053 0.5628342 
3054 0.5628527 
3055 0.5628763 
3056 0.5629122 
3057 0.5617744 
3058 0.5617846 
3059 0.5617898 
3060 0.561795 
3061 0.5618003 
3062 0.5618054 
3063 0.5618106 
3064 0.5618157 
3065 0.5618209 
3066 0.561826 
3067 0.5618311 
3068 0.5618362 
3069 0.5618412 
3070 0.5618463 
3071 0.5618514 
3072 0.5618564 
3073 0.5618615 
3074 0.5618666 
3075 0.5618717 
3076 0.5618769 
3077 0.5618821 
3078 0.5618873 
3079 0.5618926 
3080 0.561898 
3081 0.5619035 
3082 0.5619091 
3083 0.5619148 
3084 0.5619206 
3085 0.5619267 
3086 0.561933 
3087 0.5619397 
3088 0.5619467 
3089 0.5619544 
3090 0.5619629 
3091 0.5619727 
3092 0.5619837 
3093 0.561995 
3094 0.5620006 
3095 0.5584876 
3096 0.5585717 
3097 0.5586075 
3098 0.5586444 
3099 0.5586829 
3100 0.558723 
3101 0.5587651 
3102 0.5588096 
3103 0.558857 
3104 0.5589082 
3105 0.5589642 
3106 0.5590264 
3107 0.5590976 
3108 0.5591823 
3109 0.5592897 
3110 0.5594427 
3111 0.5597333 
3112 0.5616111 
3113 0.5615143 
3114 0.5614885 
3115 0.5614617 
3116 0.5614341 
3117 0.5614053 
3118 0.5613754 
3119 0.5613442 
3120 0.5613114 
3121 0.561277 
3122 0.5612408 
3123 0.5612024 
3124 0.5611612 
3125 0.5611164 
3126 0.5610665 
3127 0.5610092 
3128 0.5609396 
3129 0.5608443 
3130 0.5606261 
3131 0.5607832 
3132 0.5603177 
3133 0.5605811 
3134 0.560573 
3135 0.5605925 
3136 0.5606076 
3137 0.5606237 
3138 0.5601917 
3139 0.5601874 
3140 0.5601831 
3141 0.5601789 
3142 0.5601748 
3143 0.5601708 
3144 0.5601669 
3145 0.5601631 
3146 0.5601594 
3147 0.5601559 
3148 0.5601526 
3149 0.5601495 
3150 0.5601466 
3151 0.5601439 
3152 0.5601415 
3153 0.5601396 
3154 0.5601386 
3155 0.5601396 
3156 0.5601465 
3157 0.5601942 
3158 0.5602705 
3159 0.5602101 
3160 0.5602339 
3161 0.5602674 
3162 0.5602476 
3163 0.560217 
3164 0.560108 
3165 0.560126 
3166 0.5601497 
3167 0.5601862 
3168 0.5601587 
3169 0.560078 
3170 0.5601095 
3171 0.5591541 
3172 0.5591592 
3173 0.5591642 
3174 0.5591692 
3175 0.5591741 
3176 0.559179 
3177 0.5591839 
3178 0.5591887 
3179 0.5591934 
3180 0.5591982 
3181 0.5592029 
3182 0.5592076 
3183 0.5592122 
3184 0.5592168 
3185 0.5592214 
3186 0.559226 
3187 0.5592306 
3188 0.5592351 
3189 0.5592396 
3190 0.5592441 
3191 0.5592486 
3192 0.5592531 
3193 0.5592575 
3194 0.559262 
3195 0.5592664 
3196 0.5592709 
3197 0.5592754 
3198 0.5592799 
3199 0.5592844 
3200 0.559289 
3201 0.5592937 
3202 0.5592984 
3203 0.5593032 
3204 0.559308 
3205 0.5593131 
3206 0.5593182 
3207 0.5593236 
3208 0.5593293 
3209 0.5593353 
3210 0.5593418 
3211 0.5593485 
3212 0.5593511 
3213 0.5593384 
3214 0.5626184 
3215 0.5626045 
3216 0.562595 
3217 0.5625855 
3218 0.562576 
3219 0.5625666 
3220 0.5625573 
3221 0.5625479 
3222 0.5625385 
3223 0.5625291 
3224 0.5625197 
3225 0.5625102 
3226 0.5625006 
3227 0.562491 
3228 0.5624813 
3229 0.5624714 
3230 0.5624615 
3231 0.5624514 
3232 0.5624411 
3233 0.5624305 
3234 0.5624196 
3235 0.5624081 
3236 0.5623959 
3237 0.5623827 
3238 0.5623678 
3239 0.5623506 
3240 0.562329 
3241 0.5622897 
3242 0.5622283 
3243 0.5616864 
3244 0.5614844 
3245 0.561391 
3246 0.56128 
3247 0.5611418 
3248 0.560954 
3249 0.560636 
3250 0.5589486 
3251 0.5590063 
3252 0.5591245 
3253 0.5594748 
3254 0.5591081 
3255 0.5591191 
3256 0.5591258 
3257 0.5591329 
3258 0.5591406 
3259 0.559149 
3260 0.5591584 
3261 0.5591689 
3262 0.5591759 
3263 0.5591435 
3264 0.5590604 
3265 0.5590625 
3266 0.5581513 
3267 0.5581564 
3268 0.5581614 
3269 0.5581665 
3270 0.5581715 
3271 0.5581766 
3272 0.5581817 
3273 0.5581868 
3274 0.558192 
3275 0.5581972 
3276 0.5582025 
3277 0.5582078 
3278 0.5582133 
3279 0.5582188 
3280 0.5582244 
3281 0.5582302 
3282 0.5582361 
3283 0.5582423 
3284 0.5582488 
3285 0.5582555 
3286 0.5582628 
3287 0.5582707 
3288 0.5582795 
3289 0.5582897 
3290 0.5583026 
3291 0.5575107 
3292 0.5575147 
3293 0.5575186 
3294 0.5575224 
3295 0.5575261 
3296 0.5575298 
3297 0.5575334 
3298 0.557537 
3299 0.5575405 
3300 0.5575439 
3301 0.5575473 
3302 0.5575506 
3303 0.5575538 
3304 0.557557 
3305 0.5575601 
3306 0.5575632 
3307 0.5575661 
3308 0.557569 
3309 0.5575718 
3310 0.5575746 
3311 0.5575772 
3312 0.5575798 
3313 0.5575822 
3314 0.5575845 
3315 0.5575867 
3316 0.5575887 
3317 0.5575905 
3318 0.557592 
3319 0.5575931 
3320 0.5575938 
3321 0.5575935 
3322 0.5575916 
3323 0.5575873 
3324 0.5575781 
3325 0.5575568 
3326 0.5574819 
3327 0.5541907 
3328 0.5543631 
3329 0.554646 
3330 0.5547644 
3331 0.5548833 
3332 0.5550055 
3333 0.5551345 
3334 0.5552762 
3335 0.5554419 
3336 0.5557031 
3337 0.5561672 
3338 0.5564335 
3339 0.5564281 
3340 0.5564228 
3341 0.5564174 
3342 0.5564119 
3343 0.5564061 
3344 0.5564002 
3345 0.556394 
3346 0.5563874 
3347 0.5563809 
3348 0.5563754 
3349 0.5563925 
3350 0.5564162 
3351 0.55649 
3352 0.556475 
3353 0.5564566 
3354 0.5564311 
3355 0.5563763 
3356 0.5564083 
3357 0.5562541 
3358 0.5562615 
3359 0.5562695 
3360 0.5562784 
3361 0.5562885 
3362 0.556301 
3363 0.5563189 
3364 0.556356 
3365 0.5563369 
3366 0.5563058 
3367 0.5561656 
3368 0.5561735 
3369 0.5561821 
3370 0.5561921 
3371 0.5562041 
3372 0.5562211 
3373 0.5562615 
3374 0.5562396 
3375 0.5561998 
3376 0.5562005 
3377 0.5561845 
3378 0.556177 
3379 0.5561693 
3380 0.5561612 
3381 0.5561528 
3382 0.556144 
3383 0.5561345 
3384 0.5561241 
3385 0.5561127 
3386 0.5560993 
3387 0.5560834 
3388 0.5560627 
3389 0.5560265 
3390 0.5560728 
3391 0.5560608 
3392 0.5560474 
3393 0.5560319 
3394 0.5560129 
3395 0.5559884 
3396 0.5559495 
3397 0.5557454 
3398 0.5557548 
3399 0.5557653 
3400 0.555778 
3401 0.5557951 
3402 0.5558283 
