66.7552486858493 -6.3235177549511e-13 -3.00169859756858e-13
66.732270131017 1.25819156774433 0.625139700212441
66.6633679947 2.51485595299722 1.24943243257294
66.5486428091354 3.76846875110664 1.87203186464688
66.3882619535167 5.01751111162949 2.49209293535288
66.1824593915256 6.26047251168109 3.10877249188434
65.9315353025751 7.49585352458305 3.72122992799436
65.6358556055284 8.72216858191766 4.32862782388119
65.2958513733956 9.93794872683031 4.93013258773015
64.9120181373248 11.1417443561015 5.52491509874771
64.4849150780914 12.3321279481449 6.11215135126706
64.0151641032858 13.5076967736924 6.69102309921946
63.5034488084933 14.6670755855075 7.26071849995697
62.9505133209854 15.8089192830519 7.82043275608954
62.3571610247831 16.9319155476227 8.36936875367125
61.7242531664427 18.0347874431045 8.90673769474962
61.0527073415229 19.1162959771697 9.43175972199035
60.3434958624514 20.1752426175208 9.94366453282389
59.5976440093795 21.21047175764 10.4416919803447
58.8162281666047 22.2208731265103 10.9250926580492
58.000373848217 23.2053841369253 11.3931284654414
57.1512536177696 24.1629921673354 11.8450731515861
56.2700849079359 25.0927367727089 12.2802128338707
55.3581277472674 25.9937118206263 12.6978464895593
54.4166824022383 26.8650675497948 13.097286418217
53.4470869437068 27.706012549358 13.477858673744
52.4507147476695 28.5158156587844 13.838903465617
51.4289719406597 29.2938077897202 14.1797755299771
50.3832948002815 30.0393836729592 14.4998444724406
49.3151471211023 30.752003535566 14.7984950859194
48.2260175553918 31.4311947151267 15.0751276483156
47.1174169369407 32.0765532200206 15.3291582066646
45.990875594384 32.6877452464208 15.5600188561157
44.8479406580748 33.2645086643386 15.7671580240148
43.6901733616133 33.8066544863329 15.9500407712469
42.519146335666 34.3140683333959 16.1081491248572
41.3364408877638 34.7867119129059 16.2409824577532
40.1436442574442 35.2246245233104 16.3480579329499
38.9423468314958 35.6279245992851 16.4289110313238
37.7341392993078 35.9968113094477 16.4830961831555
36.5206097235621 36.3315662162432 16.5101875248681
35.3033404968753 36.6325550043414 16.5097798032974
34.0839051506371 36.9002292797888 16.4814894506012
32.8638649783423 37.1351284372668 16.4249558535579
31.6447654322667 37.3378815871318 16.3398428415875
30.428132249495 37.5092095274964 16.2258404184182
29.215467261113 37.6499267394592 16.0826667630061
28.0082438368604 37.7609433756973 15.9100705261764
26.8079019167052 37.8432672039616 15.7078334505673
25.6158425806397 37.8980054574385 15.4757733428879
24.4334221084974 37.9263665333018 15.2137474292626
23.2619454827781 37.9296614687873 14.9216561265072
22.1026592894074 37.9093051104155 14.5994472644544
20.9567439742382 37.8668168760647 14.2471207966982
19.8253054172425 37.8038209908485 13.8647340389851
18.7093657923034 37.7220460554657 13.4524074753517
17.6098536891676 37.6233237791032 13.0103311710954
16.5275934867523 37.5095866773496 12.5387718274777
15.4632939854453 37.3828644984505 12.0380805038738
14.4175363327969 37.2452790986598 11.5087010164283
13.3907613152672 37.0990374405843 10.9511789949985
12.3832561422996 36.9464223402017 10.366171538463
11.3951409220325 36.7897805443182 9.75445734827446
10.4263551240113 36.6315076898586 9.11694713785686
9.47664444503064 36.4740296930765 8.45469400925639
8.54554863765606 36.3197801580906 7.76890336007974
7.63239101891777 36.1711735001359 7.06094174050712
6.73627053289937 36.0305736685336 6.3323439367219
5.85605737019138 35.9002586400301 5.58481743610401
4.99039321638984 35.7823812338243 4.82024336022036
4.13769717453102 35.6789272544174 4.04067296573144
3.29617825022416 35.5916724528976 3.24831893831201
2.46385498475814 35.522140244906 2.44554095557277
1.63858237535694 35.4715624542548 1.63482536661859
0.81808566704264 35.4408454863481 0.818759298499071
1.67360520753331e-14 35.4305442167228 2.89733100007332e-14
-0.818085667042606 35.4408454863481 -0.818759298499013
-1.63858237535691 35.4715624542548 -1.63482536661853
-2.46385498475811 35.522140244906 -2.44554095557271
-3.29617825022413 35.5916724528976 -3.24831893831195
-4.137697174531 35.6789272544174 -4.04067296573138
-4.99039321638982 35.7823812338243 -4.8202433602203
-5.85605737019136 35.9002586400301 -5.58481743610394
-6.73627053289936 36.0305736685336 -6.33234393672184
-7.63239101891775 36.1711735001359 -7.06094174050705
-8.54554863765605 36.3197801580906 -7.76890336007967
-9.47664444503063 36.4740296930765 -8.45469400925631
-10.4263551240113 36.6315076898586 -9.11694713785679
-11.3951409220325 36.7897805443181 -9.75445734827438
-12.3832561422996 36.9464223402016 -10.3661715384629
-13.3907613152673 37.0990374405842 -10.9511789949984
-14.4175363327969 37.2452790986598 -11.5087010164282
-15.4632939854453 37.3828644984505 -12.0380805038738
-16.5275934867523 37.5095866773496 -12.5387718274776
-17.6098536891677 37.6233237791032 -13.0103311710953
-18.7093657923034 37.7220460554657 -13.4524074753517
-19.8253054172425 37.8038209908485 -13.864734038985
-20.9567439742382 37.8668168760647 -14.2471207966981
-22.1026592894074 37.9093051104154 -14.5994472644544
-23.2619454827782 37.9296614687873 -14.9216561265072
-24.4334221084974 37.9263665333018 -15.2137474292626
-25.6158425806397 37.8980054574385 -15.4757733428879
-26.8079019167053 37.8432672039616 -15.7078334505672
-28.0082438368604 37.7609433756973 -15.9100705261763
-29.215467261113 37.6499267394591 -16.082666763006
-30.428132249495 37.5092095274964 -16.2258404184181
-31.6447654322667 37.3378815871317 -16.3398428415874
-32.8638649783423 37.1351284372668 -16.4249558535578
-34.0839051506371 36.9002292797888 -16.4814894506011
-35.3033404968753 36.6325550043414 -16.5097798032973
-36.5206097235622 36.3315662162432 -16.510187524868
-37.7341392993079 35.9968113094476 -16.4830961831554
-38.9423468314959 35.6279245992851 -16.4289110313237
-40.1436442574442 35.2246245233104 -16.3480579329498
-41.3364408877638 34.7867119129058 -16.2409824577531
-42.5191463356661 34.3140683333958 -16.1081491248571
-43.6901733616134 33.8066544863328 -15.9500407712468
-44.8479406580748 33.2645086643385 -15.7671580240147
-45.9908755943841 32.6877452464207 -15.5600188561156
-47.1174169369408 32.0765532200205 -15.3291582066646
-48.2260175553919 31.4311947151266 -15.0751276483156
-49.3151471211024 30.752003535566 -14.7984950859194
-50.3832948002816 30.0393836729591 -14.4998444724405
-51.4289719406598 29.2938077897201 -14.179775529977
-52.4507147476695 28.5158156587843 -13.8389034656169
-53.4470869437069 27.706012549358 -13.477858673744
-54.4166824022384 26.8650675497948 -13.0972864182169
-55.3581277472675 25.9937118206263 -12.6978464895592
-56.270084907936 25.0927367727089 -12.2802128338706
-57.1512536177697 24.1629921673354 -11.8450731515861
-58.0003738482171 23.2053841369253 -11.3931284654414
-58.8162281666048 22.2208731265103 -10.9250926580492
-59.5976440093797 21.2104717576401 -10.4416919803447
-60.3434958624515 20.1752426175209 -9.94366453282389
-61.0527073415231 19.1162959771698 -9.43175972199036
-61.7242531664429 18.0347874431046 -8.90673769474963
-62.3571610247833 16.9319155476228 -8.36936875367128
-62.9505133209856 15.808919283052 -7.82043275608958
-63.5034488084936 14.6670755855076 -7.26071849995701
-64.015164103286 13.5076967736926 -6.69102309921951
-64.4849150780917 12.3321279481451 -6.11215135126712
-64.9120181373251 11.1417443561017 -5.52491509874778
-65.2958513733959 9.93794872683052 -4.93013258773023
-65.6358556055286 8.72216858191788 -4.32862782388127
-65.9315353025754 7.49585352458329 -3.72122992799445
-66.1824593915259 6.26047251168134 -3.10877249188443
-66.3882619535171 5.01751111162977 -2.49209293535299
-66.5486428091358 3.76846875110693 -1.872031864647
-66.6633679947004 2.51485595299752 -1.24943243257306
-66.7322701310174 1.25819156774464 -0.625139700212567
-66.7552486858497 -3.07164907281884e-13 1.67171377375653e-13
-66.7322701310174 -1.25819156774526 0.625139700212901
-66.6633679947003 -2.51485595299813 1.24943243257339
-66.5486428091358 -3.76846875110754 1.87203186464733
-66.3882619535171 -5.01751111163037 2.49209293535332
-66.1824593915258 -6.26047251168195 3.10877249188476
-65.9315353025753 -7.49585352458389 3.72122992799478
-65.6358556055286 -8.72216858191848 4.3286278238816
-65.2958513733958 -9.93794872683111 4.93013258773055
-64.912018137325 -11.1417443561022 5.52491509874809
-64.4849150780916 -12.3321279481457 6.11215135126743
-64.0151641032859 -13.5076967736932 6.69102309921982
-63.5034488084934 -14.6670755855082 7.26071849995731
-62.9505133209854 -15.8089192830526 7.82043275608987
-62.3571610247832 -16.9319155476233 8.36936875367157
-61.7242531664428 -18.0347874431051 8.90673769474992
-61.0527073415229 -19.1162959771703 9.43175972199064
-60.3434958624514 -20.1752426175214 9.94366453282417
-59.5976440093795 -21.2104717576406 10.441691980345
-58.8162281666046 -22.2208731265108 10.9250926580495
-58.000373848217 -23.2053841369257 11.3931284654416
-57.1512536177695 -24.1629921673358 11.8450731515863
-56.2700849079358 -25.0927367727093 12.2802128338709
-55.3581277472674 -25.9937118206267 12.6978464895595
-54.4166824022382 -26.8650675497952 13.0972864182172
-53.4470869437067 -27.7060125493583 13.4778586737442
-52.4507147476694 -28.5158156587847 13.8389034656172
-51.4289719406596 -29.2938077897205 14.1797755299772
-50.3832948002814 -30.0393836729595 14.4998444724407
-49.3151471211022 -30.7520035355663 14.7984950859196
-48.2260175553917 -31.4311947151269 15.0751276483158
-47.1174169369406 -32.0765532200208 15.3291582066648
-45.990875594384 -32.687745246421 15.5600188561158
-44.8479406580747 -33.2645086643388 15.7671580240149
-43.6901733616133 -33.8066544863331 15.950040771247
-42.519146335666 -34.3140683333961 16.1081491248573
-41.3364408877637 -34.786711912906 16.2409824577533
-40.1436442574441 -35.2246245233106 16.34805793295
-38.9423468314958 -35.6279245992853 16.4289110313239
-37.7341392993078 -35.9968113094478 16.4830961831556
-36.5206097235621 -36.3315662162434 16.5101875248682
-35.3033404968752 -36.6325550043415 16.5097798032975
-34.0839051506371 -36.900229279789 16.4814894506013
-32.8638649783423 -37.1351284372669 16.424955853558
-31.6447654322667 -37.3378815871319 16.3398428415876
-30.428132249495 -37.5092095274965 16.2258404184183
-29.215467261113 -37.6499267394593 16.0826667630062
-28.0082438368604 -37.7609433756974 15.9100705261765
-26.8079019167053 -37.8432672039617 15.7078334505674
-25.6158425806397 -37.8980054574386 15.4757733428881
-24.4334221084975 -37.9263665333019 15.2137474292628
-23.2619454827782 -37.9296614687874 14.9216561265074
-22.1026592894075 -37.9093051104155 14.5994472644546
-20.9567439742383 -37.8668168760648 14.2471207966983
-19.8253054172426 -37.8038209908486 13.8647340389852
-18.7093657923035 -37.7220460554658 13.4524074753519
-17.6098536891678 -37.6233237791033 13.0103311710956
-16.5275934867525 -37.5095866773497 12.5387718274779
-15.4632939854454 -37.3828644984505 12.038080503874
-14.4175363327971 -37.2452790986599 11.5087010164285
-13.3907613152674 -37.0990374405843 10.9511789949987
-12.3832561422998 -36.9464223402017 10.3661715384632
-11.3951409220327 -36.7897805443182 9.75445734827468
-10.4263551240115 -36.6315076898586 9.1169471378571
-9.47664444503084 -36.4740296930766 8.45469400925663
-8.54554863765626 -36.3197801580907 7.76890336007999
-7.63239101891798 -36.1711735001359 7.06094174050739
-6.73627053289959 -36.0305736685336 6.33234393672218
-5.8560573701916 -35.9002586400301 5.58481743610429
-4.99039321639007 -35.7823812338242 4.82024336022066
-4.13769717453127 -35.6789272544174 4.04067296573174
-3.29617825022442 -35.5916724528976 3.24831893831232
-2.46385498475841 -35.522140244906 2.44554095557308
-1.63858237535722 -35.4715624542547 1.6348253666189
-0.818085667042938 -35.440845486348 0.818759298499387
-3.31888938166238e-13 -35.4305442167227 3.4456017530196e-13
0.818085667042273 -35.440845486348 -0.818759298498699
1.63858237535655 -35.4715624542547 -1.63482536661822
2.46385498475774 -35.5221402449059 -2.4455409555724
3.29617825022374 -35.5916724528975 -3.24831893831165
4.13769717453058 -35.6789272544173 -4.04067296573108
4.99039321638938 -35.7823812338242 -4.82024336022001
5.85605737019089 -35.90025864003 -5.58481743610366
6.73627053289887 -36.0305736685335 -6.33234393672156
7.63239101891724 -36.1711735001358 -7.06094174050679
8.54554863765551 -36.3197801580905 -7.76890336007941
9.47664444503007 -36.4740296930764 -8.45469400925607
10.4263551240107 -36.6315076898585 -9.11694713785655
11.3951409220319 -36.7897805443181 -9.75445734827415
12.383256142299 -36.9464223402016 -10.3661715384627
13.3907613152666 -37.0990374405842 -10.9511789949982
14.4175363327962 -37.2452790986598 -11.508701016428
15.4632939854446 -37.3828644984504 -12.0380805038736
16.5275934867516 -37.5095866773496 -12.5387718274774
17.6098536891669 -37.6233237791032 -13.0103311710952
18.7093657923026 -37.7220460554657 -13.4524074753515
19.8253054172417 -37.8038209908485 -13.8647340389849
20.9567439742374 -37.8668168760648 -14.247120796698
22.1026592894066 -37.9093051104155 -14.5994472644543
23.2619454827773 -37.9296614687873 -14.9216561265071
24.4334221084966 -37.9263665333019 -15.2137474292625
25.6158425806388 -37.8980054574386 -15.4757733428878
26.8079019167043 -37.8432672039617 -15.7078334505672
28.0082438368595 -37.7609433756975 -15.9100705261763
29.2154672611121 -37.6499267394594 -16.0826667630061
30.428132249494 -37.5092095274966 -16.2258404184181
31.6447654322658 -37.337881587132 -16.3398428415875
32.8638649783413 -37.1351284372671 -16.4249558535579
34.0839051506361 -36.9002292797891 -16.4814894506012
35.3033404968743 -36.6325550043417 -16.5097798032974
36.5206097235612 -36.3315662162436 -16.5101875248682
37.7341392993068 -35.9968113094481 -16.4830961831556
38.9423468314948 -35.6279245992856 -16.4289110313239
40.1436442574432 -35.2246245233109 -16.34805793295
41.3364408877628 -34.7867119129064 -16.2409824577533
42.5191463356651 -34.3140683333964 -16.1081491248574
43.6901733616124 -33.8066544863335 -15.9500407712471
44.8479406580738 -33.2645086643392 -15.767158024015
45.9908755943831 -32.6877452464214 -15.5600188561159
47.1174169369398 -32.0765532200213 -15.3291582066649
48.2260175553909 -31.4311947151274 -15.0751276483159
49.3151471211014 -30.7520035355667 -14.7984950859197
50.3832948002806 -30.0393836729599 -14.4998444724409
51.4289719406588 -29.2938077897209 -14.1797755299774
52.4507147476686 -28.5158156587852 -13.8389034656173
53.4470869437059 -27.7060125493588 -13.4778586737444
54.4166824022375 -26.8650675497957 -13.0972864182173
55.3581277472666 -25.9937118206272 -12.6978464895597
56.2700849079351 -25.0927367727098 -12.2802128338711
57.1512536177688 -24.1629921673363 -11.8450731515865
58.0003738482162 -23.2053841369262 -11.3931284654418
58.8162281666039 -22.2208731265113 -10.9250926580497
59.5976440093788 -21.210471757641 -10.4416919803452
60.3434958624507 -20.1752426175219 -9.94366453282436
61.0527073415223 -19.1162959771708 -9.43175972199084
61.7242531664421 -18.0347874431056 -8.90673769475012
62.3571610247826 -16.9319155476238 -8.36936875367177
62.9505133209848 -15.808919283053 -7.82043275609006
63.5034488084928 -14.6670755855086 -7.2607184999575
64.0151641032853 -13.5076967736936 -6.69102309922
64.484915078091 -12.3321279481461 -6.11215135126762
64.9120181373244 -11.1417443561027 -5.52491509874827
65.2958513733953 -9.93794872683153 -4.93013258773072
65.6358556055281 -8.72216858191888 -4.32862782388177
65.9315353025748 -7.49585352458428 -3.72122992799495
66.1824593915253 -6.26047251168233 -3.10877249188492
66.3882619535166 -5.01751111163075 -2.49209293535347
66.5486428091353 -3.7684687511079 -1.87203186464748
66.6633679946999 -2.51485595299848 -1.24943243257354
66.7322701310169 -1.2581915677456 -0.625139700213041

-2.72254271031048e-12 66.755248685852 1.36918472478163e-12
-1.2581915677476 66.7322701310195 0.625139700214069
-2.51485595300039 66.6633679947024 1.24943243257452
-3.76846875110971 66.5486428091377 1.87203186464842
-5.01751111163247 66.3882619535189 2.49209293535437
-6.26047251168395 66.1824593915276 3.10877249188577
-7.49585352458581 65.9315353025769 3.72122992799575
-8.72216858192031 65.6358556055301 4.32862782388252
-9.93794872683285 65.2958513733973 4.93013258773143
-11.1417443561039 64.9120181373263 5.52491509874893
-12.3321279481472 64.4849150780928 6.11215135126823
-13.5076967736946 64.015164103287 6.69102309922056
-14.6670755855095 63.5034488084945 7.26071849995801
-15.8089192830538 62.9505133209864 7.82043275609052
-16.9319155476245 62.357161024784 8.36936875367218
-18.0347874431062 61.7242531664435 8.90673769475048
-19.1162959771713 61.0527073415236 9.43175972199115
-20.1752426175223 60.343495862452 9.94366453282463
-21.2104717576413 59.59764400938 10.4416919803454
-22.2208731265115 58.8162281666051 10.9250926580498
-23.2053841369263 58.0003738482174 11.3931284654419
-24.1629921673364 57.1512536177699 11.8450731515866
-25.0927367727098 56.2700849079361 12.2802128338711
-25.9937118206271 55.3581277472676 12.6978464895597
-26.8650675497955 54.4166824022385 13.0972864182173
-27.7060125493586 53.4470869437069 13.4778586737443
-28.5158156587849 52.4507147476696 13.8389034656172
-29.2938077897206 51.4289719406598 14.1797755299773
-30.0393836729595 50.3832948002816 14.4998444724408
-30.7520035355663 49.3151471211024 14.7984950859196
-31.4311947151269 48.2260175553918 15.0751276483158
-32.0765532200208 47.1174169369407 15.3291582066647
-32.6877452464209 45.9908755943841 15.5600188561157
-33.2645086643387 44.8479406580748 15.7671580240148
-33.806654486333 43.6901733616133 15.9500407712469
-34.3140683333959 42.519146335666 16.1081491248572
-34.7867119129059 41.3364408877638 16.2409824577531
-35.2246245233104 40.1436442574441 16.3480579329499
-35.6279245992851 38.9423468314958 16.4289110313237
-35.9968113094476 37.7341392993078 16.4830961831554
-36.3315662162432 36.5206097235621 16.510187524868
-36.6325550043413 35.3033404968752 16.5097798032973
-36.9002292797887 34.083905150637 16.4814894506011
-37.1351284372667 32.8638649783423 16.4249558535577
-37.3378815871316 31.6447654322667 16.3398428415873
-37.5092095274963 30.4281322494949 16.225840418418
-37.6499267394591 29.215467261113 16.0826667630059
-37.7609433756972 28.0082438368604 15.9100705261762
-37.8432672039615 26.8079019167052 15.7078334505671
-37.8980054574384 25.6158425806396 15.4757733428877
-37.9263665333017 24.4334221084974 15.2137474292624
-37.9296614687872 23.2619454827781 14.921656126507
-37.9093051104153 22.1026592894073 14.5994472644542
-37.8668168760646 20.9567439742381 14.2471207966979
-37.8038209908484 19.8253054172424 13.8647340389848
-37.7220460554656 18.7093657923033 13.4524074753515
-37.6233237791031 17.6098536891675 13.0103311710951
-37.5095866773495 16.5275934867522 12.5387718274774
-37.3828644984504 15.4632939854451 12.0380805038735
-37.2452790986598 14.4175363327968 11.508701016428
-37.0990374405842 13.3907613152671 10.9511789949982
-36.9464223402016 12.3832561422994 10.3661715384626
-36.7897805443181 11.3951409220323 9.7544573482741
-36.6315076898586 10.4263551240111 9.11694713785649
-36.4740296930765 9.47664444503044 8.45469400925601
-36.3197801580906 8.54554863765585 7.76890336007935
-36.1711735001359 7.63239101891754 7.06094174050672
-36.0305736685337 6.73627053289913 6.3323439367215
-35.9002586400302 5.85605737019111 5.58481743610359
-35.7823812338243 4.99039321638955 4.82024336021994
-35.6789272544175 4.13769717453071 4.04067296573101
-35.5916724528977 3.29617825022383 3.24831893831158
-35.5221402449061 2.46385498475779 2.44554095557233
-35.4715624542549 1.63858237535656 1.63482536661815
-35.4408454863482 0.818085667042234 0.818759298498632
-35.4305442167229 -4.16244911496371e-13 -4.09251242206257e-13
-35.4408454863483 -0.818085667043068 -0.81875929849945
-35.471562454255 -1.6385823753574 -1.63482536661896
-35.5221402449062 -2.46385498475863 -2.44554095557314
-35.5916724528978 -3.29617825022469 -3.24831893831237
-35.6789272544176 -4.13769717453158 -4.0406729657318
-35.7823812338244 -4.99039321639044 -4.82024336022071
-35.9002586400303 -5.85605737019201 -5.58481743610434
-36.0305736685338 -6.73627053290004 -6.33234393672223
-36.1711735001361 -7.63239101891847 -7.06094174050744
-36.3197801580908 -8.54554863765681 -7.76890336008004
-36.4740296930767 -9.47664444503142 -8.45469400925668
-36.6315076898587 -10.4263551240121 -9.11694713785714
-36.7897805443183 -11.3951409220333 -9.75445734827472
-36.9464223402017 -12.3832561423005 -10.3661715384632
-37.0990374405843 -13.3907613152682 -10.9511789949987
-37.2452790986599 -14.4175363327979 -11.5087010164285
-37.3828644984505 -15.4632939854463 -12.038080503874
-37.5095866773497 -16.5275934867534 -12.5387718274779
-37.6233237791032 -17.6098536891687 -13.0103311710955
-37.7220460554657 -18.7093657923045 -13.4524074753519
-37.8038209908484 -19.8253054172437 -13.8647340389852
-37.8668168760646 -20.9567439742394 -14.2471207966983
-37.9093051104153 -22.1026592894086 -14.5994472644545
-37.9296614687871 -23.2619454827794 -14.9216561265073
-37.9263665333016 -24.4334221084987 -15.2137474292627
-37.8980054574383 -25.615842580641 -15.4757733428879
-37.8432672039614 -26.8079019167066 -15.7078334505673
-37.760943375697 -28.0082438368618 -15.9100705261763
-37.6499267394588 -29.2154672611144 -16.082666763006
-37.509209527496 -30.4281322494964 -16.2258404184181
-37.3378815871313 -31.6447654322681 -16.3398428415874
-37.1351284372664 -32.8638649783437 -16.4249558535577
-36.9002292797883 -34.0839051506385 -16.481489450601
-36.6325550043408 -35.3033404968767 -16.5097798032972
-36.3315662162426 -36.5206097235637 -16.5101875248679
-35.996811309447 -37.7341392993093 -16.4830961831552
-35.6279245992844 -38.9423468314973 -16.4289110313235
-35.2246245233096 -40.1436442574457 -16.3480579329496
-34.786711912905 -41.3364408877653 -16.2409824577528
-34.314068333395 -42.5191463356676 -16.1081491248568
-33.8066544863319 -43.6901733616149 -15.9500407712464
-33.2645086643375 -44.8479406580763 -15.7671580240143
-32.6877452464197 -45.9908755943856 -15.5600188561152
-32.0765532200195 -47.1174169369422 -15.3291582066641
-31.4311947151255 -48.2260175553933 -15.0751276483151
-30.7520035355648 -49.3151471211038 -14.7984950859188
-30.0393836729579 -50.383294800283 -14.49984447244
-29.2938077897188 -51.4289719406611 -14.1797755299764
-28.515815658783 -52.4507147476709 -13.8389034656163
-27.7060125493565 -53.4470869437082 -13.4778586737433
-26.8650675497933 -54.4166824022397 -13.0972864182162
-25.9937118206247 -55.3581277472688 -12.6978464895585
-25.0927367727073 -56.2700849079372 -12.2802128338699
-24.1629921673337 -57.1512536177709 -11.8450731515853
-23.2053841369236 -58.0003738482183 -11.3931284654405
-22.2208731265086 -58.8162281666059 -10.9250926580483
-21.2104717576382 -59.5976440093807 -10.4416919803438
-20.175242617519 -60.3434958624525 -9.94366453282296
-19.1162959771679 -61.052707341524 -9.4317597219894
-18.0347874431026 -61.7242531664438 -8.90673769474865
-16.9319155476207 -62.3571610247841 -8.36936875367027
-15.8089192830499 -62.9505133209863 -7.82043275608854
-14.6670755855055 -63.5034488084942 -7.26071849995595
-13.5076967736904 -64.0151641032866 -6.69102309921842
-12.3321279481429 -64.4849150780922 -6.11215135126601
-11.1417443560994 -64.9120181373255 -5.52491509874664
-9.9379487268282 -65.2958513733963 -4.93013258772907
-8.72216858191552 -65.6358556055289 -4.3286278238801
-7.49585352458089 -65.9315353025756 -3.72122992799326
-6.26047251167892 -66.182459391526 -3.10877249188323
-5.01751111162731 -66.3882619535171 -2.49209293535176
-3.76846875110444 -66.5486428091357 -1.87203186464576
-2.51485595299501 -66.6633679947002 -1.24943243257181
-1.25819156774212 -66.7322701310171 -0.625139700211309
2.85342159764821e-12 -66.7552486858493 1.43393138246777e-12
1.25819156774782 -66.7322701310169 0.625139700214175
2.5148559530007 -66.6633679946997 1.24943243257467
3.76846875111012 -66.5486428091351 1.87203186464861
5.01751111163296 -66.3882619535162 2.4920929353546
6.26047251168453 -66.1824593915249 3.10877249188605
7.49585352458647 -65.9315353025743 3.72122992799606
8.72216858192106 -65.6358556055275 4.32862782388287
9.93794872683369 -65.2958513733946 4.93013258773181
11.1417443561048 -64.9120181373237 5.52491509874935
12.3321279481482 -64.4849150780901 6.11215135126869
13.5076967736957 -64.0151641032843 6.69102309922105
14.6670755855107 -63.5034488084918 7.26071849995854
15.8089192830551 -62.9505133209837 7.82043275609108
16.9319155476258 -62.3571610247813 8.36936875367276
18.0347874431075 -61.7242531664408 8.90673769475109
19.1162959771727 -61.0527073415208 9.43175972199178
20.1752426175238 -60.3434958624492 9.94366453282528
21.2104717576429 -59.5976440093772 10.441691980346
22.2208731265131 -58.8162281666023 10.9250926580505
23.205384136928 -58.0003738482145 11.3931284654426
24.162992167338 -57.1512536177669 11.8450731515873
25.0927367727114 -56.2700849079331 12.2802128338718
25.9937118206288 -55.3581277472646 12.6978464895604
26.8650675497972 -54.4166824022354 13.097286418218
27.7060125493603 -53.4470869437038 13.477858673745
28.5158156587866 -52.4507147476663 13.8389034656179
29.2938077897223 -51.4289719406565 14.179775529978
30.0393836729612 -50.3832948002782 14.4998444724414
30.7520035355679 -49.315147121099 14.7984950859202
31.4311947151285 -48.2260175553884 15.0751276483163
32.0765532200223 -47.1174169369372 15.3291582066652
32.6877452464224 -45.9908755943805 15.5600188561162
33.2645086643401 -44.8479406580711 15.7671580240152
33.8066544863343 -43.6901733616096 15.9500407712472
34.3140683333972 -42.5191463356623 16.1081491248575
34.7867119129071 -41.33644088776 16.2409824577534
35.2246245233115 -40.1436442574403 16.34805793295
35.6279245992862 -38.9423468314919 16.4289110313238
35.9968113094486 -37.7341392993039 16.4830961831554
36.331566216244 -36.5206097235582 16.510187524868
36.6325550043421 -35.3033404968713 16.5097798032972
36.9002292797894 -34.083905150633 16.4814894506008
37.1351284372673 -32.8638649783383 16.4249558535574
37.3378815871322 -31.6447654322626 16.339842841587
37.5092095274967 -30.4281322494909 16.2258404184175
37.6499267394594 -29.2154672611089 16.0826667630054
37.7609433756975 -28.0082438368563 15.9100705261755
37.8432672039617 -26.8079019167012 15.7078334505663
37.8980054574385 -25.6158425806356 15.4757733428869
37.9263665333017 -24.4334221084934 15.2137474292615
37.9296614687871 -23.2619454827742 14.9216561265059
37.9093051104152 -22.1026592894035 14.599447264453
37.8668168760644 -20.9567439742343 14.2471207966967
37.8038209908481 -19.8253054172386 13.8647340389835
37.7220460554653 -18.7093657922995 13.45240747535
37.6233237791027 -17.6098536891638 13.0103311710935
37.5095866773491 -16.5275934867485 12.5387718274757
37.3828644984499 -15.4632939854415 12.0380805038718
37.2452790986593 -14.4175363327932 11.5087010164261
37.0990374405837 -13.3907613152636 10.9511789949962
36.9464223402011 -12.383256142296 10.3661715384606
36.7897805443176 -11.3951409220289 9.75445734827195
36.631507689858 -10.4263551240078 9.11694713785426
36.474029693076 -9.47664444502721 8.45469400925369
36.3197801580901 -8.54554863765268 7.76890336007695
36.1711735001354 -7.63239101891442 7.06094174050425
36.0305736685332 -6.73627053289607 6.33234393671895
35.9002586400297 -5.8560573701881 5.58481743610099
35.7823812338239 -4.99039321638659 4.82024336021728
35.6789272544171 -4.1376971745278 4.04067296572831
35.5916724528974 -3.29617825022095 3.24831893830883
35.5221402449059 -2.46385498475493 2.44554095556956
35.4715624542548 -1.63858237535372 1.63482536661535
35.4408454863482 -0.81808566703941 0.818759298495817
35.4305442167229 3.23559291479146e-12 -3.22957445792816e-12
35.4408454863483 0.818085667045891 -0.818759298502265
35.4715624542551 1.63858237536023 -1.63482536662176
35.5221402449064 2.46385498476149 -2.44554095557592
35.5916724528981 3.29617825022757 -3.24831893831512
35.6789272544179 4.13769717453449 -4.0406729657345
35.7823812338248 4.99039321639339 -4.82024336022337
35.9002586400307 5.856057370195 -5.58481743610695
36.0305736685343 6.73627053290309 -6.33234393672477
36.1711735001366 7.63239101892157 -7.06094174050991
36.3197801580913 8.54554863765996 -7.76890336008244
36.4740296930772 9.47664444503464 -8.454694009259
36.6315076898593 10.4263551240154 -9.11694713785937
36.7897805443188 11.3951409220367 -9.75445734827687
36.9464223402023 12.3832561423039 -10.3661715384653
37.0990374405849 13.3907613152716 -10.9511789950007
37.2452790986604 14.4175363328014 -11.5087010164304
37.382864498451 15.4632939854498 -12.0380805038758
37.5095866773501 16.527593486757 -12.5387718274796
37.6233237791036 17.6098536891724 -13.0103311710971
37.7220460554661 18.7093657923082 -13.4524074753534
37.8038209908487 19.8253054172474 -13.8647340389866
37.8668168760649 20.9567439742432 -14.2471207966995
37.9093051104155 22.1026592894125 -14.5994472644557
37.9296614687872 23.2619454827833 -14.9216561265084
37.9263665333016 24.4334221085026 -15.2137474292637
37.8980054574382 25.6158425806449 -15.4757733428888
37.8432672039612 26.8079019167105 -15.707833450568
37.7609433756968 28.0082438368657 -15.910070526177
37.6499267394585 29.2154672611183 -16.0826667630066
37.5092095274956 30.4281322495004 -16.2258404184186
37.3378815871308 31.6447654322721 -16.3398428415878
37.1351284372658 32.8638649783477 -16.424955853558
36.9002292797876 34.0839051506425 -16.4814894506012
36.6325550043401 35.3033404968807 -16.5097798032973
36.3315662162418 36.5206097235675 -16.5101875248679
35.9968113094461 37.7341392993132 -16.4830961831552
35.6279245992834 38.9423468315011 -16.4289110313234
35.2246245233086 40.1436442574495 -16.3480579329494
34.7867119129039 41.336440887769 -16.2409824577526
34.3140683333938 42.5191463356713 -16.1081491248565
33.8066544863307 43.6901733616185 -15.9500407712461
33.2645086643362 44.8479406580799 -15.7671580240139
32.6877452464183 45.9908755943891 -15.5600188561148
32.0765532200181 47.1174169369457 -15.3291582066636
31.4311947151241 48.2260175553967 -15.0751276483146
30.7520035355633 49.3151471211072 -14.7984950859183
30.0393836729564 50.3832948002863 -14.4998444724394
29.2938077897173 51.4289719406644 -14.1797755299758
28.5158156587814 52.4507147476741 -13.8389034656157
27.706012549355 53.4470869437113 -13.4778586737427
26.8650675497918 54.4166824022427 -13.0972864182156
25.9937118206232 55.3581277472718 -12.6978464895579
25.0927367727058 56.2700849079401 -12.2802128338692
24.1629921673323 57.1512536177737 -11.8450731515847
23.2053841369221 58.0003738482211 -11.3931284654399
22.2208731265072 58.8162281666087 -10.9250926580477
21.2104717576369 59.5976440093835 -10.4416919803432
20.1752426175178 60.3434958624552 -9.94366453282241
19.1162959771667 61.0527073415267 -9.43175972198888
18.0347874431014 61.7242531664464 -8.90673769474814
16.9319155476196 62.3571610247868 -8.36936875366979
15.8089192830489 62.9505133209889 -7.82043275608809
14.6670755855045 63.5034488084968 -7.26071849995553
13.5076967736896 64.0151641032892 -6.69102309921804
12.3321279481421 64.4849150780948 -6.11215135126567
11.1417443560987 64.9120181373281 -5.52491509874634
9.93794872682761 65.2958513733989 -4.9301325877288
8.72216858191502 65.6358556055315 -4.32862782387987
7.49585352458048 65.9315353025782 -3.72122992799308
6.26047251167859 66.1824593915286 -3.10877249188308
5.01751111162708 66.3882619535197 -2.49209293535166
3.7684687511043 66.5486428091383 -1.8720318646457
2.51485595299496 66.6633679947028 -1.24943243257179
1.25819156774216 66.7322701310197 -0.625139700211332
