1 3.9875e-10 
2 4.21053e-10 
3 4.36487e-10 
4 6.51886e-10 
5 6.80187e-10 
6 6.99568e-10 
7 7.14722e-10 
8 2.35062e-09 
9 2.3593e-09 
10 2.59923e-09 
11 2.77491e-09 
12 2.90257e-09 
13 6.23462e-09 
14 6.57936e-09 
15 6.70829e-09 
16 7.21882e-09 
17 7.22213e-09 
18 7.23661e-09 
19 7.24129e-09 
20 7.24974e-09 
21 7.37029e-09 
22 8.9619e-09 
23 9.18139e-09 
24 9.55705e-09 
25 9.57515e-09 
26 1.0617e-08 
27 1.07331e-08 
28 1.07337e-08 
29 1.07854e-08 
30 1.08992e-08 
31 1.1204e-08 
32 1.20537e-08 
33 1.54383e-08 
34 1.59169e-08 
35 1.59758e-08 
36 1.60229e-08 
37 1.61091e-08 
38 1.61615e-08 
39 1.6217e-08 
40 1.63093e-08 
41 1.63546e-08 
42 2.52266e-08 
43 2.68995e-08 
44 2.69217e-08 
45 2.69219e-08 
46 2.77554e-08 
47 2.80398e-08 
48 2.82586e-08 
49 2.87641e-08 
50 2.95789e-08 
51 3.0113e-08 
52 3.08614e-08 
53 3.08683e-08 
54 3.08722e-08 
55 3.08772e-08 
56 3.08779e-08 
57 3.08809e-08 
58 3.0884e-08 
59 3.08842e-08 
60 3.08857e-08 
61 3.08873e-08 
62 3.08903e-08 
63 3.09227e-08 
64 3.09739e-08 
65 3.098e-08 
66 3.09865e-08 
67 3.10532e-08 
68 3.10703e-08 
69 3.11118e-08 
70 3.11399e-08 
71 3.13257e-08 
72 3.19825e-08 
73 3.31122e-08 
74 3.38564e-08 
75 3.54176e-08 
76 3.5427e-08 
77 3.54326e-08 
78 3.54328e-08 
79 3.55222e-08 
80 3.55229e-08 
81 3.55592e-08 
82 3.55855e-08 
83 3.55978e-08 
84 3.56182e-08 
85 3.5624e-08 
86 3.5643e-08 
87 3.56537e-08 
88 3.56598e-08 
89 3.56789e-08 
90 3.5692e-08 
91 3.57173e-08 
92 3.5724e-08 
93 3.57357e-08 
94 3.5742e-08 
95 3.57497e-08 
96 3.57569e-08 
97 3.57736e-08 
98 3.57829e-08 
99 3.58299e-08 
100 3.59282e-08 
101 3.77616e-08 
102 3.7778e-08 
103 3.80855e-08 
104 3.81047e-08 
105 3.81294e-08 
106 3.8234e-08 
107 3.82502e-08 
108 3.82605e-08 
109 3.82858e-08 
110 3.8307e-08 
111 3.83588e-08 
112 3.83914e-08 
113 3.84164e-08 
114 3.84331e-08 
115 3.84594e-08 
116 3.84929e-08 
117 3.85458e-08 
118 3.86694e-08 
119 3.87576e-08 
120 3.91027e-08 
121 4.07019e-08 
122 4.0914e-08 
123 4.09873e-08 
124 4.10531e-08 
125 4.1056e-08 
126 4.10606e-08 
127 4.10677e-08 
128 4.10762e-08 
129 4.11032e-08 
130 4.11271e-08 
131 4.11366e-08 
132 4.11748e-08 
133 4.11887e-08 
134 4.12081e-08 
135 4.13265e-08 
136 4.14105e-08 
137 4.31903e-08 
138 4.32598e-08 
139 4.34312e-08 
140 4.35512e-08 
141 4.35833e-08 
142 4.35896e-08 
143 4.35934e-08 
144 4.35964e-08 
145 4.36104e-08 
146 4.36223e-08 
147 4.36525e-08 
148 4.36681e-08 
149 4.37083e-08 
150 4.37251e-08 
151 4.37305e-08 
152 4.38124e-08 
153 4.38813e-08 
154 4.39203e-08 
155 4.39562e-08 
156 4.63309e-08 
157 4.66453e-08 
158 4.69695e-08 
159 4.69854e-08 
160 4.70014e-08 
161 4.71196e-08 
162 4.71496e-08 
163 4.71943e-08 
164 4.72408e-08 
165 4.72787e-08 
166 4.73584e-08 
167 4.73981e-08 
168 4.74289e-08 
169 4.74874e-08 
170 4.75402e-08 
171 4.75616e-08 
172 4.80146e-08 
173 4.90077e-08 
174 4.92038e-08 
175 4.92571e-08 
176 4.9264e-08 
177 4.92659e-08 
178 4.92732e-08 
179 4.92766e-08 
180 4.92924e-08 
181 4.93146e-08 
182 4.93262e-08 
183 4.93333e-08 
184 4.93415e-08 
185 4.93458e-08 
186 4.93633e-08 
187 4.93926e-08 
188 4.93981e-08 
189 4.94121e-08 
190 4.94206e-08 
191 4.94443e-08 
192 4.94568e-08 
193 4.94733e-08 
194 4.95039e-08 
195 4.95259e-08 
196 5.15596e-08 
197 5.16637e-08 
198 5.17121e-08 
199 5.17132e-08 
200 5.17256e-08 
201 5.18466e-08 
202 5.18894e-08 
203 5.1925e-08 
204 5.19547e-08 
205 5.19772e-08 
206 5.20354e-08 
207 5.20971e-08 
208 5.21303e-08 
209 5.2157e-08 
210 5.22105e-08 
211 5.22881e-08 
212 5.31823e-08 
213 5.63422e-08 
214 5.63666e-08 
215 5.65383e-08 
216 5.66192e-08 
217 5.66763e-08 
218 5.66792e-08 
219 5.67227e-08 
220 5.67319e-08 
221 5.67375e-08 
222 5.6747e-08 
223 5.67558e-08 
224 5.67652e-08 
225 5.67715e-08 
226 5.67817e-08 
227 5.67847e-08 
228 5.67948e-08 
229 5.67988e-08 
230 5.68114e-08 
231 5.6822e-08 
232 5.68337e-08 
233 5.68638e-08 
234 5.68764e-08 
235 5.70068e-08 
236 5.70838e-08 
237 5.71795e-08 
238 5.728e-08 
239 6.06251e-08 
240 6.06545e-08 
241 6.0982e-08 
242 6.09937e-08 
243 6.10899e-08 
244 6.11416e-08 
245 6.12152e-08 
246 6.12396e-08 
247 6.12773e-08 
248 6.13103e-08 
249 6.13539e-08 
250 6.13715e-08 
251 6.13895e-08 
252 6.14104e-08 
253 6.14266e-08 
254 6.14635e-08 
255 6.15326e-08 
256 6.1622e-08 
257 6.16474e-08 
258 6.16832e-08 
259 6.17295e-08 
260 6.17772e-08 
261 6.1807e-08 
262 6.28319e-08 
263 6.55828e-08 
264 6.56017e-08 
265 6.56019e-08 
266 6.56284e-08 
267 6.56926e-08 
268 6.57087e-08 
269 6.57673e-08 
270 6.57888e-08 
271 6.57897e-08 
272 6.58243e-08 
273 6.58557e-08 
274 6.58616e-08 
275 6.5871e-08 
276 6.59604e-08 
277 6.60126e-08 
278 6.60775e-08 
279 6.61388e-08 
280 6.6223e-08 
281 6.63599e-08 
282 6.78588e-08 
283 7.2491e-08 
284 7.28575e-08 
285 7.28632e-08 
286 7.28715e-08 
287 7.29949e-08 
288 7.30028e-08 
289 7.30082e-08 
290 7.30131e-08 
291 7.30194e-08 
292 7.3033e-08 
293 7.3041e-08 
294 7.30702e-08 
295 7.31104e-08 
296 7.31312e-08 
297 7.31556e-08 
298 7.31787e-08 
299 7.31948e-08 
300 7.32674e-08 
301 7.3298e-08 
302 7.33101e-08 
303 7.33359e-08 
304 7.33641e-08 
305 7.33983e-08 
306 7.34362e-08 
307 7.34578e-08 
308 7.34766e-08 
309 7.35195e-08 
310 7.42292e-08 
311 7.88632e-08 
312 7.9406e-08 
313 7.95843e-08 
314 7.98215e-08 
315 8.0023e-08 
316 8.16268e-08 
317 8.65798e-08 
318 8.7025e-08 
319 8.70383e-08 
320 8.70622e-08 
321 8.70976e-08 
322 8.71363e-08 
323 8.71698e-08 
324 8.71904e-08 
325 8.7218e-08 
326 8.72617e-08 
327 8.72844e-08 
328 8.73095e-08 
329 8.73593e-08 
330 8.74346e-08 
331 8.74635e-08 
332 8.75031e-08 
333 8.75435e-08 
334 8.76733e-08 
335 8.77807e-08 
336 8.83682e-08 
337 9.04576e-08 
338 9.61961e-08 
339 9.62306e-08 
340 9.63096e-08 
341 9.64658e-08 
342 9.65611e-08 
343 9.66025e-08 
344 9.66143e-08 
345 9.66299e-08 
346 9.66568e-08 
347 9.66592e-08 
348 9.66715e-08 
349 9.66786e-08 
350 9.66888e-08 
351 9.66943e-08 
352 9.67041e-08 
353 9.67267e-08 
354 9.67446e-08 
355 9.67974e-08 
356 9.68077e-08 
357 9.68155e-08 
358 9.68243e-08 
359 9.68409e-08 
360 9.68583e-08 
361 9.69338e-08 
362 9.69536e-08 
363 9.70057e-08 
364 9.70464e-08 
365 9.70887e-08 
366 9.7105e-08 
367 9.7143e-08 
368 9.71643e-08 
369 9.7177e-08 
370 9.71932e-08 
371 9.72241e-08 
372 9.99455e-08 
373 1.00096e-07 
374 1.00097e-07 
375 1.00273e-07 
376 1.00328e-07 
377 1.00377e-07 
378 1.00408e-07 
379 1.0046e-07 
380 1.00524e-07 
381 1.00604e-07 
382 1.00708e-07 
383 1.00767e-07 
384 1.00848e-07 
385 1.00948e-07 
386 1.01048e-07 
387 1.01385e-07 
388 1.10402e-07 
389 1.10722e-07 
390 1.11309e-07 
391 1.11504e-07 
392 1.11792e-07 
393 1.11983e-07 
394 1.12334e-07 
395 1.1265e-07 
396 1.13079e-07 
397 1.15319e-07 
398 1.26615e-07 
399 1.26707e-07 
400 1.26707e-07 
401 1.26947e-07 
402 1.27094e-07 
403 1.27099e-07 
404 1.27219e-07 
405 1.27234e-07 
406 1.27266e-07 
407 1.27293e-07 
408 1.27312e-07 
409 1.27361e-07 
410 1.27391e-07 
411 1.27419e-07 
412 1.27459e-07 
413 1.27468e-07 
414 1.2748e-07 
415 1.27505e-07 
416 1.27513e-07 
417 1.27547e-07 
418 1.27581e-07 
419 1.27655e-07 
420 1.27669e-07 
421 1.27675e-07 
422 1.27691e-07 
423 1.27705e-07 
424 1.27792e-07 
425 1.27845e-07 
426 1.2792e-07 
427 1.27951e-07 
428 1.27962e-07 
429 1.28016e-07 
430 1.28038e-07 
431 1.28081e-07 
432 1.28133e-07 
433 1.28165e-07 
434 1.28217e-07 
435 1.28279e-07 
436 1.28352e-07 
437 1.28401e-07 
438 1.28446e-07 
439 1.28541e-07 
440 1.28677e-07 
441 1.28965e-07 
442 1.29934e-07 
443 1.30102e-07 
444 1.61384e-07 
445 1.62948e-07 
446 1.63086e-07 
447 1.631e-07 
448 1.63489e-07 
449 1.6401e-07 
450 1.64557e-07 
451 1.64831e-07 
452 1.64933e-07 
453 1.65128e-07 
454 1.65629e-07 
455 1.65836e-07 
456 1.66008e-07 
457 1.66307e-07 
458 1.66547e-07 
459 1.6719e-07 
460 1.67612e-07 
461 1.67944e-07 
462 1.68438e-07 
463 1.68848e-07 
464 1.69167e-07 
465 1.69502e-07 
466 1.70113e-07 
467 1.70809e-07 
468 1.79076e-07 
469 1.79127e-07 
470 1.79127e-07 
471 1.79328e-07 
472 1.79438e-07 
473 1.79462e-07 
474 1.79492e-07 
475 1.7953e-07 
476 1.79568e-07 
477 1.79618e-07 
478 1.79659e-07 
479 1.79721e-07 
480 1.79794e-07 
481 1.799e-07 
482 1.79964e-07 
483 1.80103e-07 
484 1.82991e-07 
485 1.83034e-07 
486 1.83123e-07 
487 1.83299e-07 
488 1.83313e-07 
489 1.83324e-07 
490 1.83353e-07 
491 1.83365e-07 
492 1.83378e-07 
493 1.83386e-07 
494 1.83397e-07 
495 1.83409e-07 
496 1.83419e-07 
497 1.83428e-07 
498 1.83454e-07 
499 1.8348e-07 
500 1.83507e-07 
501 1.83529e-07 
502 1.83545e-07 
503 1.83615e-07 
504 1.83652e-07 
505 1.83721e-07 
506 1.83776e-07 
507 1.83832e-07 
508 1.83866e-07 
509 1.83965e-07 
510 1.86517e-07 
511 1.97256e-07 
512 1.99887e-07 
513 2.05532e-07 
514 2.10045e-07 
515 2.10097e-07 
516 2.10097e-07 
517 2.10125e-07 
518 2.10135e-07 
519 2.10221e-07 
520 2.10221e-07 
521 2.10248e-07 
522 2.10266e-07 
523 2.10268e-07 
524 2.10279e-07 
525 2.10282e-07 
526 2.10335e-07 
527 2.10338e-07 
528 2.10341e-07 
529 2.10361e-07 
530 2.10369e-07 
531 2.10372e-07 
532 2.1039e-07 
533 2.10398e-07 
534 2.10403e-07 
535 2.10413e-07 
536 2.10421e-07 
537 2.10424e-07 
538 2.10428e-07 
539 2.10431e-07 
540 2.10438e-07 
541 2.1045e-07 
542 2.10454e-07 
543 2.10459e-07 
544 2.10464e-07 
545 2.10469e-07 
546 2.1048e-07 
547 2.10485e-07 
548 2.10512e-07 
549 2.10523e-07 
550 2.10542e-07 
551 2.10575e-07 
552 2.10594e-07 
553 2.10604e-07 
554 2.10633e-07 
555 2.10648e-07 
556 2.10661e-07 
557 2.10688e-07 
558 2.10713e-07 
559 2.10744e-07 
560 2.10762e-07 
561 2.10773e-07 
562 2.10789e-07 
563 2.10816e-07 
564 2.1086e-07 
565 2.10874e-07 
566 2.10885e-07 
567 2.10918e-07 
568 2.10962e-07 
569 2.11121e-07 
570 2.22671e-07 
571 2.22843e-07 
572 2.2304e-07 
573 2.2323e-07 
574 2.23429e-07 
575 2.23543e-07 
576 2.23577e-07 
577 2.23719e-07 
578 2.23763e-07 
579 2.23817e-07 
580 2.23922e-07 
581 2.23964e-07 
582 2.24002e-07 
583 2.24047e-07 
584 2.24207e-07 
585 2.24267e-07 
586 2.24332e-07 
587 2.24448e-07 
588 2.24561e-07 
589 2.24641e-07 
590 2.2475e-07 
591 2.24968e-07 
592 2.25059e-07 
593 2.2518e-07 
594 2.25321e-07 
595 2.25528e-07 
596 2.25642e-07 
597 2.25764e-07 
598 2.33042e-07 
599 2.33141e-07 
600 2.33141e-07 
601 2.33172e-07 
602 2.33196e-07 
603 2.3334e-07 
604 2.33462e-07 
605 2.3353e-07 
606 2.33623e-07 
607 2.33724e-07 
608 2.33856e-07 
609 2.33904e-07 
610 2.33962e-07 
611 2.34063e-07 
612 2.34133e-07 
613 2.34189e-07 
614 2.34282e-07 
615 2.34369e-07 
616 2.34561e-07 
617 2.34685e-07 
618 2.34845e-07 
619 2.36002e-07 
620 2.49037e-07 
621 2.49469e-07 
622 2.49491e-07 
623 2.49551e-07 
624 2.49625e-07 
625 2.49976e-07 
626 2.5003e-07 
627 2.50242e-07 
628 2.50293e-07 
629 2.50329e-07 
630 2.50371e-07 
631 2.50425e-07 
632 2.50501e-07 
633 2.50583e-07 
634 2.50692e-07 
635 2.50741e-07 
636 2.50854e-07 
637 2.50933e-07 
638 2.50986e-07 
639 2.51099e-07 
640 2.51143e-07 
641 2.51316e-07 
642 2.51425e-07 
643 2.51595e-07 
644 2.51718e-07 
645 2.51902e-07 
646 2.52048e-07 
647 2.5221e-07 
648 2.52453e-07 
649 2.53428e-07 
650 2.55264e-07 
651 2.64264e-07 
652 2.64418e-07 
653 2.64671e-07 
654 2.6495e-07 
655 2.65048e-07 
656 2.65057e-07 
657 2.65061e-07 
658 2.65069e-07 
659 2.65084e-07 
660 2.65088e-07 
661 2.65094e-07 
662 2.65102e-07 
663 2.65109e-07 
664 2.6512e-07 
665 2.65129e-07 
666 2.65137e-07 
667 2.65147e-07 
668 2.6518e-07 
669 2.65203e-07 
670 2.65229e-07 
671 2.65252e-07 
672 2.65274e-07 
673 2.65302e-07 
674 2.65332e-07 
675 2.65356e-07 
676 2.65373e-07 
677 2.6539e-07 
678 2.65405e-07 
679 2.65475e-07 
680 2.65535e-07 
681 2.65573e-07 
682 2.6562e-07 
683 2.65673e-07 
684 2.65697e-07 
685 2.65749e-07 
686 2.65795e-07 
687 2.65898e-07 
688 2.65928e-07 
689 2.66003e-07 
690 2.66044e-07 
691 2.66153e-07 
692 2.66227e-07 
693 2.66312e-07 
694 2.66768e-07 
695 2.68467e-07 
696 2.70339e-07 
697 2.73047e-07 
698 2.74794e-07 
699 2.77412e-07 
700 2.81426e-07 
701 2.88044e-07 
702 2.92032e-07 
703 2.98735e-07 
704 3.04643e-07 
705 3.12827e-07 
706 3.1953e-07 
707 3.19758e-07 
708 3.19784e-07 
709 3.19828e-07 
710 3.19874e-07 
711 3.19907e-07 
712 3.19935e-07 
713 3.19979e-07 
714 3.20021e-07 
715 3.20096e-07 
716 3.20172e-07 
717 3.20247e-07 
718 3.20329e-07 
719 3.20402e-07 
720 3.20484e-07 
721 3.20668e-07 
722 3.23681e-07 
723 3.28733e-07 
724 3.34526e-07 
725 3.34807e-07 
726 3.34811e-07 
727 3.34854e-07 
728 3.34917e-07 
729 3.34928e-07 
730 3.34931e-07 
731 3.34941e-07 
732 3.34945e-07 
733 3.34948e-07 
734 3.34953e-07 
735 3.34955e-07 
736 3.3496e-07 
737 3.3497e-07 
738 3.34976e-07 
739 3.34982e-07 
740 3.34986e-07 
741 3.34994e-07 
742 3.34998e-07 
743 3.3501e-07 
744 3.35024e-07 
745 3.35031e-07 
746 3.35042e-07 
747 3.35058e-07 
748 3.35068e-07 
749 3.35076e-07 
750 3.35087e-07 
751 3.35108e-07 
752 3.35126e-07 
753 3.35152e-07 
754 3.35169e-07 
755 3.35184e-07 
756 3.35211e-07 
757 3.3523e-07 
758 3.35265e-07 
759 3.35276e-07 
760 3.35291e-07 
761 3.35374e-07 
762 3.35391e-07 
763 3.35407e-07 
764 3.3543e-07 
765 3.35472e-07 
766 3.35501e-07 
767 3.35551e-07 
768 3.35583e-07 
769 3.35613e-07 
770 3.3566e-07 
771 3.35712e-07 
772 3.3625e-07 
773 3.42121e-07 
774 3.52463e-07 
775 3.52874e-07 
776 3.52886e-07 
777 3.52958e-07 
778 3.52981e-07 
779 3.53017e-07 
780 3.53026e-07 
781 3.53034e-07 
782 3.53039e-07 
783 3.53044e-07 
784 3.53054e-07 
785 3.53069e-07 
786 3.53081e-07 
787 3.53101e-07 
788 3.53121e-07 
789 3.53126e-07 
790 3.53134e-07 
791 3.53146e-07 
792 3.5317e-07 
793 3.53194e-07 
794 3.5322e-07 
795 3.53238e-07 
796 3.53257e-07 
797 3.53283e-07 
798 3.53303e-07 
799 3.53311e-07 
800 3.53333e-07 
801 3.53365e-07 
802 3.534e-07 
803 3.53443e-07 
804 3.5346e-07 
805 3.53517e-07 
806 3.53542e-07 
807 3.53567e-07 
808 3.53595e-07 
809 3.53628e-07 
810 3.53667e-07 
811 3.53693e-07 
812 3.53721e-07 
813 3.53741e-07 
814 3.5377e-07 
815 3.53825e-07 
816 3.53887e-07 
817 3.53911e-07 
818 3.53924e-07 
819 3.53959e-07 
820 3.5398e-07 
821 3.54007e-07 
822 3.54068e-07 
823 3.58211e-07 
824 3.78357e-07 
825 3.79388e-07 
826 3.7952e-07 
827 3.79587e-07 
828 3.7965e-07 
829 3.79694e-07 
830 3.79756e-07 
831 3.79819e-07 
832 3.79892e-07 
833 3.79993e-07 
834 3.80116e-07 
835 3.80199e-07 
836 3.8034e-07 
837 3.80422e-07 
838 3.80549e-07 
839 3.80826e-07 
840 3.81062e-07 
841 3.81156e-07 
842 3.81298e-07 
843 3.81468e-07 
844 3.81608e-07 
845 3.81734e-07 
846 3.81882e-07 
847 3.82073e-07 
848 3.8373e-07 
849 3.91996e-07 
850 4.01738e-07 
851 4.01831e-07 
852 4.02031e-07 
853 4.02052e-07 
854 4.02074e-07 
855 4.02078e-07 
856 4.02083e-07 
857 4.02088e-07 
858 4.02093e-07 
859 4.021e-07 
860 4.02106e-07 
861 4.02114e-07 
862 4.0212e-07 
863 4.02128e-07 
864 4.02141e-07 
865 4.02149e-07 
866 4.02167e-07 
867 4.02178e-07 
868 4.0219e-07 
869 4.02209e-07 
870 4.02218e-07 
871 4.02232e-07 
872 4.02252e-07 
873 4.02276e-07 
874 4.02288e-07 
875 4.02314e-07 
876 4.02328e-07 
877 4.0235e-07 
878 4.02367e-07 
879 4.02404e-07 
880 4.02438e-07 
881 4.02472e-07 
882 4.02503e-07 
883 4.0253e-07 
884 4.026e-07 
885 4.0262e-07 
886 4.02668e-07 
887 4.02711e-07 
888 4.02743e-07 
889 4.02805e-07 
890 4.05757e-07 
891 4.23656e-07 
892 4.24117e-07 
893 4.2422e-07 
894 4.2423e-07 
895 4.24258e-07 
896 4.24266e-07 
897 4.24275e-07 
898 4.24287e-07 
899 4.24305e-07 
900 4.24329e-07 
901 4.24346e-07 
902 4.24367e-07 
903 4.24409e-07 
904 4.24458e-07 
905 4.24488e-07 
906 4.24514e-07 
907 4.24555e-07 
908 4.24579e-07 
909 4.24606e-07 
910 4.24675e-07 
911 4.24735e-07 
912 4.24768e-07 
913 4.2484e-07 
914 4.24898e-07 
915 4.24927e-07 
916 4.24982e-07 
917 4.25042e-07 
918 4.25088e-07 
919 4.25144e-07 
920 4.25207e-07 
921 4.25254e-07 
922 4.25335e-07 
923 4.25373e-07 
924 4.25451e-07 
925 4.26366e-07 
926 4.27537e-07 
927 4.4138e-07 
928 4.41487e-07 
929 4.41523e-07 
930 4.41534e-07 
931 4.41618e-07 
932 4.4163e-07 
933 4.41685e-07 
934 4.41687e-07 
935 4.41714e-07 
936 4.41716e-07 
937 4.41739e-07 
938 4.41741e-07 
939 4.41745e-07 
940 4.41747e-07 
941 4.41751e-07 
942 4.41753e-07 
943 4.41762e-07 
944 4.4179e-07 
945 4.41799e-07 
946 4.41811e-07 
947 4.41828e-07 
948 4.41839e-07 
949 4.41855e-07 
950 4.41881e-07 
951 4.41903e-07 
952 4.41925e-07 
953 4.4195e-07 
954 4.41967e-07 
955 4.42017e-07 
956 4.42055e-07 
957 4.42088e-07 
958 4.42117e-07 
959 4.42147e-07 
960 4.42176e-07 
961 4.42214e-07 
962 4.42231e-07 
963 4.42261e-07 
964 4.42289e-07 
965 4.42313e-07 
966 4.42365e-07 
967 4.42393e-07 
968 4.42433e-07 
969 4.42484e-07 
970 4.42534e-07 
971 4.42608e-07 
972 4.42707e-07 
973 4.42917e-07 
974 4.45083e-07 
975 4.60382e-07 
976 4.60855e-07 
977 4.61012e-07 
978 4.61022e-07 
979 4.61042e-07 
980 4.61049e-07 
981 4.61058e-07 
982 4.61075e-07 
983 4.61105e-07 
984 4.6112e-07 
985 4.61145e-07 
986 4.61165e-07 
987 4.61203e-07 
988 4.61225e-07 
989 4.61252e-07 
990 4.61286e-07 
991 4.61338e-07 
992 4.6137e-07 
993 4.61455e-07 
994 4.61519e-07 
995 4.61538e-07 
996 4.61554e-07 
997 4.61587e-07 
998 4.61641e-07 
999 4.6168e-07 
1000 4.61728e-07 
1001 4.61786e-07 
1002 4.61828e-07 
1003 4.61851e-07 
1004 4.61904e-07 
1005 4.6193e-07 
1006 4.61981e-07 
1007 4.62012e-07 
1008 4.62047e-07 
1009 4.62084e-07 
1010 4.62127e-07 
1011 4.62163e-07 
1012 4.62219e-07 
1013 4.62283e-07 
1014 4.62362e-07 
1015 4.62439e-07 
1016 4.62554e-07 
1017 4.6272e-07 
1018 4.73095e-07 
1019 4.73288e-07 
1020 4.73308e-07 
1021 4.73324e-07 
1022 4.73363e-07 
1023 4.73372e-07 
1024 4.73384e-07 
1025 4.73385e-07 
1026 4.73427e-07 
1027 4.73444e-07 
1028 4.73468e-07 
1029 4.73491e-07 
1030 4.7351e-07 
1031 4.73539e-07 
1032 4.73583e-07 
1033 4.73627e-07 
1034 4.73674e-07 
1035 4.73774e-07 
1036 4.73868e-07 
1037 4.73921e-07 
1038 4.73987e-07 
1039 4.74096e-07 
1040 4.74251e-07 
1041 4.7445e-07 
1042 4.75091e-07 
1043 4.9058e-07 
1044 4.90843e-07 
1045 4.90843e-07 
1046 4.9094e-07 
1047 4.90944e-07 
1048 4.91092e-07 
1049 4.91128e-07 
1050 4.91253e-07 
1051 4.91344e-07 
1052 4.91398e-07 
1053 4.91448e-07 
1054 4.91539e-07 
1055 4.91621e-07 
1056 4.91727e-07 
1057 4.91967e-07 
1058 4.92135e-07 
1059 4.92334e-07 
1060 4.92512e-07 
1061 4.92735e-07 
1062 4.92957e-07 
1063 4.93211e-07 
1064 4.93808e-07 
1065 4.95327e-07 
1066 5.01103e-07 
1067 5.38284e-07 
1068 5.3862e-07 
1069 5.38643e-07 
1070 5.38756e-07 
1071 5.388e-07 
1072 5.38882e-07 
1073 5.38918e-07 
1074 5.38957e-07 
1075 5.3899e-07 
1076 5.39004e-07 
1077 5.39024e-07 
1078 5.39048e-07 
1079 5.39072e-07 
1080 5.39107e-07 
1081 5.39167e-07 
1082 5.39223e-07 
1083 5.3927e-07 
1084 5.39348e-07 
1085 5.39407e-07 
1086 5.39525e-07 
1087 5.39605e-07 
1088 5.39667e-07 
1089 5.39762e-07 
1090 5.39864e-07 
1091 5.39982e-07 
1092 5.40048e-07 
1093 5.40151e-07 
1094 5.40227e-07 
1095 5.40359e-07 
1096 5.4051e-07 
1097 5.40688e-07 
1098 5.40873e-07 
1099 5.41087e-07 
1100 5.42422e-07 
1101 5.6457e-07 
1102 5.64897e-07 
1103 5.64906e-07 
1104 5.64927e-07 
1105 5.65043e-07 
1106 5.65143e-07 
1107 5.65264e-07 
1108 5.65598e-07 
1109 5.65957e-07 
1110 5.66857e-07 
1111 5.68569e-07 
1112 5.73173e-07 
1113 6.00277e-07 
1114 6.00536e-07 
1115 6.00651e-07 
1116 6.00712e-07 
1117 6.00723e-07 
1118 6.00802e-07 
1119 6.00836e-07 
1120 6.00898e-07 
1121 6.00982e-07 
1122 6.01138e-07 
1123 6.01281e-07 
1124 6.01458e-07 
1125 6.01609e-07 
1126 6.0177e-07 
1127 6.0194e-07 
1128 6.02204e-07 
1129 6.04927e-07 
1130 6.56638e-07 
1131 6.57464e-07 
1132 6.57634e-07 
1133 6.57762e-07 
1134 6.5803e-07 
1135 6.5879e-07 
1136 6.5961e-07 
1137 6.60477e-07 
1138 6.61541e-07 
1139 6.64668e-07 
1140 6.9607e-07 
1141 6.96552e-07 
1142 6.96744e-07 
1143 6.96766e-07 
1144 6.9678e-07 
1145 6.96793e-07 
1146 6.96814e-07 
1147 6.9684e-07 
1148 6.96875e-07 
1149 6.9693e-07 
1150 6.96961e-07 
1151 6.97019e-07 
1152 6.97101e-07 
1153 6.97187e-07 
1154 6.97268e-07 
1155 6.97427e-07 
1156 6.97566e-07 
1157 6.97644e-07 
1158 6.97741e-07 
1159 6.97885e-07 
1160 6.97977e-07 
1161 6.98115e-07 
1162 6.98252e-07 
1163 6.98389e-07 
1164 6.98628e-07 
1165 6.98841e-07 
1166 6.99118e-07 
1167 6.99419e-07 
1168 6.99923e-07 
1169 7.05985e-07 
1170 8.21681e-07 
1171 8.22302e-07 
1172 8.22285e-07 
1173 8.22264e-07 
1174 8.22117e-07 
1175 8.22031e-07 
1176 8.2194e-07 
1177 8.21883e-07 
1178 8.2185e-07 
1179 8.21831e-07 
1180 8.21822e-07 
1181 8.21813e-07 
1182 8.2182e-07 
1183 8.21843e-07 
1184 8.21866e-07 
1185 8.21891e-07 
1186 8.21944e-07 
1187 8.22078e-07 
1188 8.22169e-07 
1189 8.22346e-07 
1190 8.22496e-07 
1191 8.22863e-07 
1192 8.23102e-07 
1193 8.233e-07 
1194 8.23552e-07 
1195 8.23738e-07 
1196 8.24153e-07 
1197 8.24575e-07 
1198 8.2525e-07 
1199 8.2595e-07 
1200 8.26853e-07 
1201 8.281e-07 
1202 8.30922e-07 
1203 8.33601e-07 
1204 9.18961e-07 
1205 9.20042e-07 
1206 9.1962e-07 
1207 9.19567e-07 
1208 9.19498e-07 
1209 9.19484e-07 
1210 9.1952e-07 
1211 9.19551e-07 
1212 9.19614e-07 
1213 9.19693e-07 
1214 9.19784e-07 
1215 9.1999e-07 
1216 9.20258e-07 
1217 9.20728e-07 
1218 9.20994e-07 
1219 9.21239e-07 
1220 9.21674e-07 
1221 9.22145e-07 
1222 9.22797e-07 
1223 9.23424e-07 
1224 9.24205e-07 
1225 9.24926e-07 
1226 9.26161e-07 
1227 9.34071e-07 
1228 9.65821e-07 
1229 9.66059e-07 
1230 9.66042e-07 
1231 9.66008e-07 
1232 9.65999e-07 
1233 9.65997e-07 
1234 9.65996e-07 
1235 9.65997e-07 
1236 9.66e-07 
1237 9.6601e-07 
1238 9.66017e-07 
1239 9.66032e-07 
1240 9.66041e-07 
1241 9.66054e-07 
1242 9.66075e-07 
1243 9.661e-07 
1244 9.66137e-07 
1245 9.66172e-07 
1246 9.66222e-07 
1247 9.66273e-07 
1248 9.66358e-07 
1249 9.66415e-07 
1250 9.66478e-07 
1251 9.66625e-07 
1252 9.66678e-07 
1253 9.66746e-07 
1254 9.66834e-07 
1255 9.67031e-07 
1256 9.67183e-07 
1257 9.67329e-07 
1258 9.67517e-07 
1259 9.69016e-07 
1260 9.77317e-07 
1261 1.00187e-06 
1262 1.0022e-06 
1263 1.0022e-06 
1264 1.00213e-06 
1265 1.00209e-06 
1266 1.00207e-06 
1267 1.00209e-06 
1268 1.00213e-06 
1269 1.00218e-06 
1270 1.00228e-06 
1271 1.00241e-06 
1272 1.00263e-06 
1273 1.00284e-06 
1274 1.00311e-06 
1275 1.00331e-06 
1276 1.00359e-06 
1277 1.00446e-06 
1278 1.01151e-06 
1279 1.02902e-06 
1280 1.02935e-06 
1281 1.02929e-06 
1282 1.02928e-06 
1283 1.02925e-06 
1284 1.02925e-06 
1285 1.02926e-06 
1286 1.0293e-06 
1287 1.02931e-06 
1288 1.02934e-06 
1289 1.02939e-06 
1290 1.02941e-06 
1291 1.02944e-06 
1292 1.02949e-06 
1293 1.02954e-06 
1294 1.02964e-06 
1295 1.02974e-06 
1296 1.02989e-06 
1297 1.03002e-06 
1298 1.03016e-06 
1299 1.03029e-06 
1300 1.03043e-06 
1301 1.03058e-06 
1302 1.03075e-06 
1303 1.0309e-06 
1304 1.03516e-06 
1305 1.15142e-06 
1306 1.15133e-06 
1307 1.15102e-06 
1308 1.15095e-06 
1309 1.15114e-06 
1310 1.15147e-06 
1311 1.15216e-06 
1312 1.15283e-06 
1313 1.15346e-06 
1314 1.15446e-06 
1315 1.15529e-06 
1316 1.15684e-06 
1317 1.1728e-06 
1318 1.18128e-06 
1319 1.18154e-06 
1320 1.18154e-06 
1321 1.18153e-06 
1322 1.18152e-06 
1323 1.18151e-06 
1324 1.18151e-06 
1325 1.18151e-06 
1326 1.18149e-06 
1327 1.18149e-06 
1328 1.1815e-06 
1329 1.18151e-06 
1330 1.18154e-06 
1331 1.18157e-06 
1332 1.18162e-06 
1333 1.18168e-06 
1334 1.18175e-06 
1335 1.18181e-06 
1336 1.18191e-06 
1337 1.18208e-06 
1338 1.18218e-06 
1339 1.18246e-06 
1340 1.18272e-06 
1341 1.18299e-06 
1342 1.18338e-06 
1343 1.18537e-06 
1344 1.22697e-06 
1345 1.22708e-06 
1346 1.22705e-06 
1347 1.22699e-06 
1348 1.22692e-06 
1349 1.22692e-06 
1350 1.22691e-06 
1351 1.22691e-06 
1352 1.2269e-06 
1353 1.2269e-06 
1354 1.22689e-06 
1355 1.22689e-06 
1356 1.22689e-06 
1357 1.22689e-06 
1358 1.2269e-06 
1359 1.2269e-06 
1360 1.22691e-06 
1361 1.22692e-06 
1362 1.22692e-06 
1363 1.22693e-06 
1364 1.22694e-06 
1365 1.22695e-06 
1366 1.22698e-06 
1367 1.22702e-06 
1368 1.22706e-06 
1369 1.22708e-06 
1370 1.22712e-06 
1371 1.22716e-06 
1372 1.2272e-06 
1373 1.22726e-06 
1374 1.22737e-06 
1375 1.22744e-06 
1376 1.22755e-06 
1377 1.22761e-06 
1378 1.22768e-06 
1379 1.22772e-06 
1380 1.22782e-06 
1381 1.22794e-06 
1382 1.22798e-06 
1383 1.22811e-06 
1384 1.22822e-06 
1385 1.22833e-06 
1386 1.2284e-06 
1387 1.22848e-06 
1388 1.22862e-06 
1389 1.22872e-06 
1390 1.22886e-06 
1391 1.22912e-06 
1392 1.23156e-06 
1393 1.23343e-06 
1394 1.2396e-06 
1395 1.51955e-06 
1396 1.51792e-06 
1397 1.51689e-06 
1398 1.51593e-06 
1399 1.51567e-06 
1400 1.51552e-06 
1401 1.51547e-06 
1402 1.51543e-06 
1403 1.51538e-06 
1404 1.51534e-06 
1405 1.51533e-06 
1406 1.51533e-06 
1407 1.51533e-06 
1408 1.51535e-06 
1409 1.51542e-06 
1410 1.5155e-06 
1411 1.51556e-06 
1412 1.51568e-06 
1413 1.51589e-06 
1414 1.51601e-06 
1415 1.51615e-06 
1416 1.51645e-06 
1417 1.51669e-06 
1418 1.5168e-06 
1419 1.51693e-06 
1420 1.51723e-06 
1421 1.51745e-06 
1422 1.51783e-06 
1423 1.51795e-06 
1424 1.51834e-06 
1425 1.51855e-06 
1426 1.51885e-06 
1427 1.51911e-06 
1428 1.51967e-06 
1429 1.5204e-06 
1430 1.52087e-06 
1431 1.52112e-06 
1432 1.52139e-06 
1433 1.52162e-06 
1434 1.52242e-06 
1435 1.52271e-06 
1436 1.52329e-06 
1437 1.52378e-06 
1438 1.52432e-06 
1439 1.52485e-06 
1440 1.52564e-06 
1441 1.52652e-06 
1442 1.52821e-06 
1443 1.5563e-06 
1444 1.55673e-06 
1445 1.55669e-06 
1446 1.55665e-06 
1447 1.55642e-06 
1448 1.5564e-06 
1449 1.55638e-06 
1450 1.55637e-06 
1451 1.55632e-06 
1452 1.5563e-06 
1453 1.55628e-06 
1454 1.55622e-06 
1455 1.55621e-06 
1456 1.55621e-06 
1457 1.55621e-06 
1458 1.55619e-06 
1459 1.55619e-06 
1460 1.55619e-06 
1461 1.55618e-06 
1462 1.55618e-06 
1463 1.55618e-06 
1464 1.55618e-06 
1465 1.55618e-06 
1466 1.55618e-06 
1467 1.55619e-06 
1468 1.5562e-06 
1469 1.55621e-06 
1470 1.55622e-06 
1471 1.55623e-06 
1472 1.55627e-06 
1473 1.55628e-06 
1474 1.55632e-06 
1475 1.55634e-06 
1476 1.55637e-06 
1477 1.5564e-06 
1478 1.55641e-06 
1479 1.55643e-06 
1480 1.55645e-06 
1481 1.55646e-06 
1482 1.55652e-06 
1483 1.55656e-06 
1484 1.5566e-06 
1485 1.55663e-06 
1486 1.55669e-06 
1487 1.55672e-06 
1488 1.5568e-06 
1489 1.55681e-06 
1490 1.55687e-06 
1491 1.55689e-06 
1492 1.55692e-06 
1493 1.55694e-06 
1494 1.557e-06 
1495 1.55703e-06 
1496 1.55705e-06 
1497 1.55709e-06 
1498 1.55716e-06 
1499 1.55721e-06 
1500 1.5573e-06 
1501 1.55735e-06 
1502 1.5574e-06 
1503 1.55754e-06 
1504 1.55764e-06 
1505 1.55776e-06 
1506 1.55967e-06 
1507 1.56583e-06 
1508 1.71866e-06 
1509 1.71909e-06 
1510 1.7177e-06 
1511 1.71752e-06 
1512 1.71733e-06 
1513 1.71725e-06 
1514 1.71719e-06 
1515 1.71714e-06 
1516 1.71712e-06 
1517 1.71711e-06 
1518 1.71715e-06 
1519 1.71724e-06 
1520 1.71735e-06 
1521 1.71748e-06 
1522 1.71762e-06 
1523 1.7179e-06 
1524 1.71809e-06 
1525 1.71837e-06 
1526 1.7186e-06 
1527 1.71875e-06 
1528 1.71913e-06 
1529 1.71939e-06 
1530 1.71978e-06 
1531 1.72036e-06 
1532 1.72076e-06 
1533 1.7238e-06 
1534 1.75107e-06 
1535 1.75108e-06 
1536 1.75096e-06 
1537 1.75087e-06 
1538 1.75084e-06 
1539 1.7508e-06 
1540 1.75075e-06 
1541 1.75072e-06 
1542 1.75067e-06 
1543 1.75065e-06 
1544 1.75065e-06 
1545 1.75066e-06 
1546 1.75067e-06 
1547 1.7507e-06 
1548 1.75075e-06 
1549 1.75084e-06 
1550 1.75088e-06 
1551 1.75095e-06 
1552 1.75102e-06 
1553 1.75107e-06 
1554 1.75113e-06 
1555 1.75117e-06 
1556 1.75128e-06 
1557 1.75136e-06 
1558 1.75147e-06 
1559 1.75157e-06 
1560 1.75166e-06 
1561 1.75179e-06 
1562 1.75192e-06 
1563 1.75204e-06 
1564 1.7522e-06 
1565 1.75248e-06 
1566 1.75307e-06 
1567 1.75861e-06 
1568 1.86308e-06 
1569 1.86314e-06 
1570 1.86191e-06 
1571 1.86127e-06 
1572 1.86081e-06 
1573 1.86076e-06 
1574 1.86133e-06 
1575 1.86225e-06 
1576 1.86318e-06 
1577 1.86473e-06 
1578 1.87011e-06 
1579 1.90491e-06 
1580 1.90568e-06 
1581 1.90472e-06 
1582 1.90457e-06 
1583 1.90451e-06 
1584 1.90453e-06 
1585 1.90462e-06 
1586 1.90473e-06 
1587 1.90501e-06 
1588 1.90534e-06 
1589 1.90575e-06 
1590 1.90637e-06 
1591 1.90778e-06 
1592 1.91077e-06 
1593 1.97688e-06 
1594 1.97832e-06 
1595 1.97621e-06 
1596 1.97532e-06 
1597 1.97581e-06 
1598 1.97671e-06 
1599 1.97939e-06 
1600 1.98371e-06 
1601 2.00464e-06 
1602 2.0051e-06 
1603 2.0051e-06 
1604 2.00482e-06 
1605 2.00475e-06 
1606 2.00474e-06 
1607 2.00474e-06 
1608 2.00472e-06 
1609 2.00471e-06 
1610 2.00467e-06 
1611 2.00467e-06 
1612 2.00467e-06 
1613 2.00466e-06 
1614 2.00465e-06 
1615 2.00464e-06 
1616 2.00462e-06 
1617 2.00462e-06 
1618 2.00461e-06 
1619 2.0046e-06 
1620 2.0046e-06 
1621 2.00459e-06 
1622 2.00459e-06 
1623 2.00459e-06 
1624 2.00459e-06 
1625 2.00459e-06 
1626 2.00459e-06 
1627 2.00458e-06 
1628 2.00458e-06 
1629 2.00458e-06 
1630 2.00458e-06 
1631 2.00458e-06 
1632 2.00459e-06 
1633 2.00459e-06 
1634 2.00459e-06 
1635 2.00459e-06 
1636 2.0046e-06 
1637 2.00461e-06 
1638 2.00462e-06 
1639 2.00462e-06 
1640 2.00463e-06 
1641 2.00464e-06 
1642 2.00464e-06 
1643 2.00465e-06 
1644 2.00466e-06 
1645 2.00467e-06 
1646 2.00468e-06 
1647 2.00469e-06 
1648 2.0047e-06 
1649 2.00472e-06 
1650 2.00474e-06 
1651 2.00476e-06 
1652 2.00476e-06 
1653 2.00478e-06 
1654 2.0048e-06 
1655 2.00483e-06 
1656 2.00485e-06 
1657 2.00489e-06 
1658 2.0049e-06 
1659 2.00493e-06 
1660 2.00497e-06 
1661 2.00501e-06 
1662 2.00504e-06 
1663 2.00508e-06 
1664 2.00511e-06 
1665 2.00515e-06 
1666 2.0052e-06 
1667 2.00522e-06 
1668 2.00526e-06 
1669 2.0053e-06 
1670 2.00534e-06 
1671 2.00537e-06 
1672 2.00542e-06 
1673 2.00572e-06 
1674 2.00584e-06 
1675 2.00599e-06 
1676 2.00638e-06 
1677 2.00658e-06 
1678 2.00851e-06 
1679 2.01599e-06 
1680 2.11673e-06 
1681 2.1169e-06 
1682 2.1169e-06 
1683 2.11686e-06 
1684 2.11678e-06 
1685 2.11675e-06 
1686 2.11674e-06 
1687 2.11663e-06 
1688 2.11655e-06 
1689 2.11654e-06 
1690 2.11652e-06 
1691 2.11651e-06 
1692 2.11649e-06 
1693 2.11646e-06 
1694 2.11644e-06 
1695 2.11643e-06 
1696 2.11643e-06 
1697 2.11641e-06 
1698 2.11641e-06 
1699 2.1164e-06 
1700 2.1164e-06 
1701 2.1164e-06 
1702 2.1164e-06 
1703 2.11641e-06 
1704 2.11642e-06 
1705 2.11644e-06 
1706 2.11645e-06 
1707 2.11646e-06 
1708 2.11649e-06 
1709 2.11651e-06 
1710 2.11652e-06 
1711 2.11655e-06 
1712 2.11658e-06 
1713 2.11661e-06 
1714 2.11663e-06 
1715 2.11666e-06 
1716 2.11668e-06 
1717 2.11672e-06 
1718 2.11675e-06 
1719 2.11679e-06 
1720 2.11684e-06 
1721 2.11689e-06 
1722 2.11697e-06 
1723 2.11703e-06 
1724 2.11717e-06 
1725 2.11734e-06 
1726 2.1175e-06 
1727 2.1176e-06 
1728 2.11768e-06 
1729 2.11796e-06 
1730 2.11823e-06 
1731 2.11891e-06 
1732 2.12738e-06 
1733 2.21706e-06 
1734 2.21757e-06 
1735 2.21715e-06 
1736 2.21671e-06 
1737 2.21657e-06 
1738 2.21653e-06 
1739 2.21647e-06 
1740 2.21635e-06 
1741 2.21634e-06 
1742 2.21626e-06 
1743 2.21625e-06 
1744 2.21623e-06 
1745 2.21618e-06 
1746 2.21615e-06 
1747 2.21612e-06 
1748 2.21611e-06 
1749 2.21609e-06 
1750 2.21607e-06 
1751 2.21606e-06 
1752 2.21606e-06 
1753 2.21605e-06 
1754 2.21605e-06 
1755 2.21604e-06 
1756 2.21603e-06 
1757 2.21603e-06 
1758 2.21603e-06 
1759 2.21604e-06 
1760 2.21604e-06 
1761 2.21605e-06 
1762 2.21606e-06 
1763 2.21607e-06 
1764 2.21609e-06 
1765 2.21611e-06 
1766 2.21616e-06 
1767 2.21618e-06 
1768 2.21621e-06 
1769 2.21623e-06 
1770 2.21624e-06 
1771 2.21626e-06 
1772 2.21629e-06 
1773 2.21632e-06 
1774 2.21636e-06 
1775 2.21641e-06 
1776 2.21645e-06 
1777 2.2165e-06 
1778 2.21655e-06 
1779 2.21661e-06 
1780 2.21666e-06 
1781 2.21674e-06 
1782 2.21677e-06 
1783 2.21681e-06 
1784 2.21688e-06 
1785 2.21694e-06 
1786 2.21699e-06 
1787 2.21709e-06 
1788 2.21713e-06 
1789 2.21717e-06 
1790 2.21728e-06 
1791 2.21735e-06 
1792 2.21741e-06 
1793 2.21753e-06 
1794 2.2176e-06 
1795 2.21773e-06 
1796 2.2192e-06 
1797 2.23575e-06 
1798 2.28243e-06 
1799 2.28341e-06 
1800 2.28341e-06 
1801 2.2833e-06 
1802 2.28274e-06 
1803 2.28251e-06 
1804 2.28227e-06 
1805 2.28203e-06 
1806 2.28188e-06 
1807 2.28172e-06 
1808 2.28164e-06 
1809 2.28157e-06 
1810 2.28157e-06 
1811 2.2816e-06 
1812 2.2817e-06 
1813 2.2818e-06 
1814 2.28192e-06 
1815 2.28212e-06 
1816 2.28236e-06 
1817 2.28263e-06 
1818 2.28298e-06 
1819 2.28394e-06 
1820 2.28594e-06 
1821 2.29317e-06 
1822 2.38972e-06 
1823 2.39019e-06 
1824 2.38953e-06 
1825 2.38934e-06 
1826 2.38921e-06 
1827 2.38904e-06 
1828 2.38872e-06 
1829 2.38863e-06 
1830 2.38857e-06 
1831 2.38847e-06 
1832 2.38842e-06 
1833 2.38841e-06 
1834 2.38842e-06 
1835 2.38844e-06 
1836 2.38852e-06 
1837 2.38861e-06 
1838 2.38868e-06 
1839 2.38878e-06 
1840 2.38891e-06 
1841 2.38916e-06 
1842 2.38931e-06 
1843 2.38972e-06 
1844 2.38991e-06 
1845 2.3902e-06 
1846 2.39136e-06 
1847 2.39207e-06 
1848 2.39382e-06 
1849 2.39624e-06 
1850 2.41103e-06 
1851 2.56489e-06 
1852 2.56665e-06 
1853 2.56546e-06 
1854 2.56456e-06 
1855 2.56403e-06 
1856 2.56322e-06 
1857 2.56287e-06 
1858 2.56265e-06 
1859 2.56241e-06 
1860 2.5622e-06 
1861 2.56204e-06 
1862 2.56196e-06 
1863 2.56195e-06 
1864 2.56197e-06 
1865 2.56205e-06 
1866 2.56222e-06 
1867 2.56242e-06 
1868 2.56268e-06 
1869 2.56292e-06 
1870 2.56331e-06 
1871 2.56388e-06 
1872 2.56457e-06 
1873 2.56575e-06 
1874 2.56843e-06 
1875 2.5811e-06 
1876 2.63601e-06 
1877 2.63675e-06 
1878 2.63651e-06 
1879 2.63633e-06 
1880 2.63625e-06 
1881 2.63598e-06 
1882 2.6359e-06 
1883 2.63586e-06 
1884 2.63578e-06 
1885 2.63576e-06 
1886 2.63574e-06 
1887 2.63566e-06 
1888 2.63563e-06 
1889 2.6356e-06 
1890 2.63554e-06 
1891 2.63549e-06 
1892 2.63546e-06 
1893 2.63544e-06 
1894 2.63542e-06 
1895 2.63539e-06 
1896 2.63538e-06 
1897 2.63538e-06 
1898 2.63537e-06 
1899 2.63537e-06 
1900 2.63537e-06 
1901 2.63537e-06 
1902 2.63538e-06 
1903 2.63539e-06 
1904 2.6354e-06 
1905 2.63542e-06 
1906 2.63545e-06 
1907 2.63548e-06 
1908 2.63551e-06 
1909 2.63554e-06 
1910 2.63557e-06 
1911 2.63565e-06 
1912 2.63575e-06 
1913 2.63588e-06 
1914 2.63598e-06 
1915 2.63615e-06 
1916 2.63631e-06 
1917 2.63651e-06 
1918 2.63672e-06 
1919 2.63696e-06 
1920 2.63844e-06 
1921 2.64523e-06 
1922 2.70614e-06 
1923 2.70606e-06 
1924 2.7056e-06 
1925 2.70509e-06 
1926 2.70459e-06 
1927 2.70438e-06 
1928 2.70445e-06 
1929 2.7047e-06 
1930 2.70498e-06 
1931 2.70549e-06 
1932 2.70801e-06 
1933 2.72191e-06 
1934 2.80326e-06 
1935 2.80485e-06 
1936 2.802e-06 
1937 2.80182e-06 
1938 2.80173e-06 
1939 2.80098e-06 
1940 2.80083e-06 
1941 2.80075e-06 
1942 2.8007e-06 
1943 2.80061e-06 
1944 2.80051e-06 
1945 2.80045e-06 
1946 2.8004e-06 
1947 2.80036e-06 
1948 2.80035e-06 
1949 2.80035e-06 
1950 2.80035e-06 
1951 2.80035e-06 
1952 2.80037e-06 
1953 2.80039e-06 
1954 2.80044e-06 
1955 2.80049e-06 
1956 2.80056e-06 
1957 2.8006e-06 
1958 2.80064e-06 
1959 2.80071e-06 
1960 2.80087e-06 
1961 2.80095e-06 
1962 2.80108e-06 
1963 2.80121e-06 
1964 2.80136e-06 
1965 2.80149e-06 
1966 2.80159e-06 
1967 2.80175e-06 
1968 2.80189e-06 
1969 2.80211e-06 
1970 2.80237e-06 
1971 2.80252e-06 
1972 2.80289e-06 
1973 2.80373e-06 
1974 2.80459e-06 
1975 2.80549e-06 
1976 2.81434e-06 
1977 2.88722e-06 
1978 2.88727e-06 
1979 2.88726e-06 
1980 2.8864e-06 
1981 2.8862e-06 
1982 2.88611e-06 
1983 2.88523e-06 
1984 2.88505e-06 
1985 2.88493e-06 
1986 2.88491e-06 
1987 2.88501e-06 
1988 2.88507e-06 
1989 2.88519e-06 
1990 2.88527e-06 
1991 2.88536e-06 
1992 2.88548e-06 
1993 2.88562e-06 
1994 2.8859e-06 
1995 2.88621e-06 
1996 2.88655e-06 
1997 2.88701e-06 
1998 2.88851e-06 
1999 2.89142e-06 
2000 2.89679e-06 
