1 29.0712 
2 29.064918 
3 29.06244 
4 29.045438 
5 29.050976 
6 29.049947 
7 29.049176 
8 29.004733 
9 29.023886 
10 29.018635 
11 29.015212 
12 29.012922 
13 28.968189 
14 28.984964 
15 28.983387 
16 28.977624 
17 28.981814 
18 28.981651 
19 28.9816 
20 28.981508 
21 28.980229 
22 28.96476 
23 28.976265 
24 28.97253 
25 28.97236 
26 28.963136 
27 28.969461 
28 28.969455 
29 28.96899 
30 28.967976 
31 28.965391 
32 28.958628 
33 28.934506 
34 28.943294 
35 28.942833 
36 28.942476 
37 28.941856 
38 28.941491 
39 28.941116 
40 28.940493 
41 28.940193 
42 28.889497 
43 28.912344 
44 28.920666 
45 28.920665 
46 28.91569 
47 28.914071 
48 28.912903 
49 28.910422 
50 28.906548 
51 28.90406 
52 28.900618 
53 28.903507 
54 28.903485 
55 28.903457 
56 28.903453 
57 28.903437 
58 28.90342 
59 28.903419 
60 28.903411 
61 28.903403 
62 28.903388 
63 28.903225 
64 28.902968 
65 28.902937 
66 28.902905 
67 28.902582 
68 28.9025 
69 28.902305 
70 28.902172 
71 28.901309 
72 28.898335 
73 28.893348 
74 28.890111 
75 28.883483 
76 28.886631 
77 28.886602 
78 28.886601 
79 28.886121 
80 28.886117 
81 28.885924 
82 28.885784 
83 28.885719 
84 28.885612 
85 28.885583 
86 28.885491 
87 28.885441 
88 28.885413 
89 28.885326 
90 28.885266 
91 28.885153 
92 28.885124 
93 28.885072 
94 28.885045 
95 28.885012 
96 28.884982 
97 28.884912 
98 28.884873 
99 28.884676 
100 28.884266 
101 28.876858 
102 28.883054 
103 28.881441 
104 28.88134 
105 28.881213 
106 28.880681 
107 28.880597 
108 28.880549 
109 28.880439 
110 28.880347 
111 28.880125 
112 28.879985 
113 28.879881 
114 28.879813 
115 28.879707 
116 28.879573 
117 28.879361 
118 28.878867 
119 28.878518 
120 28.877166 
121 28.871095 
122 28.874522 
123 28.874149 
124 28.873815 
125 28.873801 
126 28.873779 
127 28.873749 
128 28.873713 
129 28.873602 
130 28.873505 
131 28.873467 
132 28.873316 
133 28.873262 
134 28.873187 
135 28.872734 
136 28.872414 
137 28.865842 
138 28.870384 
139 28.869534 
140 28.868939 
141 28.868781 
142 28.868751 
143 28.868734 
144 28.868721 
145 28.868664 
146 28.868616 
147 28.868495 
148 28.868434 
149 28.86828 
150 28.868215 
151 28.868195 
152 28.867892 
153 28.867638 
154 28.867496 
155 28.867367 
156 28.859102 
157 28.86523 
158 28.863708 
159 28.863634 
160 28.863568 
161 28.863118 
162 28.863007 
163 28.862844 
164 28.862678 
165 28.862543 
166 28.862261 
167 28.862122 
168 28.862015 
169 28.861813 
170 28.861634 
171 28.861561 
172 28.860045 
173 28.856786 
174 28.858919 
175 28.858672 
176 28.858641 
177 28.858633 
178 28.858604 
179 28.858591 
180 28.858531 
181 28.858447 
182 28.858403 
183 28.858378 
184 28.858348 
185 28.858333 
186 28.858272 
187 28.858169 
188 28.858149 
189 28.858101 
190 28.858072 
191 28.857991 
192 28.857948 
193 28.857894 
194 28.857794 
195 28.857723 
196 28.851341 
197 28.854513 
198 28.85429 
199 28.854285 
200 28.854229 
201 28.853681 
202 28.853492 
203 28.853361 
204 28.853254 
205 28.853174 
206 28.852972 
207 28.852763 
208 28.852652 
209 28.852566 
210 28.852398 
211 28.852156 
212 28.849395 
213 28.840146 
214 28.844596 
215 28.843819 
216 28.843456 
217 28.843203 
218 28.843191 
219 28.843013 
220 28.842977 
221 28.842955 
222 28.842918 
223 28.842885 
224 28.84285 
225 28.842828 
226 28.842791 
227 28.84278 
228 28.842745 
229 28.842731 
230 28.842688 
231 28.842652 
232 28.842612 
233 28.842511 
234 28.842469 
235 28.842043 
236 28.8418 
237 28.841517 
238 28.841213 
239 28.831544 
240 28.837845 
241 28.836406 
242 28.836355 
243 28.83596 
244 28.835756 
245 28.835477 
246 28.835389 
247 28.835255 
248 28.835141 
249 28.834992 
250 28.834932 
251 28.834871 
252 28.834802 
253 28.83475 
254 28.834635 
255 28.834422 
256 28.834148 
257 28.834073 
258 28.833969 
259 28.833834 
260 28.833701 
261 28.833618 
262 28.830806 
263 28.823519 
264 28.826422 
265 28.826421 
266 28.826308 
267 28.826035 
268 28.825966 
269 28.825719 
270 28.825632 
271 28.825628 
272 28.825492 
273 28.825373 
274 28.825351 
275 28.825319 
276 28.82503 
277 28.824877 
278 28.824694 
279 28.824523 
280 28.824301 
281 28.823945 
282 28.820115 
283 28.808934 
284 28.812874 
285 28.812851 
286 28.812818 
287 28.812331 
288 28.8123 
289 28.812279 
290 28.812261 
291 28.812238 
292 28.812192 
293 28.812167 
294 28.812073 
295 28.811947 
296 28.811885 
297 28.811814 
298 28.811748 
299 28.811702 
300 28.811498 
301 28.811412 
302 28.811379 
303 28.811308 
304 28.811233 
305 28.811141 
306 28.811042 
307 28.810986 
308 28.810937 
309 28.810828 
310 28.809046 
311 28.798267 
312 28.801764 
313 28.801169 
314 28.800528 
315 28.800036 
316 28.796506 
317 28.786126 
318 28.79031 
319 28.790258 
320 28.790172 
321 28.790048 
322 28.789913 
323 28.789805 
324 28.789741 
325 28.789656 
326 28.789526 
327 28.789461 
328 28.789392 
329 28.78926 
330 28.789065 
331 28.788992 
332 28.788898 
333 28.788804 
334 28.788511 
335 28.788281 
336 28.787069 
337 28.782849 
338 28.771817 
339 28.77663 
340 28.776313 
341 28.775692 
342 28.775322 
343 28.775162 
344 28.775117 
345 28.775061 
346 28.774964 
347 28.774955 
348 28.774913 
349 28.77489 
350 28.774858 
351 28.774842 
352 28.774813 
353 28.774748 
354 28.774698 
355 28.774551 
356 28.774523 
357 28.774502 
358 28.774479 
359 28.774436 
360 28.774391 
361 28.774206 
362 28.774158 
363 28.774034 
364 28.773938 
365 28.773842 
366 28.773806 
367 28.773725 
368 28.77368 
369 28.773654 
370 28.773623 
371 28.773563 
372 28.768474 
373 28.772407 
374 28.772404 
375 28.771716 
376 28.771505 
377 28.771322 
378 28.771207 
379 28.771059 
380 28.770881 
381 28.770685 
382 28.770447 
383 28.770317 
384 28.770147 
385 28.769954 
386 28.76977 
387 28.769157 
388 28.753637 
389 28.762184 
390 28.759922 
391 28.759232 
392 28.758487 
393 28.758073 
394 28.757365 
395 28.756792 
396 28.756069 
397 28.752344 
398 28.734973 
399 28.74363 
400 28.743629 
401 28.74268 
402 28.74212 
403 28.742101 
404 28.741644 
405 28.741589 
406 28.741475 
407 28.741381 
408 28.741314 
409 28.741146 
410 28.741048 
411 28.740954 
412 28.740832 
413 28.740801 
414 28.740769 
415 28.740694 
416 28.74067 
417 28.740575 
418 28.740482 
419 28.740286 
420 28.74025 
421 28.740233 
422 28.740195 
423 28.740162 
424 28.739956 
425 28.739832 
426 28.739664 
427 28.739594 
428 28.73957 
429 28.739456 
430 28.739411 
431 28.739322 
432 28.739218 
433 28.739157 
434 28.739057 
435 28.73894 
436 28.738805 
437 28.73872 
438 28.738644 
439 28.738485 
440 28.738268 
441 28.737811 
442 28.736282 
443 28.736018 
444 28.693697 
445 28.718183 
446 28.721789 
447 28.721739 
448 28.7203 
449 28.718426 
450 28.716445 
451 28.715442 
452 28.715109 
453 28.714521 
454 28.713197 
455 28.712707 
456 28.712312 
457 28.711672 
458 28.71117 
459 28.709899 
460 28.709122 
461 28.708523 
462 28.707658 
463 28.706994 
464 28.706502 
465 28.706023 
466 28.705194 
467 28.704274 
468 28.693687 
469 28.697375 
470 28.697374 
471 28.696661 
472 28.696274 
473 28.6962 
474 28.696122 
475 28.696031 
476 28.695949 
477 28.69584 
478 28.69576 
479 28.695651 
480 28.695532 
481 28.695373 
482 28.695282 
483 28.6951 
484 28.691396 
485 28.694745 
486 28.694434 
487 28.69383 
488 28.693784 
489 28.693752 
490 28.693667 
491 28.693633 
492 28.693596 
493 28.693575 
494 28.693545 
495 28.693516 
496 28.693492 
497 28.693471 
498 28.69341 
499 28.693353 
500 28.693296 
501 28.693251 
502 28.69322 
503 28.693084 
504 28.693024 
505 28.692915 
506 28.692831 
507 28.692752 
508 28.692708 
509 28.692582 
510 28.689444 
511 28.67679 
512 28.67382 
513 28.667659 
514 28.662885 
515 28.665875 
516 28.665875 
517 28.665777 
518 28.665743 
519 28.665449 
520 28.665447 
521 28.665356 
522 28.665299 
523 28.665292 
524 28.665256 
525 28.665247 
526 28.665086 
527 28.665077 
528 28.66507 
529 28.665015 
530 28.664993 
531 28.664983 
532 28.664937 
533 28.664916 
534 28.664903 
535 28.664879 
536 28.66486 
537 28.664853 
538 28.664845 
539 28.664838 
540 28.664824 
541 28.664799 
542 28.664789 
543 28.66478 
544 28.664769 
545 28.664759 
546 28.664737 
547 28.664728 
548 28.664678 
549 28.66466 
550 28.664626 
551 28.664567 
552 28.664533 
553 28.664516 
554 28.664469 
555 28.664444 
556 28.664424 
557 28.664383 
558 28.664346 
559 28.664302 
560 28.664277 
561 28.664263 
562 28.664241 
563 28.664204 
564 28.664147 
565 28.66413 
566 28.664116 
567 28.664077 
568 28.664025 
569 28.663843 
570 28.651499 
571 28.661064 
572 28.660362 
573 28.65969 
574 28.659015 
575 28.658657 
576 28.658558 
577 28.658158 
578 28.65804 
579 28.657902 
580 28.657639 
581 28.657548 
582 28.65747 
583 28.657377 
584 28.657058 
585 28.656943 
586 28.656828 
587 28.656638 
588 28.65646 
589 28.656338 
590 28.656181 
591 28.655892 
592 28.655777 
593 28.655632 
594 28.655468 
595 28.655234 
596 28.655111 
597 28.654984 
598 28.647904 
599 28.653766 
600 28.653765 
601 28.65366 
602 28.653583 
603 28.653115 
604 28.652729 
605 28.652539 
606 28.652279 
607 28.652017 
608 28.651693 
609 28.651592 
610 28.65147 
611 28.651282 
612 28.65116 
613 28.651071 
614 28.650933 
615 28.650808 
616 28.650555 
617 28.650408 
618 28.650233 
619 28.649028 
620 28.636937 
621 28.646415 
622 28.646341 
623 28.64614 
624 28.645895 
625 28.644742 
626 28.644574 
627 28.643955 
628 28.643812 
629 28.643714 
630 28.643601 
631 28.643489 
632 28.643332 
633 28.643165 
634 28.642969 
635 28.642886 
636 28.642707 
637 28.642586 
638 28.642507 
639 28.642341 
640 28.642279 
641 28.642053 
642 28.641917 
643 28.641716 
644 28.641577 
645 28.641374 
646 28.641219 
647 28.641057 
648 28.64082 
649 28.639892 
650 28.63821 
651 28.630105 
652 28.636549 
653 28.635686 
654 28.634746 
655 28.634422 
656 28.634393 
657 28.634383 
658 28.634358 
659 28.634318 
660 28.634309 
661 28.634293 
662 28.634273 
663 28.634258 
664 28.634232 
665 28.634209 
666 28.634191 
667 28.634169 
668 28.634096 
669 28.634047 
670 28.633994 
671 28.633949 
672 28.633909 
673 28.63386 
674 28.63381 
675 28.633772 
676 28.633746 
677 28.63372 
678 28.633698 
679 28.633597 
680 28.633514 
681 28.633464 
682 28.633404 
683 28.633338 
684 28.633308 
685 28.633248 
686 28.633193 
687 28.633078 
688 28.633044 
689 28.632967 
690 28.632926 
691 28.632821 
692 28.632751 
693 28.632673 
694 28.632271 
695 28.630783 
696 28.629179 
697 28.626845 
698 28.625346 
699 28.623113 
700 28.619693 
701 28.614084 
702 28.610719 
703 28.605179 
704 28.600397 
705 28.594031 
706 28.588928 
707 28.591799 
708 28.591695 
709 28.591512 
710 28.591309 
711 28.591177 
712 28.591082 
713 28.590982 
714 28.590906 
715 28.590792 
716 28.590687 
717 28.590595 
718 28.590501 
719 28.590426 
720 28.590351 
721 28.590203 
722 28.58777 
723 28.58372 
724 28.57916 
725 28.582145 
726 28.58213 
727 28.58196 
728 28.581723 
729 28.581682 
730 28.58167 
731 28.581637 
732 28.581621 
733 28.581611 
734 28.581598 
735 28.58159 
736 28.581578 
737 28.58155 
738 28.581533 
739 28.581518 
740 28.581508 
741 28.581489 
742 28.581477 
743 28.58145 
744 28.581419 
745 28.581402 
746 28.581383 
747 28.581356 
748 28.581341 
749 28.581329 
750 28.581313 
751 28.581282 
752 28.581257 
753 28.581221 
754 28.581196 
755 28.581176 
756 28.581141 
757 28.581116 
758 28.581073 
759 28.581059 
760 28.581041 
761 28.580947 
762 28.580928 
763 28.580911 
764 28.580887 
765 28.580844 
766 28.580814 
767 28.580766 
768 28.580736 
769 28.58071 
770 28.580672 
771 28.580633 
772 28.580227 
773 28.575898 
774 28.568385 
775 28.572156 
776 28.572109 
777 28.571817 
778 28.571731 
779 28.571596 
780 28.571562 
781 28.571536 
782 28.571518 
783 28.571504 
784 28.571478 
785 28.571439 
786 28.57141 
787 28.571365 
788 28.571321 
789 28.571309 
790 28.571293 
791 28.571273 
792 28.571235 
793 28.571199 
794 28.571162 
795 28.571136 
796 28.57111 
797 28.571076 
798 28.571048 
799 28.571038 
800 28.571011 
801 28.570972 
802 28.570929 
803 28.570879 
804 28.57086 
805 28.570797 
806 28.570769 
807 28.570742 
808 28.570714 
809 28.57068 
810 28.57064 
811 28.570614 
812 28.570587 
813 28.570568 
814 28.570541 
815 28.570491 
816 28.570437 
817 28.570416 
818 28.570405 
819 28.570376 
820 28.57036 
821 28.57034 
822 28.570294 
823 28.567257 
824 28.553332 
825 28.561708 
826 28.561161 
827 28.560882 
828 28.560667 
829 28.560532 
830 28.560371 
831 28.560217 
832 28.560051 
833 28.559875 
834 28.559702 
835 28.559594 
836 28.559416 
837 28.559321 
838 28.559174 
839 28.558876 
840 28.558643 
841 28.558552 
842 28.558418 
843 28.55826 
844 28.558135 
845 28.558028 
846 28.557911 
847 28.55778 
848 28.556678 
849 28.55128 
850 28.545026 
851 28.548328 
852 28.547395 
853 28.547295 
854 28.547194 
855 28.547179 
856 28.547159 
857 28.547141 
858 28.547126 
859 28.547102 
860 28.547084 
861 28.547064 
862 28.547049 
863 28.547031 
864 28.547005 
865 28.54699 
866 28.546962 
867 28.546944 
868 28.546927 
869 28.546898 
870 28.546885 
871 28.546867 
872 28.546843 
873 28.546813 
874 28.546798 
875 28.546768 
876 28.546751 
877 28.546727 
878 28.546709 
879 28.54667 
880 28.546634 
881 28.546601 
882 28.546571 
883 28.546546 
884 28.546484 
885 28.546468 
886 28.546434 
887 28.546404 
888 28.546383 
889 28.546342 
890 28.544449 
891 28.533369 
892 28.53773 
893 28.537268 
894 28.537225 
895 28.537111 
896 28.537076 
897 28.537043 
898 28.537009 
899 28.536964 
900 28.536906 
901 28.536868 
902 28.536826 
903 28.536751 
904 28.536673 
905 28.536628 
906 28.536591 
907 28.536534 
908 28.536503 
909 28.536469 
910 28.536387 
911 28.536317 
912 28.536282 
913 28.536207 
914 28.536147 
915 28.536118 
916 28.536064 
917 28.53601 
918 28.535968 
919 28.535921 
920 28.535868 
921 28.535833 
922 28.535773 
923 28.535745 
924 28.535692 
925 28.535102 
926 28.534332 
927 28.525672 
928 28.528965 
929 28.528768 
930 28.528713 
931 28.528323 
932 28.52827 
933 28.528028 
934 28.528021 
935 28.527911 
936 28.527905 
937 28.527819 
938 28.527813 
939 28.5278 
940 28.527794 
941 28.527785 
942 28.527779 
943 28.52776 
944 28.527702 
945 28.527685 
946 28.527661 
947 28.527631 
948 28.527613 
949 28.527588 
950 28.527553 
951 28.527525 
952 28.527499 
953 28.52747 
954 28.527452 
955 28.527396 
956 28.527358 
957 28.527324 
958 28.527297 
959 28.527269 
960 28.527243 
961 28.52721 
962 28.527195 
963 28.52717 
964 28.527147 
965 28.527128 
966 28.527089 
967 28.52707 
968 28.527044 
969 28.527012 
970 28.526981 
971 28.526935 
972 28.526874 
973 28.526745 
974 28.525433 
975 28.516446 
976 28.521075 
977 28.520356 
978 28.520312 
979 28.520236 
980 28.520214 
981 28.520193 
982 28.520152 
983 28.520082 
984 28.520052 
985 28.520003 
986 28.519967 
987 28.519906 
988 28.519874 
989 28.51984 
990 28.519798 
991 28.519735 
992 28.519698 
993 28.519601 
994 28.519528 
995 28.519506 
996 28.51949 
997 28.519458 
998 28.519404 
999 28.519367 
1000 28.519322 
1001 28.51927 
1002 28.519234 
1003 28.519214 
1004 28.519169 
1005 28.519147 
1006 28.519106 
1007 28.519081 
1008 28.519054 
1009 28.519025 
1010 28.518992 
1011 28.518966 
1012 28.518928 
1013 28.518886 
1014 28.518836 
1015 28.518788 
1016 28.518717 
1017 28.518616 
1018 28.512513 
1019 28.515608 
1020 28.515513 
1021 28.515438 
1022 28.515255 
1023 28.515216 
1024 28.515164 
1025 28.515157 
1026 28.514994 
1027 28.514923 
1028 28.514831 
1029 28.514742 
1030 28.514693 
1031 28.514637 
1032 28.514561 
1033 28.514503 
1034 28.514449 
1035 28.514344 
1036 28.514264 
1037 28.514221 
1038 28.514168 
1039 28.514086 
1040 28.513985 
1041 28.513862 
1042 28.513472 
1043 28.504632 
1044 28.512232 
1045 28.512231 
1046 28.511683 
1047 28.511662 
1048 28.510894 
1049 28.510717 
1050 28.510146 
1051 28.509748 
1052 28.509549 
1053 28.509375 
1054 28.509199 
1055 28.509063 
1056 28.508929 
1057 28.508684 
1058 28.508534 
1059 28.508375 
1060 28.508239 
1061 28.508078 
1062 28.507925 
1063 28.507759 
1064 28.50738 
1065 28.506454 
1066 28.503157 
1067 28.483646 
1068 28.4925 
1069 28.492247 
1070 28.49108 
1071 28.490719 
1072 28.490063 
1073 28.489822 
1074 28.489573 
1075 28.489389 
1076 28.489334 
1077 28.489259 
1078 28.489191 
1079 28.489131 
1080 28.489054 
1081 28.48894 
1082 28.488846 
1083 28.488777 
1084 28.488679 
1085 28.488607 
1086 28.488468 
1087 28.488377 
1088 28.488311 
1089 28.488217 
1090 28.488124 
1091 28.488021 
1092 28.487967 
1093 28.487883 
1094 28.487823 
1095 28.487725 
1096 28.487618 
1097 28.487496 
1098 28.487373 
1099 28.487239 
1100 28.486442 
1101 28.475119 
1102 28.483001 
1103 28.482855 
1104 28.482516 
1105 28.481066 
1106 28.480459 
1107 28.480031 
1108 28.479531 
1109 28.47919 
1110 28.478475 
1111 28.477376 
1112 28.474938 
1113 28.461863 
1114 28.467983 
1115 28.466864 
1116 28.466444 
1117 28.466371 
1118 28.465932 
1119 28.465801 
1120 28.465674 
1121 28.465549 
1122 28.465375 
1123 28.46523 
1124 28.465069 
1125 28.464943 
1126 28.46482 
1127 28.464712 
1128 28.464557 
1129 28.463105 
1130 28.439549 
1131 28.452679 
1132 28.450188 
1133 28.448953 
1134 28.448194 
1135 28.447239 
1136 28.446511 
1137 28.445941 
1138 28.445359 
1139 28.443904 
1140 28.430531 
1141 28.439937 
1142 28.437449 
1143 28.437217 
1144 28.437077 
1145 28.436973 
1146 28.436837 
1147 28.436726 
1148 28.436617 
1149 28.436491 
1150 28.436434 
1151 28.43634 
1152 28.436225 
1153 28.43611 
1154 28.436014 
1155 28.435845 
1156 28.435706 
1157 28.435635 
1158 28.435555 
1159 28.435445 
1160 28.435381 
1161 28.435289 
1162 28.435207 
1163 28.435127 
1164 28.434995 
1165 28.434887 
1166 28.434751 
1167 28.434605 
1168 28.434361 
1169 28.431514 
1170 28.386825 
1171 28.400791 
1172 28.400709 
1173 28.400605 
1174 28.399837 
1175 28.399334 
1176 28.398752 
1177 28.398319 
1178 28.39799 
1179 28.39771 
1180 28.397537 
1181 28.39718 
1182 28.396842 
1183 28.39655 
1184 28.396364 
1185 28.396179 
1186 28.395999 
1187 28.395613 
1188 28.395431 
1189 28.395137 
1190 28.394935 
1191 28.39453 
1192 28.394292 
1193 28.394121 
1194 28.393918 
1195 28.393782 
1196 28.393493 
1197 28.393222 
1198 28.392833 
1199 28.392437 
1200 28.391967 
1201 28.39137 
1202 28.39011 
1203 28.388978 
1204 28.357431 
1205 28.375927 
1206 28.373107 
1207 28.372577 
1208 28.371586 
1209 28.370846 
1210 28.370245 
1211 28.369922 
1212 28.36959 
1213 28.369305 
1214 28.369033 
1215 28.36859 
1216 28.368197 
1217 28.367654 
1218 28.367389 
1219 28.367192 
1220 28.366886 
1221 28.366586 
1222 28.366204 
1223 28.365881 
1224 28.365529 
1225 28.365228 
1226 28.364728 
1227 28.361724 
1228 28.350608 
1229 28.354308 
1230 28.354171 
1231 28.353851 
1232 28.353733 
1233 28.353646 
1234 28.35361 
1235 28.35357 
1236 28.35351 
1237 28.353418 
1238 28.353359 
1239 28.353289 
1240 28.353255 
1241 28.353218 
1242 28.353171 
1243 28.353129 
1244 28.35308 
1245 28.353042 
1246 28.352997 
1247 28.352957 
1248 28.352901 
1249 28.352869 
1250 28.352834 
1251 28.352756 
1252 28.35273 
1253 28.352698 
1254 28.352658 
1255 28.35257 
1256 28.352505 
1257 28.352445 
1258 28.35237 
1259 28.351788 
1260 28.348734 
1261 28.34007 
1262 28.344827 
1263 28.344823 
1264 28.34434 
1265 28.343977 
1266 28.343692 
1267 28.343501 
1268 28.343225 
1269 28.343091 
1270 28.342966 
1271 28.342852 
1272 28.342705 
1273 28.342578 
1274 28.342431 
1275 28.342335 
1276 28.342212 
1277 28.341829 
1278 28.3391 
1279 28.332875 
1280 28.337483 
1281 28.336968 
1282 28.336889 
1283 28.336679 
1284 28.336593 
1285 28.336455 
1286 28.336221 
1287 28.336137 
1288 28.336048 
1289 28.335895 
1290 28.335832 
1291 28.335789 
1292 28.335731 
1293 28.335686 
1294 28.335609 
1295 28.335546 
1296 28.335453 
1297 28.335385 
1298 28.335315 
1299 28.335255 
1300 28.335199 
1301 28.335136 
1302 28.335068 
1303 28.335014 
1304 28.333482 
1305 28.29807 
1306 28.312025 
1307 28.310535 
1308 28.309813 
1309 28.309199 
1310 28.308686 
1311 28.307965 
1312 28.307435 
1313 28.307003 
1314 28.306479 
1315 28.306109 
1316 28.305557 
1317 28.300452 
1318 28.297604 
1319 28.301199 
1320 28.301198 
1321 28.301138 
1322 28.3011 
1323 28.301061 
1324 28.301046 
1325 28.301026 
1326 28.300733 
1327 28.300598 
1328 28.300486 
1329 28.300417 
1330 28.300339 
1331 28.300279 
1332 28.300214 
1333 28.300167 
1334 28.300116 
1335 28.30008 
1336 28.300031 
1337 28.299954 
1338 28.29991 
1339 28.299807 
1340 28.299716 
1341 28.299629 
1342 28.299506 
1343 28.298892 
1344 28.286643 
1345 28.292611 
1346 28.292514 
1347 28.292226 
1348 28.291914 
1349 28.291887 
1350 28.291859 
1351 28.291829 
1352 28.291739 
1353 28.291705 
1354 28.291649 
1355 28.291617 
1356 28.291569 
1357 28.291537 
1358 28.291493 
1359 28.291466 
1360 28.291442 
1361 28.291399 
1362 28.291368 
1363 28.291341 
1364 28.291311 
1365 28.291284 
1366 28.291241 
1367 28.291168 
1368 28.291114 
1369 28.291085 
1370 28.291032 
1371 28.290991 
1372 28.290947 
1373 28.290883 
1374 28.290785 
1375 28.290721 
1376 28.290644 
1377 28.290596 
1378 28.290554 
1379 28.290525 
1380 28.290466 
1381 28.290402 
1382 28.290382 
1383 28.290319 
1384 28.290268 
1385 28.290225 
1386 28.290193 
1387 28.29016 
1388 28.290109 
1389 28.290074 
1390 28.290024 
1391 28.289934 
1392 28.289153 
1393 28.288599 
1394 28.286817 
1395 28.215513 
1396 28.243216 
1397 28.244067 
1398 28.241904 
1399 28.241265 
1400 28.240868 
1401 28.240712 
1402 28.240558 
1403 28.240379 
1404 28.24019 
1405 28.240078 
1406 28.239923 
1407 28.239708 
1408 28.239503 
1409 28.239126 
1410 28.23885 
1411 28.238701 
1412 28.238467 
1413 28.238077 
1414 28.237878 
1415 28.237679 
1416 28.237256 
1417 28.236948 
1418 28.236816 
1419 28.236662 
1420 28.23636 
1421 28.236149 
1422 28.235839 
1423 28.235749 
1424 28.235478 
1425 28.235337 
1426 28.235146 
1427 28.234984 
1428 28.234668 
1429 28.234274 
1430 28.234037 
1431 28.233915 
1432 28.233789 
1433 28.233684 
1434 28.23334 
1435 28.233222 
1436 28.232982 
1437 28.232799 
1438 28.232618 
1439 28.232454 
1440 28.232226 
1441 28.231979 
1442 28.231518 
1443 28.224185 
1444 28.228104 
1445 28.228021 
1446 28.227927 
1447 28.227374 
1448 28.227336 
1449 28.227286 
1450 28.227263 
1451 28.227127 
1452 28.227088 
1453 28.227015 
1454 28.226857 
1455 28.226832 
1456 28.226814 
1457 28.226803 
1458 28.226765 
1459 28.226746 
1460 28.226726 
1461 28.226697 
1462 28.226689 
1463 28.226676 
1464 28.226664 
1465 28.226657 
1466 28.226649 
1467 28.22663 
1468 28.226621 
1469 28.226611 
1470 28.226594 
1471 28.226579 
1472 28.226542 
1473 28.226532 
1474 28.226503 
1475 28.226482 
1476 28.226457 
1477 28.226438 
1478 28.226432 
1479 28.226418 
1480 28.226403 
1481 28.226396 
1482 28.226362 
1483 28.226338 
1484 28.226317 
1485 28.226303 
1486 28.226273 
1487 28.226259 
1488 28.226225 
1489 28.226217 
1490 28.226191 
1491 28.226184 
1492 28.226171 
1493 28.226165 
1494 28.226144 
1495 28.226132 
1496 28.226124 
1497 28.226113 
1498 28.226088 
1499 28.226071 
1500 28.226045 
1501 28.226031 
1502 28.226015 
1503 28.225974 
1504 28.225948 
1505 28.225913 
1506 28.225391 
1507 28.223783 
1508 28.188379 
1509 28.201209 
1510 28.198873 
1511 28.198525 
1512 28.198137 
1513 28.197934 
1514 28.197763 
1515 28.197579 
1516 28.197432 
1517 28.197288 
1518 28.197097 
1519 28.19685 
1520 28.196654 
1521 28.196451 
1522 28.196278 
1523 28.195997 
1524 28.195845 
1525 28.195638 
1526 28.195486 
1527 28.195392 
1528 28.195196 
1529 28.195078 
1530 28.194923 
1531 28.194743 
1532 28.19463 
1533 28.19381 
1534 28.187048 
1535 28.191824 
1536 28.191628 
1537 28.191452 
1538 28.191397 
1539 28.191305 
1540 28.191179 
1541 28.191092 
1542 28.190887 
1543 28.190822 
1544 28.19077 
1545 28.190734 
1546 28.190689 
1547 28.190639 
1548 28.19056 
1549 28.19044 
1550 28.190397 
1551 28.190317 
1552 28.190255 
1553 28.190204 
1554 28.19016 
1555 28.19013 
1556 28.190064 
1557 28.190027 
1558 28.189975 
1559 28.189938 
1560 28.189903 
1561 28.189862 
1562 28.189821 
1563 28.189788 
1564 28.189744 
1565 28.189669 
1566 28.189516 
1567 28.188162 
1568 28.165386 
1569 28.179607 
1570 28.177757 
1571 28.176713 
1572 28.17586 
1573 28.175139 
1574 28.174288 
1575 28.173583 
1576 28.173154 
1577 28.172667 
1578 28.171407 
1579 28.164082 
1580 28.1698 
1581 28.168302 
1582 28.168063 
1583 28.16787 
1584 28.167706 
1585 28.167527 
1586 28.167429 
1587 28.167274 
1588 28.167131 
1589 28.166998 
1590 28.166827 
1591 28.166464 
1592 28.165783 
1593 28.151955 
1594 28.162386 
1595 28.159567 
1596 28.158176 
1597 28.157304 
1598 28.156873 
1599 28.156101 
1600 28.155068 
1601 28.150602 
1602 28.153866 
1603 28.153865 
1604 28.153456 
1605 28.153355 
1606 28.15334 
1607 28.153334 
1608 28.153292 
1609 28.153287 
1610 28.153212 
1611 28.153206 
1612 28.153203 
1613 28.153189 
1614 28.153179 
1615 28.153145 
1616 28.15311 
1617 28.153096 
1618 28.153079 
1619 28.153064 
1620 28.153051 
1621 28.15304 
1622 28.153027 
1623 28.153016 
1624 28.153006 
1625 28.153003 
1626 28.152992 
1627 28.15298 
1628 28.152974 
1629 28.152951 
1630 28.15294 
1631 28.152905 
1632 28.152894 
1633 28.152875 
1634 28.152868 
1635 28.152862 
1636 28.152837 
1637 28.15282 
1638 28.152806 
1639 28.152798 
1640 28.152783 
1641 28.152778 
1642 28.152771 
1643 28.152763 
1644 28.152754 
1645 28.152747 
1646 28.152737 
1647 28.152726 
1648 28.152715 
1649 28.152706 
1650 28.152693 
1651 28.152681 
1652 28.152676 
1653 28.152667 
1654 28.152652 
1655 28.15264 
1656 28.152629 
1657 28.152608 
1658 28.152602 
1659 28.15259 
1660 28.152573 
1661 28.15256 
1662 28.152548 
1663 28.152532 
1664 28.152523 
1665 28.152509 
1666 28.152492 
1667 28.152487 
1668 28.152475 
1669 28.152461 
1670 28.152451 
1671 28.152442 
1672 28.152426 
1673 28.152348 
1674 28.152316 
1675 28.15228 
1676 28.152191 
1677 28.152144 
1678 28.151712 
1679 28.150109 
1680 28.129539 
1681 28.132877 
1682 28.132874 
1683 28.132815 
1684 28.13272 
1685 28.132673 
1686 28.132658 
1687 28.132493 
1688 28.132377 
1689 28.132355 
1690 28.132325 
1691 28.132289 
1692 28.132245 
1693 28.13219 
1694 28.132131 
1695 28.132105 
1696 28.132078 
1697 28.132016 
1698 28.131967 
1699 28.131926 
1700 28.131902 
1701 28.131885 
1702 28.131862 
1703 28.131845 
1704 28.131819 
1705 28.131771 
1706 28.131754 
1707 28.131734 
1708 28.131688 
1709 28.13166 
1710 28.131643 
1711 28.13162 
1712 28.131596 
1713 28.131571 
1714 28.13155 
1715 28.131528 
1716 28.131516 
1717 28.131492 
1718 28.131479 
1719 28.13146 
1720 28.131439 
1721 28.131424 
1722 28.131396 
1723 28.131379 
1724 28.131341 
1725 28.131295 
1726 28.131252 
1727 28.13123 
1728 28.131209 
1729 28.131143 
1730 28.131081 
1731 28.130925 
1732 28.129072 
1733 28.11101 
1734 28.117828 
1735 28.117341 
1736 28.116805 
1737 28.116616 
1738 28.116569 
1739 28.116485 
1740 28.116323 
1741 28.116299 
1742 28.116176 
1743 28.116152 
1744 28.116121 
1745 28.116026 
1746 28.115955 
1747 28.115887 
1748 28.11585 
1749 28.115807 
1750 28.115759 
1751 28.115734 
1752 28.115715 
1753 28.115693 
1754 28.11567 
1755 28.115623 
1756 28.115597 
1757 28.11557 
1758 28.115544 
1759 28.115518 
1760 28.11549 
1761 28.115447 
1762 28.115434 
1763 28.1154 
1764 28.115366 
1765 28.115305 
1766 28.11522 
1767 28.115177 
1768 28.115131 
1769 28.115099 
1770 28.115083 
1771 28.11505 
1772 28.115017 
1773 28.114995 
1774 28.114954 
1775 28.114922 
1776 28.11489 
1777 28.114853 
1778 28.114824 
1779 28.114785 
1780 28.114758 
1781 28.114714 
1782 28.114701 
1783 28.114682 
1784 28.114655 
1785 28.114629 
1786 28.114608 
1787 28.114571 
1788 28.114556 
1789 28.114543 
1790 28.114509 
1791 28.11449 
1792 28.114472 
1793 28.114441 
1794 28.114421 
1795 28.114387 
1796 28.114014 
1797 28.110246 
1798 28.100589 
1799 28.107327 
1800 28.107326 
1801 28.107193 
1802 28.106559 
1803 28.106294 
1804 28.106004 
1805 28.105699 
1806 28.105497 
1807 28.105264 
1808 28.105117 
1809 28.104902 
1810 28.104759 
1811 28.104619 
1812 28.104428 
1813 28.1043 
1814 28.104195 
1815 28.104071 
1816 28.103954 
1817 28.103853 
1818 28.103755 
1819 28.103525 
1820 28.103079 
1821 28.101609 
1822 28.083761 
1823 28.091365 
1824 28.090687 
1825 28.090479 
1826 28.09033 
1827 28.090117 
1828 28.089716 
1829 28.089571 
1830 28.089463 
1831 28.089209 
1832 28.089061 
1833 28.088964 
1834 28.088874 
1835 28.088752 
1836 28.08857 
1837 28.088434 
1838 28.088323 
1839 28.088212 
1840 28.088108 
1841 28.087961 
1842 28.087898 
1843 28.087753 
1844 28.087698 
1845 28.087625 
1846 28.087345 
1847 28.087191 
1848 28.08682 
1849 28.086339 
1850 28.083484 
1851 28.056102 
1852 28.069078 
1853 28.068023 
1854 28.067181 
1855 28.066663 
1856 28.065828 
1857 28.065458 
1858 28.065206 
1859 28.064907 
1860 28.06458 
1861 28.064304 
1862 28.064116 
1863 28.063905 
1864 28.063625 
1865 28.063459 
1866 28.063195 
1867 28.062999 
1868 28.062791 
1869 28.06265 
1870 28.062473 
1871 28.062274 
1872 28.062099 
1873 28.061821 
1874 28.061231 
1875 28.05871 
1876 28.048665 
1877 28.052604 
1878 28.052393 
1879 28.052231 
1880 28.052159 
1881 28.051905 
1882 28.051824 
1883 28.051778 
1884 28.051701 
1885 28.051687 
1886 28.051657 
1887 28.05158 
1888 28.05155 
1889 28.051516 
1890 28.051448 
1891 28.05138 
1892 28.05134 
1893 28.051317 
1894 28.051286 
1895 28.051236 
1896 28.051204 
1897 28.051185 
1898 28.051163 
1899 28.051142 
1900 28.051105 
1901 28.051082 
1902 28.051059 
1903 28.051036 
1904 28.051013 
1905 28.050988 
1906 28.050965 
1907 28.050939 
1908 28.05092 
1909 28.050902 
1910 28.050887 
1911 28.050856 
1912 28.050821 
1913 28.050783 
1914 28.050755 
1915 28.05071 
1916 28.050669 
1917 28.050619 
1918 28.050569 
1919 28.050513 
1920 28.050174 
1921 28.04879 
1922 28.03767 
1923 28.043792 
1924 28.043377 
1925 28.042897 
1926 28.042371 
1927 28.042053 
1928 28.041766 
1929 28.04143 
1930 28.041272 
1931 28.0411 
1932 28.040567 
1933 28.037953 
1934 28.023813 
1935 28.034809 
1936 28.032528 
1937 28.032378 
1938 28.032299 
1939 28.031629 
1940 28.031488 
1941 28.031408 
1942 28.031348 
1943 28.031237 
1944 28.031107 
1945 28.031023 
1946 28.030934 
1947 28.030855 
1948 28.030787 
1949 28.030707 
1950 28.030662 
1951 28.030611 
1952 28.030557 
1953 28.030498 
1954 28.030362 
1955 28.030282 
1956 28.030153 
1957 28.030103 
1958 28.030055 
1959 28.029986 
1960 28.029849 
1961 28.029799 
1962 28.029733 
1963 28.02967 
1964 28.029605 
1965 28.02956 
1966 28.029526 
1967 28.029478 
1968 28.029436 
1969 28.029377 
1970 28.029311 
1971 28.029277 
1972 28.029192 
1973 28.029007 
1974 28.028827 
1975 28.028646 
1976 28.026947 
1977 28.014464 
1978 28.022225 
1979 28.022222 
1980 28.02148 
1981 28.021306 
1982 28.021223 
1983 28.020416 
1984 28.020223 
1985 28.020036 
1986 28.019895 
1987 28.019651 
1988 28.019536 
1989 28.019357 
1990 28.019272 
1991 28.019191 
1992 28.019107 
1993 28.019044 
1994 28.018943 
1995 28.018849 
1996 28.018764 
1997 28.018672 
1998 28.01838 
1999 28.01784 
2000 28.01689 
