1 1.19331e-08 
2 1.80054e-08 
3 1.92948e-08 
4 2.02124e-08 
5 2.05152e-08 
6 2.98299e-08 
7 3.16786e-08 
8 3.26303e-08 
9 3.34786e-08 
10 3.35181e-08 
11 3.8387e-08 
12 4.00658e-08 
13 4.0937e-08 
14 4.12966e-08 
15 4.53127e-08 
16 4.67218e-08 
17 4.67367e-08 
18 4.72589e-08 
19 4.76952e-08 
20 7.79275e-08 
21 8.34412e-08 
22 8.55848e-08 
23 8.74729e-08 
24 8.95047e-08 
25 8.95254e-08 
26 8.95256e-08 
27 9.01294e-08 
28 1.24251e-07 
29 1.3054e-07 
30 1.30999e-07 
31 1.32756e-07 
32 1.33376e-07 
33 1.36394e-07 
34 1.36454e-07 
35 1.36563e-07 
36 1.37183e-07 
37 1.37271e-07 
38 1.3773e-07 
39 1.57707e-07 
40 1.62469e-07 
41 1.62471e-07 
42 1.65804e-07 
43 1.65897e-07 
44 1.66577e-07 
45 1.67219e-07 
46 1.67584e-07 
47 1.72207e-07 
48 1.73446e-07 
49 1.74118e-07 
50 1.74323e-07 
51 1.76945e-07 
52 1.77148e-07 
53 1.77596e-07 
54 1.78065e-07 
55 1.781e-07 
56 1.78586e-07 
57 1.81883e-07 
58 1.81962e-07 
59 1.83465e-07 
60 2.02439e-07 
61 2.061e-07 
62 2.06844e-07 
63 2.07893e-07 
64 2.08543e-07 
65 2.50629e-07 
66 2.59048e-07 
67 2.59142e-07 
68 2.62151e-07 
69 2.62723e-07 
70 2.66508e-07 
71 2.66996e-07 
72 2.67173e-07 
73 2.67408e-07 
74 2.67899e-07 
75 2.6834e-07 
76 2.68764e-07 
77 2.69043e-07 
78 2.70018e-07 
79 3.13178e-07 
80 3.2086e-07 
81 3.27136e-07 
82 3.27394e-07 
83 3.28091e-07 
84 3.2896e-07 
85 3.29524e-07 
86 3.30165e-07 
87 3.3045e-07 
88 3.30926e-07 
89 3.57175e-07 
90 3.63242e-07 
91 3.64787e-07 
92 3.64868e-07 
93 3.64964e-07 
94 3.65001e-07 
95 3.65018e-07 
96 3.65089e-07 
97 3.65125e-07 
98 3.65186e-07 
99 3.65218e-07 
100 3.65691e-07 
101 3.66401e-07 
102 3.67143e-07 
103 3.77203e-07 
104 3.77355e-07 
105 3.7738e-07 
106 3.7845e-07 
107 3.78834e-07 
108 3.7892e-07 
109 3.7899e-07 
110 3.79041e-07 
111 3.7929e-07 
112 3.79676e-07 
113 3.89694e-07 
114 3.90268e-07 
115 3.90431e-07 
116 3.91414e-07 
117 3.91791e-07 
118 3.92014e-07 
119 3.92137e-07 
120 3.92206e-07 
121 3.92286e-07 
122 3.92401e-07 
123 3.92524e-07 
124 4.01841e-07 
125 4.03004e-07 
126 4.03876e-07 
127 4.04616e-07 
128 4.05407e-07 
129 4.11859e-07 
130 4.12941e-07 
131 4.13916e-07 
132 4.1396e-07 
133 4.14205e-07 
134 4.1431e-07 
135 4.14393e-07 
136 4.14579e-07 
137 4.14768e-07 
138 4.14909e-07 
139 4.23037e-07 
140 4.23343e-07 
141 4.24721e-07 
142 4.2539e-07 
143 4.25889e-07 
144 4.26117e-07 
145 4.26415e-07 
146 4.26495e-07 
147 4.26637e-07 
148 4.26796e-07 
149 4.28461e-07 
150 4.32333e-07 
151 4.33427e-07 
152 4.3347e-07 
153 4.33525e-07 
154 4.33642e-07 
155 4.33759e-07 
156 4.3388e-07 
157 4.33916e-07 
158 4.33947e-07 
159 4.33999e-07 
160 4.3404e-07 
161 4.34084e-07 
162 4.34186e-07 
163 4.34505e-07 
164 4.61101e-07 
165 4.6842e-07 
166 4.68536e-07 
167 4.70836e-07 
168 4.71358e-07 
169 4.72836e-07 
170 4.73648e-07 
171 4.74392e-07 
172 4.75651e-07 
173 4.91707e-07 
174 4.92601e-07 
175 4.94603e-07 
176 4.96575e-07 
177 4.97692e-07 
178 5.01876e-07 
179 5.02045e-07 
180 5.02703e-07 
181 5.02766e-07 
182 5.02824e-07 
183 5.02834e-07 
184 5.02859e-07 
185 5.02933e-07 
186 5.03005e-07 
187 5.03011e-07 
188 5.03049e-07 
189 5.03156e-07 
190 5.03225e-07 
191 5.03542e-07 
192 5.04444e-07 
193 5.1293e-07 
194 5.13414e-07 
195 5.14756e-07 
196 5.14918e-07 
197 5.1509e-07 
198 5.15217e-07 
199 5.15299e-07 
200 5.15382e-07 
201 5.15546e-07 
202 5.15717e-07 
203 5.16328e-07 
204 5.18755e-07 
205 5.28152e-07 
206 5.29752e-07 
207 5.30033e-07 
208 5.30113e-07 
209 5.30259e-07 
210 5.30443e-07 
211 5.31227e-07 
212 5.3844e-07 
213 5.38592e-07 
214 5.38626e-07 
215 5.39133e-07 
216 5.39451e-07 
217 5.39536e-07 
218 5.39587e-07 
219 5.39646e-07 
220 5.3972e-07 
221 5.39861e-07 
222 5.41108e-07 
223 5.47841e-07 
224 5.65226e-07 
225 5.71029e-07 
226 5.713e-07 
227 5.71476e-07 
228 5.71677e-07 
229 5.71761e-07 
230 5.71881e-07 
231 5.71914e-07 
232 5.71999e-07 
233 5.72078e-07 
234 5.7211e-07 
235 5.72157e-07 
236 5.7222e-07 
237 5.72267e-07 
238 5.72365e-07 
239 5.72519e-07 
240 5.72596e-07 
241 5.72688e-07 
242 5.74678e-07 
243 5.80238e-07 
244 5.80991e-07 
245 5.81187e-07 
246 5.81221e-07 
247 5.81328e-07 
248 5.81386e-07 
249 5.81651e-07 
250 5.81757e-07 
251 5.81857e-07 
252 5.82009e-07 
253 5.82475e-07 
254 6.01221e-07 
255 6.04607e-07 
256 6.05222e-07 
257 6.05895e-07 
258 6.06413e-07 
259 6.06891e-07 
260 6.07506e-07 
261 6.08598e-07 
262 6.09965e-07 
263 6.23239e-07 
264 6.23629e-07 
265 6.26236e-07 
266 6.26676e-07 
267 6.27134e-07 
268 6.27831e-07 
269 6.35128e-07 
270 6.35956e-07 
271 6.36799e-07 
272 6.37242e-07 
273 6.37747e-07 
274 6.38873e-07 
275 6.40114e-07 
276 6.69149e-07 
277 6.73659e-07 
278 6.75069e-07 
279 6.75833e-07 
280 6.7669e-07 
281 6.76746e-07 
282 6.76868e-07 
283 6.77111e-07 
284 6.77222e-07 
285 6.77315e-07 
286 6.77379e-07 
287 6.77461e-07 
288 6.7756e-07 
289 6.77641e-07 
290 6.78055e-07 
291 6.78491e-07 
292 6.78865e-07 
293 6.79198e-07 
294 6.80239e-07 
295 6.89838e-07 
296 6.92193e-07 
297 6.92487e-07 
298 6.92845e-07 
299 6.93576e-07 
300 7.17031e-07 
301 7.23394e-07 
302 7.23754e-07 
303 7.25825e-07 
304 7.26328e-07 
305 7.26579e-07 
306 7.26753e-07 
307 7.2698e-07 
308 7.27217e-07 
309 7.28307e-07 
310 7.29227e-07 
311 7.30353e-07 
312 7.4221e-07 
313 7.44402e-07 
314 7.45478e-07 
315 7.4574e-07 
316 7.46145e-07 
317 7.46747e-07 
318 7.54204e-07 
319 7.55337e-07 
320 7.55525e-07 
321 7.56004e-07 
322 7.56066e-07 
323 7.56121e-07 
324 7.56178e-07 
325 7.56266e-07 
326 7.56339e-07 
327 7.56491e-07 
328 7.56642e-07 
329 7.5723e-07 
330 7.59942e-07 
331 8.28731e-07 
332 8.3867e-07 
333 8.40144e-07 
334 8.40272e-07 
335 8.4408e-07 
336 8.45545e-07 
337 8.46599e-07 
338 8.47681e-07 
339 8.49265e-07 
340 8.50947e-07 
341 8.60824e-07 
342 8.61444e-07 
343 8.62073e-07 
344 8.62164e-07 
345 8.62202e-07 
346 8.62256e-07 
347 8.62328e-07 
348 8.62365e-07 
349 8.62381e-07 
350 8.62463e-07 
351 8.62489e-07 
352 8.62523e-07 
353 8.62551e-07 
354 8.62567e-07 
355 8.62575e-07 
356 8.62597e-07 
357 8.62617e-07 
358 8.62635e-07 
359 8.62651e-07 
360 8.62694e-07 
361 8.62727e-07 
362 8.62747e-07 
363 8.62765e-07 
364 8.62817e-07 
365 8.6284e-07 
366 8.62863e-07 
367 8.62916e-07 
368 8.62931e-07 
369 8.62969e-07 
370 8.63002e-07 
371 8.63084e-07 
372 8.63395e-07 
373 8.64651e-07 
374 8.70286e-07 
375 8.81411e-07 
376 8.82329e-07 
377 8.82722e-07 
378 8.83507e-07 
379 9.04396e-07 
380 9.04655e-07 
381 9.04904e-07 
382 9.05092e-07 
383 9.05281e-07 
384 9.05381e-07 
385 9.0556e-07 
386 9.05715e-07 
387 9.05751e-07 
388 9.05792e-07 
389 9.05826e-07 
390 9.05839e-07 
391 9.05864e-07 
392 9.05898e-07 
393 9.05943e-07 
394 9.05952e-07 
395 9.05962e-07 
396 9.05994e-07 
397 9.06003e-07 
398 9.06023e-07 
399 9.06042e-07 
400 9.06058e-07 
401 9.06082e-07 
402 9.06092e-07 
403 9.06144e-07 
404 9.06153e-07 
405 9.0617e-07 
406 9.0622e-07 
407 9.06255e-07 
408 9.06325e-07 
409 9.06359e-07 
410 9.06464e-07 
411 9.06914e-07 
412 9.10605e-07 
413 9.42348e-07 
414 9.44499e-07 
415 9.45025e-07 
416 9.45654e-07 
417 9.6644e-07 
418 9.71553e-07 
419 9.7277e-07 
420 9.81674e-07 
421 9.81981e-07 
422 9.82111e-07 
423 9.82294e-07 
424 9.82344e-07 
425 9.82556e-07 
426 9.82623e-07 
427 9.82688e-07 
428 9.82743e-07 
429 9.82756e-07 
430 9.8277e-07 
431 9.82805e-07 
432 9.8286e-07 
433 9.82887e-07 
434 9.82916e-07 
435 9.82942e-07 
436 9.82953e-07 
437 9.82965e-07 
438 9.82976e-07 
439 9.83051e-07 
440 9.83102e-07 
441 9.83145e-07 
442 9.83185e-07 
443 9.83213e-07 
444 9.83283e-07 
445 9.83352e-07 
446 9.83471e-07 
447 9.83511e-07 
448 9.83559e-07 
449 9.83594e-07 
450 9.83669e-07 
451 9.83724e-07 
452 9.83787e-07 
453 9.83865e-07 
454 9.83943e-07 
455 9.84054e-07 
456 9.84282e-07 
457 9.84387e-07 
458 1.00018e-06 
459 1.00125e-06 
460 1.00299e-06 
461 1.00364e-06 
462 1.00426e-06 
463 1.00494e-06 
464 1.0067e-06 
465 1.00881e-06 
466 1.01136e-06 
467 1.05098e-06 
468 1.0539e-06 
469 1.05483e-06 
470 1.05598e-06 
471 1.11215e-06 
472 1.11629e-06 
473 1.11675e-06 
474 1.11727e-06 
475 1.11795e-06 
476 1.1192e-06 
477 1.12191e-06 
478 1.16353e-06 
479 1.16964e-06 
480 1.17048e-06 
481 1.17108e-06 
482 1.1719e-06 
483 1.17306e-06 
484 1.17576e-06 
485 1.1784e-06 
486 1.22649e-06 
487 1.23104e-06 
488 1.23249e-06 
489 1.23275e-06 
490 1.23277e-06 
491 1.23303e-06 
492 1.23304e-06 
493 1.2332e-06 
494 1.23335e-06 
495 1.2334e-06 
496 1.23359e-06 
497 1.23364e-06 
498 1.2337e-06 
499 1.23379e-06 
500 1.23389e-06 
501 1.23399e-06 
502 1.23405e-06 
503 1.23415e-06 
504 1.23423e-06 
505 1.23431e-06 
506 1.2344e-06 
507 1.23448e-06 
508 1.23461e-06 
509 1.23484e-06 
510 1.23501e-06 
511 1.23528e-06 
512 1.23576e-06 
513 1.23622e-06 
514 1.2367e-06 
515 1.2377e-06 
516 1.24428e-06 
517 1.30212e-06 
518 1.30745e-06 
519 1.30777e-06 
520 1.30813e-06 
521 1.30835e-06 
522 1.30855e-06 
523 1.30871e-06 
524 1.30893e-06 
525 1.30909e-06 
526 1.30927e-06 
527 1.30947e-06 
528 1.30974e-06 
529 1.31016e-06 
530 1.31076e-06 
531 1.31142e-06 
532 1.31306e-06 
533 1.382e-06 
534 1.38498e-06 
535 1.39174e-06 
536 1.39236e-06 
537 1.39277e-06 
538 1.39299e-06 
539 1.39329e-06 
540 1.39345e-06 
541 1.39354e-06 
542 1.39365e-06 
543 1.39386e-06 
544 1.39422e-06 
545 1.39432e-06 
546 1.39447e-06 
547 1.39464e-06 
548 1.39476e-06 
549 1.39486e-06 
550 1.39494e-06 
551 1.3951e-06 
552 1.39531e-06 
553 1.39542e-06 
554 1.39559e-06 
555 1.39571e-06 
556 1.39589e-06 
557 1.3961e-06 
558 1.39626e-06 
559 1.39647e-06 
560 1.3967e-06 
561 1.397e-06 
562 1.39754e-06 
563 1.39794e-06 
564 1.39871e-06 
565 1.40128e-06 
566 1.40672e-06 
567 1.41793e-06 
568 1.41824e-06 
569 1.41873e-06 
570 1.41885e-06 
571 1.41901e-06 
572 1.41909e-06 
573 1.41916e-06 
574 1.41921e-06 
575 1.41927e-06 
576 1.41935e-06 
577 1.41942e-06 
578 1.41951e-06 
579 1.41962e-06 
580 1.41989e-06 
581 1.42055e-06 
582 1.42224e-06 
583 1.49849e-06 
584 1.50518e-06 
585 1.5065e-06 
586 1.50713e-06 
587 1.50811e-06 
588 1.50967e-06 
589 1.51269e-06 
590 1.56258e-06 
591 1.56536e-06 
592 1.56943e-06 
593 1.5707e-06 
594 1.57115e-06 
595 1.57152e-06 
596 1.57188e-06 
597 1.57248e-06 
598 1.57308e-06 
599 1.5738e-06 
600 1.57527e-06 
601 1.57767e-06 
602 1.58257e-06 
603 1.63444e-06 
604 1.63857e-06 
605 1.6391e-06 
606 1.63997e-06 
607 1.64296e-06 
608 1.72997e-06 
609 1.73662e-06 
610 1.73708e-06 
611 1.73732e-06 
612 1.73887e-06 
613 1.73967e-06 
614 1.74106e-06 
615 1.74311e-06 
616 1.7501e-06 
617 1.81214e-06 
618 1.81498e-06 
619 1.81565e-06 
620 1.81657e-06 
621 1.81916e-06 
622 1.82663e-06 
623 1.92021e-06 
624 1.92916e-06 
625 1.93147e-06 
626 1.93183e-06 
627 1.93222e-06 
628 1.93258e-06 
629 1.93307e-06 
630 1.93374e-06 
631 1.93441e-06 
632 1.93523e-06 
633 1.93622e-06 
634 1.93838e-06 
635 1.94052e-06 
636 1.94558e-06 
637 1.99198e-06 
638 1.99713e-06 
639 1.9982e-06 
640 2.00258e-06 
641 2.06224e-06 
642 2.06337e-06 
643 2.0642e-06 
644 2.06454e-06 
645 2.06474e-06 
646 2.06484e-06 
647 2.06492e-06 
648 2.06505e-06 
649 2.06515e-06 
650 2.06527e-06 
651 2.06542e-06 
652 2.06555e-06 
653 2.06571e-06 
654 2.06588e-06 
655 2.06619e-06 
656 2.06656e-06 
657 2.06739e-06 
658 2.06804e-06 
659 2.06853e-06 
660 2.07657e-06 
661 2.20537e-06 
662 2.21473e-06 
663 2.21739e-06 
664 2.21767e-06 
665 2.21775e-06 
666 2.2178e-06 
667 2.21815e-06 
668 2.21852e-06 
669 2.21864e-06 
670 2.21874e-06 
671 2.21884e-06 
672 2.21895e-06 
673 2.21919e-06 
674 2.21936e-06 
675 2.21952e-06 
676 2.21981e-06 
677 2.21995e-06 
678 2.22008e-06 
679 2.22018e-06 
680 2.22032e-06 
681 2.22043e-06 
682 2.22059e-06 
683 2.22077e-06 
684 2.22095e-06 
685 2.22118e-06 
686 2.22132e-06 
687 2.22152e-06 
688 2.22172e-06 
689 2.22211e-06 
690 2.2224e-06 
691 2.22265e-06 
692 2.22295e-06 
693 2.2237e-06 
694 2.22447e-06 
695 2.22498e-06 
696 2.22727e-06 
697 2.22934e-06 
698 2.25949e-06 
699 2.26057e-06 
700 2.26057e-06 
701 2.261e-06 
702 2.26109e-06 
703 2.26116e-06 
704 2.26123e-06 
705 2.2613e-06 
706 2.26184e-06 
707 2.26202e-06 
708 2.2623e-06 
709 2.26255e-06 
710 2.2628e-06 
711 2.26311e-06 
712 2.26357e-06 
713 2.2642e-06 
714 2.26535e-06 
715 2.26823e-06 
716 2.30414e-06 
717 2.30546e-06 
718 2.30551e-06 
719 2.30572e-06 
720 2.30612e-06 
721 2.3074e-06 
722 2.30761e-06 
723 2.30784e-06 
724 2.30819e-06 
725 2.30871e-06 
726 2.30963e-06 
727 2.31101e-06 
728 2.31275e-06 
729 2.31666e-06 
730 2.3698e-06 
731 2.37162e-06 
732 2.37262e-06 
733 2.37332e-06 
734 2.37419e-06 
735 2.37432e-06 
736 2.37449e-06 
737 2.37472e-06 
738 2.375e-06 
739 2.37533e-06 
740 2.37572e-06 
741 2.37624e-06 
742 2.37825e-06 
743 2.37947e-06 
744 2.3825e-06 
745 2.4314e-06 
746 2.43453e-06 
747 2.43515e-06 
748 2.43613e-06 
749 2.43639e-06 
750 2.43648e-06 
751 2.43663e-06 
752 2.4368e-06 
753 2.43704e-06 
754 2.43727e-06 
755 2.43753e-06 
756 2.43786e-06 
757 2.4383e-06 
758 2.43892e-06 
759 2.44043e-06 
760 2.44148e-06 
761 2.45627e-06 
762 2.45692e-06 
763 2.45718e-06 
764 2.45733e-06 
765 2.45744e-06 
766 2.45753e-06 
767 2.45756e-06 
768 2.4576e-06 
769 2.45762e-06 
770 2.45767e-06 
771 2.45771e-06 
772 2.45775e-06 
773 2.45781e-06 
774 2.45789e-06 
775 2.45796e-06 
776 2.45807e-06 
777 2.45819e-06 
778 2.45847e-06 
779 2.45933e-06 
780 2.46102e-06 
781 2.46811e-06 
782 2.52338e-06 
783 2.52496e-06 
784 2.52552e-06 
785 2.5258e-06 
786 2.52648e-06 
787 2.52656e-06 
788 2.52666e-06 
789 2.52675e-06 
790 2.52685e-06 
791 2.52696e-06 
792 2.52715e-06 
793 2.52734e-06 
794 2.52758e-06 
795 2.52791e-06 
796 2.52878e-06 
797 2.52946e-06 
798 2.53069e-06 
799 2.53175e-06 
800 2.60383e-06 
801 2.60799e-06 
802 2.60864e-06 
803 2.60951e-06 
804 2.60977e-06 
805 2.61018e-06 
806 2.61106e-06 
807 2.61226e-06 
808 2.61664e-06 
809 2.62136e-06 
810 2.67755e-06 
811 2.68187e-06 
812 2.68229e-06 
813 2.68334e-06 
814 2.68627e-06 
815 2.68973e-06 
816 2.72157e-06 
817 2.72345e-06 
818 2.72352e-06 
819 2.72358e-06 
820 2.72363e-06 
821 2.72369e-06 
822 2.72377e-06 
823 2.72384e-06 
824 2.72394e-06 
825 2.72403e-06 
826 2.72413e-06 
827 2.72425e-06 
828 2.72441e-06 
829 2.72455e-06 
830 2.72469e-06 
831 2.72489e-06 
832 2.72526e-06 
833 2.726e-06 
834 2.72678e-06 
835 2.76954e-06 
836 2.77142e-06 
837 2.77177e-06 
838 2.77287e-06 
839 2.77316e-06 
840 2.77363e-06 
841 2.77439e-06 
842 2.77691e-06 
843 2.78115e-06 
844 2.79821e-06 
845 2.79889e-06 
846 2.79889e-06 
847 2.79948e-06 
848 2.7997e-06 
849 2.80018e-06 
850 2.80131e-06 
851 2.80313e-06 
852 2.80618e-06 
853 2.89105e-06 
854 2.89348e-06 
855 2.89414e-06 
856 2.89435e-06 
857 2.89476e-06 
858 2.89561e-06 
859 2.89701e-06 
860 2.90014e-06 
861 3.07379e-06 
862 3.0786e-06 
863 3.08016e-06 
864 3.08154e-06 
865 3.08154e-06 
866 3.08184e-06 
867 3.08191e-06 
868 3.08194e-06 
869 3.08201e-06 
870 3.08212e-06 
871 3.08216e-06 
872 3.08226e-06 
873 3.0823e-06 
874 3.08235e-06 
875 3.08238e-06 
876 3.08251e-06 
877 3.08261e-06 
878 3.08267e-06 
879 3.08273e-06 
880 3.08275e-06 
881 3.08279e-06 
882 3.08292e-06 
883 3.08304e-06 
884 3.08309e-06 
885 3.08315e-06 
886 3.08323e-06 
887 3.08329e-06 
888 3.08338e-06 
889 3.08347e-06 
890 3.08353e-06 
891 3.08359e-06 
892 3.08367e-06 
893 3.08378e-06 
894 3.08393e-06 
895 3.08404e-06 
896 3.08414e-06 
897 3.08444e-06 
898 3.08454e-06 
899 3.08474e-06 
900 3.08489e-06 
901 3.08501e-06 
902 3.08533e-06 
903 3.08555e-06 
904 3.08579e-06 
905 3.08598e-06 
906 3.08626e-06 
907 3.08657e-06 
908 3.08689e-06 
909 3.08707e-06 
910 3.08775e-06 
911 3.08801e-06 
912 3.08856e-06 
913 3.08916e-06 
914 3.09029e-06 
915 3.09195e-06 
916 3.09605e-06 
917 3.10461e-06 
918 3.13195e-06 
919 3.13312e-06 
920 3.13343e-06 
921 3.13343e-06 
922 3.13345e-06 
923 3.13353e-06 
924 3.13357e-06 
925 3.13365e-06 
926 3.13372e-06 
927 3.13382e-06 
928 3.13393e-06 
929 3.13408e-06 
930 3.13424e-06 
931 3.13475e-06 
932 3.13594e-06 
933 3.13643e-06 
934 3.13705e-06 
935 3.14833e-06 
936 3.25592e-06 
937 3.25852e-06 
938 3.25863e-06 
939 3.25873e-06 
940 3.25887e-06 
941 3.2591e-06 
942 3.25953e-06 
943 3.26022e-06 
944 3.26231e-06 
945 3.26553e-06 
946 3.33787e-06 
947 3.33918e-06 
948 3.3392e-06 
949 3.33922e-06 
950 3.33937e-06 
951 3.33942e-06 
952 3.33948e-06 
953 3.33954e-06 
954 3.3396e-06 
955 3.33971e-06 
956 3.33988e-06 
957 3.34011e-06 
958 3.34055e-06 
959 3.3412e-06 
960 3.34204e-06 
961 3.3485e-06 
962 3.41761e-06 
963 3.4201e-06 
964 3.42024e-06 
965 3.42036e-06 
966 3.4207e-06 
967 3.42159e-06 
968 3.42359e-06 
969 3.43185e-06 
970 3.55526e-06 
971 3.55924e-06 
972 3.55943e-06 
973 3.55961e-06 
974 3.56023e-06 
975 3.56187e-06 
976 3.5683e-06 
977 3.65863e-06 
978 3.66156e-06 
979 3.66161e-06 
980 3.66164e-06 
981 3.66172e-06 
982 3.66192e-06 
983 3.66227e-06 
984 3.66278e-06 
985 3.6638e-06 
986 3.66609e-06 
987 3.67083e-06 
988 3.72293e-06 
989 3.72451e-06 
990 3.72454e-06 
991 3.72456e-06 
992 3.7246e-06 
993 3.72462e-06 
994 3.72464e-06 
995 3.72466e-06 
996 3.7247e-06 
997 3.72472e-06 
998 3.72475e-06 
999 3.72478e-06 
1000 3.72482e-06 
1001 3.72487e-06 
1002 3.72493e-06 
1003 3.72499e-06 
1004 3.72506e-06 
1005 3.72514e-06 
1006 3.72525e-06 
1007 3.72541e-06 
1008 3.72559e-06 
1009 3.72575e-06 
1010 3.726e-06 
1011 3.72654e-06 
1012 3.72704e-06 
1013 3.73146e-06 
1014 3.73952e-06 
1015 3.84881e-06 
1016 3.8521e-06 
1017 3.85227e-06 
1018 3.85302e-06 
1019 3.85498e-06 
1020 3.86034e-06 
1021 3.87028e-06 
1022 3.93311e-06 
1023 3.93578e-06 
1024 3.93577e-06 
1025 3.93657e-06 
1026 3.93657e-06 
1027 3.93657e-06 
1028 3.93659e-06 
1029 3.93659e-06 
1030 3.9366e-06 
1031 3.9366e-06 
1032 3.9366e-06 
1033 3.93661e-06 
1034 3.93661e-06 
1035 3.93661e-06 
1036 3.93663e-06 
1037 3.93664e-06 
1038 3.93664e-06 
1039 3.93665e-06 
1040 3.93665e-06 
1041 3.93666e-06 
1042 3.93667e-06 
1043 3.93668e-06 
1044 3.93669e-06 
1045 3.9367e-06 
1046 3.93671e-06 
1047 3.93671e-06 
1048 3.93672e-06 
1049 3.93672e-06 
1050 3.93673e-06 
1051 3.93674e-06 
1052 3.93674e-06 
1053 3.93675e-06 
1054 3.93676e-06 
1055 3.93677e-06 
1056 3.93677e-06 
1057 3.93678e-06 
1058 3.93681e-06 
1059 3.93682e-06 
1060 3.93683e-06 
1061 3.93686e-06 
1062 3.93686e-06 
1063 3.93687e-06 
1064 3.93688e-06 
1065 3.93689e-06 
1066 3.9369e-06 
1067 3.93691e-06 
1068 3.93692e-06 
1069 3.93693e-06 
1070 3.93693e-06 
1071 3.93694e-06 
1072 3.93696e-06 
1073 3.93698e-06 
1074 3.93699e-06 
1075 3.937e-06 
1076 3.93702e-06 
1077 3.93703e-06 
1078 3.93703e-06 
1079 3.93707e-06 
1080 3.93708e-06 
1081 3.9371e-06 
1082 3.93712e-06 
1083 3.93716e-06 
1084 3.9372e-06 
1085 3.93726e-06 
1086 3.93728e-06 
1087 3.93733e-06 
1088 3.93735e-06 
1089 3.93737e-06 
1090 3.93739e-06 
1091 3.93749e-06 
1092 3.93753e-06 
1093 3.93755e-06 
1094 3.93769e-06 
1095 3.93774e-06 
1096 3.93782e-06 
1097 3.93791e-06 
1098 3.93797e-06 
1099 3.93807e-06 
1100 3.93815e-06 
1101 3.9382e-06 
1102 3.93834e-06 
1103 3.93846e-06 
1104 3.93856e-06 
1105 3.93865e-06 
1106 3.93872e-06 
1107 3.93877e-06 
1108 3.93891e-06 
1109 3.93913e-06 
1110 3.93926e-06 
1111 3.93971e-06 
1112 3.93993e-06 
1113 3.94345e-06 
1114 3.94673e-06 
1115 3.98154e-06 
1116 3.98255e-06 
1117 3.98255e-06 
1118 3.98256e-06 
1119 3.98281e-06 
1120 3.98501e-06 
1121 4.02545e-06 
1122 4.02732e-06 
1123 4.02733e-06 
1124 4.02744e-06 
1125 4.03e-06 
1126 4.04647e-06 
1127 4.38021e-06 
1128 4.38717e-06 
1129 4.38659e-06 
1130 4.38625e-06 
1131 4.38662e-06 
1132 4.38797e-06 
1133 4.39081e-06 
1134 4.39652e-06 
1135 4.40533e-06 
1136 4.49479e-06 
1137 4.49744e-06 
1138 4.4978e-06 
1139 4.49899e-06 
1140 4.50147e-06 
1141 4.50994e-06 
1142 4.59985e-06 
1143 4.60215e-06 
1144 4.60196e-06 
1145 4.60225e-06 
1146 4.60325e-06 
1147 4.60551e-06 
1148 4.61016e-06 
1149 4.68424e-06 
1150 4.68607e-06 
1151 4.686e-06 
1152 4.68596e-06 
1153 4.68595e-06 
1154 4.68594e-06 
1155 4.68595e-06 
1156 4.68597e-06 
1157 4.68601e-06 
1158 4.68606e-06 
1159 4.68612e-06 
1160 4.68617e-06 
1161 4.68625e-06 
1162 4.68636e-06 
1163 4.68654e-06 
1164 4.68677e-06 
1165 4.687e-06 
1166 4.68734e-06 
1167 4.68772e-06 
1168 4.6882e-06 
1169 4.68886e-06 
1170 4.68972e-06 
1171 4.70732e-06 
1172 4.82258e-06 
1173 4.82452e-06 
1174 4.82439e-06 
1175 4.82435e-06 
1176 4.82434e-06 
1177 4.82434e-06 
1178 4.8244e-06 
1179 4.82453e-06 
1180 4.82473e-06 
1181 4.825e-06 
1182 4.82536e-06 
1183 4.82571e-06 
1184 4.82633e-06 
1185 4.82703e-06 
1186 4.8285e-06 
1187 4.83022e-06 
1188 4.83166e-06 
1189 4.83517e-06 
1190 4.89061e-06 
1191 4.89276e-06 
1192 4.89255e-06 
1193 4.89244e-06 
1194 4.89237e-06 
1195 4.89231e-06 
1196 4.89229e-06 
1197 4.8923e-06 
1198 4.89237e-06 
1199 4.89248e-06 
1200 4.89263e-06 
1201 4.89284e-06 
1202 4.89308e-06 
1203 4.89337e-06 
1204 4.89415e-06 
1205 4.89484e-06 
1206 4.89625e-06 
1207 4.89753e-06 
1208 4.90232e-06 
1209 4.95271e-06 
1210 4.95453e-06 
1211 4.95438e-06 
1212 4.95416e-06 
1213 4.95394e-06 
1214 4.95393e-06 
1215 4.95395e-06 
1216 4.95407e-06 
1217 4.95426e-06 
1218 4.95456e-06 
1219 4.95495e-06 
1220 4.95626e-06 
1221 4.95774e-06 
1222 4.95913e-06 
1223 4.97043e-06 
1224 5.08492e-06 
1225 5.08774e-06 
1226 5.08816e-06 
1227 5.09037e-06 
1228 5.10339e-06 
1229 5.26332e-06 
1230 5.26611e-06 
1231 5.2677e-06 
1232 5.26768e-06 
1233 5.26768e-06 
1234 5.26763e-06 
1235 5.26763e-06 
1236 5.26763e-06 
1237 5.26763e-06 
1238 5.26762e-06 
1239 5.26762e-06 
1240 5.26761e-06 
1241 5.26761e-06 
1242 5.26762e-06 
1243 5.26762e-06 
1244 5.26762e-06 
1245 5.26763e-06 
1246 5.26763e-06 
1247 5.26764e-06 
1248 5.26765e-06 
1249 5.26766e-06 
1250 5.26767e-06 
1251 5.26767e-06 
1252 5.26769e-06 
1253 5.26771e-06 
1254 5.26774e-06 
1255 5.26778e-06 
1256 5.2678e-06 
1257 5.26789e-06 
1258 5.26791e-06 
1259 5.26794e-06 
1260 5.26796e-06 
1261 5.268e-06 
1262 5.26805e-06 
1263 5.26807e-06 
1264 5.26817e-06 
1265 5.26819e-06 
1266 5.26825e-06 
1267 5.26828e-06 
1268 5.26834e-06 
1269 5.26837e-06 
1270 5.26846e-06 
1271 5.26852e-06 
1272 5.26854e-06 
1273 5.2686e-06 
1274 5.26871e-06 
1275 5.26876e-06 
1276 5.2688e-06 
1277 5.26887e-06 
1278 5.2689e-06 
1279 5.26899e-06 
1280 5.26907e-06 
1281 5.26916e-06 
1282 5.26922e-06 
1283 5.26933e-06 
1284 5.26937e-06 
1285 5.26949e-06 
1286 5.2696e-06 
1287 5.26967e-06 
1288 5.26974e-06 
1289 5.26982e-06 
1290 5.2699e-06 
1291 5.26997e-06 
1292 5.27013e-06 
1293 5.27019e-06 
1294 5.27027e-06 
1295 5.27048e-06 
1296 5.27057e-06 
1297 5.27068e-06 
1298 5.27077e-06 
1299 5.27086e-06 
1300 5.27105e-06 
1301 5.27124e-06 
1302 5.27134e-06 
1303 5.27146e-06 
1304 5.27156e-06 
1305 5.27205e-06 
1306 5.27254e-06 
1307 5.27322e-06 
1308 5.27374e-06 
1309 5.27794e-06 
1310 5.28332e-06 
1311 5.32862e-06 
1312 5.33073e-06 
1313 5.3301e-06 
1314 5.32987e-06 
1315 5.32985e-06 
1316 5.32985e-06 
1317 5.32987e-06 
1318 5.32994e-06 
1319 5.33002e-06 
1320 5.33016e-06 
1321 5.33034e-06 
1322 5.33053e-06 
1323 5.33074e-06 
1324 5.33096e-06 
1325 5.33121e-06 
1326 5.33183e-06 
1327 5.33285e-06 
1328 5.33395e-06 
1329 5.33633e-06 
1330 5.33781e-06 
1331 5.33966e-06 
1332 5.35487e-06 
1333 5.53054e-06 
1334 5.53208e-06 
1335 5.53333e-06 
1336 5.53333e-06 
1337 5.53332e-06 
1338 5.53332e-06 
1339 5.53332e-06 
1340 5.53332e-06 
1341 5.53331e-06 
1342 5.53331e-06 
1343 5.5333e-06 
1344 5.5333e-06 
1345 5.5333e-06 
1346 5.5333e-06 
1347 5.5333e-06 
1348 5.5333e-06 
1349 5.53331e-06 
1350 5.53331e-06 
1351 5.53332e-06 
1352 5.53332e-06 
1353 5.53336e-06 
1354 5.53338e-06 
1355 5.5334e-06 
1356 5.53341e-06 
1357 5.53344e-06 
1358 5.53347e-06 
1359 5.53348e-06 
1360 5.53351e-06 
1361 5.53355e-06 
1362 5.53357e-06 
1363 5.53359e-06 
1364 5.53362e-06 
1365 5.53365e-06 
1366 5.53367e-06 
1367 5.53371e-06 
1368 5.53375e-06 
1369 5.53379e-06 
1370 5.53382e-06 
1371 5.53387e-06 
1372 5.53394e-06 
1373 5.53398e-06 
1374 5.53403e-06 
1375 5.53417e-06 
1376 5.53423e-06 
1377 5.53429e-06 
1378 5.53434e-06 
1379 5.53439e-06 
1380 5.53445e-06 
1381 5.5346e-06 
1382 5.53478e-06 
1383 5.53483e-06 
1384 5.53491e-06 
1385 5.53497e-06 
1386 5.53504e-06 
1387 5.53521e-06 
1388 5.53536e-06 
1389 5.53541e-06 
1390 5.53549e-06 
1391 5.5356e-06 
1392 5.53568e-06 
1393 5.53574e-06 
1394 5.53579e-06 
1395 5.5359e-06 
1396 5.53609e-06 
1397 5.53627e-06 
1398 5.53644e-06 
1399 5.53679e-06 
1400 5.5376e-06 
1401 5.53843e-06 
1402 5.5403e-06 
1403 5.5415e-06 
1404 5.54225e-06 
1405 5.54727e-06 
1406 5.77007e-06 
1407 5.77292e-06 
1408 5.77259e-06 
1409 5.77368e-06 
1410 5.77636e-06 
1411 5.79044e-06 
1412 5.98266e-06 
1413 5.98581e-06 
1414 5.98564e-06 
1415 5.98615e-06 
1416 5.98753e-06 
1417 5.98925e-06 
1418 5.99578e-06 
1419 6.00416e-06 
1420 6.02606e-06 
1421 6.31348e-06 
1422 6.31891e-06 
1423 6.31613e-06 
1424 6.31505e-06 
1425 6.31686e-06 
1426 6.32033e-06 
1427 6.3335e-06 
1428 6.60273e-06 
1429 6.60707e-06 
1430 6.60942e-06 
1431 6.60899e-06 
1432 6.60844e-06 
1433 6.60815e-06 
1434 6.60806e-06 
1435 6.60797e-06 
1436 6.60792e-06 
1437 6.60792e-06 
1438 6.60793e-06 
1439 6.60796e-06 
1440 6.60808e-06 
1441 6.60822e-06 
1442 6.60835e-06 
1443 6.6085e-06 
1444 6.6087e-06 
1445 6.60892e-06 
1446 6.6092e-06 
1447 6.60964e-06 
1448 6.61006e-06 
1449 6.61044e-06 
1450 6.61096e-06 
1451 6.61136e-06 
1452 6.61221e-06 
1453 6.61273e-06 
1454 6.61335e-06 
1455 6.61425e-06 
1456 6.61498e-06 
1457 6.61625e-06 
1458 6.61707e-06 
1459 6.61794e-06 
1460 6.61942e-06 
1461 6.62647e-06 
1462 6.63637e-06 
1463 6.64709e-06 
1464 6.73888e-06 
1465 6.7421e-06 
1466 6.73938e-06 
1467 6.74239e-06 
1468 6.81388e-06 
1469 6.8174e-06 
1470 6.81707e-06 
1471 6.81587e-06 
1472 6.81555e-06 
1473 6.81551e-06 
1474 6.81549e-06 
1475 6.81547e-06 
1476 6.81546e-06 
1477 6.81545e-06 
1478 6.81544e-06 
1479 6.81543e-06 
1480 6.81542e-06 
1481 6.81543e-06 
1482 6.81543e-06 
1483 6.81544e-06 
1484 6.81545e-06 
1485 6.81548e-06 
1486 6.81551e-06 
1487 6.81554e-06 
1488 6.81558e-06 
1489 6.81562e-06 
1490 6.81566e-06 
1491 6.8157e-06 
1492 6.81575e-06 
1493 6.81581e-06 
1494 6.81589e-06 
1495 6.81603e-06 
1496 6.81609e-06 
1497 6.8162e-06 
1498 6.81629e-06 
1499 6.81648e-06 
1500 6.81658e-06 
1501 6.8167e-06 
1502 6.81684e-06 
1503 6.817e-06 
1504 6.81721e-06 
1505 6.81741e-06 
1506 6.81784e-06 
1507 6.81813e-06 
1508 6.81847e-06 
1509 6.81909e-06 
1510 6.81983e-06 
1511 6.82049e-06 
1512 6.8209e-06 
1513 6.82163e-06 
1514 6.82631e-06 
1515 6.82973e-06 
1516 6.8357e-06 
1517 6.99383e-06 
1518 6.99882e-06 
1519 6.99571e-06 
1520 6.99596e-06 
1521 6.99739e-06 
1522 7.00014e-06 
1523 7.00675e-06 
1524 7.05358e-06 
1525 7.05595e-06 
1526 7.05583e-06 
1527 7.05478e-06 
1528 7.05442e-06 
1529 7.05547e-06 
1530 7.05898e-06 
1531 7.06697e-06 
1532 7.07797e-06 
1533 7.53851e-06 
1534 7.54664e-06 
1535 7.54663e-06 
1536 7.54414e-06 
1537 7.54379e-06 
1538 7.54207e-06 
1539 7.54085e-06 
1540 7.54014e-06 
1541 7.53999e-06 
1542 7.54012e-06 
1543 7.54051e-06 
1544 7.54122e-06 
1545 7.5421e-06 
1546 7.54316e-06 
1547 7.54445e-06 
1548 7.5457e-06 
1549 7.55118e-06 
1550 7.55628e-06 
1551 7.58529e-06 
1552 7.58696e-06 
1553 7.58696e-06 
1554 7.58517e-06 
1555 7.59117e-06 
1556 7.76277e-06 
1557 7.76402e-06 
1558 7.76431e-06 
1559 7.76545e-06 
1560 7.76713e-06 
1561 7.7738e-06 
1562 7.78445e-06 
1563 7.96399e-06 
1564 7.97064e-06 
1565 7.97064e-06 
1566 7.96635e-06 
1567 7.96555e-06 
1568 7.9652e-06 
1569 7.96499e-06 
1570 7.96484e-06 
1571 7.96496e-06 
1572 7.9653e-06 
1573 7.96574e-06 
1574 7.96619e-06 
1575 7.96683e-06 
1576 7.96757e-06 
1577 7.96923e-06 
1578 7.97091e-06 
1579 7.97776e-06 
1580 7.98912e-06 
1581 8.35589e-06 
1582 8.3693e-06 
1583 8.36434e-06 
1584 8.35828e-06 
1585 8.35717e-06 
1586 8.35723e-06 
1587 8.35832e-06 
1588 8.35967e-06 
1589 8.36129e-06 
1590 8.36344e-06 
1591 8.37108e-06 
1592 8.38256e-06 
1593 8.39849e-06 
1594 8.43484e-06 
1595 8.7232e-06 
1596 8.72651e-06 
1597 8.72481e-06 
1598 8.72394e-06 
1599 8.7233e-06 
1600 8.72607e-06 
1601 8.74216e-06 
1602 8.76064e-06 
1603 8.82752e-06 
1604 8.94499e-06 
1605 8.94673e-06 
1606 8.94652e-06 
1607 8.9465e-06 
1608 8.94649e-06 
1609 8.94645e-06 
1610 8.94642e-06 
1611 8.94641e-06 
1612 8.94639e-06 
1613 8.94636e-06 
1614 8.94633e-06 
1615 8.94633e-06 
1616 8.94631e-06 
1617 8.9463e-06 
1618 8.94629e-06 
1619 8.94628e-06 
1620 8.94627e-06 
1621 8.94626e-06 
1622 8.94624e-06 
1623 8.94623e-06 
1624 8.94622e-06 
1625 8.94621e-06 
1626 8.9462e-06 
1627 8.9462e-06 
1628 8.9462e-06 
1629 8.94619e-06 
1630 8.94619e-06 
1631 8.94618e-06 
1632 8.94618e-06 
1633 8.94618e-06 
1634 8.94618e-06 
1635 8.94618e-06 
1636 8.94618e-06 
1637 8.94618e-06 
1638 8.94619e-06 
1639 8.94619e-06 
1640 8.94619e-06 
1641 8.94619e-06 
1642 8.9462e-06 
1643 8.9462e-06 
1644 8.9462e-06 
1645 8.94621e-06 
1646 8.94622e-06 
1647 8.94622e-06 
1648 8.94623e-06 
1649 8.94623e-06 
1650 8.94624e-06 
1651 8.94625e-06 
1652 8.94625e-06 
1653 8.94626e-06 
1654 8.94627e-06 
1655 8.94628e-06 
1656 8.94629e-06 
1657 8.9463e-06 
1658 8.94631e-06 
1659 8.94632e-06 
1660 8.94633e-06 
1661 8.94635e-06 
1662 8.94636e-06 
1663 8.94637e-06 
1664 8.94638e-06 
1665 8.94641e-06 
1666 8.94642e-06 
1667 8.94644e-06 
1668 8.94646e-06 
1669 8.94648e-06 
1670 8.9465e-06 
1671 8.94653e-06 
1672 8.94656e-06 
1673 8.94657e-06 
1674 8.94659e-06 
1675 8.94662e-06 
1676 8.94668e-06 
1677 8.9467e-06 
1678 8.94672e-06 
1679 8.94675e-06 
1680 8.9468e-06 
1681 8.94682e-06 
1682 8.94685e-06 
1683 8.94688e-06 
1684 8.94689e-06 
1685 8.94693e-06 
1686 8.94697e-06 
1687 8.947e-06 
1688 8.94706e-06 
1689 8.94708e-06 
1690 8.94713e-06 
1691 8.94719e-06 
1692 8.94726e-06 
1693 8.94738e-06 
1694 8.94745e-06 
1695 8.9475e-06 
1696 8.94755e-06 
1697 8.94762e-06 
1698 8.94775e-06 
1699 8.94786e-06 
1700 8.94794e-06 
1701 8.94831e-06 
1702 8.94851e-06 
1703 8.94905e-06 
1704 8.94938e-06 
1705 8.94991e-06 
1706 8.95302e-06 
1707 8.95706e-06 
1708 8.99635e-06 
1709 9.01849e-06 
1710 9.02907e-06 
1711 9.20616e-06 
1712 9.20785e-06 
1713 9.20785e-06 
1714 9.20771e-06 
1715 9.20747e-06 
1716 9.20745e-06 
1717 9.2074e-06 
1718 9.20718e-06 
1719 9.20715e-06 
1720 9.20701e-06 
1721 9.20673e-06 
1722 9.20663e-06 
1723 9.20654e-06 
1724 9.2065e-06 
1725 9.20649e-06 
1726 9.2065e-06 
1727 9.20653e-06 
1728 9.20662e-06 
1729 9.20674e-06 
1730 9.20686e-06 
1731 9.20698e-06 
1732 9.20711e-06 
1733 9.20758e-06 
1734 9.20798e-06 
1735 9.2085e-06 
1736 9.20971e-06 
1737 9.22067e-06 
1738 9.44906e-06 
1739 9.45114e-06 
1740 9.45094e-06 
1741 9.45083e-06 
1742 9.4503e-06 
1743 9.45005e-06 
1744 9.44973e-06 
1745 9.44953e-06 
1746 9.44933e-06 
1747 9.44923e-06 
1748 9.44922e-06 
1749 9.4493e-06 
1750 9.44949e-06 
1751 9.44978e-06 
1752 9.45018e-06 
1753 9.45052e-06 
1754 9.4509e-06 
1755 9.45206e-06 
1756 9.45396e-06 
1757 9.45606e-06 
1758 9.45908e-06 
1759 9.46618e-06 
1760 9.51331e-06 
1761 9.5736e-06 
1762 9.57633e-06 
1763 9.5761e-06 
1764 9.57542e-06 
1765 9.57387e-06 
1766 9.57348e-06 
1767 9.57425e-06 
1768 9.57592e-06 
1769 9.58236e-06 
1770 9.63054e-06 
1771 9.64256e-06 
1772 9.64459e-06 
1773 9.64436e-06 
1774 9.64403e-06 
1775 9.64308e-06 
1776 9.64299e-06 
1777 9.64297e-06 
1778 9.64302e-06 
1779 9.64318e-06 
1780 9.64343e-06 
1781 9.64388e-06 
1782 9.64442e-06 
1783 9.64551e-06 
1784 9.65134e-06 
1785 9.84496e-06 
1786 9.84573e-06 
1787 9.84453e-06 
1788 9.84447e-06 
1789 9.84568e-06 
1790 9.84749e-06 
1791 9.85077e-06 
1792 9.85948e-06 
1793 9.87575e-06 
1794 1.00741e-05 
1795 1.00768e-05 
1796 1.00768e-05 
1797 1.00766e-05 
1798 1.0076e-05 
1799 1.00758e-05 
1800 1.00756e-05 
1801 1.00753e-05 
1802 1.00752e-05 
1803 1.0075e-05 
1804 1.00748e-05 
1805 1.00747e-05 
1806 1.00746e-05 
1807 1.00747e-05 
1808 1.00748e-05 
1809 1.0075e-05 
1810 1.00752e-05 
1811 1.00755e-05 
1812 1.00759e-05 
1813 1.00764e-05 
1814 1.00779e-05 
1815 1.00792e-05 
1816 1.00804e-05 
1817 1.00819e-05 
1818 1.00842e-05 
1819 1.00873e-05 
1820 1.01678e-05 
1821 1.0171e-05 
1822 1.01704e-05 
1823 1.01698e-05 
1824 1.01695e-05 
1825 1.01693e-05 
1826 1.01688e-05 
1827 1.01687e-05 
1828 1.01685e-05 
1829 1.01684e-05 
1830 1.01683e-05 
1831 1.01683e-05 
1832 1.01684e-05 
1833 1.01686e-05 
1834 1.01688e-05 
1835 1.01691e-05 
1836 1.01696e-05 
1837 1.01705e-05 
1838 1.01714e-05 
1839 1.01727e-05 
1840 1.01748e-05 
1841 1.01971e-05 
1842 1.0305e-05 
1843 1.03077e-05 
1844 1.03062e-05 
1845 1.03055e-05 
1846 1.0305e-05 
1847 1.03048e-05 
1848 1.03051e-05 
1849 1.0306e-05 
1850 1.03094e-05 
1851 1.03247e-05 
1852 1.04794e-05 
1853 1.04826e-05 
1854 1.04816e-05 
1855 1.04813e-05 
1856 1.04812e-05 
1857 1.04808e-05 
1858 1.04806e-05 
1859 1.04805e-05 
1860 1.04803e-05 
1861 1.04803e-05 
1862 1.04803e-05 
1863 1.04802e-05 
1864 1.04801e-05 
1865 1.048e-05 
1866 1.048e-05 
1867 1.04799e-05 
1868 1.04798e-05 
1869 1.04798e-05 
1870 1.04798e-05 
1871 1.04797e-05 
1872 1.04797e-05 
1873 1.04797e-05 
1874 1.04797e-05 
1875 1.04797e-05 
1876 1.04797e-05 
1877 1.04798e-05 
1878 1.04798e-05 
1879 1.04798e-05 
1880 1.04799e-05 
1881 1.048e-05 
1882 1.04801e-05 
1883 1.04802e-05 
1884 1.04803e-05 
1885 1.04804e-05 
1886 1.04805e-05 
1887 1.04808e-05 
1888 1.0481e-05 
1889 1.04812e-05 
1890 1.04815e-05 
1891 1.04823e-05 
1892 1.04831e-05 
1893 1.04858e-05 
1894 1.04896e-05 
1895 1.05002e-05 
1896 1.05679e-05 
1897 1.06574e-05 
1898 1.06607e-05 
1899 1.06575e-05 
1900 1.06572e-05 
1901 1.06578e-05 
1902 1.06689e-05 
1903 1.07793e-05 
1904 1.07816e-05 
1905 1.07809e-05 
1906 1.07804e-05 
1907 1.07801e-05 
1908 1.07799e-05 
1909 1.07798e-05 
1910 1.07799e-05 
1911 1.07802e-05 
1912 1.07806e-05 
1913 1.07813e-05 
1914 1.07838e-05 
1915 1.07879e-05 
1916 1.08072e-05 
1917 1.09107e-05 
1918 1.09179e-05 
1919 1.09608e-05 
1920 1.09641e-05 
1921 1.09641e-05 
1922 1.09635e-05 
1923 1.09619e-05 
1924 1.09607e-05 
1925 1.09606e-05 
1926 1.09615e-05 
1927 1.09653e-05 
1928 1.10124e-05 
1929 1.10139e-05 
1930 1.10133e-05 
1931 1.1013e-05 
1932 1.10127e-05 
1933 1.10125e-05 
1934 1.10124e-05 
1935 1.10126e-05 
1936 1.1013e-05 
1937 1.10136e-05 
1938 1.10154e-05 
1939 1.10181e-05 
1940 1.10504e-05 
1941 1.1069e-05 
1942 1.11767e-05 
1943 1.11798e-05 
1944 1.11791e-05 
1945 1.11788e-05 
1946 1.11786e-05 
1947 1.11779e-05 
1948 1.11772e-05 
1949 1.1177e-05 
1950 1.11769e-05 
1951 1.11768e-05 
1952 1.11767e-05 
1953 1.11766e-05 
1954 1.11766e-05 
1955 1.11766e-05 
1956 1.11766e-05 
1957 1.11767e-05 
1958 1.11768e-05 
1959 1.11769e-05 
1960 1.1177e-05 
1961 1.11771e-05 
1962 1.11773e-05 
1963 1.11777e-05 
1964 1.11781e-05 
1965 1.1179e-05 
1966 1.11799e-05 
1967 1.11951e-05 
1968 1.12692e-05 
1969 1.12818e-05 
1970 1.19368e-05 
1971 1.19385e-05 
1972 1.19422e-05 
1973 1.1932e-05 
1974 1.19301e-05 
1975 1.19283e-05 
1976 1.19272e-05 
1977 1.1927e-05 
1978 1.19279e-05 
1979 1.19291e-05 
1980 1.1931e-05 
1981 1.19333e-05 
1982 1.19379e-05 
1983 1.19428e-05 
1984 1.19532e-05 
1985 1.19664e-05 
1986 1.19949e-05 
1987 1.21511e-05 
1988 1.21503e-05 
1989 1.21497e-05 
1990 1.21504e-05 
1991 1.21521e-05 
1992 1.21594e-05 
1993 1.23407e-05 
1994 1.23472e-05 
1995 1.23458e-05 
1996 1.23417e-05 
1997 1.23398e-05 
1998 1.23391e-05 
1999 1.23386e-05 
2000 1.23386e-05 
2001 1.2339e-05 
2002 1.23396e-05 
2003 1.2341e-05 
2004 1.23441e-05 
2005 1.2347e-05 
2006 1.23543e-05 
2007 1.2367e-05 
2008 1.26801e-05 
2009 1.26735e-05 
2010 1.26769e-05 
2011 1.26769e-05 
2012 1.26769e-05 
2013 1.26746e-05 
2014 1.26745e-05 
2015 1.2674e-05 
2016 1.26739e-05 
2017 1.26738e-05 
2018 1.26738e-05 
2019 1.26737e-05 
2020 1.26734e-05 
2021 1.26734e-05 
2022 1.26733e-05 
2023 1.26732e-05 
2024 1.26732e-05 
2025 1.2673e-05 
2026 1.2673e-05 
2027 1.26728e-05 
2028 1.26727e-05 
2029 1.26727e-05 
2030 1.26726e-05 
2031 1.26725e-05 
2032 1.26725e-05 
2033 1.26724e-05 
2034 1.26723e-05 
2035 1.26723e-05 
2036 1.26723e-05 
2037 1.26723e-05 
2038 1.26723e-05 
2039 1.26723e-05 
2040 1.26723e-05 
2041 1.26723e-05 
2042 1.26723e-05 
2043 1.26723e-05 
2044 1.26724e-05 
2045 1.26724e-05 
2046 1.26724e-05 
2047 1.26725e-05 
2048 1.26725e-05 
2049 1.26726e-05 
2050 1.26726e-05 
2051 1.26727e-05 
2052 1.26727e-05 
2053 1.26728e-05 
2054 1.26728e-05 
2055 1.2673e-05 
2056 1.26731e-05 
2057 1.26732e-05 
2058 1.26733e-05 
2059 1.26733e-05 
2060 1.26735e-05 
2061 1.26737e-05 
2062 1.26739e-05 
2063 1.2674e-05 
2064 1.26742e-05 
2065 1.26743e-05 
2066 1.26744e-05 
2067 1.26746e-05 
2068 1.26747e-05 
2069 1.2675e-05 
2070 1.26755e-05 
2071 1.26758e-05 
2072 1.2676e-05 
2073 1.26765e-05 
2074 1.26771e-05 
2075 1.26773e-05 
2076 1.26776e-05 
2077 1.26781e-05 
2078 1.26784e-05 
2079 1.2679e-05 
2080 1.26795e-05 
2081 1.26799e-05 
2082 1.26804e-05 
2083 1.26811e-05 
2084 1.26816e-05 
2085 1.26822e-05 
2086 1.26826e-05 
2087 1.26829e-05 
2088 1.26835e-05 
2089 1.26846e-05 
2090 1.26855e-05 
2091 1.26865e-05 
2092 1.26884e-05 
2093 1.26905e-05 
2094 1.26969e-05 
2095 1.27134e-05 
2096 1.2819e-05 
2097 1.28226e-05 
2098 1.28223e-05 
2099 1.28213e-05 
2100 1.28191e-05 
2101 1.28184e-05 
2102 1.28178e-05 
2103 1.28176e-05 
2104 1.28178e-05 
2105 1.28185e-05 
2106 1.28196e-05 
2107 1.28213e-05 
2108 1.28266e-05 
2109 1.28542e-05 
2110 1.30203e-05 
2111 1.30279e-05 
2112 1.30195e-05 
2113 1.3018e-05 
2114 1.30173e-05 
2115 1.30182e-05 
2116 1.30195e-05 
2117 1.30226e-05 
2118 1.30274e-05 
2119 1.30443e-05 
2120 1.33204e-05 
2121 1.33219e-05 
2122 1.33171e-05 
2123 1.33153e-05 
2124 1.33148e-05 
2125 1.3315e-05 
2126 1.3316e-05 
2127 1.33177e-05 
2128 1.33205e-05 
2129 1.33241e-05 
2130 1.33339e-05 
2131 1.33445e-05 
2132 1.33635e-05 
2133 1.3683e-05 
2134 1.36874e-05 
2135 1.36831e-05 
2136 1.36814e-05 
2137 1.368e-05 
2138 1.36782e-05 
2139 1.36777e-05 
2140 1.36776e-05 
2141 1.36776e-05 
2142 1.3678e-05 
2143 1.36786e-05 
2144 1.36795e-05 
2145 1.36809e-05 
2146 1.36822e-05 
2147 1.36845e-05 
2148 1.36859e-05 
2149 1.36912e-05 
2150 1.36976e-05 
2151 1.37223e-05 
2152 1.39582e-05 
2153 1.39632e-05 
2154 1.39598e-05 
2155 1.39589e-05 
2156 1.39585e-05 
2157 1.39574e-05 
2158 1.39569e-05 
2159 1.39563e-05 
2160 1.3956e-05 
2161 1.39557e-05 
2162 1.39555e-05 
2163 1.39552e-05 
2164 1.39551e-05 
2165 1.3955e-05 
2166 1.3955e-05 
2167 1.3955e-05 
2168 1.39551e-05 
2169 1.39552e-05 
2170 1.39554e-05 
2171 1.39557e-05 
2172 1.39563e-05 
2173 1.39567e-05 
2174 1.39574e-05 
2175 1.39583e-05 
2176 1.39588e-05 
2177 1.39597e-05 
2178 1.39611e-05 
2179 1.39621e-05 
2180 1.39641e-05 
2181 1.39673e-05 
2182 1.39685e-05 
2183 1.39711e-05 
2184 1.39738e-05 
2185 1.40083e-05 
2186 1.41767e-05 
2187 1.41818e-05 
2188 1.41799e-05 
2189 1.41783e-05 
2190 1.41781e-05 
2191 1.4178e-05 
2192 1.41772e-05 
2193 1.41769e-05 
2194 1.41762e-05 
2195 1.41757e-05 
2196 1.41754e-05 
2197 1.4175e-05 
2198 1.41748e-05 
2199 1.41744e-05 
2200 1.41743e-05 
2201 1.41741e-05 
2202 1.41739e-05 
2203 1.41738e-05 
2204 1.41737e-05 
2205 1.41737e-05 
2206 1.41736e-05 
2207 1.41736e-05 
2208 1.41736e-05 
2209 1.41736e-05 
2210 1.41736e-05 
2211 1.41737e-05 
2212 1.41737e-05 
2213 1.41738e-05 
2214 1.41739e-05 
2215 1.4174e-05 
2216 1.41741e-05 
2217 1.41743e-05 
2218 1.41745e-05 
2219 1.41747e-05 
2220 1.4175e-05 
2221 1.41754e-05 
2222 1.41757e-05 
2223 1.41763e-05 
2224 1.41769e-05 
2225 1.41774e-05 
2226 1.4178e-05 
2227 1.41789e-05 
2228 1.41802e-05 
2229 1.41816e-05 
2230 1.41828e-05 
2231 1.4184e-05 
2232 1.41849e-05 
2233 1.41996e-05 
2234 1.44193e-05 
2235 1.44244e-05 
2236 1.44227e-05 
2237 1.44204e-05 
2238 1.44181e-05 
2239 1.44174e-05 
2240 1.44164e-05 
2241 1.44159e-05 
2242 1.44156e-05 
2243 1.44154e-05 
2244 1.44151e-05 
2245 1.44149e-05 
2246 1.44147e-05 
2247 1.44146e-05 
2248 1.44144e-05 
2249 1.44143e-05 
2250 1.44143e-05 
2251 1.44142e-05 
2252 1.44142e-05 
2253 1.44143e-05 
2254 1.44143e-05 
2255 1.44144e-05 
2256 1.44145e-05 
2257 1.44146e-05 
2258 1.44148e-05 
2259 1.4415e-05 
2260 1.44153e-05 
2261 1.44155e-05 
2262 1.44159e-05 
2263 1.44165e-05 
2264 1.44172e-05 
2265 1.44182e-05 
2266 1.44189e-05 
2267 1.44197e-05 
2268 1.44218e-05 
2269 1.44255e-05 
2270 1.44298e-05 
2271 1.44324e-05 
2272 1.44375e-05 
2273 1.44702e-05 
2274 1.4555e-05 
2275 1.4555e-05 
2276 1.45546e-05 
2277 1.45546e-05 
2278 1.45542e-05 
2279 1.4554e-05 
2280 1.45539e-05 
2281 1.45537e-05 
2282 1.45536e-05 
2283 1.45535e-05 
2284 1.45534e-05 
2285 1.45533e-05 
2286 1.45532e-05 
2287 1.45531e-05 
2288 1.45531e-05 
2289 1.45531e-05 
2290 1.45531e-05 
2291 1.45531e-05 
2292 1.45531e-05 
2293 1.45532e-05 
2294 1.45532e-05 
2295 1.45533e-05 
2296 1.45534e-05 
2297 1.45535e-05 
2298 1.45536e-05 
2299 1.45537e-05 
2300 1.45539e-05 
2301 1.45541e-05 
2302 1.45543e-05 
2303 1.45547e-05 
2304 1.45551e-05 
2305 1.45553e-05 
2306 1.45561e-05 
2307 1.45565e-05 
2308 1.45573e-05 
2309 1.45643e-05 
2310 1.45713e-05 
2311 1.48228e-05 
2312 1.48248e-05 
2313 1.48215e-05 
2314 1.48207e-05 
2315 1.48204e-05 
2316 1.48198e-05 
2317 1.48195e-05 
2318 1.48191e-05 
2319 1.4819e-05 
2320 1.48187e-05 
2321 1.48184e-05 
2322 1.48183e-05 
2323 1.4818e-05 
2324 1.48179e-05 
2325 1.48178e-05 
2326 1.48177e-05 
2327 1.48176e-05 
2328 1.48176e-05 
2329 1.48175e-05 
2330 1.48175e-05 
2331 1.48174e-05 
2332 1.48174e-05 
2333 1.48174e-05 
2334 1.48174e-05 
2335 1.48175e-05 
2336 1.48176e-05 
2337 1.48177e-05 
2338 1.48178e-05 
2339 1.48179e-05 
2340 1.48181e-05 
2341 1.48183e-05 
2342 1.48185e-05 
2343 1.48187e-05 
2344 1.4819e-05 
2345 1.48192e-05 
2346 1.48195e-05 
2347 1.48198e-05 
2348 1.48203e-05 
2349 1.48208e-05 
2350 1.48212e-05 
2351 1.48218e-05 
2352 1.48223e-05 
2353 1.48236e-05 
2354 1.48247e-05 
2355 1.48257e-05 
2356 1.48267e-05 
2357 1.48278e-05 
2358 1.48295e-05 
2359 1.48313e-05 
2360 1.48387e-05 
2361 1.48731e-05 
2362 1.49291e-05 
2363 1.49371e-05 
2364 1.49974e-05 
2365 1.50002e-05 
2366 1.49986e-05 
2367 1.49985e-05 
2368 1.49982e-05 
2369 1.49973e-05 
2370 1.49968e-05 
2371 1.49967e-05 
2372 1.49965e-05 
2373 1.49964e-05 
2374 1.49963e-05 
2375 1.49962e-05 
2376 1.49962e-05 
2377 1.49961e-05 
2378 1.49961e-05 
2379 1.4996e-05 
2380 1.4996e-05 
2381 1.4996e-05 
2382 1.49961e-05 
2383 1.49961e-05 
2384 1.49962e-05 
2385 1.49962e-05 
2386 1.49963e-05 
2387 1.49964e-05 
2388 1.49965e-05 
2389 1.49966e-05 
2390 1.49968e-05 
2391 1.4997e-05 
2392 1.49971e-05 
2393 1.49973e-05 
2394 1.49977e-05 
2395 1.49984e-05 
2396 1.49992e-05 
2397 1.49998e-05 
2398 1.50007e-05 
2399 1.50028e-05 
2400 1.50045e-05 
2401 1.50062e-05 
2402 1.50661e-05 
2403 1.50691e-05 
2404 1.5066e-05 
2405 1.50644e-05 
2406 1.50645e-05 
2407 1.50659e-05 
2408 1.50704e-05 
2409 1.50836e-05 
2410 1.5476e-05 
2411 1.54696e-05 
2412 1.54733e-05 
2413 1.54718e-05 
2414 1.54718e-05 
2415 1.54717e-05 
2416 1.54716e-05 
2417 1.54714e-05 
2418 1.54713e-05 
2419 1.547e-05 
2420 1.54696e-05 
2421 1.54694e-05 
2422 1.54688e-05 
2423 1.54686e-05 
2424 1.54684e-05 
2425 1.54682e-05 
2426 1.54679e-05 
2427 1.54677e-05 
2428 1.54676e-05 
2429 1.54674e-05 
2430 1.54673e-05 
2431 1.54672e-05 
2432 1.54671e-05 
2433 1.54671e-05 
2434 1.5467e-05 
2435 1.5467e-05 
2436 1.5467e-05 
2437 1.5467e-05 
2438 1.5467e-05 
2439 1.54671e-05 
2440 1.54672e-05 
2441 1.54673e-05 
2442 1.54675e-05 
2443 1.54676e-05 
2444 1.54678e-05 
2445 1.5468e-05 
2446 1.54681e-05 
2447 1.54684e-05 
2448 1.54687e-05 
2449 1.54688e-05 
2450 1.54691e-05 
2451 1.54697e-05 
2452 1.54703e-05 
2453 1.54708e-05 
2454 1.54718e-05 
2455 1.54723e-05 
2456 1.54734e-05 
2457 1.54745e-05 
2458 1.54758e-05 
2459 1.54775e-05 
2460 1.54811e-05 
2461 1.54855e-05 
2462 1.55055e-05 
2463 1.57293e-05 
2464 1.57357e-05 
2465 1.57343e-05 
2466 1.57337e-05 
2467 1.57336e-05 
2468 1.57327e-05 
2469 1.57308e-05 
2470 1.57303e-05 
2471 1.57296e-05 
2472 1.5729e-05 
2473 1.57286e-05 
2474 1.57281e-05 
2475 1.57278e-05 
2476 1.57275e-05 
2477 1.57272e-05 
2478 1.57269e-05 
2479 1.57267e-05 
2480 1.57265e-05 
2481 1.57264e-05 
2482 1.57263e-05 
2483 1.57263e-05 
2484 1.57263e-05 
2485 1.57264e-05 
2486 1.57265e-05 
2487 1.57267e-05 
2488 1.5727e-05 
2489 1.57277e-05 
2490 1.5728e-05 
2491 1.57291e-05 
2492 1.57299e-05 
2493 1.57308e-05 
2494 1.57321e-05 
2495 1.57334e-05 
2496 1.57352e-05 
2497 1.57372e-05 
2498 1.57398e-05 
2499 1.57572e-05 
2500 1.59102e-05 
2501 1.59173e-05 
2502 1.5917e-05 
2503 1.59127e-05 
2504 1.59124e-05 
2505 1.59118e-05 
2506 1.59116e-05 
2507 1.5907e-05 
2508 1.59054e-05 
