Component 1 of 1:
-31.197799 -13.218328 5.737788
-30.998617 -14.160067 5.063167
-30.548596 -14.918026 4.292475
-30.238490 -15.655825 3.441746
-30.281863 -16.492823 2.628779
-30.511993 -17.412468 1.944035
-30.517545 -18.380083 1.280532
-30.075989 -19.218086 0.584592
-29.339657 -19.794856 -0.120108
-28.640689 -20.300516 -0.907202
-28.231985 -20.968607 -1.772556
-28.074001 -21.796956 -2.581296
-27.791849 -22.666274 -3.315059
-27.115058 -23.359901 -3.980930
-26.158692 -23.721277 -4.554673
-25.182768 -23.923946 -5.165018
-24.389709 -24.292321 -5.938657
-23.840096 -24.908870 -6.764824
-23.273063 -25.617772 -7.505373
-22.401654 -26.148187 -8.090467
-21.306725 -26.304853 -8.485193
-20.195467 -26.204924 -8.838883
-19.162892 -26.197852 -9.385770
-18.287025 -26.485079 -10.104566
-17.461381 -26.959168 -10.787419
-16.443817 -27.312419 -11.259665
-15.282871 -27.298213 -11.453643
-14.164419 -26.950405 -11.510578
-13.081603 -26.559319 -11.716330
-12.014456 -26.414711 -12.172261
-10.971574 -26.543565 -12.689512
-9.845432 -26.675145 -12.996963
-8.678356 -26.519523 -12.972858
-7.637554 -26.022558 -12.750403
-6.675762 -25.366495 -12.622926
-5.644988 -24.828908 -12.758986
-4.535161 -24.561355 -13.026764
-3.369836 -24.422230 -13.108155
-2.263022 -24.143087 -12.809003
-1.383577 -23.592887 -12.248777
-0.665108 -22.811361 -11.741854
0.131049 -21.974834 -11.524835
1.095086 -21.301577 -11.558575
2.174401 -20.824284 -11.522453
3.196841 -20.402924 -11.094918
3.915432 -19.936832 -10.275350
4.320591 -19.355619 -9.328810
4.724569 -18.582941 -8.531770
5.361803 -17.699535 -8.074577
6.185901 -16.869815 -7.910994
7.043383 -16.087737 -7.672014
7.717948 -15.345504 -7.028164
8.019161 -14.786470 -6.020595
8.046637 -14.441462 -4.886336
8.165445 -14.082071 -3.762322
8.622334 -13.494761 -2.832882
9.319296 -12.690344 -2.302310
9.999877 -11.753720 -2.038241
10.494852 -10.756931 -1.613676
10.732681 -9.930981 -0.781257
10.769403 -9.518409 0.338412
10.806533 -9.436394 1.525008
11.053866 -9.289919 2.681957
11.532858 -8.754882 3.639566
12.069520 -7.842835 4.191678
12.518062 -6.769936 4.428819
12.920163 -5.704560 4.757574
13.336461 -4.846648 5.465107
13.716403 -4.343150 6.468253
14.004677 -3.978925 7.557849
14.193103 -3.346086 8.545968
14.293607 -2.344310 9.181686
14.389071 -1.181237 9.389218
14.628089 -0.026796 9.447358
15.059355 1.034237 9.727807
15.518699 1.930924 10.341997
15.768992 2.785250 11.119236
15.699883 3.785663 11.748924
15.416408 4.908774 11.988372
15.176562 6.058169 11.887814
15.186661 7.226069 11.760812
15.415137 8.371638 11.876001
15.606650 9.477262 12.227507
15.492997 10.603368 12.558562
15.041186 11.692487 12.597354
14.472782 12.676484 12.296122
14.052313 13.681786 11.864521
13.881011 14.805196 11.583703
13.816022 15.974436 11.547049
13.558265 17.120795 11.562401
12.969046 18.122029 11.368231
12.204890 18.872444 10.885828
11.504074 19.546902 10.233684
10.994857 20.412495 9.634521
10.642223 21.459686 9.250380
10.206738 22.515480 8.982094
9.491718 23.364412 8.588980
8.602530 23.839321 7.983275
7.748543 24.086296 7.219815
7.011280 24.491694 6.407594
6.397781 25.209342 5.717799
5.785147 26.054898 5.186601
4.977221 26.710387 4.639009
4.027754 26.934769 3.980452
3.135274 26.801207 3.231656
2.332698 26.693802 2.388073
1.572676 26.917761 1.529028
0.813172 27.401001 0.781798
-0.065464 27.781732 0.103421
-1.029496 27.740868 -0.570390
-1.885622 27.284950 -1.230896
-2.618471 26.732555 -1.956444
-3.366179 26.434963 -2.803834
-4.174274 26.464282 -3.648488
-5.073888 26.515529 -4.398918
-6.010084 26.209787 -5.043546
-6.781083 25.488517 -5.560747
-7.348026 24.591464 -6.057017
-7.923054 23.816552 -6.717388
-8.638300 23.338987 -7.509916
-9.479609 23.010029 -8.256522
-10.343224 22.457036 -8.832495
-11.011352 21.552180 -9.181014
-11.389419 20.463665 -9.401853
-11.685334 19.384190 -9.742455
-12.146951 18.467087 -10.302661
-12.811618 17.723909 -10.917365
-13.536774 16.908487 -11.352864
-14.073563 15.868730 -11.489335
-14.270634 14.712144 -11.418313
-14.271002 13.540214 -11.406756
-14.375775 12.397677 -11.641038
-14.736103 11.348954 -12.022504
-15.250953 10.318855 -12.262529
-15.650425 9.213755 -12.150665
-15.713168 8.106379 -11.747955
-15.467215 7.031566 -11.336471
-15.169683 5.906985 -11.171546
-15.077807 4.737624 -11.255531
-15.237590 3.570046 -11.313200
-15.460362 2.443672 -11.022255
-15.501659 1.482974 -10.328734
-15.248831 0.707344 -9.471801
-14.778509 -0.107678 -8.756940
-14.299893 -1.119759 -8.380263
-13.981409 -2.253019 -8.281776
-13.792586 -3.409950 -8.104169
-13.607326 -4.430894 -7.517396
-13.379724 -5.076370 -6.542254
-13.122839 -5.373786 -5.423093
-12.819004 -5.718556 -4.329937
-12.454268 -6.432691 -3.451167
-12.052148 -7.442690 -2.971733
-11.589640 -8.511441 -2.742994
-11.027690 -9.478339 -2.333059
-10.493138 -10.153506 -1.501624
-10.195768 -10.433250 -0.379244
-10.168330 -10.520366 0.807502
-10.200810 -10.810018 1.963546
-10.033662 -11.505410 2.923591
-9.569318 -12.453603 3.481295
-8.897699 -13.402145 3.724488
-8.182766 -14.286159 4.062591
-7.649003 -15.060617 4.789291
-7.435733 -15.617855 5.813895
-7.359045 -16.032240 6.920666
-7.039935 -16.530401 7.950768
-6.335060 -17.175522 8.661760
-5.432849 -17.893333 8.938150
-4.576701 -18.700661 9.033427
-3.904029 -19.619789 9.340131
-3.436064 -20.484350 9.993257
-2.956496 -21.150677 10.843329
-2.181194 -21.636102 11.595639
-1.123873 -22.013168 11.972519
-0.018461 -22.424853 11.964267
0.974031 -23.048240 11.874224
1.806004 -23.864301 12.015888
2.573676 -24.649193 12.435727
3.505507 -25.199744 12.901524
4.639110 -25.450563 13.108155
5.800777 -25.536527 12.950127
6.904793 -25.749062 12.619641
7.946084 -26.244582 12.422223
8.933392 -26.871037 12.481983
10.002457 -27.335235 12.625457
11.173658 -27.441308 12.570121
12.271968 -27.248831 12.202363
13.282270 -27.059916 11.642170
14.334998 -27.149832 11.142368
15.422049 -27.490853 10.880640
16.550128 -27.781732 10.750987
17.694182 -27.725222 10.482394
18.659191 -27.303076 9.961629
19.433088 -26.776221 9.258591
20.284003 -26.448166 8.528276
21.305684 -26.415618 7.962969
22.406979 -26.459747 7.568988
23.467061 -26.224971 7.120576
24.263442 -25.619054 6.503220
24.749807 -24.855976 5.759751
25.251163 -24.195845 4.936947
26.019374 -23.783696 4.160457
26.971917 -23.526884 3.533658
27.881497 -23.093695 2.933979
28.477513 -22.335747 2.261528
28.676337 -21.428864 1.547140
28.784583 -20.572516 0.760420
29.168472 -19.870152 -0.088642
29.839716 -19.316318 -0.867373
30.518547 -18.671194 -1.570790
30.867469 -17.775938 -2.247868
30.768507 -16.787273 -2.870773
30.480406 -15.858962 -3.520305
30.410047 -15.001137 -4.309194
30.694773 -14.227332 -5.136579
31.089349 -13.413993 -5.881191
31.197799 -12.427192 -6.511271
30.848301 -11.412802 -6.991001
30.223669 -10.518913 -7.417321
29.685155 -9.661780 -8.000514
29.476567 -8.781246 -8.739728
29.488560 -7.850028 -9.449061
29.333157 -6.815365 -9.982918
28.782081 -5.820096 -10.282525
27.937916 -5.024594 -10.453030
27.059105 -4.311058 -10.745050
26.391238 -3.501108 -11.258809
25.969850 -2.566261 -11.823451
25.516710 -1.549431 -12.196768
24.788668 -0.627067 -12.268269
23.816388 0.021381 -12.150229
22.748504 0.500686 -12.110581
21.751096 1.079212 -12.310916
20.942595 1.866094 -12.629374
20.215023 2.778307 -12.775283
19.379543 3.585383 -12.570102
18.401479 4.066330 -12.120066
17.314246 4.267369 -11.718291
16.166655 4.477335 -11.578233
15.079658 4.924476 -11.640851
14.113762 5.603825 -11.604124
13.236967 6.285977 -11.189235
12.432066 6.684483 -10.413505
11.618800 6.713170 -9.552021
10.643081 6.563953 -8.898626
9.503055 6.517578 -8.585435
8.342118 6.720079 -8.463587
7.257829 7.104657 -8.160465
6.379165 7.456139 -7.431299
5.835773 7.580431 -6.376899
5.496890 7.457946 -5.243820
4.988727 7.227075 -4.193326
4.108648 7.056058 -3.407748
2.993682 7.025216 -2.995028
1.836938 7.089569 -2.728500
0.769127 7.158244 -2.199100
0.024281 7.186588 -1.260931
-0.260680 7.189973 -0.101361
-0.307151 7.199569 1.088360
-0.558619 7.207264 2.255301
-1.266261 7.171183 3.221936
-2.317738 7.079046 3.781742
-3.474509 6.988238 4.041515
-4.607391 6.999707 4.400872
-5.539791 7.161453 5.124325
-6.118790 7.386526 6.138521
-6.512213 7.492220 7.255295
-7.077898 7.332108 8.292253
-7.954129 6.935036 8.999355
-9.029036 6.510847 9.279790
-10.185844 6.278481 9.376957
-11.333550 6.293066 9.658735
-12.338564 6.395519 10.273186
-13.198672 6.302907 11.081508
-14.037889 5.840781 11.779741
-14.917308 5.119451 12.108699
-15.872238 4.427017 12.086446
-16.953463 3.972200 12.005185
-18.096024 3.738412 12.141932
-19.181322 3.483688 12.516692
-20.154620 2.933623 12.891897
-20.963203 2.080698 12.990620
-21.650763 1.158672 12.748279
-22.431661 0.371663 12.368578
-23.413120 -0.221312 12.134894
-24.464973 -0.736529 12.141367
-25.410756 -1.430847 12.198710
-26.093995 -2.376944 12.045224
-26.497431 -3.384351 11.598198
-26.883292 -4.301793 10.983080
-27.523286 -5.110676 10.434496
-28.367125 -5.848364 10.103079
-29.157076 -6.681747 9.867583
-29.632135 -7.688411 9.488339
-29.716548 -8.694093 8.889164
-29.667562 -9.588259 8.136160
-29.861134 -10.446378 7.367593
-30.373991 -11.299380 6.756049
-30.939841 -12.207496 6.279905
