Component 1 of 1:
-32.837006 -13.785198 6.272383
-32.292225 -14.876629 5.508469
-31.205280 -15.400155 4.648698
-30.513311 -16.004664 3.545327
-30.857627 -16.957421 2.556699
-31.753661 -18.007780 2.020316
-32.134060 -19.271597 1.418882
-31.427830 -20.265818 0.671004
-30.117486 -20.527981 0.047741
-28.934282 -20.696101 -0.785413
-28.559874 -21.443192 -1.914251
-29.004367 -22.536890 -2.793847
-29.191620 -23.772703 -3.558065
-28.370249 -24.691752 -4.280553
-26.963198 -24.767962 -4.670834
-25.577102 -24.476715 -5.084201
-24.594904 -24.738441 -6.056877
-24.425966 -25.663307 -7.164821
-24.329145 -26.818881 -8.080641
-23.395378 -27.663486 -8.766139
-21.956841 -27.629050 -8.937323
-20.611438 -27.004868 -8.915503
-19.350303 -26.678212 -9.486782
-18.588121 -27.175558 -10.594641
-18.112236 -28.135443 -11.622375
-17.045182 -28.870180 -12.264681
-15.607382 -28.770782 -12.221941
-14.434946 -27.969067 -11.792816
-13.257639 -27.126329 -11.813686
-12.109977 -26.991821 -12.641343
-11.227165 -27.577218 -13.681307
-10.029027 -28.154331 -14.294320
-8.607020 -28.048887 -14.083540
-7.638230 -27.239148 -13.314908
-6.843087 -26.118484 -12.779383
-5.708602 -25.313711 -13.081415
-4.513002 -25.305306 -13.945559
-3.179219 -25.616648 -14.517846
-1.766634 -25.532971 -14.197195
-0.955995 -24.873342 -13.161276
-0.642837 -23.801457 -12.169502
0.028381 -22.566212 -11.844137
1.206238 -21.835619 -12.305821
2.607159 -21.664957 -12.810661
4.027644 -21.452894 -12.515053
4.767196 -20.972026 -11.351356
4.663889 -20.303836 -10.014762
4.620003 -19.291264 -8.948001
5.404540 -18.175077 -8.539330
6.698039 -17.479915 -8.767135
8.021607 -16.813696 -8.775937
8.784249 -15.872229 -7.981141
8.560806 -15.105728 -6.731748
7.925273 -14.730444 -5.410506
7.830014 -14.471879 -3.956991
8.708540 -14.121501 -2.834953
10.032786 -13.531548 -2.434077
11.097959 -12.470218 -2.329758
11.441377 -11.062874 -1.949872
11.075402 -9.905986 -1.056321
10.548280 -9.439692 0.283129
10.447879 -9.627749 1.785833
10.993817 -9.991726 3.159715
11.994616 -9.859101 4.273650
12.890689 -8.873556 4.904614
13.198698 -7.418970 4.972447
13.179424 -5.926882 5.050140
13.447727 -4.754642 5.838125
14.077998 -4.475034 7.125679
14.735859 -4.652077 8.467019
15.174951 -4.239523 9.808335
15.147331 -2.994283 10.559526
14.831916 -1.545314 10.404639
14.837632 -0.118205 9.994802
15.530209 1.122309 10.205202
16.454879 1.771807 11.162793
16.987254 2.362600 12.426886
16.820059 3.481688 13.350969
16.112923 4.772588 13.339035
15.488105 5.936907 12.639686
15.494862 7.278855 12.091327
16.140994 8.546070 12.363322
16.757547 9.580036 13.242717
16.702852 10.827483 14.005596
15.885141 12.026927 13.979141
14.883909 12.789362 13.190928
14.252680 13.679797 12.215391
14.286157 15.045918 11.817514
14.689547 16.414150 12.204102
14.666948 17.799996 12.697092
13.839157 18.973705 12.581728
12.682568 19.415996 11.793923
11.724935 19.630779 10.688087
11.184838 20.551623 9.754959
11.156653 21.990207 9.547317
11.028043 23.456745 9.698654
10.185974 24.600505 9.454862
8.968674 24.824839 8.699779
7.945084 24.448257 7.694804
7.114439 24.599798 6.539377
6.626687 25.698140 5.768231
6.273293 27.113125 5.502851
5.389373 28.184071 5.086062
4.150973 28.241215 4.357597
3.187379 27.448934 3.565213
2.376579 26.815787 2.538094
1.596344 27.209741 1.429726
0.970099 28.347358 0.730595
0.035301 29.294253 0.118884
-1.204100 29.241316 -0.599692
-2.084786 28.216638 -1.165858
-2.653449 27.022566 -1.817343
-3.414048 26.553103 -2.909567
-4.254364 27.106331 -3.960116
-5.259719 27.808847 -4.784158
-6.494297 27.646758 -5.503271
-7.318793 26.509727 -5.865587
-7.598515 25.068638 -6.071396
-8.028577 23.920806 -6.803281
-8.846237 23.683684 -7.955088
-9.889178 23.957867 -8.973401
-11.096566 23.627753 -9.705505
-11.878123 22.428720 -9.881974
-11.930536 20.965592 -9.662046
-11.882130 19.521001 -9.816881
-12.366172 18.538067 -10.719424
-13.307967 18.220689 -11.815371
-14.444184 17.675299 -12.568453
-15.215570 16.457037 -12.607082
-15.170478 15.099214 -12.039043
-14.692430 13.771926 -11.596619
-14.570853 12.395246 -11.946239
-15.138655 11.424399 -12.886634
-16.097552 10.565607 -13.629526
-16.864929 9.331256 -13.576516
-16.873514 8.131782 -12.733935
-16.210151 7.178907 -11.796135
-15.478836 5.969863 -11.464819
-15.364822 4.606792 -11.954139
-15.901361 3.369338 -12.603412
-16.541509 2.041896 -12.557427
-16.680223 0.969286 -11.572874
-16.160818 0.490964 -10.255314
-15.241836 -0.022829 -9.208864
-14.492346 -1.194505 -8.858748
-14.393336 -2.636927 -9.178787
-14.589169 -4.107387 -9.336105
-14.467615 -5.375795 -8.635468
-13.925715 -5.788315 -7.332745
-13.291109 -5.527248 -5.990305
-12.805899 -5.585917 -4.597463
-12.671469 -6.557610 -3.533822
-12.742949 -8.017167 -3.229230
-12.465159 -9.492037 -3.198858
-11.558734 -10.592686 -2.784725
-10.455444 -10.928221 -1.824333
-9.793735 -10.698992 -0.478689
-9.853297 -10.475907 1.023810
-10.424730 -10.743644 2.408236
-10.904834 -11.691116 3.479734
-10.673679 -13.036138 4.063919
-9.674288 -14.142167 4.150869
-8.362902 -14.868111 4.264727
-7.370815 -15.549350 5.078476
-7.345793 -16.131452 6.412067
-7.932140 -16.573626 7.727540
-8.095842 -17.202362 9.056087
-7.249809 -17.952116 9.961154
-5.874363 -18.505408 9.976272
-4.593242 -19.177304 9.612400
-3.799737 -20.359551 9.778626
-3.755802 -21.510821 10.694427
-3.746939 -22.280945 11.980273
-2.924434 -22.764997 13.089689
-1.482357 -22.902101 13.324912
-0.096539 -22.980554 12.761182
1.084014 -23.644139 12.216080
1.809397 -24.870059 12.447043
2.216184 -25.978941 13.359557
3.119571 -26.655540 14.300045
4.552465 -26.689955 14.517846
5.834628 -26.296145 13.882327
6.990170 -26.234605 12.972648
8.132294 -27.000911 12.611910
8.983195 -28.114604 13.074939
10.033341 -28.909378 13.740607
11.469269 -28.945375 13.835536
12.589293 -28.279768 13.164961
13.401576 -27.624190 12.112299
14.533922 -27.708048 11.263880
15.734036 -28.519853 11.195183
16.959945 -29.281871 11.530845
18.396542 -29.294253 11.459025
19.363268 -28.469692 10.767102
19.745001 -27.455948 9.752280
20.484577 -26.919992 8.655255
21.751254 -27.216506 8.072669
23.120471 -27.785571 8.026684
24.537546 -27.711872 7.754713
25.347220 -26.771345 7.035932
25.326802 -25.580589 6.157842
25.468467 -24.630018 5.076990
26.459034 -24.346005 4.117402
27.848136 -24.584308 3.670556
29.214373 -24.390271 3.202092
29.892345 -23.371899 2.465876
29.568414 -22.123104 1.764020
29.090093 -21.021224 0.922509
29.492181 -20.258128 -0.182936
30.681245 -20.052005 -1.010701
31.937617 -19.676347 -1.676584
32.490472 -18.584131 -2.412892
31.962100 -17.330012 -2.927828
31.013455 -16.302348 -3.410774
30.689672 -15.335084 -4.385181
31.397734 -14.700082 -5.470810
32.431609 -14.083830 -6.332878
32.837006 -12.908445 -7.052384
32.173581 -11.664563 -7.366312
30.957659 -10.820188 -7.457611
29.994883 -9.955803 -8.066205
30.006163 -9.067489 -9.182452
30.648061 -8.201665 -10.202429
30.856012 -6.945536 -10.896581
30.105512 -5.720658 -10.996842
28.803172 -5.080470 -10.701205
27.451497 -4.552622 -10.802093
26.719074 -3.706276 -11.676326
26.787139 -2.685649 -12.747697
26.743861 -1.383075 -13.424347
25.963662 -0.171423 -13.341019
24.730435 0.316486 -12.693755
23.323028 0.407642 -12.251091
22.025049 0.869656 -12.627967
21.380522 1.821858 -13.547177
20.980451 3.105083 -14.181903
20.196789 4.312511 -13.958978
19.156050 4.752580 -13.014465
17.998754 4.497051 -12.105192
16.570390 4.340443 -11.885541
15.304271 4.848001 -12.423260
14.404126 5.920381 -12.962467
13.527215 7.080848 -12.699498
12.744349 7.599597 -11.560879
12.117843 7.256936 -10.236798
11.157298 6.583515 -9.326150
9.726730 6.358417 -9.180370
8.358820 6.863282 -9.527957
7.127072 7.711154 -9.483253
6.156054 8.231830 -8.518529
5.843061 8.014356 -7.083915
5.896513 7.351643 -5.724287
5.478380 6.828979 -4.413271
4.323739 6.942619 -3.549733
2.947972 7.504316 -3.398998
1.503480 7.881859 -3.336949
0.178736 7.645593 -2.733291
-0.494822 6.967382 -1.585796
-0.456422 6.436722 -0.172507
-0.122187 6.467885 1.304564
-0.039985 7.026712 2.708756
-0.662448 7.667784 3.905344
-1.959428 7.824414 4.580895
-3.387162 7.394754 4.643471
-4.780567 6.862025 4.707834
-6.013427 6.837537 5.459007
-6.518930 7.418173 6.715258
-6.537994 8.043726 8.093360
-6.901171 8.136759 9.529556
-7.868765 7.489866 10.423758
-9.069578 6.594250 10.386906
-10.428527 6.100978 9.998866
-11.857320 6.337037 10.143522
-12.840329 6.968760 11.063426
-13.541455 7.212863 12.367905
-14.381448 6.582372 13.399338
-15.235628 5.381012 13.510304
-16.097350 4.331029 12.877809
-17.363046 3.846066 12.338746
-18.787208 3.981557 12.601786
-19.961753 4.143139 13.509239
-21.021402 3.574796 14.350493
-21.750300 2.315672 14.408583
-22.078463 1.072361 13.661227
-22.716627 0.159142 12.709742
-24.023331 -0.296618 12.359589
-25.427754 -0.447690 12.803783
-26.649728 -1.052262 13.355468
-27.341486 -2.314948 13.281493
-27.277523 -3.559778 12.500468
-27.180450 -4.528506 11.390417
-27.932050 -5.362463 10.527525
-29.278469 -5.918823 10.436081
-30.544728 -6.648263 10.653995
-31.184086 -7.913735 10.419197
-30.850916 -9.096525 9.643316
-30.163393 -9.886357 8.594005
-30.171670 -10.747686 7.464260
-31.139812 -11.612251 6.850504
-32.305037 -12.514060 6.692701
