Component 1 of 1:
-30.496967 -13.018781 5.571589
-30.534184 -13.890398 4.895112
-30.512685 -14.749570 4.202233
-30.433176 -15.593952 3.495556
-30.296659 -16.421384 2.777659
-30.104143 -17.229819 2.051031
-29.856451 -18.017218 1.318068
-29.554205 -18.781483 0.581115
-29.197959 -19.520458 -0.157484
-28.788392 -20.231995 -0.895356
-28.326454 -20.914046 -1.630102
-27.813418 -21.564737 -2.359325
-27.250831 -22.182376 -3.080651
-26.640406 -22.765421 -3.791741
-25.983928 -23.312411 -4.490280
-25.283215 -23.821917 -5.173969
-24.540158 -24.292547 -5.840524
-23.756795 -24.723006 -6.487714
-22.935374 -25.112183 -7.113405
-22.078349 -25.459205 -7.715586
-21.188284 -25.763393 -8.292338
-20.267748 -26.024142 -8.841755
-19.319238 -26.240771 -9.361831
-18.345213 -26.412455 -9.850421
-17.348221 -26.538306 -10.305298
-16.331035 -26.617590 -10.724330
-15.296716 -26.649980 -11.105692
-14.248555 -26.635713 -11.448001
-13.189915 -26.575553 -11.750278
-12.124084 -26.470587 -12.011735
-11.054202 -26.321922 -12.231473
-9.983321 -26.130451 -12.408238
-8.914549 -25.896772 -12.540387
-7.851185 -25.621323 -12.626137
-6.796746 -25.304671 -12.664062
-5.754800 -24.947880 -12.653641
-4.728630 -24.552769 -12.595584
-3.720914 -24.121936 -12.491676
-2.733661 -23.658437 -12.343994
-1.768806 -23.165018 -12.153335
-0.828683 -22.643924 -11.919052
0.083446 -22.096675 -11.639162
0.963279 -21.524220 -11.311263
1.806112 -20.927498 -10.933991
2.608169 -20.308172 -10.508268
3.367989 -19.669174 -10.037486
4.086918 -19.014778 -9.526315
4.768049 -18.350176 -8.978700
5.414008 -17.680677 -8.396238
6.024869 -17.010754 -7.778046
6.597685 -16.343208 -7.122467
7.128243 -15.678729 -6.429755
7.614361 -15.016150 -5.703966
8.058935 -14.353530 -4.952655
8.470738 -13.689869 -4.184382
8.862091 -13.026686 -3.405643
9.243608 -12.368552 -2.618157
9.622009 -11.721594 -1.820117
9.997736 -11.090384 -1.008398
10.367075 -10.474234 -0.182323
10.726074 -9.865927 0.654111
11.074066 -9.253449 1.492281
11.414442 -8.623442 2.320899
11.753573 -7.967972 3.130523
12.096916 -7.283955 3.914700
12.446619 -6.573325 4.672290
12.800029 -5.839331 5.405889
13.150307 -5.082799 6.118319
13.488431 -4.300596 6.809293
13.805740 -3.487038 7.474291
14.096136 -2.636927 8.105899
14.356929 -1.748091 8.696609
14.588138 -0.822053 9.241444
14.790785 0.137111 9.738965
14.965146 1.124629 10.190290
15.109751 2.136383 10.597063
15.221517 3.169239 10.959728
15.296741 4.220564 11.277034
15.332316 5.287529 11.546735
15.326497 6.366740 11.766777
15.278903 7.454325 11.936180
15.189933 8.546267 12.055147
15.060014 9.638651 12.124518
14.888867 10.727639 12.144532
14.675919 11.809282 12.115171
14.420779 12.879519 12.036470
14.123594 13.934302 11.908824
13.785160 14.969786 11.733195
13.406776 15.982448 11.511091
12.989951 16.969083 11.244364
12.536147 17.926672 10.934928
12.046644 18.852204 10.584555
11.522560 19.742553 10.194803
10.964978 20.594467 9.767095
10.375106 21.404664 9.302878
9.754419 22.170022 8.803797
9.104700 22.887768 8.271800
8.428003 23.555590 7.709143
7.726532 24.171607 7.118300
7.002516 24.734215 6.501832
6.258126 25.241883 5.862274
5.495477 25.693015 5.202096
4.716689 26.085954 4.523733
3.923967 26.419137 3.829650
3.119633 26.691307 3.122397
2.306114 26.901663 2.404615
1.485869 27.049890 1.679001
0.661327 27.136038 0.948245
-0.165146 27.160333 0.215005
-0.991241 27.122988 -0.518110
-1.814660 27.024094 -1.248509
-2.633070 26.863631 -1.973583
-3.444068 26.641592 -2.690689
-4.245196 26.358165 -3.397157
-5.033987 26.013918 -4.090327
-5.808043 25.609888 -4.767605
-6.565095 25.147545 -5.426483
-7.303012 24.628630 -6.064530
-8.019742 24.054961 -6.679326
-8.713235 23.428308 -7.268404
-9.381378 22.750414 -7.829239
-10.022013 22.023135 -8.359312
-10.633030 21.248632 -8.856230
-11.212502 20.429487 -9.317862
-11.758793 19.568700 -9.742396
-12.270588 18.669557 -10.128298
-12.746823 17.735447 -10.474169
-13.186536 16.769712 -10.778559
-13.588709 15.775587 -11.039834
-13.952151 14.756259 -11.256172
-14.275526 13.715011 -11.425737
-14.557537 12.655369 -11.546999
-14.797250 11.581163 -11.619062
-14.994401 10.496439 -11.641804
-15.149498 9.405261 -11.615687
-15.263560 8.311532 -11.541224
-15.337281 7.219037 -11.417822
-15.370704 6.131694 -11.244063
-15.363300 5.053694 -11.018530
-15.314472 3.989358 -10.740832
-15.224472 2.942674 -10.412409
-15.095275 1.916704 -10.036501
-14.930816 0.913376 -9.617032
-14.736258 -0.065979 -9.156847
-14.516494 -1.019465 -8.656330
-14.274599 -1.943588 -8.113449
-14.011105 -2.833281 -7.525611
-13.724601 -3.683469 -6.892500
-13.413558 -4.491713 -6.218165
-13.078615 -5.260490 -5.510813
-12.724253 -5.997355 -4.780206
-12.358892 -6.712309 -4.034241
-11.992785 -7.412514 -3.275404
-11.635910 -8.101204 -2.502026
-11.292993 -8.777161 -1.711470
-10.963154 -9.436791 -0.902023
-10.639430 -10.079374 -0.076831
-10.311521 -10.708833 0.756585
-9.969544 -11.335332 1.586683
-9.609085 -11.969729 2.403071
-9.229843 -12.619895 3.198442
-8.834498 -13.288202 3.970765
-8.424842 -13.971654 4.722289
-7.998654 -14.664297 5.456323
-7.549008 -15.360093 6.173699
-7.066449 -16.054761 6.871149
-6.542770 -16.746339 7.542191
-5.973871 -17.434575 8.179664
-5.360210 -18.119691 8.778385
-4.704975 -18.801194 9.336333
-4.011434 -19.477139 9.853852
-3.281084 -20.143990 10.331687
-2.513484 -20.797046 10.769293
-1.707514 -21.431266 11.164454
-0.863033 -22.042189 11.514210
0.018178 -22.626598 11.816306
0.932606 -23.182660 12.070213
1.875970 -23.709498 12.277118
2.844253 -24.206448 12.439032
3.834247 -24.672364 12.557623
4.843599 -25.105141 12.632989
5.870202 -25.501934 12.664062
6.911611 -25.859863 12.649496
7.964856 -26.176546 12.588418
9.026564 -26.450361 12.480888
10.093240 -26.680411 12.327910
11.161497 -26.866264 12.131115
12.228145 -27.007637 11.892330
13.290133 -27.104152 11.613233
14.344441 -27.155262 11.295219
15.387991 -27.160333 10.939464
16.417637 -27.118824 10.547109
17.430242 -27.030467 10.119454
18.422777 -26.895362 9.658057
19.392390 -26.713933 9.164718
20.336388 -26.486792 8.641378
21.252170 -26.214590 8.090006
22.137147 -25.897957 7.512540
22.988732 -25.537552 6.910913
23.804411 -25.134186 6.287113
24.581862 -24.688925 5.643235
25.319032 -24.203106 4.981484
26.014118 -23.678251 4.304126
26.665465 -23.115935 3.613437
27.271422 -22.517686 2.911658
27.830263 -21.884973 2.201007
28.340209 -21.219274 1.483702
28.799545 -20.522182 0.761990
29.206781 -19.795493 0.038162
29.560782 -19.041230 -0.685476
29.860786 -18.261584 -1.406624
30.106310 -17.458824 -2.123016
30.296968 -16.635197 -2.832400
30.432287 -15.792880 -3.532507
30.511614 -14.934005 -4.221002
30.534184 -14.060739 -4.895465
30.499324 -13.175370 -5.553428
30.406698 -12.280345 -6.192449
30.256471 -11.378251 -6.810197
30.049311 -10.471730 -7.404497
29.786224 -9.563412 -7.973311
29.468340 -8.655893 -8.514666
29.096760 -7.751755 -9.026585
28.672550 -6.853613 -9.507071
28.196857 -5.964131 -9.954147
27.671064 -5.085982 -10.365937
27.096884 -4.221778 -10.740711
26.476340 -3.374015 -11.076853
25.811652 -2.545062 -11.372760
25.105107 -1.737239 -11.626718
24.358985 -0.952927 -11.836854
23.575608 -0.194650 -12.001261
22.757501 0.534969 -12.118299
21.907573 1.233415 -12.186984
21.029213 1.898631 -12.207283
20.126209 2.529302 -12.180057
19.202488 3.124853 -12.106566
18.261805 3.685014 -11.987644
17.307496 4.208765 -11.822414
16.342719 4.693988 -11.608823
15.370713 5.137611 -11.344688
14.394991 5.536489 -11.029019
13.419319 5.888834 -10.662972
12.447483 6.195449 -10.249733
11.483125 6.459896 -9.793179
10.529883 6.687155 -9.295988
9.591775 6.881317 -8.758377
8.673340 7.043584 -8.178495
7.779059 7.171910 -7.554596
6.912000 7.262802 -6.887796
6.072304 7.314663 -6.183573
5.256663 7.330963 -5.450734
4.459617 7.321321 -4.698309
3.676503 7.299373 -3.932309
2.907411 7.278341 -3.152538
2.155131 7.266913 -2.356425
1.424938 7.266969 -1.540091
0.718475 7.274197 -0.703330
0.030483 7.281398 0.148452
-0.650831 7.282222 1.005500
-1.341829 7.275095 1.854973
-2.054382 7.263938 2.686758
-2.794244 7.254552 3.494624
-3.560227 7.251077 4.278044
-4.347335 7.252341 5.040497
-5.151328 7.250921 5.785535
-5.971675 7.234849 6.512997
-6.811362 7.191148 7.217695
-7.674401 7.110020 7.890998
-8.563156 6.987238 8.524103
-9.477026 6.823648 9.111207
-10.412810 6.622536 9.650794
-11.365967 6.386582 10.144500
-12.331785 6.115991 10.594603
-13.305935 5.808472 11.001852
-14.284460 5.460661 11.364789
-15.263552 5.069943 11.680575
-16.239438 4.635598 11.946492
-17.208444 4.158827 12.161119
-18.167080 3.641923 12.324605
-19.112014 3.087272 12.438091
-20.039905 2.496691 12.502733
-20.947110 1.871224 12.518634
-21.829835 1.211905 12.485621
-22.684385 0.520173 12.403667
-23.507386 -0.202005 12.273232
-24.295863 -0.952278 12.095349
-25.047168 -1.728163 11.871477
-25.758815 -2.527217 11.603258
-26.428369 -3.347077 11.292341
-27.053440 -4.185385 10.940324
-27.631794 -5.039696 10.548829
-28.161497 -5.907437 10.119601
-28.640999 -6.785942 9.654558
-29.069098 -7.672532 9.155776
-29.444791 -8.564590 8.625395
-29.767061 -9.459586 8.065525
-30.034731 -10.355042 7.478198
-30.246454 -11.248456 6.865395
-30.400886 -12.137252 6.229136
