Component 1 of 1:
-30.837632 -13.153003 5.677303
-30.874490 -14.036410 4.987507
-30.852840 -14.907334 4.281428
-30.772897 -15.763369 3.561539
-30.635088 -16.602198 2.830317
-30.440009 -17.421585 2.090224
-30.188386 -18.219373 1.343703
-29.881044 -18.993465 0.593175
-29.518901 -19.741821 -0.158955
-29.102979 -20.462455 -0.910290
-28.634417 -21.153440 -1.658436
-28.114490 -21.812926 -2.401007
-27.544623 -22.439150 -3.135628
-26.926392 -23.030448 -3.859944
-26.261522 -23.585267 -4.571628
-25.551877 -24.102168 -5.268385
-24.799447 -24.579827 -5.947959
-24.006336 -25.017029 -6.608135
-23.174753 -25.412668 -7.246736
-22.307001 -25.765737 -7.861628
-21.405482 -26.075329 -8.450722
-20.472695 -26.340634 -9.011976
-19.511245 -26.560949 -9.543405
-18.523843 -26.735697 -10.043096
-17.513306 -26.864437 -10.509208
-16.482537 -26.946878 -10.939972
-15.434510 -26.982881 -11.333668
-14.372252 -26.972443 -11.688595
-13.298839 -26.915672 -12.003036
-12.217418 -26.812779 -12.275240
-11.131238 -26.664084 -12.503458
-10.043684 -26.470076 -12.686024
-8.958276 -26.231493 -12.821508
-7.878622 -25.949423 -12.908893
-6.808299 -25.625375 -12.947740
-5.750703 -25.261297 -12.938278
-4.708886 -24.859501 -12.881388
-3.685472 -24.422514 -12.778443
-2.682560 -23.952786 -12.630924
-1.702810 -23.451697 -12.438294
-0.749364 -22.920583 -12.199484
0.174411 -22.361026 -11.913446
1.065117 -21.775028 -11.579450
1.919574 -21.165109 -11.197292
2.735065 -20.534306 -10.767401
3.509521 -19.886073 -10.290831
4.241598 -19.224110 -9.769174
4.930644 -18.552139 -9.204452
5.576615 -17.873705 -8.599035
6.180008 -17.192020 -7.955605
6.741880 -16.509883 -7.277152
7.263970 -15.829662 -6.566976
7.748865 -15.153332 -5.828629
8.200142 -14.482511 -5.065802
8.622340 -13.818494 -4.282220
9.020895 -13.162012 -3.481345
9.401609 -12.513724 -2.667650
9.767269 -11.874782 -1.841894
10.123903 -11.243862 -1.006673
10.476346 -10.618669 -0.165953
10.827769 -9.995716 0.676784
11.181064 -9.368650 1.516327
11.537020 -8.732036 2.348372
11.895424 -8.078578 3.168624
12.254858 -7.405921 3.975532
12.613009 -6.709329 4.763952
12.967058 -5.984582 5.530243
13.313421 -5.228348 6.270808
13.648076 -4.438069 6.982215
13.966831 -3.612027 7.661078
14.265594 -2.749409 8.304038
14.540580 -1.850357 8.907835
14.788417 -0.915942 9.469431
15.006159 0.051923 9.986136
15.191237 1.050620 10.455714
15.341398 2.076973 10.876434
15.454679 3.127394 11.247088
15.529423 4.197993 11.566986
15.564332 5.284700 11.835942
15.558520 6.383381 12.054232
15.511517 7.489957 12.222523
15.423216 8.600512 12.341728
15.293702 9.711472 12.412753
15.122090 10.819290 12.434506
14.907666 11.919963 12.405883
14.650172 13.009269 12.326371
14.349827 14.082943 12.196149
14.007285 15.136841 12.016049
13.623555 16.167047 11.787444
13.199900 17.169933 11.512091
12.737738 18.142147 11.191969
12.238569 19.080568 10.829146
11.703930 19.982242 10.425688
11.135391 20.844328 9.983625
10.534561 21.664065 9.504958
9.903118 22.438776 8.991691
9.242834 23.165890 8.445874
8.555584 23.842982 7.869639
7.843352 24.467804 7.265214
7.108215 25.038312 6.634925
6.352331 25.552676 5.981192
5.577921 26.009281 5.306507
4.787262 26.406728 4.613425
3.982675 26.743839 3.904548
3.166516 27.019657 3.182511
2.341166 27.233446 2.449967
1.509020 27.384683 1.709581
0.672477 27.473037 0.964009
-0.166071 27.498345 0.215902
-1.004237 27.460585 -0.532102
-1.839635 27.359863 -1.277370
-2.669879 27.196415 -2.017268
-3.492578 26.970617 -2.749157
-4.305344 26.683013 -3.470396
-5.105796 26.334341 -4.178341
-5.891575 25.925554 -4.870362
-6.660360 25.457826 -5.543854
-7.409875 24.932561 -6.196255
-8.137904 24.351387 -6.825058
-8.842298 23.716147 -7.427827
-9.520987 23.028896 -8.002211
-10.171989 22.291880 -8.545946
-10.793421 21.507520 -9.056848
-11.383496 20.678377 -9.532797
-11.940513 19.807134 -9.971703
-12.462842 18.896573 -10.371474
-12.948909 17.949592 -10.729998
-13.397187 16.969239 -11.045155
-13.806226 15.958763 -11.314874
-14.174699 14.921668 -11.537246
-14.501487 13.861743 -11.710671
-14.785779 12.783034 -11.834010
-15.027153 11.689763 -11.906720
-15.225630 10.586188 -11.928922
-15.381665 9.476454 -11.901374
-15.496084 8.364311 -11.825335
-15.569013 7.253265 -11.700435
-15.600203 6.147110 -11.525585
-15.589719 5.049922 -11.299860
-15.538118 3.965919 -11.022724
-15.446550 2.899303 -10.694146
-15.316755 1.854101 -10.314615
-15.150962 0.834032 -9.885098
-14.951735 -0.157566 -9.406980
-14.721815 -1.117799 -8.882043
-14.464028 -2.044280 -8.312490
-14.181271 -2.935264 -7.700987
-13.876602 -3.789818 -7.050684
-13.553356 -4.608031 -6.365166
-13.215235 -5.391152 -5.648309
-12.866278 -6.141609 -4.904086
-12.510692 -6.862859 -4.136414
-12.152447 -7.559297 -3.348912
-11.795154 -8.235542 -2.545913
-11.441615 -8.894610 -1.729408
-11.093186 -9.542164 -0.902723
-10.749711 -10.183121 -0.069775
-10.408874 -10.821941 0.765477
-10.066116 -11.464325 1.597505
-9.717152 -12.113617 2.422038
-9.355869 -12.772757 3.235310
-8.978963 -13.441446 4.035854
-8.581113 -14.119626 4.819196
-8.157306 -14.806731 5.582278
-7.702958 -15.501361 6.321949
-7.214012 -16.201589 7.035100
-6.687119 -16.905101 7.718617
-6.119740 -17.609307 8.369392
-5.510165 -18.311404 8.984398
-4.857464 -19.008381 9.560772
-4.161407 -19.697022 10.095906
-3.422389 -20.373915 10.587521
-2.641409 -21.035525 11.033741
-1.820070 -21.678316 11.433176
-0.960577 -22.298929 11.785003
-0.065681 -22.894355 12.089025
0.861466 -23.462075 12.345653
1.817514 -24.000094 12.555803
2.799137 -24.506868 12.720675
3.803314 -24.981165 12.841478
4.827759 -25.421075 12.917580
5.870106 -25.824103 12.947740
6.927573 -26.187813 12.930987
7.997014 -26.510001 12.866848
9.075019 -26.788828 12.755444
10.158046 -27.022887 12.597485
11.242550 -27.211203 12.394176
12.325088 -27.353167 12.147076
13.402361 -27.448441 11.857935
14.471217 -27.496858 11.528556
15.528614 -27.498345 11.160712
16.571581 -27.452892 10.756106
17.597180 -27.360549 10.316391
18.602502 -27.221444 9.843206
19.584672 -27.035818 9.338217
20.540870 -26.804044 8.803161
21.468355 -26.526644 8.239862
22.364495 -26.204293 7.650240
23.226776 -25.837819 7.036301
24.052813 -25.428191 6.400125
24.840355 -24.976510 5.743848
25.587281 -24.483993 5.069651
26.291591 -23.951964 4.379739
26.951402 -23.381844 3.676340
27.564938 -22.775143 2.961694
28.130534 -22.133459 2.238056
28.646640 -21.458482 1.507694
29.111830 -20.751994 0.772890
29.524813 -20.015869 0.035936
29.884443 -19.252065 -0.700865
30.189714 -18.462618 -1.435207
30.439758 -17.649624 -2.164775
30.633827 -16.815238 -2.887249
30.771290 -15.961664 -3.600298
30.851636 -15.091163 -4.301574
30.874490 -14.206058 -4.988724
30.839635 -13.308742 -5.659390
30.747043 -12.401678 -6.311233
30.596902 -11.487399 -6.941956
30.389625 -10.568493 -7.549321
30.125855 -9.647587 -8.131174
29.806448 -8.727327 -8.685449
29.432449 -7.810362 -9.210164
29.005064 -6.899324 -9.703400
28.525630 -5.996821 -10.163266
27.995590 -5.105433 -10.587852
27.416480 -4.227729 -10.975190
26.789939 -3.366288 -11.323228
26.117744 -2.523720 -11.629838
25.401883 -1.702682 -11.892882
24.644631 -0.905853 -12.110323
23.848627 -0.135882 -12.280387
23.016910 0.604713 -12.401733
22.152890 1.313662 -12.473608
21.260257 1.989053 -12.495929
20.342823 2.629403 -12.469273
19.404362 3.233660 -12.394756
18.448323 3.801179 -12.273735
17.477630 4.330408 -12.105528
16.495492 4.819424 -11.888843
15.505547 5.266413 -11.622494
14.511840 5.669945 -11.305681
13.518723 6.029174 -10.938159
12.530672 6.343943 -10.520304
11.552092 6.614758 -10.053087
10.587128 6.842678 -9.538020
9.639515 7.029186 -8.977119
8.712458 7.176131 -8.372879
7.808527 7.285791 -7.728253
6.929546 7.361099 -7.046631
6.076507 7.405884 -6.331708
5.249475 7.425081 -5.587344
4.447589 7.424681 -4.817338
3.669172 7.411367 -4.025280
2.911873 7.391747 -3.214450
2.173249 7.370575 -2.387861
1.451937 7.351457 -1.547778
0.743978 7.337062 -0.697532
0.043688 7.329120 0.158639
-0.655509 7.328219 1.015716
-1.360649 7.333131 1.868557
-2.077843 7.342653 2.711838
-2.812609 7.354061 3.541797
-3.566211 7.364290 4.356795
-4.341173 7.369301 5.152629
-5.140096 7.363028 5.926003
-5.964673 7.338957 6.673269
-6.815732 7.290908 7.390695
-7.693173 7.213503 8.074493
-8.595974 7.102422 8.720977
-9.522280 6.954407 9.326712
-10.469508 6.767115 9.888661
-11.434476 6.538895 10.404270
-12.413518 6.268604 10.871515
-13.402605 5.955501 11.288897
-14.397466 5.599237 11.655437
-15.393726 5.199902 11.970669
-16.387053 4.758083 12.234644
-17.373318 4.274855 12.447894
-18.348710 3.751698 12.611330
-19.309793 3.190318 12.726040
-20.253486 2.592271 12.792762
-21.176228 1.958262 12.810159
-22.074169 1.289447 12.777204
-22.943461 0.587426 12.693484
-23.780414 -0.145800 12.559272
-24.581619 -0.907919 12.375484
-25.344026 -1.696413 12.143573
-26.064971 -2.508648 11.865375
-26.742142 -3.341953 11.542957
-27.373524 -4.193668 11.178480
-27.957334 -5.061164 10.774107
-28.491952 -5.941842 10.331950
-28.975878 -6.833129 9.854054
-29.407702 -7.732458 9.342414
-29.786094 -8.637262 8.799004
-30.109808 -9.544968 8.225815
-30.377709 -10.452990 7.624886
-30.588807 -11.358731 6.998336
-30.742303 -12.259595 6.348374
