Component 1 of 1:
-29.990167 -12.864028 5.317848
-30.015016 -13.720760 4.673875
-29.875401 -14.546430 4.019442
-29.717111 -15.377517 3.354946
-29.577930 -16.214146 2.697152
-29.502953 -17.011365 1.983955
-29.327550 -17.763488 1.227642
-29.045299 -18.493900 0.490387
-28.634785 -19.195336 -0.208126
-28.178257 -19.858821 -0.927863
-27.713425 -20.531671 -1.629682
-27.268538 -21.165096 -2.344318
-26.803403 -21.805501 -3.056046
-26.210374 -22.413216 -3.733684
-25.499108 -22.941232 -4.347215
-24.768086 -23.376850 -4.965381
-24.039812 -23.796972 -5.658502
-23.344229 -24.274786 -6.318500
-22.620263 -24.704361 -6.984049
-21.765819 -25.067225 -7.547721
-20.879101 -25.303467 -8.090101
-19.933433 -25.492673 -8.552249
-18.982658 -25.650954 -9.023106
-18.069913 -25.818495 -9.530989
-17.115717 -26.019072 -9.998615
-16.131281 -26.179329 -10.398488
-15.106685 -26.233615 -10.742179
-14.075943 -26.155129 -11.062983
-13.058084 -26.034400 -11.325890
-12.019372 -25.885076 -11.578627
-10.987178 -25.781027 -11.837302
-9.931886 -25.659596 -12.025058
-8.902518 -25.411621 -12.182324
-7.870300 -25.139347 -12.199243
-6.875034 -24.795551 -12.132711
-5.854979 -24.442733 -12.085263
-4.844371 -24.076235 -12.083760
-3.867399 -23.670592 -12.035181
-2.870927 -23.274544 -11.894528
-1.954452 -22.804737 -11.646900
-1.091467 -22.247543 -11.336223
-0.241618 -21.696485 -11.000815
0.659053 -21.159079 -10.731774
1.542065 -20.608188 -10.454654
2.372730 -20.058429 -10.081995
3.093651 -19.460259 -9.544297
3.714908 -18.804863 -8.959449
4.336847 -18.116696 -8.420577
4.982983 -17.454143 -7.895344
5.648739 -16.787947 -7.365839
6.266018 -16.118127 -6.780074
6.802511 -15.499327 -6.116228
7.315120 -14.908602 -5.376256
7.779390 -14.311227 -4.610290
8.209521 -13.668890 -3.871808
8.628157 -13.020970 -3.136801
9.056904 -12.350822 -2.442634
9.485473 -11.697256 -1.703773
9.905539 -11.031088 -0.984666
10.272446 -10.381102 -0.234081
10.601700 -9.732756 0.533199
10.945751 -9.127906 1.359214
11.286600 -8.484584 2.156705
11.675303 -7.807766 2.890742
12.056567 -7.104293 3.599488
12.347908 -6.346132 4.309030
12.634234 -5.593501 5.003055
12.930362 -4.783378 5.657416
13.253909 -4.021857 6.331027
13.525499 -3.257909 7.020559
13.801389 -2.441204 7.665288
14.057510 -1.538323 8.195272
14.249867 -0.603798 8.687422
14.393943 0.374517 9.103557
14.517223 1.331103 9.567943
14.680781 2.273072 10.033767
14.857248 3.245028 10.454629
14.930836 4.248673 10.782076
14.907329 5.302853 11.034693
14.854310 6.363710 11.170978
14.794644 7.436232 11.288828
14.765405 8.498301 11.408421
14.698069 9.555930 11.570180
14.528671 10.619354 11.640254
14.276225 11.656666 11.609811
13.953773 12.674952 11.486488
13.664120 13.683483 11.332815
13.345164 14.709425 11.183145
13.054439 15.737540 11.066836
12.680924 16.728635 10.902544
12.263382 17.702227 10.636285
11.739980 18.524357 10.210638
11.189879 19.331227 9.752760
10.648889 20.147820 9.292923
10.082591 20.946200 8.871739
9.530872 21.755097 8.435829
8.910312 22.463283 7.928815
8.217775 23.082914 7.403896
7.494066 23.609797 6.806050
6.779262 24.126770 6.193040
6.062164 24.661683 5.618602
5.357430 25.187597 5.006062
4.578211 25.616332 4.378220
3.792373 25.924309 3.718615
3.036783 26.091813 2.986612
2.271876 26.190428 2.237880
1.455777 26.330029 1.559997
0.655657 26.526395 0.885753
-0.180852 26.640073 0.225274
-0.983903 26.602024 -0.483288
-1.741943 26.401891 -1.217369
-2.482990 26.154124 -1.941847
-3.233422 25.931460 -2.664504
-4.032595 25.748247 -3.376862
-4.834632 25.493179 -4.034579
-5.659375 25.148503 -4.625247
-6.418771 24.651753 -5.205710
-7.106529 24.037472 -5.777371
-7.725873 23.438379 -6.402852
-8.360921 22.874196 -7.049214
-9.050109 22.296338 -7.626618
-9.731409 21.648363 -8.150946
-10.306981 20.846820 -8.566943
-10.822609 19.972437 -8.922806
-11.336633 19.107147 -9.288523
-11.842724 18.252732 -9.683484
-12.359720 17.403743 -10.085073
-12.873044 16.509264 -10.409582
-13.268930 15.542101 -10.635413
-13.553694 14.508074 -10.776181
-13.760644 13.461462 -10.888527
-13.984400 12.420566 -11.030331
-14.316335 11.414695 -11.143665
-14.639189 10.377095 -11.239405
-14.807240 9.316094 -11.201290
-14.859754 8.253883 -11.081504
-14.838368 7.210588 -10.841274
-14.844347 6.178140 -10.599610
-14.888677 5.121455 -10.395132
-14.910452 4.058857 -10.239040
-14.864304 3.014437 -9.979248
-14.705698 2.015824 -9.584977
-14.500923 1.102717 -9.071168
-14.287353 0.182153 -8.548442
-14.097657 -0.758183 -8.071871
-13.875742 -1.701291 -7.624110
-13.680028 -2.621465 -7.114016
-13.465400 -3.486419 -6.496316
-13.165089 -4.283445 -5.816666
-12.853025 -5.028258 -5.128569
-12.527244 -5.746418 -4.416170
-12.175550 -6.460109 -3.709372
-11.869609 -7.216240 -3.024118
-11.563109 -7.957067 -2.303979
-11.251878 -8.648485 -1.550561
-10.917866 -9.290817 -0.762694
-10.545014 -9.970771 -0.031373
-10.142572 -10.538777 0.770569
-9.781177 -11.220270 1.535129
-9.416292 -11.894496 2.274540
-9.003812 -12.569936 2.985300
-8.524376 -13.220612 3.690269
-8.068583 -13.889863 4.390218
-7.669970 -14.592433 5.069726
-7.255407 -15.269745 5.783674
-6.804883 -15.948701 6.463128
-6.254986 -16.628220 7.087119
-5.660974 -17.286990 7.684301
-5.002487 -17.934412 8.206061
-4.310319 -18.600064 8.706768
-3.627537 -19.251124 9.234560
-2.948745 -19.900971 9.727281
-2.225118 -20.529826 10.218085
-1.444254 -21.079487 10.683667
-0.555873 -21.633087 11.004391
0.330809 -22.134124 11.287838
1.257372 -22.667408 11.505332
2.143124 -23.223431 11.731842
3.024469 -23.790031 11.974926
3.957520 -24.292787 12.146285
4.960070 -24.681250 12.199243
5.977576 -25.042944 12.183365
7.013487 -25.323826 12.057859
8.040601 -25.626302 11.998582
9.073401 -25.951000 11.991349
10.078249 -26.274206 11.871650
11.129601 -26.466779 11.703460
12.144163 -26.480700 11.425956
13.170891 -26.451793 11.074122
14.174334 -26.553921 10.772049
15.212352 -26.640073 10.504418
16.246059 -26.633530 10.196053
17.240093 -26.564845 9.792678
18.184985 -26.393099 9.305784
19.081537 -26.107291 8.770893
19.970190 -25.877579 8.237359
20.892493 -25.693282 7.736072
21.812231 -25.465930 7.218794
22.681843 -25.166574 6.672753
23.449054 -24.726732 6.070147
24.107234 -24.198240 5.400928
24.757692 -23.683234 4.712574
25.442218 -23.180870 4.082742
26.171007 -22.684528 3.467676
26.853988 -22.143547 2.846950
27.412854 -21.548483 2.135548
27.859647 -20.852499 1.447921
28.214932 -20.139201 0.734601
28.592505 -19.407788 0.050572
28.979328 -18.699523 -0.657179
29.327147 -17.996497 -1.376699
29.574929 -17.229871 -2.104593
29.695653 -16.443169 -2.822613
29.794520 -15.602699 -3.464922
29.849833 -14.722131 -4.090800
29.971553 -13.882894 -4.742828
30.015016 -13.014948 -5.393054
29.902774 -12.166562 -6.020930
29.699260 -11.282912 -6.586640
29.427527 -10.424365 -7.159947
29.144554 -9.553308 -7.707545
28.864772 -8.664148 -8.230559
28.602379 -7.750579 -8.748238
28.257762 -6.843517 -9.228850
27.725633 -6.008198 -9.655800
27.070490 -5.226595 -9.989566
26.449988 -4.417484 -10.306210
25.897920 -3.565918 -10.654580
25.372176 -2.707101 -10.981170
24.777644 -1.870753 -11.294678
24.024125 -1.127543 -11.503769
23.168892 -0.474549 -11.586505
22.309096 0.162678 -11.620464
21.477600 0.848779 -11.669603
20.684277 1.574670 -11.753384
19.874016 2.275028 -11.775871
18.989814 2.870506 -11.666450
18.048998 3.364928 -11.471704
17.123485 3.800173 -11.207705
16.163195 4.233300 -10.969817
15.200419 4.679489 -10.735243
14.263187 5.149999 -10.545279
13.327153 5.557155 -10.230959
12.405662 5.885444 -9.790748
11.519571 6.135629 -9.248428
10.638668 6.323576 -8.668892
9.745382 6.509869 -8.108424
8.800439 6.709807 -7.666493
7.864187 6.905437 -7.183845
6.979395 7.055440 -6.584231
6.195060 7.103102 -5.854994
5.405068 7.110401 -5.130128
4.649932 7.134914 -4.383718
3.863963 7.180435 -3.636865
3.085305 7.177767 -2.940665
2.271573 7.215485 -2.211648
1.538051 7.256759 -1.443804
0.822685 7.258085 -0.644489
0.072416 7.249748 0.125822
-0.667199 7.231958 0.904232
-1.385387 7.232024 1.697792
-2.094391 7.211284 2.487020
-2.907411 7.195530 3.210334
-3.723206 7.144987 3.914302
-4.533617 7.094037 4.627871
-5.288408 7.016908 5.367420
-6.083271 6.951154 6.087387
-6.907858 6.930998 6.769740
-7.777287 6.857895 7.402274
-8.665884 6.689066 7.953763
-9.553630 6.449406 8.508203
-10.454098 6.194957 9.001492
-11.382243 5.924887 9.465867
-12.280812 5.695236 9.972452
-13.221769 5.507012 10.471525
-14.155711 5.146645 10.881920
-15.102949 4.712048 11.127510
-16.042800 4.242182 11.275679
-16.960758 3.737028 11.431488
-17.914077 3.290417 11.674547
-18.844800 2.779296 11.893356
-19.725522 2.191414 12.042377
-20.625513 1.590028 12.035918
-21.470381 0.945870 11.927264
-22.250961 0.217342 11.809317
-23.054859 -0.473496 11.702721
-23.879538 -1.166426 11.616538
-24.643881 -1.893560 11.448488
-25.336079 -2.670896 11.190781
-25.902006 -3.513387 10.848497
-26.438935 -4.353124 10.458581
-27.023817 -5.175602 10.092551
-27.657449 -5.952256 9.734075
-28.204835 -6.787856 9.287740
-28.583613 -7.665169 8.804502
-28.868295 -8.554813 8.276319
-29.101155 -9.417510 7.690263
-29.340527 -10.282356 7.109319
-29.588169 -11.138586 6.525077
-29.830285 -12.004901 5.941407
