Component 1 of 1:
-30.459113 -13.043453 5.494534
-30.473579 -13.953107 4.879472
-30.481747 -14.851592 4.227015
-30.434157 -15.674019 3.510913
-30.274116 -16.485377 2.778340
-30.033099 -17.253155 2.014503
-29.823345 -17.986388 1.235416
-29.549995 -18.694827 0.414238
-29.240984 -19.411641 -0.372390
-28.879308 -20.082162 -1.170622
-28.445016 -20.797234 -1.901052
-27.936932 -21.460848 -2.652907
-27.360695 -22.089438 -3.341035
-26.751162 -22.702978 -4.027445
-26.052265 -23.273919 -4.663198
-25.259235 -23.779617 -5.264640
-24.502900 -24.244401 -5.894596
-23.743806 -24.689868 -6.574707
-22.950409 -25.076826 -7.239241
-22.132943 -25.427884 -7.886674
-21.288060 -25.733746 -8.514105
-20.360212 -25.949267 -9.061561
-19.414253 -26.085662 -9.591999
-18.430820 -26.251425 -10.091613
-17.410193 -26.417376 -10.491850
-16.377141 -26.567349 -10.861350
-15.359760 -26.670813 -11.242169
-14.316222 -26.698849 -11.626154
-13.266759 -26.642962 -11.963732
-12.200863 -26.540406 -12.231279
-11.132839 -26.399385 -12.443023
-10.051059 -26.189684 -12.547646
-8.982864 -25.898056 -12.565636
-7.933285 -25.581488 -12.571001
-6.887859 -25.235354 -12.571018
-5.852775 -24.863441 -12.561451
-4.846763 -24.409969 -12.557457
-3.844745 -23.966852 -12.471793
-2.852962 -23.507548 -12.371164
-1.863211 -23.031992 -12.255486
-0.893027 -22.578539 -12.039310
0.059356 -22.113339 -11.766652
0.972518 -21.587183 -11.439373
1.803788 -21.014237 -10.986511
2.522320 -20.371912 -10.460310
3.199014 -19.669660 -9.923833
3.818098 -18.929217 -9.420822
4.471783 -18.155592 -8.951649
5.153521 -17.427253 -8.473778
5.811909 -16.736908 -7.906881
6.449134 -16.102190 -7.279869
7.044567 -15.508893 -6.571065
7.561273 -14.939675 -5.795503
8.003033 -14.379184 -4.959755
8.409872 -13.776822 -4.128602
8.778347 -13.081569 -3.375536
9.142416 -12.366613 -2.626927
9.492940 -11.628191 -1.897529
9.898039 -10.950237 -1.134495
10.323259 -10.296198 -0.347008
10.720269 -9.700844 0.485942
11.137957 -9.167035 1.356882
11.480750 -8.622713 2.237687
11.820696 -8.000956 3.085026
12.148656 -7.338774 3.886200
12.426206 -6.580367 4.664744
12.665379 -5.770411 5.360994
12.923983 -4.930093 6.016821
13.171043 -4.098203 6.692206
13.444939 -3.231689 7.287124
13.691136 -2.397248 7.938208
13.988570 -1.533662 8.573137
14.272895 -0.650187 9.136075
14.553588 0.257459 9.699482
14.813976 1.189623 10.224473
15.040361 2.194106 10.623136
15.202749 3.216924 10.994326
15.355190 4.278529 11.288706
15.409904 5.348281 11.554750
15.434962 6.438060 11.753385
15.369892 7.520407 11.871113
15.210679 8.627507 11.901798
15.015465 9.706925 11.902200
14.805168 10.787754 11.895724
14.539963 11.853981 11.850190
14.265643 12.927317 11.823741
13.891290 13.965010 11.761435
13.542935 15.003555 11.648820
13.174865 16.017816 11.461021
12.777970 17.018022 11.192542
12.419863 17.993009 10.838907
12.026441 18.947314 10.430752
11.573661 19.831233 9.955612
11.035929 20.663246 9.447558
10.461879 21.479753 9.001614
9.825888 22.227702 8.505406
9.121732 22.922132 8.048450
8.377711 23.614438 7.575071
7.610151 24.206727 7.070548
6.873029 24.799399 6.497279
6.135802 25.312118 5.836458
5.378887 25.734512 5.144769
4.629751 26.131710 4.443716
3.805823 26.421625 3.765046
2.966313 26.682961 3.094156
2.124618 26.921757 2.432881
1.322115 27.095485 1.689509
0.535664 27.172745 0.918301
-0.267526 27.159224 0.158224
-1.063381 27.100268 -0.618206
-1.823599 26.970017 -1.412087
-2.594832 26.785051 -2.161581
-3.399250 26.527960 -2.887428
-4.219283 26.230038 -3.561319
-5.021002 25.861379 -4.222714
-5.833719 25.508912 -4.880639
-6.618113 25.085095 -5.518023
-7.394152 24.624571 -6.151152
-8.133296 24.130908 -6.811506
-8.821832 23.542124 -7.454898
-9.453752 22.877519 -8.074695
-10.051773 22.129496 -8.631387
-10.635886 21.319743 -9.088652
-11.241043 20.458031 -9.423322
-11.809770 19.556496 -9.714059
-12.376672 18.622317 -9.925356
-12.864507 17.670304 -10.189224
-13.306632 16.672049 -10.478934
-13.698513 15.681558 -10.758717
-14.048846 14.678091 -11.063941
-14.330333 13.665427 -11.364567
-14.620915 12.640125 -11.640107
-14.853930 11.566835 -11.856034
-15.087715 10.511840 -11.947724
-15.231460 9.416154 -11.911006
-15.338033 8.329533 -11.744665
-15.435757 7.250784 -11.541121
-15.518581 6.187615 -11.253783
-15.519432 5.142606 -10.921347
-15.406891 4.099215 -10.606937
-15.262486 3.046970 -10.283351
-15.115347 2.002618 -9.942920
-14.912227 0.979761 -9.554957
-14.704233 -0.025667 -9.149164
-14.481486 -0.987100 -8.710766
-14.280806 -1.922782 -8.184844
-14.053832 -2.836561 -7.587010
-13.750196 -3.685149 -6.962750
-13.428718 -4.491339 -6.305694
-13.100806 -5.235963 -5.569438
-12.735946 -5.964304 -4.839546
-12.384533 -6.698983 -4.090082
-12.033135 -7.402909 -3.365210
-11.677158 -8.119102 -2.591293
-11.372093 -8.779687 -1.784674
-11.063101 -9.369472 -0.934282
-10.766397 -9.909589 -0.018069
-10.442775 -10.447434 0.867899
-10.043216 -11.030064 1.708194
-9.652867 -11.712167 2.463396
-9.217585 -12.405774 3.223113
-8.824209 -13.169411 3.895761
-8.428569 -13.986234 4.527433
-8.008915 -14.758428 5.179834
-7.619781 -15.515984 5.885844
-7.186315 -16.196344 6.611831
-6.711472 -16.860568 7.315875
-6.147567 -17.508990 8.020038
-5.539243 -18.147596 8.679406
-4.851939 -18.762271 9.274911
-4.130214 -19.409620 9.788394
-3.316717 -20.008643 10.228524
-2.490294 -20.595980 10.648504
-1.628937 -21.166614 11.039144
-0.790675 -21.746328 11.435630
0.055271 -22.353262 11.799185
0.914335 -22.966578 12.093353
1.814276 -23.579084 12.322763
2.699706 -24.187813 12.487089
3.642615 -24.740533 12.571018
4.630061 -25.232160 12.563804
5.666523 -25.643971 12.527913
6.713906 -25.971233 12.434571
7.789079 -26.201775 12.326128
8.850175 -26.392604 12.189358
9.929114 -26.552429 12.044097
11.017457 -26.738375 11.888751
12.101566 -26.901477 11.739863
13.158565 -27.061462 11.467485
14.223159 -27.151714 11.186163
15.266360 -27.172745 10.842318
16.300170 -27.123534 10.432465
17.309852 -27.047724 9.992134
18.275258 -26.913321 9.508280
19.238275 -26.714611 9.001761
20.201959 -26.470810 8.512922
21.150391 -26.138784 8.012211
22.053057 -25.805657 7.470420
22.898814 -25.401533 6.878571
23.673283 -24.989375 6.231906
24.405006 -24.520706 5.540383
25.107606 -24.054855 4.836424
25.781359 -23.562396 4.125869
26.447178 -23.023290 3.427048
27.137287 -22.487159 2.758900
27.757482 -21.845031 2.103999
28.298060 -21.191373 1.399144
28.771461 -20.460895 0.717773
29.118984 -19.703535 -0.011903
29.431641 -18.944960 -0.739534
29.669512 -18.198158 -1.518841
29.878601 -17.400065 -2.265923
30.082837 -16.562962 -2.961632
30.282123 -15.718967 -3.618819
30.411112 -14.829455 -4.273063
30.471258 -13.906271 -4.877128
30.481747 -12.952989 -5.438077
30.407174 -12.049627 -6.055659
30.254631 -11.145257 -6.666043
30.022651 -10.281001 -7.298634
29.757754 -9.431735 -7.955990
29.417120 -8.604637 -8.590294
28.964303 -7.785130 -9.179816
28.500706 -6.918964 -9.699229
27.987783 -6.075054 -10.168178
27.455626 -5.189832 -10.586188
26.885158 -4.319228 -10.896795
26.293747 -3.440325 -11.210816
25.648264 -2.579598 -11.501033
24.981444 -1.747533 -11.754517
24.253133 -0.937997 -12.002219
23.470651 -0.171307 -12.166075
22.670763 0.580367 -12.271176
21.810128 1.268111 -12.327110
20.904570 1.926578 -12.364292
20.022448 2.568632 -12.310829
19.089412 3.175470 -12.194276
18.143706 3.733530 -12.060863
17.154166 4.187158 -11.853853
16.165230 4.615852 -11.592180
15.189152 5.006085 -11.310585
14.197429 5.372812 -10.988859
13.238000 5.754336 -10.623837
12.298304 6.163211 -10.213679
11.337395 6.528952 -9.812040
10.397225 6.862321 -9.381149
9.435039 7.126648 -8.906393
8.512281 7.302292 -8.351567
7.594196 7.380219 -7.735211
6.721054 7.366157 -7.062632
5.907848 7.256962 -6.339134
5.179635 7.123102 -5.556118
4.431124 7.026522 -4.733662
3.681407 6.961286 -3.927811
2.947394 7.011268 -3.118627
2.217547 7.156672 -2.304539
1.443384 7.326854 -1.537388
0.683897 7.452169 -0.757300
-0.031135 7.522646 0.083769
-0.759574 7.492654 0.893602
-1.449479 7.311063 1.731982
-2.170870 7.124115 2.529506
-2.906738 6.949125 3.322280
-3.649672 6.871588 4.133794
-4.403916 6.886191 4.922347
-5.193001 6.920838 5.665655
-6.026911 6.997190 6.377200
-6.906814 7.058491 7.024448
-7.832682 7.142901 7.614960
-8.769111 7.100729 8.189260
-9.701458 6.944175 8.746083
-10.643486 6.782857 9.316475
-11.561268 6.535380 9.883265
-12.456989 6.256338 10.458665
-13.385574 5.925572 10.964308
-14.314159 5.567201 11.414531
-15.273646 5.112107 11.719781
-16.252789 4.638780 11.955615
-17.198009 4.076350 12.060585
-18.144412 3.525203 12.104574
-19.088887 2.982719 12.105105
-20.052085 2.432666 12.162357
-20.999032 1.852071 12.205619
-21.918814 1.264618 12.196835
-22.790864 0.584608 12.193068
-23.621793 -0.129619 12.133300
-24.424586 -0.879212 12.001038
-25.180648 -1.659751 11.782652
-25.894442 -2.464699 11.563722
-26.556375 -3.291723 11.232773
-27.202992 -4.101132 10.870186
-27.769987 -4.957552 10.443574
-28.298158 -5.805907 9.980169
-28.766817 -6.691390 9.487731
-29.174707 -7.582579 8.999374
-29.513094 -8.492039 8.470263
-29.811841 -9.403107 7.896877
-30.049511 -10.296078 7.297680
-30.253147 -11.197228 6.678552
-30.374513 -12.106486 6.093198
