-0.071877999999999997 -1.1700379999999999 0.61646299999999998
0.0069309289555243986 -1.1205142984333778 0.58896459184393646
0.08455637376836081 -1.0723214791125364 0.55736309177328058
0.1578817412638002 -1.0289642941282982 0.51085339662274754
0.22944615832593332 -0.98606767795992734 0.46164502441515926
0.29493505769154799 -0.94476008663765287 0.40312585054772876
0.36042395705716257 -0.90345249531537841 0.34460667668029832
0.42591285642277721 -0.86214490399310395 0.28608750281286777
0.49040629178097472 -0.81670464972594825 0.2299402152493889
0.55309878891960396 -0.76378781108148086 0.17808401271302324
0.61579128605823308 -0.71087097243701325 0.12622781017665755
0.67730740885135721 -0.65077213399136602 0.081589436677009325
0.73847733744076527 -0.58855971094421944 0.03907519193405555
0.79964726603017344 -0.52634728789707275 -0.0034390528088983074
0.8601825566252056 -0.46278083102461748 -0.044688148280199777
0.91858356781728412 -0.39466077583332826 -0.081682563042061604
0.97698457900936253 -0.32654072064203921 -0.11867697780392336
1.0353855902014408 -0.25842066545075015 -0.1556713925657851
1.0937866013935194 -0.19030061025946088 -0.19266580732764693
1.1521876125855979 -0.12218055506817183 -0.22966022208950868
1.2058129620443838 -0.049504236032410637 -0.2650880558133446
1.2587171060853608 0.023860155641890105 -0.30027930939495967
1.311621250126338 0.09722454731619086 -0.33547056297657468
1.3645112127586481 0.17059971942440214 -0.37065734231026842
1.4075945116593365 0.25142972854664664 -0.4027501099102434
1.4506778105600251 0.3322597376688915 -0.43484287751021855
1.4865608306811995 0.41722414431098648 -0.46373434101132416
1.5153196839380918 0.50627924503821742 -0.48945834040693642
1.531709146694914 0.59937991516423805 -0.50895908824374492
1.5419775355956358 0.69448256178860213 -0.52538021931072831
1.5333873058532277 0.79073249413515412 -0.53240660818427754
1.5202807909429659 0.8864729141630574 -0.53746537973631525
1.4923590287449451 0.97941912666469033 -0.53647364970619615
1.459264150078339 1.0702627409137726 -0.53444855419301873
1.4153141144509471 1.156694307957749 -0.53025506665067035
1.3690762739582962 1.2416938251739824 -0.52621018558906008
1.3101922887566197 1.3187774971067385 -0.5229867465519219
1.2492603579204995 1.3939768064180151 -0.52032039549843967
1.176923083534881 1.458681792682651 -0.52075655836624168
1.1001861094332521 1.517197418913262 -0.52295598993439685
1.0160557481964807 1.5653122592257342 -0.52811847102103426
0.92712488970394813 1.6019737965588725 -0.53565150349824731
0.83488760516041982 1.630746672088202 -0.54481729451180083
0.73897775219520656 1.6405882168118469 -0.55593906022511475
0.64299550984402853 1.6443250141214396 -0.56684765504777035
0.54687573942454992 1.6359119710652674 -0.57732702488264187
0.45151869293837765 1.6224629984853209 -0.58650379158299382
0.35786023901236691 1.5977989688590912 -0.59277965023978929
0.26420178508635705 1.573134939232862 -0.59905550889658477
0.17408267275962241 1.5374521499440452 -0.59808630235587823
0.084418273785378473 1.5003537365890214 -0.5961862933502039
-0.0033686184806218898 1.4600684655909284 -0.59003433085918311
-0.088062693028074318 1.4145334824391023 -0.57687812331263733
-0.17161450920549004 1.3680345319627532 -0.56143113574185233
-0.24937401796503625 1.3166473747278529 -0.5343677726861642
-0.3267176292067604 1.2651018028705259 -0.50667986474825677
-0.39415650261749796 1.209783534047018 -0.46411821254166724
-0.45750178279268561 1.1538732830249037 -0.41730952388484188
-0.51036736601502974 1.0964475433633734 -0.35962831996205891
-0.55136457857768162 1.0388582989905759 -0.29412511635488831
-0.58462973282895825 0.98116253384943153 -0.22352600199421879
-0.59590399020054918 0.92488139711229345 -0.14535641603244048
-0.59930421061890893 0.86941259615303401 -0.066478472978559619
-0.58791627368521115 0.81551554814254346 0.013427908864464003
-0.56475952554255415 0.76301551892634212 0.091137242313016092
-0.53444363297406949 0.71136531720217366 0.16751007826090422
-0.4911892581032884 0.66109041822111902 0.23804906775274767
-0.44504904102722309 0.61112227134656216 0.30728685669195743
-0.39071114984863303 0.56183661794278295 0.37034664898969621
-0.33161838903141905 0.51294682895641863 0.42982303844772074
-0.27203425645051516 0.46409575255229363 0.48875659940902577
-0.20354265466583699 0.41594644853229229 0.53784989588066923
-0.13505105288115821 0.36779714451229056 0.58694319235231318
-0.06367497863025752 0.32009771926435632 0.63180608849629771
0.01175701767078878 0.2730308787447856 0.6707205229472637
0.087189013971835094 0.22596403822521488 0.70963495739822968
0.16405885932596231 0.17950693770134063 0.74607038937814152
0.24508762362115608 0.13481348490654488 0.77533540919989385
0.32611638791634912 0.090120032111749515 0.80460042902164586
0.4071451522115429 0.045426579316953763 0.83386544884339819
0.49023472866054169 0.0019581728117355167 0.85847160693455438
0.57488298714606134 -0.040583677800483359 0.87955406487831433
0.65953124563158183 -0.083125528412702612 0.9006365228220744
0.74417950411710221 -0.12566737902492187 0.92171898076583447
0.82882776260262192 -0.16820922963714074 0.94280143870959443
0.91077094791571445 -0.21792284365826761 0.9573204857748715
0.99211178117338705 -0.2692334297962255 0.97037802559756225
1.0656661293828948 -0.33191327771944001 0.97481188348209624
1.1345640686062999 -0.39966404420890622 0.97451096304089635
1.1926069466665916 -0.47670751751927665 0.96379022249528123
1.240107984635924 -0.55832982843549905 0.9436826147842351
1.2828651278948113 -0.64197596643969301 0.91935439477702652
1.3109488386661761 -0.7272216067590378 0.8824207685409079
1.3376666795715364 -0.81223116044313282 0.84434095884639948
1.3521119832250756 -0.89511944174404223 0.79596252587847016
1.3665572868786147 -0.97800772304495176 0.74758409291054095
1.3691255525378412 -1.055854269933781 0.6897299058405536
1.3714241380304604 -1.1335863391408116 0.63166056218470656
1.3625573649346385 -1.2040782221305417 0.56557422200032215
1.3534834756828726 -1.2744358004738274 0.49933916742489926
1.3337473580430339 -1.3356402876001419 0.42681546958285921
1.3129128298736914 -1.395901833775999 0.35364392293014679
1.2823526728952992 -1.4457234753062 0.27651517709209178
1.2493684533360143 -1.4929430247047275 0.19840011986392772
1.2085404353172227 -1.5299559456074963 0.11895828997617142
1.1643531244966063 -1.562597635682025 0.038948238216315823
1.1112937198940405 -1.5815413256880715 -0.039929174649856389
1.0561298737191789 -1.5968703275372065 -0.11802510082183443
0.99390549395991334 -1.5993363977663055 -0.19246737249790608
0.92870567565437723 -1.5953604303561677 -0.26364682695807484
0.85929786924788942 -1.5822738672102312 -0.33021187053172041
0.78766282752643257 -1.5633645333992927 -0.392200221739127
0.71275426094350114 -1.5358970627779185 -0.44746188531568454
0.63630603685907206 -1.5036055909304951 -0.49701585134450704
0.55782304382166625 -1.4649388519120594 -0.53902668147989996
0.47817102379084048 -1.4220108325674623 -0.57298597000419349
0.39742257105233558 -1.3750861500555549 -0.59939370187552821
0.31624172324247246 -1.3260700624129054 -0.61788444536945919
0.23451560554568618 -1.2744166176061833 -0.62639150578443092
0.1531049207810278 -1.2224362319765076 -0.62496656330052691
0.07197477588989018 -1.1701650715805376 -0.61470829191124454
-0.0069585586247331299 -1.1205109040934245 -0.58904359137434992
-0.085157365419465142 -1.0717164423064465 -0.55883831758564917
-0.15785746998351757 -1.0289520317150658 -0.51082262500247322
-0.23018563634336076 -0.98625791314672129 -0.46227055511053422
-0.29547870237554946 -0.94489334725323737 -0.40357306821668176
-0.36077176840773817 -0.90352878135975345 -0.34487558132282931
-0.42606483443992804 -0.86216421546626876 -0.28617809442897579
-0.49043116796932185 -0.8166827904397943 -0.22991863886911795
-0.55312380143824125 -0.76376622381736836 -0.17806232356692753
-0.61581643490716187 -0.71084965719494164 -0.12620600826473616
-0.67733203734940117 -0.6507470857597486 -0.08157153756845166
-0.73850204385288432 -0.58853458347066878 -0.039057520887018984
-0.79967205035636746 -0.52632208118158896 0.0034564957944137054
-0.86020627637172742 -0.46275316385911447 0.044703173673133326
-0.91860728756380561 -0.39463310866782558 0.081697588434994944
-0.97700829875588391 -0.32651305347653675 0.11869200319685658
-1.0354093099479631 -0.25839299828524664 0.15568641795871888
-1.0938103211400414 -0.19027294309395781 0.19268083272058051
-1.1522113323321195 -0.12215288790266898 0.22967524748244214
-1.2058344492217636 -0.049474438863855288 0.26510234884693645
-1.2587385932627404 0.023889952810445245 0.30029360242855141
-1.3116427373037174 0.097254344484745778 0.33548485601016631
-1.3645287108964723 0.17063254900282085 0.37067037668054548
-1.4076118618460085 0.25146268074174316 0.40276303407164449
-1.4506950127955438 0.33229281248066395 0.43485569146274289
-1.4865722643950163 0.4172605501224268 0.46374456815232623
-1.5153311176519091 0.50631565084965868 0.48946856754793877
-1.5317132690739819 0.59941870996342561 0.50896568072165316
-1.5419817176669823 0.69452133365990787 0.52538690724808423
-1.5333832444974898 0.79077176620387957 0.53240919394889896
-1.5202694342282259 0.88651081322948611 0.53746497636653612
-1.4923478207688594 0.97945707046960151 0.53647325161934245
-1.4592466667149464 1.070298123468272 0.53444688601993229
-1.4152966310875541 1.1567296905122495 0.53025339847758379
-1.3690527643645081 1.2417254237999586 0.52620890282408872
-1.310168222548296 1.3188086704032072 0.52298546067452434
-1.2492304423286233 1.3940026711328672 0.52032056984710828
-1.176893167943005 1.4587076573975031 0.52075673271491019
-1.1001515318892059 1.5172167421189879 0.52295806321747218
-1.0160213102422377 1.5653318237300715 0.52812057019424052
-0.9270871596066157 1.6019854502119988 0.53565521584701792
-0.83484981429671312 1.6307581488884695 0.54482095052291624
-0.73893850905205904 1.6405921951854934 0.55594356510887455
-0.64295619160969075 1.6443215727274691 0.56685194168221698
-0.54683642119021525 1.6359085296712972 0.57733131151708805
-0.45148038151687619 1.6224529095505229 0.58650635875185264
-0.35782192759086701 1.5977888799242936 0.592782217408648
-0.26416347366485782 1.5731248502980646 0.59905807606544348
-0.17404594974213455 1.5374371021230306 0.5980851782417469
-0.084381499578500024 1.5003388325320388 0.59618477794150126
0.0034034191609226931 1.4600502011009706 0.59002822465866478
0.08809743939090986 1.4145150042073424 0.57687240722926036
0.17164637944534164 1.3680135219692542 0.56141999297067147
0.24940595159981943 1.3166266339099302 0.53435630096412345
0.32674550991637863 1.2650797533574538 0.50666189994211497
0.39418438332711625 1.2097614845339459 0.46410024773552538
0.45752373683613784 1.153850171214063 0.41728564580571248
0.51038890112332136 1.0964236413759232 0.35960484460867342
0.5513781011253146 1.0388342166109938 0.294096417257942
0.58464338026742491 0.98113884781552174 0.22349703783966357
0.59590832382561398 0.92485859453014652 0.14532404958339265
0.59929963223474036 0.86939092748795599 0.066445347571145549
0.58791169530104248 0.8154938794774651 -0.013461034271878503
0.56474694142325277 0.76299466648842451 -0.091168731018478916
0.5344304124114948 0.71134432478567933 -0.16754121966303634
0.49116948238044983 0.66107008480840601 -0.23807724251258755
0.44502926530438525 0.61110193793385004 -0.30731503145179612
0.3906862578133542 0.5618166480755411 -0.37037094313426355
0.33159374084872689 0.51292674024014218 -0.42984747717690613
0.27200596265857707 0.4640758421524982 -0.48877687978617762
0.20351449365572519 0.41592625221253998 -0.5378700810826843
0.13502302465287333 0.36777666227258177 -0.58696328237919104
0.063644146003648733 0.32007761252383443 -0.63182199466723254
-0.011787969621766828 0.27301101413666828 -0.67073649067616559
-0.087220085247182388 0.22594441574950219 -0.70965098668509863
-0.1640923523092461 0.1794885022934071 -0.74608246077886931
-0.24512119876709282 0.13479515375736853 -0.77534741233257787
-0.32615004522493951 0.090101805221329934 -0.80461236388628632
-0.4071788916827892 0.0454084566852897 -0.83387731543999588
-0.49026993880974973 0.0019409194806954064 -0.85848015716499348
-0.57491814692819765 -0.040601011590200728 -0.87956265498164699
-0.65956635504664562 -0.083142942661096855 -0.90064515279830037
-0.74421456316509349 -0.12568487373199297 -0.92172765061495388
-0.82886277128354147 -0.1682268048028891 -0.94281014843160726
-0.91080457992291741 -0.21794405905444036 -0.95732588467792901
-0.9921454131805908 -0.26925464519239872 -0.97038342450061976
-1.0656957994449747 -0.33194027806106985 -0.97481289445473351
-1.134588067604281 -0.3996958993860138 -0.97450653033460566
-1.1926309456645736 -0.47673937269638511 -0.96378578978899032
-1.240125710052963 -0.55836440853615799 -0.94367259583584184
-1.2828767396711505 -0.64201121296809216 -0.91933912382473926
-1.310960450442515 -0.72725685328743694 -0.88240549758862064
-1.3376726522735254 -0.812265432273927 -0.84432095580805988
-1.3521179559270646 -0.89515371357483708 -0.79594252284013023
-1.3665632595806039 -0.97804199487574728 -0.74756408987220058
-1.3691265029343487 -1.0558864098247462 -0.68970589589983589
-1.3714250884269681 -1.1336184790317763 -0.63163655224398929
-1.3625536433511516 -1.2041070787315515 -0.56554658291338999
-1.3534797848455629 -1.274464418673585 -0.49931127088727845
-1.3337384792799758 -1.3356647228126985 -0.42678479954601123
-1.3129034981846315 -1.3959262057018513 -0.35361332973809173
-1.2823385727660626 -1.4457427750736926 -0.27648263090216968
-1.2493546440993288 -1.492962589635245 -0.19836761113276533
-1.2085220524621274 -1.529969525240372 -0.11892500410381669
-1.1643347416415113 -1.5626112153149005 -0.038914952343961917
-1.1112711917247893 -1.5815485697769165 0.039961890486142307
-1.0561038719435538 -1.5968713219857313 0.1180560294906394
-0.99387954795679112 -1.5993374127443056 0.19249834710538746
-0.92867677115330005 -1.5953550194350905 0.26367455605769963
-0.85926896569630706 -1.582268550303553 0.33023961910437344
-0.7876317507766244 -1.5633532242738251 0.39222335615887843
-0.71272327702864779 -1.5358850954027281 0.44748481839218762
-0.63627347933116596 -1.5035888867154854 0.49703315839120771
-0.55779013728697824 -1.4649227553272119 0.53904389578218959
-0.47813712278887299 -1.4219914640476556 0.57299672984922811
-0.39738886402606388 -1.3750664120419003 0.59940439828333292
-0.31620769324812115 -1.3260482715809248 0.61788790762551138
-0.23448149336374988 -1.2743949671823698 0.62639503100912952
-0.1529921058319634 -1.2223249548217376 0.62617981267532441
