15.0384078464376 -34.8984539276142 -9.89277667163441
14.2825164111111 -35.7255620973986 -9.89218347801162
13.5009761356887 -36.5269064218975 -9.84223185655947
12.6960122811394 -37.3000955279801 -9.74407459062982
11.8698944042449 -38.0429992448627 -9.59911416652924
11.0248958269787 -38.7537626318795 -9.40898881271921
10.163255431956 -39.4308156635887 -9.1755528547706
9.28714224501458 -40.0728774624956 -8.9008522001223
8.39862318798009 -40.6789539901499 -8.58709610571144
7.49963438577623 -41.2483282732975 -8.23662655348305
6.5919564778335 -41.7805425407766 -7.85188659147589
5.67719448234405 -42.2753720660046 -7.43538893186832
4.75676284868718 -42.7327910287823 -6.98968597079155
3.83187636151108 -43.1529312932789 -6.51734223626663
2.90354749324334 -43.5360355925336 -6.02091009599609
1.97259062503318 -43.8824071448997 -5.50290937186583
1.03963327979122 -44.1923581317081 -4.96581131437882
0.10513416855961 -44.4661596756485 -4.41202718972613
-0.830592509433557 -44.7039959383727 -3.84390152959537
-1.76734740194832 -44.905924700261 -3.2637098968253
-2.70501211932338 -45.0718463282151 -2.67366083769336
-3.6435124338249 -45.2014824422313 -2.07590153251642
-4.58277992006576 -45.2943649399969 -1.47252652708827
-5.52271335503036 -45.3498354148762 -0.865588832569164
-6.46314108900584 -45.3670544771913 -0.257112622415053
-7.40378545398217 -45.3450201068179 0.350893269359544
-8.34423012493853 -45.2825939397471 0.956421837689516
-9.28389121708219 -45.1785343032654 1.55745514122933
-10.2219928029179 -45.0315348195576 2.15195298971898
-11.1575474673941 -44.8402674386597 2.7378437275161
-12.0893424731368 -44.6034287836267 3.31301768089677
-13.015932054925 -44.3197886548401 3.87532374550826
-13.9356362713076 -43.9882394350039 4.42256947739406
-14.8465466829325 -43.6078449813843 4.95252490938196
-15.7465388859909 -43.1778874345995 5.46293014121312
-16.6332916106857 -42.6979102773303 5.95150655122883
-17.5043117296287 -42.1677560046696 6.41597126404173
-18.3569641634677 -41.587596964661 6.85405430509261
-19.1885053884424 -40.9579583034365 7.26351770571157
-19.9961191093788 -40.2797324739115 7.64217571444178
-20.7769527096781 -39.5541853719654 7.98791523511667
-21.5281533412864 -38.7829547562702 8.2987156485119
-22.2469029443681 -37.968042089315 8.57266726754429
-22.9304520190793 -37.1117992263153 8.80798780269122
-23.576152510496 -36.2169114286802 9.00303635150702
-24.1814906000077 -35.2863779865068 9.15632456021487
-24.7441204190152 -34.3234913404073 9.26652473857695
-25.2618996394105 -33.3318150707447 9.33247486057019
-25.7329275201207 -32.3151605640996 9.3531805830722
-26.1555853219462 -31.277561665172 9.32781469338614
-26.5285781175729 -30.2232462538795 9.25571477103047
-26.8509760370622 -29.1566034990492 9.13638030953671
-27.1222520465796 -28.0821455401334 8.96947104209962
-27.3423126116066 -27.004462504677 8.75480866088677
-27.5115171787516 -25.9281700177568 8.49238438611532
-27.6306824127194 -24.8578486261477 8.18237477840594
-27.7010675772852 -23.7979747949783 7.82516765536331
-27.7243383204001 -22.7528433523282 7.42139888227699
-27.7025073394635 -21.7264815620816 6.97199917525267
-27.6378518771956 -20.7225555838215 6.4782480575007
-27.5328096645745 -19.7442711396035 5.94183010018169
-27.3898567483278 -18.7942718756349 5.36488706082492
-27.2113725879367 -17.8745411009978 4.75005905044137
-26.9994998096662 -16.9863149406732 4.10050882875835
-26.7560078952193 -16.1300168331378 3.41992582725744
-26.482171577136 -15.3052240079512 2.71251013607614
-26.1786754541235 -14.5106755174044 1.98294058782285
-25.8455559889616 -13.7443283829796 1.23633406667668
-25.4821903980634 -13.0034637819008 0.47820417499002
-25.0873389653094 -12.2848397103754 -0.2855742066075
-24.6592431786135 -11.5848811764321 -1.04879195695462
-24.1957770905332 -10.8998945435122 -1.8049273011587
-23.6946438266165 -10.2262897041081 -2.54717019278741
-23.1536037006542 -9.56079252945749 -3.26846112179723
-22.5707156203095 -8.90063055132259 -3.9615560917484
-21.9445702611925 -8.24367707753245 -4.61912584954146
-21.2744928052297 -7.58854289026974 -5.23389063144122
-20.5606955859099 -6.93461013246638 -5.79878337708751
-19.8043668290501 -6.2820094280748 -6.30712684769169
-19.0076900116617 -5.63154779178394 -6.75280557626904
-18.1737975662599 -4.98460031289172 -7.13041347117647
-17.3066707367162 -4.342981886955 -7.43536228750645
-16.4110025839485 -3.70881579690935 -7.66394385531459
-15.4920424660669 -3.08441373590953 -7.81334781371591
-14.5554378340278 -2.47217755889795 -7.88164437100383
-13.6070838758582 -1.87452768385161 -7.86774650485891
-12.6529849554547 -1.29385775612636 -7.77136713751816
-11.69912558004 -0.732510878260965 -7.59298424062989
-10.7513441861125 -0.192770001581162 -7.33382140544065
-9.81520126917239 0.323145774659029 -6.99584451703192
-8.89583464291104 0.81308631175402 -6.58176836712503
-7.99779866506661 1.2749818581221 -6.09506185887168
-7.12489032213661 1.70686237086872 -5.53993815624023
-6.27997186066515 2.10688275056996 -4.92131744768449
-5.46480563344118 2.47334901603962 -4.24475490624865
-4.67992046548039 2.80473876378799 -3.51633400854451
-3.92452904560444 3.09970938967152 -2.74253386415558
-3.19651233052234 3.35708958929311 -1.93008638264234
-2.49248038470048 3.57585319146713 -1.08584289321844
-1.8079109222299 3.75507857786116 -0.216668966285262
-1.1373588050598 3.89390075412264 0.670619346150487
-0.474723311829822 3.99146560038276 1.56927355587863
0.186444199508869 4.0468963200516 2.47259090810438
0.852611692924095 4.05928047681354 3.37386741997978
1.52993698310822 4.0276825787618 4.26634614866714
2.2239572031216 3.95118261932111 5.1431821390269
2.9393160911139 3.82893622615762 5.99744186480056
3.67954602490502 3.6602480777418 6.82214745676823
4.44691818232342 3.44464787985987 7.61036631704613
5.2423687209633 3.18195798385977 8.3553370740002
6.06550176160027 2.87234371349453 9.05061544868438
6.91466225661999 2.51634114493465 9.69022009462379
7.78706499767764 2.11486153701756 10.2687594064831
8.67896146345426 1.66917577502267 10.7815250736018
9.58582477300424 1.18088517787588 11.2245452851632
10.5025347378713 0.651886326969576 11.5945981076373
11.4235492077188 0.0843371683343763 11.8891919826725
12.3430534539086 -0.519370142725306 12.1065244598326
13.2550850413256 -1.15662680662255 12.245431826654
14.1536365356546 -1.82461540865085 12.3053414707424
15.0327418811789 -2.52031119356154 12.2862361992538
15.8865541180185 -3.24048160059023 12.1886360474055
16.7094223010304 -3.98169061245029 12.0135989649433
17.4959741975258 -4.74031517380583 11.7627376941093
18.241208818892 -5.51258067705179 11.4382465676335
18.940599391576 -6.29462118581499 11.0429292464011
19.5902034044977 -7.0825676156543 10.5802169647037
20.1867724257303 -7.87266359807927 10.0541670037743
20.7278511306361 -8.66140451523392 9.46943308803886
21.2118531394603 -9.44569075925252 8.83120314113778
21.6381014205237 -10.2229824007042 8.14510491260492
22.0068234563769 -10.9914399644943 7.41708554384635
22.3190958994575 -11.7500355724962 6.65327604878912
22.5767393491554 -12.4986206086838 5.8598547843392
22.7821700638065 -13.2379400807006 5.04292444175661
22.93822067065 -13.9695893065181 4.20841467453729
23.0479452772217 -14.6959144849663 3.36201768933891
23.1144253429633 -15.4198641625136 2.50915806897571
23.1405913556079 -16.1448028953785 1.6549921667304
23.1290723629534 -16.8743012082727 0.804427903582417
23.0820815426572 -17.6119172643382 -0.0378464216426394
23.0013419992534 -18.3609856304121 -0.867335372199337
22.8880533754637 -19.1244272939198 -1.67972018577673
22.7428969049074 -19.9045927654616 -2.47085771926158
22.5660742714653 -20.7031468098826 -3.23679472804593
22.3573740410945 -21.5209993395036 -3.973793935332
22.1162584428642 -22.3582827034729 -4.67836596437279
21.8419628563284 -23.2143715685654 -5.34730052877934
21.533600473762 -24.0879383520686 -5.97769119175349
21.1902651941784 -24.9770351227668 -6.5669500406419
20.8111267904441 -25.8791921679328 -7.11281112207499
20.3955136641761 -26.7915239151002 -7.61332380733719
19.9429799410661 -27.7108342975081 -8.06683894339269
19.4533551311142 -28.6337155847679 -8.47199147220218
18.9267759584092 -29.5566368052494 -8.82768318071961
18.3637011452359 -30.4760198760478 -9.13306855139993
17.7649108372628 -31.388303231804 -9.38754557414815
17.1314929430705 -32.289993989467 -9.59075212136016
16.4648189400301 -33.1777104557478 -9.74256730773475
15.7665117163116 -34.0482170888999 -9.84311632603604

-41.3899628475972 -17.9093585855775 -11.374713721446
-40.6939031035277 -18.7265565562665 -11.6902245761976
-39.9601920642511 -19.5215774693381 -11.9758571735878
-39.1899933509637 -20.2925901631007 -12.2296775145495
-38.3847190619473 -21.0377705853908 -12.4497770642074
-37.5460272634471 -21.755313394239 -12.6342851144213
-36.6758138638185 -22.4434373057506 -12.7813799484234
-35.7762023390028 -23.100385134009 -12.8893001751097
-34.8495346543501 -23.7244213264846 -12.956357530513
-33.8983658256038 -24.3138311050881 -12.9809517841267
-32.9254632623287 -24.8669258113186 -12.9615873263324
-31.9338107429631 -25.382058675865 -12.8968898937515
-30.9266158693823 -25.8576541303339 -12.7856211095417
-29.9073192394451 -26.2922522029033 -12.6266884084445
-28.8796032763216 -26.6845677551845 -12.4191486498167
-27.8473984742387 -27.0335625258936 -12.1622052463619
-26.8148845692678 -27.3385262560996 -11.8552006910052
-25.7864837129808 -27.5991616163159 -11.4976085343524
-24.7668421279686 -27.8156662567769 -11.0890306640337
-23.7607960656313 -27.9888041211134 -10.6292066859953
-22.7733173211416 -28.1199573349783 -10.1180418929393
-21.8094332550678 -28.2111496972652 -9.55565842285063
-20.8741164354554 -28.2650332670894 -8.94247062811493
-19.9721399734115 -28.2848309294558 -8.27928054242784
-19.1078968586183 -28.2742302665892 -7.56738324146625
-18.2851856336863 -28.2372276457967 -6.80866602689615
-17.5069708303558 -28.177926163681 -6.00568148674963
-16.7751342546752 -28.1002967659967 -5.16167462373285
-16.0902409239576 -28.0079179184591 -4.28054997552777
-15.451348763284 -27.9037145732076 -3.36677617413506
-14.8558914511484 -27.789720451905 -2.42524078254038
-14.2996575778076 -27.6668875963143 -1.46108348520454
-13.7768773498402 -27.5349633167955 -0.479545777723167
-13.2804137584827 -27.3924480220798 0.514123897817171
-12.8020430498215 -27.2366399794131 1.51468047828976
-12.3328031193293 -27.063766957591 2.51679754378949
-11.8633886091054 -26.8692008047987 3.51489994300889
-11.3845749254494 -26.6477481677089 4.50294840056926
-10.887655193331 -26.3940062359361 5.47422740127256
-10.3648707004109 -26.1027644972541 6.4211945597334
-9.80980701807136 -25.7694223649521 7.3354433901509
-9.21771953403071 -25.3903818123373 8.20781065845972
-8.58575046431623 -24.9633694329993 9.0286275135869
-7.91300935982131 -24.4876482407805 9.78807881625513
-7.20051018117036 -23.9640966527572 10.4766089079605
-6.45098406722255 -23.3951561402457 11.0853039033816
-5.66860909431605 -22.7846724474125 11.6061933322995
-4.8587091096836 -22.1376706544296 12.0324426358901
-4.02747001216537 -21.4601074559564 12.3584422961519
-3.18170556757474 -20.7586350122348 12.5798280254221
-2.3286814534933 -20.0403934712711 12.6934813339473
-1.47598241328695 -19.3128294368741 12.6975577421304
-0.631389164253905 -18.5835209274014 12.5915724337034
0.197276564627338 -17.8599802257962 12.3765452328259
1.00237631668867 -17.1494072576597 12.0551756430299
1.77676908789973 -16.4583784455415 11.6319928295096
2.51420899863012 -15.7924773989353 11.1134134861439
3.20978899181653 -15.1558992302249 10.5076490561182
3.8603668873663 -14.5510820419238 9.82443417953134
4.46489826656189 -13.9784289579032 9.07459424712504
5.02460932455759 -13.4361765167523 8.26951773116696
5.54297118591918 -12.9204408552639 7.42063140614864
6.02547632237778 -12.42543945698 6.53898048742005
6.4792537189737 -11.9438553992708 5.63498857678772
6.91257981415657 -11.467293980567 4.71842391749902
7.3343424343321 -10.9867823434682 3.79854591026488
7.75350058089889 -10.4932759782788 2.88436486783208
8.17856591338268 -9.97815070862376 1.98492695594875
8.61712275911812 -9.43366506909856 1.10953624419551
9.07540574114314 -8.85337326496299 0.267844237069813
9.55796243550912 -8.23245896924991 -0.53022972981459
10.0674332756764 -7.56795512583186 -1.27474257795688
10.6044748052406 -6.85882219870323 -1.95609182993052
11.1678346864147 -6.1058770673187 -2.5654294579856
11.7545635616224 -5.311590035006 -3.09504877172957
12.3603285005613 -4.47978858663489 -3.53868315592027
12.9797819086065 -3.61531644473232 -3.89168447438619
13.6069404765199 -2.72369314356635 -4.15108072806956
14.2355386960324 -1.81080573844608 -4.31553716913556
14.859335825523 -0.882646213677216 -4.38525693829286
15.4723689209084 0.0549082486782787 -4.36185603530367
16.0691541011604 0.996285305357869 -4.24823674591969
16.6448422638418 1.93639338831228 -4.04846915872483
17.1953347097968 2.87079436946409 -3.76767757208943
17.7173606074441 3.79587438488283 -3.41192122020444
18.2085143949994 4.70900370450133 -2.98805826604812
18.6672491810589 5.60866826451789 -2.50358744503287
19.0928230990744 6.49455196941038 -1.96647029926525
19.4851993271326 7.36755105415227 -1.38494504565254
19.8449059684645 8.22970892455632 -0.767347676629562
20.1728675108481 9.08406994592323 -0.121955335993259
20.4702235521191 9.93446115291376 0.543138242328406
20.7381519221624 10.7852197120084 1.2201133306328
20.9777120883894 11.6408899486071 1.90148664052629
21.1897213053121 12.5059164711417 2.58015642061023
21.3746712044988 13.3843595173552 3.24944202382568
21.5326873080277 14.2796554206813 3.90312674666013
21.6635290541394 15.1944394171561 4.53550709118971
21.7666239449536 16.1304404389067 5.14144535153872
21.8411267783701 17.0884489767077 5.71641763496906
21.8859938168434 18.0683508070527 6.2565475012516
21.9000621355465 19.0692127435288 6.75861671100083
21.8821259921048 20.0894026703645 7.22004844291617
21.8310043940231 21.1267253919506 7.63886341259399
21.745596569832 22.1785579785841 8.01361408986804
21.6249243100679 23.2419724070038 8.34330549193039
21.468161835999 24.3138382289574 8.62731226291058
21.2746548736193 25.3909026878778 8.86530100469968
21.0439310158023 26.4698494039678 9.05716462151829
20.7757034027422 27.5473391234514 9.20297250857292
20.4698694292355 28.6200370880406 9.30293745690429
20.1265057711927 29.6846315669553 9.35739769654982
19.7458606442515 30.7378473570431 9.36681086341122
19.3283439414586 31.776456961324 9.33175593373349
18.8745157677846 32.7972910174687 9.25293922818475
18.3850738749034 33.7972485940655 9.13120123386495
17.8608405489161 34.7733073312854 8.96752196452496
17.3027495552595 35.7225331014115 8.7630236204407
16.7118337468105 36.6420888495825 8.5189702141504
16.089213864495 37.5292424402819 8.23676446883098
15.4360889050946 38.3813735593231 7.91794262991802
14.7537282248442 39.1959799010043 7.56416788960694
14.0434653315968 39.9706829434984 7.17722299052344
13.3066931360917 40.7032335695274 6.75900235199475
12.5448603163925 41.3915176539838 6.31150384498978
11.7594684118186 42.0335615711406 5.83682019646163
10.9520692957614 42.627537431246 5.33712995904532
10.1242627563584 43.171767784127 4.81468802996414
9.27769400836808 43.6647295431042 4.27181580957708
8.41405103992814 44.1050569737843 3.71089120983373
7.53506174676556 44.4915437247136 3.13433881375799
6.64249082198574 44.8231440073165 2.54462052066217
5.73813636400101 45.09897312405 1.94422697855972
4.82382615845549 45.3183075768381 1.33567001326925
3.9014136010167 45.4805849651347 0.721476133181888
2.97277326600584 45.5854038251979 0.104181044730565
2.03979618617286 45.6325234985828 -0.513675020045109
1.10438497315578 45.6218640736866 -1.12955146734709
0.168448950739456 45.5535064304582 -1.74091136428032
-0.766100528971385 45.4276924277367 -2.3452257034505
-1.69735447315314 45.2448252829194 -2.9399782567044
-2.62341032897695 45.0054701779826 -3.52267127764967
-3.54237586712653 44.7103550659625 -4.09083217854081
-4.45237307586914 44.3603715489408 -4.64202114003507
-5.35154231033011 43.9565755767204 -5.17383943657333
-6.23804689427828 43.5001876167264 -5.68393811079437
-7.11007824394949 42.9925919156906 -6.17002654814365
-7.96586140893184 42.4353345429542 -6.62988052375538
-8.80366076017554 41.8301200738745 -7.0613494356696
-9.62178546213136 41.1788070032036 -7.46236268863858
-10.4185943924821 40.4834022060374 -7.83093550119209
-11.1925003334595 39.7460549115787 -8.16517469255494
-11.9419735256673 38.9690506627366 -8.46328516689911
-12.6655449828682 38.1548055841496 -8.72357776293586
-13.3618102275801 37.3058610090833 -8.94447883157424
-14.0294342404593 36.4248782085397 -9.12454136499127
-14.6671583702493 35.5146327368328 -9.26245682637809
-15.2738097239066 34.5780078581793 -9.35706618744773
-15.8483131997107 33.6179866973003 -9.40736827152591
-16.3897059297936 32.6376431302491 -9.41252350947488
-16.8971535623791 31.6401318785852 -9.37185175950497
-17.3699676125201 30.6286786066125 -9.28482392092616
-17.8076230636629 29.6065708515946 -9.15104855171185
-18.2097754666468 28.5771501948697 -8.97025632320316
-18.5762768622184 27.5438051659144 -8.74228657600984
-18.9071898352372 26.5099630521289 -8.46708112788091
-19.2027988075467 25.4790772823734 -8.14469053039688
-19.463617270232 24.4546056754317 -7.77529699622514
-19.6903891061942 23.4399739576879 -7.35925620414257
-19.8840816007896 22.43851891755 -6.89715730916804
-20.0458673753519 21.4534066823678 -6.38989711962489
-20.1770925141493 20.4875240619658 -5.83876112590864
-20.2792287675566 19.5433446854029 -5.24550159257257
-20.3538090027114 18.6227764587173 -4.61240199545058
-20.4023470148013 17.7270020402965 -3.94231827221344
-20.426245230798 16.8563286047446 -3.23869082975346
-20.426696401746 16.0100660424221 -2.50552658109617
-20.4045876491728 15.1864529735898 -1.74735636665042
-20.3604167480908 14.3826470864984 -0.969178357030493
-20.2942309312151 13.5947905875277 -0.176400780968578
-20.2055976070816 12.8181539006678 0.625203583456419
-20.0936142227151 12.0473524631548 1.42952343608619
-19.9569612473939 11.276623755449 2.230115285311
-19.7939981678494 10.500145399819 3.02019812123123
-19.6028977835778 9.7123706494565 3.79265099138222
-19.3818094041278 8.90835507368429 4.54003062778271
-19.1290374156566 8.08404807268832 5.25462374914835
-18.8432189580719 7.23652561388589 5.92854138255854
-18.5234840286467 6.36414678192094 6.55385253015576
-18.1695837506071 5.46662620202343 7.12274496758946
-17.7819776066688 4.54502576521518 7.62769530499812
-17.3618769895774 3.60167980979267 8.06163096180544
-16.9112486107221 2.64007497257374 8.41807355463241
-16.432785186062 1.66470692134065 8.69126411669979
-15.9298510754591 0.680930352862877 8.87628155485957
-15.4064070524638 -0.305192690736573 8.96917236798734
-14.8669123269021 -1.28705477249531 8.96710847124714
-14.3161956390189 -2.2576954364212 8.86857974797699
-13.7592835692283 -3.21004913142418 8.67361031324016
-13.2011758265487 -4.13726866052669 8.38396705637766
-12.6465656607641 -5.03312779828486 8.00331283804107
-12.0995179719727 -5.89248178084922 7.53725239269588
-11.5631347281283 -6.71173745335043 6.99323195049244
-11.0392513108525 -7.48926526952602 6.38028381989005
-10.5282124616416 -8.22568173472643 5.7086473225202
-10.0287691637922 -8.92394697279473 4.98933419543705
-9.53811942344828 -9.58925371106289 4.23372551027582
-9.05209271988133 -10.2287199241888 3.45327961937467
-8.56545807282458 -10.8509246620982 2.65939813357252
-8.07232485270129 -11.4653374470747 1.86345037229284
-7.56660350936332 -12.0816877486691 1.0769108449609
-7.04249507592529 -12.7093118023975 0.311531543392517
-6.49497746234964 -13.3565098590391 -0.420541570285675
-5.92025093388479 -14.0299523352843 -1.10678795733146
-5.31609847137332 -14.7341839175877 -1.73451611772653
-4.68211625204333 -15.4712802049864 -2.29125391351441
-4.01978082869077 -16.240702987074 -2.76528076117456
-3.33234202030692 -17.0393764085736 -3.14622260117567
-2.62455703750659 -17.8619743014978 -3.42561923814784
-1.90230289121979 -18.7013798546666 -3.59738569051763
-1.17211468932754 -19.5492608898336 -3.65811625356205
-0.440696597182872 -20.396699459082 -3.60721027944291
0.285555841608621 -21.2348197910366 -3.44682303631603
1.00099305311793 -22.0553679954212 -3.18166014781153
1.70108679848435 -22.8512058032596 -2.81864214049196
2.38272584360205 -23.6166875739715 -2.36647095305188
3.04441654557448 -24.3478964536791 -1.83513610894672
3.68637653745917 -25.0427247308257 -1.23540455932335
4.31051642447913 -25.7007967682984 -0.578341780480683
4.92031393601181 -26.3232493195149 0.125091587775708
5.52059475811287 -26.9123998609256 0.864335677300368
6.11724114107509 -27.4713443691617 1.62940795383601
6.71685166490603 -28.0035291280165 2.41097091619984
7.32637417258996 -28.5123372798282 3.20032022385268
7.95273157284318 -29.0007229942216 3.98933293045347
8.6024594440492 -29.4709175744355 4.77041566469038
9.28137561091856 -29.9242241363549 5.53648351204678
9.99430333259141 -30.3609103137964 6.28098497686124
10.7448686460009 -30.780200629622 6.99797090503633
11.535386794549 -31.1803612797303 7.6821901767946
12.3668427199578 -31.5588610374217 8.32918617761596
13.2389586650671 -31.9125846941993 8.93536743008274
14.1503313977183 -32.2380717019025 9.49803260448896
15.0986151821487 -32.5317532250009 10.0153414632947
16.0807254288568 -32.7901651105266 10.486235238316
17.0930411484896 -33.0101209207447 10.9103191795213
18.1315900357254 -33.1888365528313 11.2877248141347
19.1922062559383 -33.3240048397343 11.6189697890064
20.2706564769266 -33.4138241511306 11.9048301931809
21.3627338687183 -33.4569890617265 12.146235548171
22.4643227453054 -33.4526535149325 12.3441916033234
23.5714384955219 -33.4003775881649 12.4997316035962
24.6802486226881 -33.3000680890675 12.6138932494589
25.7870811152137 -33.1519210820898 12.6877162504815
26.8884259744679 -32.9563715554815 12.7222541225721
27.9809345781782 -32.7140524120265 12.71859357534
29.0614198688467 -32.4257624228443 12.6778753519831
30.126858503446 -32.0924411871287 12.6013115731985
31.174394536346 -31.7151486800452 12.4901963067603
32.2013433229738 -31.2950475118742 12.345907978799
33.2051943173796 -30.8333871550328 12.1699040519259
34.1836121987385 -30.3314905698431 11.9637098050005
35.1344369308939 -29.7907443565142 11.7289038128501
36.0556844002952 -29.2125934627305 11.4671027337579
36.945549668824 -28.5985405730829 11.1799473414085
37.8024143014374 -27.9501489025477 10.8690906345831
38.6248577109077 -27.2690457344375 10.5361876857917
39.411670409706 -26.5569232512279 10.1828860272873
40.1618651661147 -25.8155334137395 9.81081509760969
40.8746811012302 -25.0466749383692 9.42157367000845
41.5495763173452 -24.2521725100298 9.01671511502189
42.1862068594342 -23.4338506518393 8.59773148673507
42.7843932591907 -22.5935064421155 8.1660383613906
43.3440796742623 -21.732885944618 7.72296275128462
43.8652935460388 -20.8536685417416 7.26973609030062
44.3481147070623 -19.9574614783393 6.80749328828067
44.7926613921459 -19.0458043397925 6.33727743662839
45.1990967549401 -18.1201806241813 5.86004831298241
45.5676540915918 -17.1820317757537 5.37669181067498
45.8986733976072 -16.2327685966615 4.88802715854889
46.1926377133918 -15.2737760459367 4.3948094496813
46.450196304962 -14.3064097806388 3.89772643852822
46.6721637855793 -13.3319856541323 3.39739039922684
46.8594895759855 -12.3517657992288 2.89432751155606
47.0131994169154 -11.3669460687708 2.38896824175913
47.134318091424 -10.3786491334303 1.88164222593325
47.2237880362755 -9.38792569009895 1.37258027226212
47.2824005206037 -8.39576370581809 0.861924571107718
47.3107538624203 -7.40310323776544 0.349746464280838
47.3092471659069 -6.41085279931231 -0.16393040841384
47.2781097233863 -5.41990286105709 -0.679104770857674
47.2174576112468 -4.43113296471563 -1.19577363033516
47.1273623329121 -3.44541090263172 -1.71391235754977
47.007913416389 -2.46358501999686 -2.23346057792796
46.8592585363781 -1.4864732096616 -2.7543138893142
46.6816106740481 -0.51485374316497 -3.27631988021708
46.4752205514389 0.450536956186021 -3.79927595995677
46.2403217977792 1.40899630487135 -4.32292641371874
45.9770635943426 2.3598371150432 -4.84695682516702
45.6854490122449 3.30236190207509 -5.37098523898145
45.3652960454576 4.23583573414135 -5.8945507123651
45.0162328067084 5.15946445801009 -6.41710084094911
44.6377299394982 6.07238434647418 -6.93798022700404
44.2291641616983 6.97366678789854 -7.45642164744185
43.7898993417379 7.8623381103234 -7.971540965648
43.3193675676543 8.73741076664119 -8.48233580988595
42.817133324995 9.59791883058161 -8.9876870140966
42.2829289241348 10.4429490174841 -9.48636115988885
41.7166572611915 11.2716589536439 -9.9770126003125
41.1183666066921 12.0832773034872 -10.4581841952476
40.4882090250954 12.8770849983601 -10.9283074150886
39.8263974604347 13.6523819348099 -11.3857039443466
39.1331757648428 14.4084476431064 -11.8285918119836
38.4088114525397 15.1445063714189 -12.255098926926
37.653614133628 15.8597062418531 -12.6632855954613
36.8679753434391 16.5531188266021 -13.0511754278026
36.0524197777184 17.2237605224825 -13.4167915921591
35.2076552443434 17.8706317234682 -13.7581933703047
34.3346095577274 18.4927653627387 -14.0735070802434
33.4344466939851 19.0892740747628 -14.3609460898728
32.5085604316378 19.6593856656776 -14.6188168793995
31.5585495790608 20.2024597012677 -14.845511467712
30.5861830222411 20.7179829904221 -15.0394901347113
29.5933641802588 21.2055471816528 -15.1992612045703
28.5821029423267 21.6648161048969 -15.3233658121477
27.5544995499661 22.095492726904 -15.4103746142486
26.5127404662249 22.4972951611854 -15.4589004869455
25.4591024085776 22.8699483540374 -15.4676270840051
24.3959584882531 23.2131937428617 -15.4353487877973
23.3257803266728 23.526814568564 -15.3610141998741
22.2511319854673 23.810670837529 -15.2437638084905
21.1746548166479 24.0647360892169 -15.0829532913859
20.0990457824145 24.2891285366822 -14.8781569332772
19.0270342289108 24.4841316078707 -14.6291501585583
17.9613626797396 24.6502026829471 -14.335875108505
16.9047757085238 24.7879728256554 -13.9983973384124
15.8600177837684 24.8982434453168 -13.6168641000321
14.8298370668865 24.9819872664246 -13.1914747835815
13.8169885729587 25.0403603508396 -12.7224719309047
12.8242278337464 25.0747293507023 -12.2101572868526
11.85428586918 25.0867142392436 -11.6549324604
10.9098181052464 25.0782423186826 -11.0573589235537
9.99332367843537 25.0516052767951 -10.4182282859132
9.10703673401257 25.0095083024571 -9.73863186127419
8.2527968909802 24.9550993686384 -9.02001892780388
7.43191082601528 24.891967967767 -8.26423567567705
6.64501978698907 24.8241056341454 -7.47354094992997
5.89198804524833 24.7558249371622 -6.65059939689311
5.17182478266402 24.6916384957415 -5.79845625887807
4.48264739523001 24.6361041776846 -4.92049989852213
3.82168893578076 24.593646430948 -4.02041790243481
3.18534777090802 24.5683663355283 -3.10215080277783
2.56927446653879 24.5638543576937 -2.169845075847
1.96848972843963 24.5830199119356 -1.22780519185091
1.37752748909946 24.6279506814368 -0.280443740833098
0.790598078888535 24.6998122504132 0.667770975545659
0.201766904015804 24.7987951435474 1.61236958674638
-0.394856481968761 24.9241122455851 2.54893749350075
-1.00492573296373 25.0740453442285 3.47317071869245
-1.63367077397388 25.2460357481586 4.38093089432989
-2.28572819881441 25.4368109389241 5.26829872932517
-2.9650017578966 25.6425371310843 6.13162484979482
-3.67456466081019 25.858986393155 6.96757562206306
-4.41661180157002 26.0817065860079 7.77316993889271
-5.19246418852935 26.3061828786643 8.54580191365913
-6.00262100740099 26.5279811310863 9.28324490308684
-6.84684852201092 26.7428659940532 9.98363463345023
-7.72429099474344 26.9468898889363 10.6454329846141
-8.63358791693072 27.1364525235913 11.2673780569047
-9.57298406712644 27.3083335815306 11.8484291570082
-10.5404233795753 27.459703136256 12.3877162681575
-11.533622921167 27.5881149838691 12.8845020938686
-12.5501280339608 27.691487646474 13.3381613313366
-13.5873528716651 27.768076756765 13.7481774548305
-14.642611710845 27.8164414543807 14.1141531949308
-15.7131457391694 27.8354067471556 14.4358281475997
-16.7961481750825 27.8240236948179 14.7130961536174
-17.8887884347756 27.7815296472032 14.9460162889945
-18.988234437394 27.7073112838609 15.1348139876577
-20.0916715149976 27.6008734538207 15.2798721010719
-21.1963168230328 27.4618164899171 15.3817146193645
-22.2994292920229 27.289823671442 15.4409875653772
-23.398316466263 27.0846589865564 15.4584418579212
-24.4903404941902 26.8461736583378 15.4349218202179
-25.5729257223754 26.5743184807095 15.371360966373
-26.6435697508438 26.2691582292788 15.2687844154282
-27.6998586572108 25.9308844452775 15.1283154212796
-28.7394857806355 25.5598236750073 14.9511825226509
-29.7602723743813 25.1564395077915 14.7387238569417
-30.7601878607759 24.7213281072412 14.4923860867532
-31.7373674247478 24.2552080129616 14.213716789075
-32.6901251399965 23.7589055860277 13.9043506178769
-33.6169615063287 23.2333375687212 13.5659907058644
-34.5165649676547 22.6794919961131 13.2003874157991
-35.3878075577391 22.0984083930906 12.8093166611239
-36.2297352907108 21.4911580423669 12.3945597020056
-37.0415543587042 20.8588252109792 11.957885761507
-37.8226146883132 20.2024904972472 11.5010381646135
-38.5723929098671 19.5232176957742 11.0257240969393
-39.2904771486982 18.8220455270921 10.5336075700101
-39.9765560125356 18.0999850742536 10.0263047894341
-40.6304135063204 17.3580228160525 9.50538086692036
-41.2519302891948 16.5971279497442 8.97234672439572
-41.8410898734256 15.8182616077208 8.42865514538524
-42.3979864754653 15.0223849772676 7.87569525855139
-42.9228298446919 14.2104635030667 7.31478526742466
-43.4159420740518 13.3834653316531 6.74716387691313
-43.8777424683119 12.542353718842 6.17398145867601
-44.3087189464757 11.6880748301298 5.5962923748784
-44.7093876813119 10.8215437208297 5.01504992158737
-45.0802458931033 9.94363189158138 4.43110503703109
-45.4217249833754 9.05515950792796 3.8452093352943
-45.734151781764 8.15689424738263 3.2580223384837
-46.017724291822 7.24955711084102 2.67012217172322
-46.2725052206152 6.33383384765544 2.08201859834407
-46.4984325236335 5.41038934715752 1.49416718123676
-46.6953422508503 4.47988179852792 0.906983558964114
-46.8629962120079 3.54297377643827 0.320857249411959
-47.0011061716321 2.60033857548961 -0.26383509299925
-47.1093477011721 1.65266174316235 -0.846716605495308
-47.1873601084873 0.700639342381333 -1.4273967678028
-47.2347331500565 -0.255024486268373 -2.00545712885082
-47.2509853305278 -1.21361791122762 -2.58043616736863
-47.2355413716665 -2.17441770019449 -3.15181379959757
-47.1877171235498 -3.1366807134681 -3.71899655482151
-47.1067186174092 -4.09963145485566 -4.28130471559568
-46.991658572084 -5.0624478281849 -4.83796265603691
-46.8415894047459 -6.02424789522489 -5.38809320220287
-46.6555478232162 -6.98408023279918 -5.9307161748212
-46.432603454268 -7.9409194867075 -6.46475052212082
-46.1719033630328 -8.89366721133126 -6.98901881469164
-45.8727058446791 -9.84115654297675 -7.50225255185728
-45.534400029383 -10.7821581978973 -8.00309684647379
-45.1565117020942 -11.7153850858943 -8.49011361171085
-44.7386992080479 -12.6394935723702 -8.96178321960041
-44.2807454682316 -13.5530808616074 -9.41650547408355
-43.7825524680391 -14.4546796254057 -9.8526013523756
-43.2441431520588 -15.3427523100829 -10.2683171077841
-42.665672993018 -16.2156880882601 -10.6618319401155
-42.0474504380317 -17.0718050014719 -11.0312696466835
