1 1042 0
2 1115 0
3 1020 0
4 1108 0
5 994 0
6 1090 0
7 1029 0
8 1075 0
9 1002 0
10 1082 0
11 1014 0
12 1076 0
13 1056 0
14 1061 0
15 982 0
16 1048 0
17 950 0
18 1046 0
19 992 0
20 1057 0
21 1047 0
22 1074 0
23 807 0
24 1029 0
25 1037 0
26 1034 0
27 1048 0
28 1046 0
29 1022 0
30 1045 0
31 969 0
32 1044 0
33 1049 0
34 928 0
35 1052 0
36 1033 0
37 1048 0
38 1011 0
39 1056 0
40 1056 0
41 1037 0
42 1060 0
43 1050 0
44 1066 0
45 1067 0
46 1084 0
47 1056 0
48 1086 0
49 1027 0
50 1061 0
51 1028 0
52 1048 0
53 995 0
54 1037 0
55 985 0
56 1024 0
57 969 0
58 1009 0
59 973 0
60 990 0
61 977 0
62 981 0
63 931 0
64 975 0
65 953 0
66 975 0
67 944 0
68 971 0
69 898 0
70 956 0
71 909 0
72 955 0
73 918 0
74 964 0
75 913 0
76 975 0
77 905 0
78 959 0
79 931 0
80 952 0
81 880 0
82 946 0
83 930 0
84 954 0
85 942 0
86 976 0
87 936 0
88 974 0
89 963 0
90 970 0
91 894 0
92 961 0
93 953 0
94 969 0
95 902 0
96 975 0
97 988 0
98 967 0
99 974 0
100 966 0
101 980 0
102 901 0
103 989 0
104 970 0
105 994 0
106 986 0
107 983 0
108 997 0
109 852 0
110 968 0
111 973 0
112 985 0
113 935 0
114 985 0
115 904 0
116 1011 0
117 1018 0
118 1022 0
119 1026 0
120 1035 0
121 930 0
122 1027 0
123 1007 0
124 1013 0
125 845 0
126 963 0
127 953 0
128 978 0
129 881 0
130 969 0
131 983 0
132 988 0
133 938 0
134 997 0
135 978 0
136 993 0
137 859 0
138 976 0
139 994 0
140 987 0
141 998 0
142 952 0
143 985 0
144 936 0
145 962 0
146 913 0
147 962 0
148 897 0
149 980 0
150 986 0
151 992 0
152 930 0
153 1006 0
154 974 0
155 1000 0
156 784 0
157 959 0
158 986 0
159 986 0
160 993 0
161 995 0
162 998 0
163 1000 0
164 917 0
165 1000 0
166 1011 0
167 1001 0
168 989 0
169 998 0
170 976 0
171 999 0
172 846 0
173 987 0
174 1015 0
175 1014 0
176 1016 0
177 974 0
178 1015 0
179 1016 0
180 1001 0
181 994 0
182 981 0
183 992 0
184 995 0
185 903 0
186 1013 0
187 1021 0
188 1031 0
189 975 0
190 1042 0
191 1023 0
192 1042 0
193 1016 0
194 1027 0
195 1018 0
196 1034 0
197 903 0
198 1011 0
199 1001 0
200 984 0
201 989 0
202 859 0
203 975 0
204 990 0
205 997 0
206 1003 0
207 869 0
208 980 0
209 1002 0
210 971 0
211 976 0
212 965 0
213 964 0
214 966 0
215 895 0
216 958 0
217 960 0
218 962 0
219 835 0
220 956 0
221 969 0
222 953 0
223 942 0
224 943 0
225 943 0
226 944 0
227 809 0
228 936 0
229 953 0
230 958 0
231 962 0
232 786 0
233 958 0
234 980 0
235 965 0
236 987 0
237 982 0
238 996 0
239 965 0
240 984 0
241 987 0
242 853 0
243 979 0
244 998 0
245 997 0
246 999 0
247 983 0
248 984 0
249 966 0
250 983 0
251 749 0
252 977 0
253 1001 0
254 980 0
255 1001 0
256 802 0
257 1004 0
258 1027 0
259 1015 0
260 1025 0
261 1007 0
262 1028 0
263 1019 0
264 1019 0
265 1030 0
266 1038 0
267 1046 0
268 1041 0
269 1028 0
270 1041 0
271 1036 0
272 1043 0
273 1033 0
274 1031 0
275 1033 0
276 1043 0
277 1047 0
278 913 0
279 1015 0
280 1038 0
281 1026 0
282 1013 0
283 1018 0
284 829 0
285 979 0
286 1000 0
287 996 0
288 998 0
289 999 0
290 758 0
291 963 0
292 994 0
293 1002 0
294 1007 0
295 899 0
296 992 0
297 992 0
298 993 0
299 988 0
300 991 0
301 989 0
302 994 0
303 731 0
304 961 0
305 999 0
306 1010 0
307 1006 0
308 1018 0
309 976 0
310 1007 0
311 992 0
312 1000 0
313 769 0
314 988 0
315 1011 0
316 1004 0
317 1012 0
318 777 0
319 980 0
320 1015 0
321 1021 0
322 1015 0
323 1024 0
324 735 0
325 998 0
326 1036 0
327 1039 0
328 1044 0
329 997 0
330 1059 0
331 1063 0
332 1063 0
333 969 0
334 1069 0
335 1079 0
336 1067 0
337 1069 0
338 787 0
339 1037 0
340 1069 0
341 1069 0
342 1075 0
343 939 0
344 1082 0
345 1103 0
346 1093 0
347 1113 0
348 1054 0
349 1125 0
350 1129 0
351 942 0
352 1116 0
353 1133 0
354 1134 0
355 1132 0
356 1052 0
357 1135 0
358 1150 0
359 1136 0
360 1139 0
361 825 0
362 1058 0
363 1094 0
364 1080 0
365 1082 0
366 1085 0
367 914 0
368 1037 0
369 1052 0
370 1046 0
371 1050 0
372 1045 0
373 1045 0
374 628 0
375 1004 0
376 1033 0
377 1046 0
378 1044 0
379 1055 0
380 1049 0
381 1052 0
382 992 0
383 1052 0
384 1053 0
385 1052 0
386 1055 0
387 1055 0
388 1042 0
389 1054 0
390 1051 0
391 1057 0
392 1055 0
393 1046 0
394 1057 0
395 1055 0
396 1054 0
397 1023 0
398 1053 0
399 861 0
400 1016 0
401 1044 0
402 1056 0
403 1061 0
404 1068 0
405 1070 0
406 1063 0
407 1070 0
408 729 0
409 1032 0
410 1066 0
411 1067 0
412 1073 0
413 1069 0
414 1066 0
415 1046 0
416 1081 0
417 1047 0
418 1067 0
419 1061 0
420 1058 0
421 1061 0
422 919 0
423 1034 0
424 1058 0
425 1061 0
426 1063 0
427 1061 0
428 1054 0
429 1057 0
430 1028 0
431 1063 0
432 1068 0
433 1059 0
434 1058 0
435 978 0
436 1042 0
437 1056 0
438 1058 0
439 1035 0
440 1051 0
441 1053 0
442 1038 0
443 1050 0
444 1051 0
445 1051 0
446 1054 0
447 833 0
448 1045 0
449 1067 0
450 1060 0
451 1049 0
452 1060 0
453 1063 0
454 1065 0
455 1068 0
456 1074 0
457 885 0
458 1080 0
459 1090 0
460 1101 0
461 1102 0
462 1061 0
463 1135 0
464 1138 0
465 1145 0
466 1145 0
467 1141 0
468 1000 0
469 1061 0
470 1068 0
471 1055 0
472 1062 0
473 1063 0
474 1067 0
475 1066 0
476 1065 0
477 1065 0
478 1063 0
479 1065 0
480 824 0
481 1015 0
482 1043 0
483 1050 0
484 1046 0
485 1025 0
486 1044 0
487 1043 0
488 1027 0
489 1036 0
490 1040 0
491 1034 0
492 1039 0
493 1039 0
494 1033 0
495 1038 0
496 1035 0
497 1045 0
498 1044 0
499 1045 0
500 1046 0
501 1047 0
502 1047 0
503 1047 0
504 1046 0
505 1046 0
506 1005 0
507 1047 0
508 1053 0
509 1053 0
510 1054 0
511 1052 0
512 1019 0
513 1040 0
514 1041 0
515 1039 0
516 1040 0
517 997 0
518 1031 0
519 1039 0
520 1039 0
521 1040 0
522 1040 0
523 985 0
524 1046 0
525 1050 0
526 1050 0
527 1051 0
528 1050 0
529 1048 0
530 1049 0
531 1050 0
532 1010 0
533 1063 0
534 1069 0
535 1073 0
536 1063 0
537 1073 0
538 1074 0
539 1074 0
540 1074 0
541 1072 0
542 1071 0
543 1071 0
544 1052 0
545 1059 0
546 1060 0
547 1061 0
548 877 0
549 1044 0
550 1067 0
551 1069 0
552 1072 0
553 1073 0
554 1073 0
555 1074 0
556 1076 0
557 1082 0
558 1082 0
559 1081 0
560 1080 0
561 1078 0
562 1079 0
563 1078 0
564 1079 0
565 1075 0
566 1077 0
567 1073 0
568 1074 0
569 1071 0
570 1070 0
571 1070 0
572 1070 0
573 1013 0
574 1084 0
575 1088 0
576 1091 0
577 1090 0
578 1090 0
579 1090 0
580 1091 0
581 1092 0
582 1092 0
583 1093 0
584 1094 0
585 1093 0
586 1092 0
587 1094 0
588 1094 0
589 1093 0
590 1091 0
591 1092 0
592 1093 0
593 1092 0
594 1091 0
595 1090 0
596 1090 0
597 1089 0
598 1088 0
599 1088 0
600 1085 0
601 1087 0
602 1096 0
603 1093 0
604 1111 0
605 1128 0
606 1122 0
607 1123 0
608 1123 0
609 1123 0
610 1123 0
611 1150 0
612 1150 0
613 1149 0
614 1146 0
615 1145 0
616 1145 0
617 1143 0
618 1143 0
619 1142 0
620 1139 0
621 1138 0
622 1137 0
623 1137 0
624 1135 0
625 1136 0
626 1149 0
627 1146 0
628 1145 0
629 1142 0
630 1157 0
631 1158 0
632 1157 0
633 1156 0
634 1156 0
635 1156 0
636 1156 0
637 1156 0
638 1156 0
639 1154 0
640 1154 0
641 1154 0
642 1153 0
643 1157 0
644 1152 0
645 1194 0
646 1193 0
647 1194 0
648 1194 0
649 1196 0
650 1195 0
651 1197 0
652 1195 0
653 1190 0
654 1192 0
655 1199 0
656 1202 0
657 1199 0
658 1199 0
659 1218 0
660 1214 0
661 1216 0
662 1215 0
663 1221 0
664 1249 0
665 1244 0
666 1244 0
667 1243 0
668 1241 0
669 1239 0
670 1239 0
671 1239 0
672 1239 0
673 1238 0
674 1238 0
675 1238 0
676 1238 0
677 1240 0
678 1240 0
679 1258 0
680 1258 0
681 1258 0
682 1258 0
683 1258 0
684 1258 0
685 1258 0
686 1259 0
687 1257 0
688 1257 0
689 1256 0
690 1254 0
691 1253 0
692 1253 0
693 1252 0
694 1260 0
695 1267 0
696 1266 0
697 1266 0
698 1265 0
699 1265 0
700 1266 0
701 1267 0
702 1267 0
703 1267 0
704 1267 0
705 1268 0
706 1268 0
707 1267 0
708 1267 0
709 1267 0
710 1268 0
711 1270 0
712 1286 0
713 1288 0
714 1289 0
715 1296 0
716 1296 0
717 1296 0
718 1296 0
719 1296 0
720 1296 0
721 1296 0
722 1296 0
723 1296 0
724 1296 0
725 1298 0
726 1299 0
727 1303 0
728 1304 0
729 1303 0
730 1304 0
731 1305 0
732 1300 0
733 1303 0
734 1299 0
735 1302 0
736 1299 0
737 1300 0
738 1299 0
739 1299 0
740 1288 0
741 1288 0
742 1288 0
743 1288 0
744 1288 0
745 1288 0
746 1286 0
747 1285 0
748 1285 0
749 1284 0
750 1284 0
751 1283 0
752 1283 0
753 1283 0
754 1282 0
755 1282 0
756 1283 0
757 1283 0
758 1283 0
759 1282 0
760 1282 0
761 1282 0
762 1282 0
763 1282 0
764 1283 0
765 1284 0
766 1288 0
767 1287 0
768 1287 0
769 1288 0
770 1286 0
771 1287 0
772 7 0
773 15 0
774 35 0
775 55 0
776 80 0
777 112 0
778 166 0
779 202 0
780 243 0
781 293 0
782 355 0
783 391 0
784 428 0
785 459 0
786 511 0
787 557 0
788 599 0
789 624 0
790 651 0
791 688 0
792 729 0
793 764 0
794 821 0
795 888 0
796 930 0
797 970 0
798 1002 0
799 1015 0
800 1028 0
801 1037 0
802 1043 0
803 1054 0
804 1069 0
805 1068 0
806 1068 0
807 1067 0
808 1064 0
809 1065 0
810 1063 0
811 1064 0
812 1064 0
813 1063 0
814 1060 0
815 1060 0
816 1061 0
817 1061 0
818 1061 0
819 1069 0
820 1068 0
821 1068 0
822 1068 0
823 1066 0
824 1066 0
825 1066 0
826 1067 0
827 1066 0
828 1067 0
829 1074 0
830 1073 0
831 1073 0
832 1073 0
833 1073 0
834 1071 0
835 1078 0
836 1079 0
837 1079 0
838 1076 0
839 1073 0
840 1072 0
841 1073 0
842 1071 0
843 1071 0
844 1078 0
845 1076 0
846 1076 0
847 1074 0
848 1076 0
849 1077 0
850 1077 0
851 1099 0
852 1099 0
853 1099 0
854 1095 0
855 1092 0
856 1090 0
857 1087 0
858 1087 0
859 1084 0
860 1081 0
861 1131 0
862 1159 0
863 1160 0
864 1160 0
865 1160 0
866 1160 0
867 1161 0
868 1160 0
869 1160 0
870 1160 0
871 1159 0
872 1157 0
873 1160 0
874 1160 0
875 1163 0
876 1163 0
877 1158 0
878 1177 0
879 1177 0
880 1177 0
881 1176 0
882 1176 0
883 1175 0
884 1173 0
885 1173 0
886 1173 0
887 1172 0
888 1173 0
889 1172 0
890 1173 0
891 1173 0
892 1172 0
893 1174 0
894 1173 0
895 1173 0
896 1173 0
897 1172 0
898 1173 0
899 1184 0
900 1184 0
901 1182 0
902 1183 0
903 1183 0
904 1183 0
905 1183 0
906 1183 0
907 1183 0
908 1182 0
909 1180 0
910 1180 0
911 1180 0
912 1180 0
913 1178 0
914 1177 0
915 1178 0
916 1197 0
917 1196 0
918 1199 0
919 1200 0
920 1199 0
921 1207 0
922 1215 0
923 1212 0
924 1210 0
925 1222 0
926 1219 0
927 1217 0
928 1214 0
929 1209 0
930 1205 0
931 1210 0
932 1195 0
933 1200 0
934 1205 0
935 1207 0
936 1208 0
937 1194 0
938 1195 0
939 1206 0
940 1205 0
941 1205 0
942 1205 0
943 1203 0
944 1203 0
945 1203 0
946 1201 0
947 1196 0
948 1194 0
949 1193 0
950 1194 0
951 1192 0
952 1190 0
953 1190 0
954 1191 0
955 1191 0
956 1191 0
957 1191 0
958 1191 0
959 1192 0
960 1191 0
961 1188 0
962 1186 0
963 1181 0
964 1179 0
965 1179 0
966 1179 0
967 1180 0
968 1180 0
969 1180 0
970 1180 0
971 1182 0
972 1181 0
973 1181 0
974 1181 0
975 1180 0
976 1180 0
977 1180 0
978 1180 0
979 1180 0
980 1180 0
981 1180 0
982 1181 0
983 1178 0
984 1176 0
985 1175 0
986 1173 0
987 1173 0
988 1167 0
989 1168 0
990 1167 0
991 1164 0
992 1164 0
993 1163 0
994 1163 0
995 1163 0
996 1161 0
997 1159 0
998 1159 0
999 1159 0
1000 1159 0
1001 1158 0
1002 1157 0
1003 1154 0
1004 1154 0
1005 1126 0
1006 1121 0
1007 1118 0
1008 1117 0
1009 1111 0
1010 1111 0
1011 1116 0
1012 1106 0
1013 1100 0
1014 1110 0
1015 1102 0
1016 1102 0
1017 1104 0
1018 1105 0
1019 1102 0
1020 1104 0
1021 1100 0
1022 1096 0
1023 1116 0
1024 1110 0
1025 1102 0
1026 1099 0
1027 1101 0
1028 1127 0
1029 1123 0
1030 1117 0
1031 1118 0
1032 1116 0
1033 1120 0
1034 1120 0
1035 1118 0
1036 1115 0
1037 1113 0
1038 1112 0
1039 1122 0
1040 1121 0
1041 1116 0
1042 1152 0
1043 9 0
1044 29 0
1045 148 0
1046 282 0
1047 352 0
1048 463 0
1049 566 0
1050 665 0
1051 716 0
1052 772 0
1053 836 0
1054 917 0
1055 1001 0
1056 1079 0
1057 1085 0
1058 1088 0
1059 1077 0
1060 1072 0
1061 1072 0
1062 1072 0
1063 1071 0
1064 1070 0
1065 1072 0
1066 1072 0
1067 1072 0
1068 1087 0
1069 1094 0
1070 1095 0
1071 1095 0
1072 1094 0
1073 1095 0
1074 1093 0
1075 1093 0
1076 1092 0
1077 1089 0
1078 1087 0
1079 1087 0
1080 1087 0
1081 1085 0
1082 1085 0
1083 1085 0
1084 1085 0
1085 1084 0
1086 1082 0
1087 1082 0
1088 1080 0
1089 1079 0
1090 1078 0
1091 1077 0
1092 1075 0
1093 1074 0
1094 1069 0
1095 1064 0
1096 1064 0
1097 1076 0
1098 1074 0
1099 1069 0
1100 1065 0
1101 1079 0
1102 1074 0
1103 1068 0
1104 1065 0
1105 1079 0
1106 1077 0
1107 1067 0
1108 1079 0
1109 1072 0
1110 1074 0
1111 1071 0
1112 1071 0
1113 1085 0
1114 1083 0
1115 1082 0
1116 1078 0
1117 1077 0
1118 1088 0
1119 1086 0
1120 1085 0
1121 1085 0
1122 1082 0
1123 1080 0
1124 1084 0
1125 1082 0
1126 1082 0
1127 1082 0
1128 1081 0
1129 1080 0
1130 1085 0
1131 1084 0
1132 1083 0
1133 1081 0
1134 1080 0
1135 1079 0
1136 1078 0
1137 1077 0
1138 1076 0
1139 1078 0
1140 1079 0
1141 1078 0
1142 1077 0
1143 1077 0
1144 1076 0
1145 1086 0
1146 1085 0
1147 1085 0
1148 1083 0
1149 1082 0
1150 1080 0
1151 1080 0
1152 1078 0
1153 1075 0
1154 1078 0
1155 1075 0
1156 1075 0
1157 1076 0
1158 1074 0
1159 1072 0
1160 1077 0
1161 1076 0
1162 1076 0
1163 1075 0
1164 1074 0
1165 1075 0
1166 1072 0
1167 1075 0
1168 1075 0
1169 1074 0
1170 1074 0
1171 1071 0
1172 1067 0
1173 1088 0
1174 1081 0
1175 1081 0
1176 1079 0
1177 1078 0
1178 1077 0
1179 1077 0
1180 1075 0
1181 1077 0
1182 1085 0
1183 1093 0
1184 1097 0
1185 1106 0
1186 1105 0
1187 1105 0
1188 1105 0
1189 1103 0
1190 1102 0
1191 1100 0
1192 1100 0
1193 1100 0
1194 1098 0
1195 1098 0
1196 1100 0
1197 1111 0
1198 1132 0
1199 1118 0
1200 1115 0
1201 1146 0
1202 1143 0
1203 1141 0
1204 1136 0
1205 1136 0
1206 1133 0
1207 1131 0
1208 1129 0
1209 1128 0
1210 1128 0
1211 1128 0
1212 1128 0
1213 1127 0
1214 1127 0
1215 1127 0
1216 1126 0
1217 1128 0
1218 1128 0
1219 1129 0
1220 1128 0
1221 1133 0
1222 1133 0
1223 1135 0
1224 1135 0
1225 1136 0
1226 1135 0
1227 1133 0
1228 1135 0
1229 1137 0
1230 1134 0
1231 1134 0
1232 1133 0
1233 1131 0
1234 1130 0
1235 1131 0
1236 1131 0
1237 1134 0
1238 1137 0
1239 1150 0
1240 1140 0
1241 1140 0
1242 1140 0
1243 1140 0
1244 1134 0
1245 1131 0
1246 1132 0
1247 1132 0
1248 1131 0
1249 1133 0
1250 1142 0
1251 1138 0
1252 1137 0
1253 1131 0
1254 1129 0
1255 1127 0
1256 1125 0
1257 1125 0
1258 1126 0
1259 1125 0
1260 1128 0
1261 1140 0
1262 1140 0
1263 1140 0
1264 1138 0
1265 1137 0
1266 1136 0
1267 1133 0
1268 1133 0
1269 1131 0
1270 1134 0
1271 1149 0
1272 1147 0
1273 1144 0
1274 1140 0
1275 1139 0
1276 1139 0
1277 1133 0
1278 1141 0
1279 1140 0
1280 1141 0
1281 1138 0
1282 1136 0
1283 1135 0
1284 1135 0
1285 1134 0
1286 1134 0
1287 1134 0
1288 1138 0
1289 1143 0
1290 1146 0
1291 1146 0
1292 1146 0
1293 1146 0
1294 1145 0
1295 1145 0
1296 1145 0
1297 1144 0
1298 1145 0
1299 1142 0
1300 1142 0
1301 1142 0
1302 1142 0
1303 1142 0
1304 1142 0
1305 1142 0
1306 1141 0
1307 1142 0
1308 1142 0
1309 1143 0
1310 1143 0
1311 1143 0
1312 1143 0
1313 1143 0
1314 1144 0
1315 1146 0
1316 1147 0
1317 1142 0
1318 1142 0
1319 1142 0
1320 1142 0
1321 1142 0
1322 1143 0
1323 1142 0
1324 1143 0
1325 1144 0
1326 1144 0
1327 1144 0
1328 1144 0
1329 1144 0
1330 1144 0
1331 1145 0
1332 1144 0
1333 1144 0
1334 1144 0
1335 1145 0
1336 1145 0
1337 1144 0
1338 1144 0
1339 1145 0
1340 1153 0
1341 1147 0
1342 1145 0
1343 1145 0
1344 1137 0
1345 1165 0
1346 1164 0
1347 1164 0
1348 1161 0
1349 1161 0
1350 1160 0
1351 1161 0
1352 1160 0
1353 1159 0
1354 1159 0
1355 1159 0
1356 1159 0
1357 1159 0
1358 1159 0
1359 1160 0
1360 1159 0
1361 1160 0
1362 1160 0
1363 1160 0
1364 1161 0
1365 1160 0
1366 1159 0
1367 1159 0
1368 1156 0
1369 1156 0
1370 1157 0
1371 1157 0
1372 1157 0
1373 1158 0
1374 1157 0
1375 1173 0
1376 1173 0
1377 1173 0
1378 1173 0
1379 1173 0
1380 1173 0
1381 1174 0
1382 1173 0
1383 1173 0
1384 1173 0
1385 1173 0
1386 1173 0
1387 1173 0
1388 1173 0
1389 1173 0
1390 1173 0
1391 1172 0
1392 1172 0
1393 1171 0
1394 1171 0
1395 1171 0
1396 1171 0
1397 1171 0
1398 1171 0
1399 1170 0
1400 1170 0
1401 1171 0
1402 1170 0
1403 1170 0
1404 1171 0
1405 1168 0
1406 1165 0
1407 1176 0
1408 1175 0
1409 1175 0
1410 1175 0
1411 1175 0
1412 1174 0
1413 1173 0
1414 1173 0
1415 1173 0
1416 1173 0
1417 1172 0
1418 1171 0
1419 1170 0
1420 1170 0
1421 1170 0
1422 1170 0
1423 1169 0
1424 1167 0
1425 1167 0
1426 1166 0
1427 1166 0
1428 1166 0
1429 1166 0
1430 1166 0
1431 1166 0
1432 1164 0
1433 1164 0
1434 1165 0
1435 1179 0
1436 1172 0
1437 1182 0
1438 1180 0
1439 1180 0
1440 1179 0
1441 1179 0
1442 1177 0
1443 1177 0
1444 1176 0
1445 1176 0
1446 1176 0
1447 1176 0
1448 1176 0
1449 1175 0
1450 1176 0
1451 1176 0
1452 1176 0
1453 1176 0
1454 1176 0
1455 1176 0
1456 1176 0
1457 1175 0
1458 1174 0
1459 1174 0
1460 1175 0
1461 1176 0
1462 1177 0
1463 1177 0
1464 1177 0
1465 1177 0
1466 1177 0
1467 1177 0
1468 1178 0
1469 1178 0
1470 1178 0
1471 1178 0
1472 1178 0
1473 1178 0
1474 1177 0
1475 1177 0
1476 1177 0
1477 1176 0
1478 1175 0
1479 1172 0
1480 1181 0
1481 1178 0
1482 1178 0
1483 1177 0
1484 1178 0
1485 1178 0
1486 1178 0
1487 1179 0
1488 1179 0
1489 1178 0
1490 1177 0
1491 1177 0
1492 1177 0
1493 1177 0
1494 1177 0
1495 1178 0
1496 1178 0
1497 1177 0
1498 1176 0
1499 1176 0
1500 1176 0
1501 1192 0
1502 1184 0
1503 1185 0
1504 1194 0
1505 1194 0
1506 1190 0
1507 1202 0
1508 1196 0
1509 1194 0
1510 1193 0
1511 1196 0
1512 1194 0
1513 1195 0
1514 1194 0
1515 1195 0
1516 1195 0
1517 1189 0
1518 1192 0
1519 1193 0
1520 1188 0
1521 1188 0
1522 1189 0
1523 1187 0
1524 1186 0
1525 1185 0
1526 1184 0
1527 1185 0
1528 1180 0
1529 1180 0
1530 1170 0
1531 1172 0
1532 1170 0
1533 1172 0
1534 1171 0
1535 1170 0
1536 1167 0
1537 1163 0
1538 1161 0
1539 1159 0
1540 1158 0
1541 1156 0
1542 1154 0
1543 1153 0
1544 1153 0
1545 1147 0
1546 1141 0
1547 1139 0
1548 1139 0
1549 1146 0
1550 1145 0
1551 1148 0
1552 1151 0
1553 1155 0
1554 1156 0
1555 1150 0
1556 1153 0
1557 1158 0
1558 1153 0
1559 1157 0
1560 1156 0
1561 1156 0
1562 1156 0
1563 1156 0
1564 1156 0
1565 1155 0
1566 1155 0
1567 1155 0
1568 1156 0
1569 1156 0
1570 1156 0
1571 1155 0
1572 1154 0
1573 1154 0
1574 1154 0
1575 1154 0
1576 1154 0
1577 1154 0
1578 1154 0
1579 1154 0
1580 1155 0
1581 1155 0
1582 1155 0
1583 1154 0
1584 1154 0
1585 1154 0
1586 1154 0
1587 1156 0
1588 1156 0
1589 1156 0
1590 1156 0
1591 1156 0
1592 1156 0
1593 1156 0
1594 1156 0
1595 1155 0
1596 1155 0
1597 1155 0
1598 1154 0
1599 1155 0
1600 1156 0
1601 1156 0
1602 1156 0
1603 1156 0
1604 1158 0
1605 1155 0
1606 1159 0
1607 1157 0
1608 1156 0
1609 1143 0
1610 6 0
1611 11 0
1612 26 0
1613 48 0
1614 87 0
1615 155 0
1616 219 0
1617 274 0
1618 350 0
1619 418 0
1620 485 0
1621 544 0
1622 601 0
1623 677 0
1624 737 0
1625 829 0
1626 905 0
1627 978 0
1628 1006 0
1629 1025 0
1630 1033 0
1631 1035 0
1632 1036 0
1633 1036 0
1634 1038 0
1635 1039 0
1636 1038 0
1637 1040 0
1638 1044 0
1639 1040 0
1640 1044 0
1641 1044 0
1642 1045 0
1643 1045 0
1644 1046 0
1645 1046 0
1646 1046 0
1647 1046 0
1648 1056 0
1649 1056 0
1650 1057 0
1651 1057 0
1652 1057 0
1653 1057 0
1654 1057 0
1655 1057 0
1656 1057 0
1657 1057 0
1658 1057 0
1659 1058 0
1660 1059 0
1661 1059 0
1662 1058 0
1663 1058 0
1664 1057 0
1665 1057 0
1666 1057 0
1667 1057 0
1668 1057 0
1669 1058 0
1670 1060 0
1671 1060 0
1672 1060 0
1673 1060 0
1674 1060 0
1675 1060 0
1676 1060 0
1677 1060 0
1678 1060 0
1679 1060 0
1680 1060 0
1681 1061 0
1682 1060 0
1683 1060 0
1684 1060 0
1685 1063 0
1686 1068 0
1687 1069 0
1688 1069 0
1689 1068 0
1690 1067 0
1691 1067 0
1692 1067 0
1693 1067 0
1694 1067 0
1695 1066 0
1696 1066 0
1697 1066 0
1698 1068 0
1699 1068 0
1700 1068 0
1701 1069 0
1702 1069 0
1703 1069 0
1704 1067 0
1705 1068 0
1706 1069 0
1707 1069 0
1708 1069 0
1709 1071 0
1710 1070 0
1711 1070 0
1712 1069 0
1713 1070 0
1714 1069 0
1715 1069 0
1716 1069 0
1717 1069 0
1718 1069 0
1719 1069 0
1720 1069 0
1721 1069 0
1722 1069 0
1723 1070 0
1724 1070 0
1725 1071 0
1726 1070 0
1727 1071 0
1728 1070 0
1729 1069 0
1730 1069 0
1731 1069 0
1732 1069 0
1733 1069 0
1734 1069 0
1735 1070 0
1736 1069 0
1737 1068 0
1738 1068 0
1739 1068 0
1740 1068 0
1741 1068 0
1742 1067 0
1743 1067 0
1744 1067 0
1745 1066 0
1746 1066 0
1747 1066 0
1748 1066 0
1749 1066 0
1750 1066 0
1751 1067 0
1752 1067 0
1753 1067 0
1754 1067 0
1755 1067 0
1756 1066 0
1757 1066 0
1758 1065 0
1759 1064 0
1760 1067 0
1761 1067 0
1762 1067 0
1763 1065 0
1764 1065 0
1765 1066 0
1766 1067 0
1767 1067 0
1768 1067 0
1769 1067 0
1770 1067 0
1771 1067 0
1772 1065 0
1773 1066 0
1774 1068 0
1775 1065 0
1776 1065 0
1777 1065 0
1778 1065 0
1779 1067 0
1780 1065 0
1781 1070 0
1782 1062 0
1783 1064 0
1784 1064 0
1785 1064 0
1786 1065 0
1787 1068 0
1788 1066 0
1789 1065 0
1790 1068 0
1791 1068 0
1792 1067 0
1793 1066 0
1794 1066 0
1795 1066 0
1796 1068 0
1797 1067 0
1798 1066 0
1799 1066 0
1800 1064 0
1801 1064 0
1802 1065 0
1803 1064 0
1804 1063 0
1805 1067 0
1806 1067 0
1807 1066 0
1808 1066 0
1809 1064 0
1810 1062 0
1811 1064 0
1812 1065 0
1813 1062 0
1814 1064 0
1815 1064 0
1816 1064 0
1817 1063 0
1818 1062 0
1819 1063 0
1820 1060 0
1821 1063 0
1822 1064 0
1823 1060 0
1824 1059 0
1825 1068 0
1826 1066 0
1827 1065 0
1828 1063 0
1829 1059 0
1830 1060 0
1831 1062 0
1832 1062 0
1833 1062 0
1834 1062 0
1835 1060 0
1836 1060 0
1837 1059 0
1838 1059 0
1839 1059 0
1840 1059 0
1841 1059 0
1842 1059 0
1843 1059 0
1844 1059 0
1845 1059 0
1846 1059 0
1847 1059 0
1848 1059 0
1849 1059 0
1850 1059 0
1851 1059 0
1852 1059 0
1853 1059 0
1854 1060 0
1855 1060 0
1856 1060 0
1857 1060 0
1858 1060 0
1859 1061 0
1860 1061 0
1861 1061 0
1862 1061 0
1863 1061 0
1864 1060 0
1865 1060 0
1866 1060 0
1867 1058 0
1868 1058 0
1869 1058 0
1870 1058 0
1871 1058 0
1872 1058 0
1873 1058 0
1874 1057 0
1875 1056 0
1876 1057 0
1877 1057 0
1878 1058 0
1879 1058 0
1880 1057 0
1881 1057 0
1882 1057 0
1883 1059 0
1884 1059 0
1885 1059 0
1886 1058 0
1887 1057 0
1888 1057 0
1889 1057 0
1890 1057 0
1891 1057 0
1892 1057 0
1893 1057 0
1894 1056 0
1895 1056 0
1896 1056 0
1897 1056 0
1898 1056 0
1899 1056 0
1900 1057 0
1901 1056 0
1902 1056 0
1903 1057 0
1904 1058 0
1905 1057 0
1906 1057 0
1907 1056 0
1908 1056 0
1909 1057 0
1910 1057 0
1911 1057 0
1912 1057 0
1913 1057 0
1914 1057 0
1915 1057 0
1916 1057 0
1917 1057 0
1918 1057 0
1919 1056 0
1920 1056 0
1921 1055 0
1922 1055 0
1923 1058 0
1924 1057 0
1925 1056 0
1926 1056 0
1927 1055 0
1928 1056 0
1929 1056 0
1930 1054 0
1931 1056 0
1932 1056 0
1933 1056 0
1934 1056 0
1935 1056 0
1936 1056 0
1937 1055 0
1938 1055 0
1939 1055 0
1940 1055 0
1941 1056 0
1942 1056 0
1943 1055 0
1944 1055 0
1945 1054 0
1946 1055 0
1947 1055 0
1948 1055 0
1949 1057 0
1950 1057 0
1951 1057 0
1952 1056 0
1953 1056 0
1954 1055 0
1955 1053 0
1956 1052 0
1957 1052 0
1958 1052 0
1959 1052 0
1960 1052 0
1961 1052 0
1962 1052 0
1963 1053 0
1964 1052 0
1965 1050 0
1966 1047 0
1967 1047 0
1968 1047 0
1969 1047 0
1970 1048 0
1971 1049 0
1972 1050 0
1973 1054 0
1974 1053 0
1975 1052 0
1976 1053 0
1977 1053 0
1978 1053 0
1979 1053 0
1980 1053 0
1981 1055 0
1982 1054 0
1983 1052 0
1984 1051 0
1985 1051 0
1986 1050 0
1987 1056 0
1988 1056 0
1989 1055 0
1990 1054 0
1991 1058 0
1992 1055 0
1993 1055 0
1994 1057 0
1995 1056 0
1996 1056 0
1997 1058 0
1998 1057 0
1999 1057 0
2000 1057 0
2001 1057 0
2002 1057 0
2003 1057 0
2004 1056 0
2005 1056 0
2006 1056 0
2007 1062 0
2008 1061 0
2009 1059 0
2010 1059 0
2011 1058 0
2012 1058 0
2013 1058 0
2014 1058 0
2015 1057 0
2016 1057 0
2017 1057 0
2018 1056 0
2019 1056 0
2020 1057 0
2021 1060 0
2022 1059 0
2023 1053 0
2024 1055 0
2025 1062 0
2026 1062 0
2027 1062 0
2028 1060 0
2029 1060 0
2030 1060 0
2031 1060 0
2032 1058 0
2033 1058 0
2034 1058 0
2035 1058 0
2036 1058 0
2037 1058 0
2038 1058 0
2039 1058 0
2040 1058 0
2041 1058 0
2042 1058 0
2043 1066 0
2044 1065 0
2045 1066 0
2046 1065 0
2047 1064 0
2048 1064 0
2049 1064 0
2050 1064 0
2051 1063 0
2052 1061 0
2053 1061 0
2054 1061 0
2055 1062 0
2056 1062 0
2057 1071 0
2058 1071 0
2059 1068 0
2060 1068 0
2061 1066 0
2062 1066 0
2063 1064 0
2064 1063 0
2065 1064 0
2066 1063 0
2067 1063 0
2068 1063 0
2069 1064 0
2070 1064 0
2071 1064 0
2072 1065 0
2073 1066 0
2074 1064 0
2075 1066 0
2076 1068 0
2077 1072 0
2078 1072 0
2079 1071 0
2080 1072 0
2081 1071 0
2082 1071 0
2083 1071 0
2084 1072 0
2085 1073 0
2086 1072 0
2087 1072 0
2088 1071 0
2089 1071 0
2090 1073 0
2091 1073 0
2092 1071 0
2093 1072 0
2094 1078 0
2095 1077 0
2096 1077 0
2097 1077 0
2098 1073 0
2099 1071 0
2100 1071 0
2101 1072 0
2102 1075 0
2103 1075 0
2104 1074 0
2105 1071 0
2106 1073 0
2107 1073 0
2108 1072 0
2109 1071 0
2110 1071 0
2111 1072 0
2112 1072 0
2113 1072 0
2114 1072 0
2115 1071 0
2116 1072 0
2117 1074 0
2118 1073 0
2119 1071 0
2120 1070 0
2121 1070 0
2122 1070 0
2123 1070 0
2124 1073 0
2125 1072 0
2126 1071 0
2127 1071 0
2128 1073 0
2129 1072 0
2130 1072 0
2131 1072 0
2132 1072 0
2133 1072 0
2134 1072 0
2135 1072 0
2136 1072 0
2137 1073 0
2138 1073 0
2139 1073 0
2140 1073 0
2141 1073 0
2142 1073 0
2143 1073 0
2144 1073 0
2145 1073 0
2146 1073 0
2147 1072 0
2148 1072 0
2149 1072 0
2150 1072 0
2151 1072 0
2152 1072 0
2153 1072 0
2154 1072 0
2155 1072 0
2156 1072 0
2157 1072 0
2158 1072 0
2159 1072 0
2160 1072 0
2161 1072 0
2162 1072 0
2163 1072 0
2164 1073 0
2165 1077 0
2166 1076 0
2167 1076 0
2168 1076 0
2169 1074 0
2170 1074 0
2171 1074 0
2172 1073 0
2173 1073 0
2174 1080 0
2175 1075 0
2176 1075 0
2177 1074 0
2178 1074 0
2179 1073 0
2180 1075 0
2181 1076 0
2182 1077 0
2183 1076 0
2184 1075 0
2185 1075 0
2186 1075 0
2187 1075 0
2188 1075 0
2189 1073 0
2190 1074 0
2191 1074 0
2192 1074 0
2193 1073 0
2194 1078 0
2195 1076 0
2196 1077 0
2197 1077 0
2198 1076 0
2199 1085 0
2200 1086 0
2201 1086 0
2202 1085 0
2203 1087 0
2204 1087 0
2205 1087 0
2206 1087 0
2207 1087 0
2208 1087 0
2209 1087 0
2210 1086 0
2211 1085 0
2212 1085 0
2213 1083 0
2214 1083 0
2215 1081 0
2216 1082 0
2217 1083 0
2218 1077 0
2219 1076 0
2220 1076 0
2221 1077 0
2222 1077 0
2223 1077 0
2224 1078 0
2225 1078 0
2226 1078 0
2227 1078 0
2228 1078 0
2229 1079 0
2230 1079 0
2231 1079 0
2232 1079 0
2233 1080 0
2234 1081 0
2235 1084 0
2236 1083 0
2237 1083 0
2238 1083 0
2239 1082 0
2240 1081 0
2241 1082 0
2242 1081 0
2243 1081 0
2244 1081 0
2245 1083 0
2246 1086 0
2247 1085 0
2248 1085 0
2249 1085 0
2250 1084 0
2251 1085 0
2252 1082 0
2253 1085 0
2254 1085 0
2255 1086 0
2256 1086 0
2257 1085 0
2258 1086 0
2259 1086 0
2260 1086 0
2261 1086 0
2262 1082 0
2263 1084 0
2264 1086 0
2265 1086 0
2266 1086 0
2267 1086 0
2268 1086 0
2269 1086 0
2270 1086 0
2271 1086 0
2272 1086 0
2273 1086 0
2274 1086 0
2275 1087 0
2276 1095 0
2277 1095 0
2278 1095 0
2279 1095 0
2280 1095 0
2281 1095 0
2282 1095 0
2283 1095 0
2284 1095 0
2285 1095 0
2286 1096 0
2287 1096 0
2288 1096 0
2289 1096 0
2290 1096 0
2291 1095 0
2292 1095 0
2293 1095 0
2294 1095 0
2295 1094 0
2296 1094 0
2297 1094 0
2298 1093 0
2299 1095 0
2300 1092 0
2301 1093 0
2302 1093 0
2303 1097 0
2304 1097 0
2305 1097 0
2306 1096 0
2307 1097 0
2308 1096 0
2309 1099 0
2310 1098 0
2311 1098 0
2312 1098 0
2313 1100 0
2314 1101 0
2315 1102 0
2316 1102 0
2317 1102 0
2318 1102 0
2319 1102 0
2320 1102 0
2321 1102 0
2322 1102 0
2323 1102 0
2324 1102 0
2325 1102 0
2326 1102 0
2327 1103 0
2328 1103 0
2329 1103 0
2330 1100 0
2331 1098 0
2332 1097 0
2333 1097 0
2334 1097 0
2335 1097 0
2336 1097 0
2337 1097 0
2338 1097 0
2339 1097 0
2340 1097 0
2341 1097 0
2342 1097 0
2343 1097 0
2344 1098 0
2345 1098 0
2346 1105 0
2347 1103 0
2348 1105 0
2349 1104 0
2350 1105 0
2351 1104 0
2352 1102 0
2353 1100 0
2354 1098 0
2355 1098 0
2356 1100 0
2357 1101 0
2358 1101 0
2359 1101 0
2360 1101 0
2361 1102 0
2362 1102 0
2363 1102 0
2364 1101 0
2365 1102 0
2366 1103 0
2367 1103 0
2368 1103 0
2369 1105 0
2370 1103 0
2371 1104 0
2372 1102 0
2373 1101 0
2374 1105 0
2375 1107 0
2376 1105 0
2377 1104 0
2378 1102 0
2379 1104 0
2380 1102 0
2381 1107 0
2382 1105 0
2383 1101 0
2384 1106 0
2385 1106 0
2386 1105 0
2387 1103 0
2388 1103 0
2389 1103 0
2390 1103 0
2391 1103 0
2392 1103 0
2393 1103 0
2394 1103 0
2395 1104 0
2396 1104 0
2397 1104 0
2398 1104 0
2399 1105 0
2400 1105 0
2401 1104 0
2402 1104 0
2403 1104 0
2404 1104 0
2405 1104 0
2406 1104 0
2407 1103 0
2408 1103 0
2409 1103 0
2410 1102 0
2411 1102 0
2412 1103 0
2413 1103 0
2414 1103 0
2415 1103 0
2416 1104 0
2417 1104 0
2418 1104 0
2419 1104 0
2420 1104 0
2421 1103 0
2422 1102 0
2423 1102 0
2424 1103 0
2425 1103 0
2426 1103 0
2427 1103 0
2428 1103 0
2429 1103 0
2430 1104 0
2431 1104 0
2432 1104 0
2433 1104 0
2434 1104 0
2435 1104 0
2436 1104 0
2437 1103 0
2438 1103 0
2439 1103 0
2440 1103 0
2441 1104 0
2442 1117 0
2443 1111 0
2444 1110 0
2445 1105 0
2446 1109 0
2447 1110 0
2448 1107 0
2449 1109 0
2450 1110 0
2451 1111 0
2452 1114 0
2453 1111 0
2454 1113 0
2455 1111 0
2456 1114 0
2457 1114 0
2458 1112 0
2459 1115 0
2460 1115 0
2461 1115 0
2462 1114 0
2463 1113 0
2464 1112 0
2465 1114 0
2466 1113 0
2467 1114 0
2468 1114 0
2469 1114 0
2470 1114 0
2471 1114 0
2472 1114 0
2473 1114 0
2474 1114 0
2475 1113 0
2476 1114 0
2477 1114 0
2478 1114 0
2479 1114 0
2480 1114 0
2481 1114 0
2482 1114 0
2483 1114 0
2484 1114 0
2485 1115 0
2486 1115 0
2487 1115 0
2488 1116 0
2489 1116 0
2490 1116 0
2491 1116 0
2492 1116 0
2493 1116 0
2494 1116 0
2495 1115 0
2496 1114 0
2497 1114 0
2498 1114 0
2499 1114 0
2500 1114 0
2501 1114 0
2502 1116 0
2503 1114 0
2504 1114 0
2505 1116 0
2506 1117 0
2507 1115 0
2508 1115 0
2509 1114 0
2510 1116 0
2511 1117 0
2512 1120 0
2513 1118 0
2514 1117 0
2515 1122 0
2516 1119 0
2517 1123 0
2518 1121 0
2519 1121 0
2520 1122 0
2521 1121 0
2522 1121 0
2523 1121 0
2524 1121 0
2525 1121 0
2526 1121 0
2527 1121 0
2528 1121 0
2529 1121 0
2530 1121 0
2531 1121 0
2532 1121 0
2533 1121 0
2534 1121 0
2535 1121 0
2536 1121 0
2537 1121 0
2538 1121 0
2539 1121 0
2540 1121 0
2541 1121 0
2542 1121 0
2543 1121 0
2544 1121 0
2545 1121 0
2546 1121 0
2547 1123 0
2548 1125 0
2549 1124 0
2550 1122 0
2551 1123 0
2552 1122 0
2553 1123 0
2554 1124 0
2555 1123 0
2556 1123 0
2557 1123 0
2558 1121 0
2559 1121 0
2560 1122 0
2561 1124 0
2562 1123 0
2563 1123 0
2564 1122 0
2565 1123 0
2566 1126 0
2567 1126 0
2568 1126 0
2569 1126 0
2570 1125 0
2571 1126 0
2572 1126 0
2573 1125 0
2574 1125 0
2575 1125 0
2576 1120 0
2577 1117 0
2578 1117 0
2579 1118 0
2580 1118 0
2581 1118 0
2582 1118 0
2583 1118 0
2584 1116 0
2585 1116 0
2586 1116 0
2587 1116 0
2588 1116 0
2589 1117 0
2590 1116 0
2591 1116 0
2592 1117 0
2593 1117 0
2594 1116 0
2595 1116 0
2596 1117 0
2597 1117 0
2598 1118 0
2599 1118 0
2600 1119 0
2601 1124 0
2602 1123 0
2603 1122 0
2604 1122 0
2605 1123 0
2606 1122 0
2607 1132 0
2608 1131 0
2609 1129 0
2610 1128 0
2611 1126 0
2612 1126 0
2613 1127 0
2614 1126 0
2615 1126 0
2616 1125 0
2617 1125 0
2618 1128 0
2619 1124 0
2620 1125 0
2621 1124 0
2622 1123 0
2623 1123 0
2624 1123 0
2625 1126 0
2626 1127 0
2627 1127 0
2628 1128 0
2629 1127 0
2630 1130 0
2631 1128 0
2632 1126 0
2633 1128 0
2634 1130 0
2635 1131 0
2636 1128 0
2637 1130 0
2638 1129 0
2639 1129 0
2640 1129 0
2641 1124 0
2642 1127 0
2643 1127 0
2644 1127 0
2645 1127 0
2646 1128 0
2647 1128 0
2648 1129 0
2649 1129 0
2650 1128 0
2651 30 0
2652 134 0
2653 308 0
2654 475 0
2655 616 0
2656 726 0
2657 801 0
2658 919 0
2659 1020 0
2660 1037 0
2661 1046 0
2662 1047 0
2663 1049 0
2664 1052 0
2665 1062 0
2666 1061 0
2667 1061 0
2668 1061 0
2669 1061 0
2670 1061 0
2671 1060 0
2672 1060 0
2673 1060 0
2674 1059 0
2675 1059 0
2676 1060 0
2677 1060 0
2678 1060 0
2679 1060 0
2680 1060 0
2681 1060 0
2682 1060 0
2683 1060 0
2684 1060 0
2685 1060 0
2686 1060 0
2687 1060 0
2688 1060 0
2689 1060 0
2690 1061 0
2691 1062 0
2692 1062 0
2693 1061 0
2694 1061 0
2695 1061 0
2696 1061 0
2697 1061 0
2698 1060 0
2699 1060 0
2700 1059 0
2701 1060 0
2702 1060 0
2703 1061 0
2704 1062 0
2705 1063 0
2706 1063 0
2707 1064 0
2708 1063 0
2709 1063 0
2710 1063 0
2711 1063 0
2712 1063 0
2713 1063 0
2714 1063 0
2715 1063 0
2716 1063 0
2717 1063 0
2718 1063 0
2719 1063 0
2720 1063 0
2721 1064 0
2722 1063 0
2723 1063 0
2724 1063 0
2725 1063 0
2726 1063 0
2727 1063 0
2728 1062 0
2729 1062 0
2730 1062 0
2731 1062 0
2732 1062 0
2733 1062 0
2734 1062 0
2735 1062 0
2736 1063 0
2737 1063 0
2738 1063 0
2739 1063 0
2740 1063 0
2741 1063 0
2742 1063 0
2743 1063 0
2744 1063 0
2745 1063 0
2746 1063 0
2747 1063 0
2748 1063 0
2749 1066 0
2750 1067 0
2751 1067 0
2752 1067 0
2753 1067 0
2754 1066 0
2755 1066 0
2756 1067 0
2757 1067 0
2758 1067 0
2759 1067 0
2760 1067 0
2761 1066 0
2762 1066 0
2763 1065 0
2764 1069 0
2765 1065 0
2766 1065 0
2767 1065 0
2768 1064 0
2769 1064 0
2770 1064 0
2771 1065 0
2772 1064 0
2773 1063 0
2774 1062 0
2775 1062 0
2776 1062 0
2777 1061 0
2778 1061 0
2779 1061 0
2780 1061 0
2781 1061 0
2782 1061 0
2783 1062 0
2784 1063 0
2785 1062 0
2786 1068 0
2787 1064 0
2788 1063 0
2789 1065 0
2790 1065 0
2791 1066 0
2792 1066 0
2793 1066 0
2794 1065 0
2795 1065 0
2796 1065 0
2797 1065 0
2798 1065 0
2799 1065 0
2800 1065 0
2801 1065 0
2802 1068 0
2803 1068 0
2804 1067 0
2805 1067 0
2806 1067 0
2807 1067 0
2808 1066 0
2809 1066 0
2810 1065 0
2811 1064 0
2812 1064 0
2813 1065 0
2814 1067 0
2815 1066 0
2816 1066 0
2817 1066 0
2818 1066 0
2819 1066 0
2820 1066 0
2821 1066 0
2822 1066 0
2823 1066 0
2824 1066 0
2825 1066 0
2826 1066 0
2827 1066 0
2828 1066 0
2829 1066 0
2830 1066 0
2831 1066 0
2832 1066 0
2833 1066 0
2834 1066 0
2835 1064 0
2836 1064 0
2837 1064 0
2838 1064 0
2839 1064 0
2840 1064 0
2841 1064 0
2842 1064 0
2843 1063 0
2844 1063 0
2845 1063 0
2846 1064 0
2847 1063 0
2848 1064 0
2849 1064 0
2850 1064 0
2851 1064 0
2852 1063 0
2853 1063 0
2854 1062 0
2855 1066 0
2856 1063 0
2857 1063 0
2858 1064 0
2859 1062 0
2860 1064 0
2861 1064 0
2862 1064 0
2863 1064 0
2864 1064 0
2865 1064 0
2866 1064 0
2867 1064 0
2868 1064 0
2869 1064 0
2870 1064 0
2871 1064 0
2872 1064 0
2873 1064 0
2874 1064 0
2875 1064 0
2876 1064 0
2877 1064 0
2878 1064 0
2879 1064 0
2880 1064 0
2881 1064 0
2882 1064 0
2883 1064 0
2884 1064 0
2885 1064 0
2886 1064 0
2887 1064 0
2888 1064 0
2889 1063 0
2890 1063 0
2891 1064 0
2892 1064 0
2893 1064 0
2894 1064 0
2895 1064 0
2896 1064 0
2897 1063 0
2898 1063 0
2899 1063 0
2900 1063 0
2901 1063 0
2902 1064 0
2903 1064 0
2904 1064 0
2905 1064 0
2906 1064 0
2907 1064 0
2908 1062 0
2909 1063 0
2910 1063 0
2911 1063 0
2912 1063 0
2913 1063 0
2914 1063 0
2915 1063 0
2916 1063 0
2917 1063 0
2918 1063 0
2919 1063 0
2920 1063 0
2921 1063 0
2922 1067 0
2923 1066 0
2924 1065 0
2925 1068 0
2926 1066 0
2927 1066 0
2928 1066 0
2929 1066 0
2930 1066 0
2931 1066 0
2932 1066 0
2933 1067 0
2934 1067 0
2935 1066 0
2936 1066 0
2937 1067 0
2938 1068 0
2939 1066 0
2940 1068 0
2941 1066 0
2942 1066 0
2943 1066 0
2944 1069 0
2945 1065 0
2946 1069 0
2947 1067 0
2948 1064 0
2949 1065 0
2950 1066 0
2951 1067 0
2952 1065 0
2953 1071 0
2954 1071 0
2955 1071 0
2956 1071 0
2957 1071 0
2958 1071 0
2959 1070 0
2960 1070 0
2961 1069 0
2962 1069 0
2963 1069 0
2964 1066 0
2965 1068 0
2966 1068 0
2967 1068 0
2968 1068 0
2969 1068 0
2970 1069 0
2971 1069 0
2972 1069 0
2973 1069 0
2974 1069 0
2975 1069 0
2976 1069 0
2977 1069 0
2978 1069 0
2979 1069 0
2980 1069 0
2981 1070 0
2982 1070 0
2983 1070 0
2984 1070 0
2985 1070 0
2986 1070 0
2987 1071 0
2988 1071 0
2989 1071 0
2990 1071 0
2991 1072 0
2992 1072 0
2993 1071 0
2994 1071 0
2995 1072 0
2996 1071 0
2997 1068 0
2998 1069 0
2999 1070 0
3000 1069 0
3001 1070 0
3002 1069 0
3003 1070 0
3004 1073 0
3005 1072 0
3006 1072 0
3007 1071 0
3008 1071 0
3009 1070 0
3010 1070 0
3011 1070 0
3012 1070 0
3013 1070 0
3014 1070 0
3015 1070 0
3016 1070 0
3017 1070 0
3018 1070 0
3019 1070 0
3020 1070 0
3021 1070 0
3022 1070 0
3023 1070 0
3024 1070 0
3025 1070 0
3026 1070 0
3027 1070 0
3028 1070 0
3029 1070 0
3030 1070 0
3031 1069 0
3032 1069 0
3033 1069 0
3034 1069 0
3035 1069 0
3036 1069 0
3037 1068 0
3038 1069 0
3039 1069 0
3040 1069 0
3041 1069 0
3042 1069 0
3043 1069 0
3044 1069 0
3045 1070 0
3046 1070 0
3047 1070 0
3048 1076 0
3049 1076 0
3050 1076 0
3051 1076 0
3052 1076 0
3053 1076 0
3054 1076 0
3055 1076 0
3056 1076 0
3057 1076 0
3058 1075 0
3059 1075 0
3060 1075 0
3061 1075 0
3062 1075 0
3063 1075 0
3064 1075 0
3065 1075 0
3066 1075 0
3067 1075 0
3068 1074 0
3069 1074 0
3070 1074 0
3071 1074 0
3072 1074 0
3073 1074 0
3074 1072 0
3075 1072 0
3076 1072 0
3077 1072 0
3078 1072 0
3079 1073 0
3080 1073 0
3081 1073 0
3082 1073 0
3083 1073 0
3084 1073 0
3085 1073 0
3086 1073 0
3087 1073 0
3088 1073 0
3089 1073 0
3090 1073 0
3091 1074 0
3092 1075 0
3093 1075 0
3094 1075 0
3095 1074 0
3096 1074 0
3097 1073 0
3098 1073 0
3099 1073 0
3100 1073 0
3101 1073 0
3102 1073 0
3103 1073 0
3104 1074 0
3105 1074 0
3106 1074 0
3107 1074 0
3108 1074 0
3109 1074 0
3110 1074 0
3111 1074 0
3112 1074 0
3113 1074 0
3114 1074 0
3115 1074 0
3116 1074 0
3117 1074 0
3118 1074 0
3119 1073 0
3120 1074 0
3121 1074 0
3122 1074 0
3123 1074 0
3124 1074 0
3125 1074 0
3126 1074 0
3127 1074 0
3128 1074 0
3129 1074 0
3130 1074 0
3131 1074 0
3132 1074 0
3133 1074 0
3134 1074 0
3135 1074 0
3136 1074 0
3137 1074 0
3138 1074 0
3139 1074 0
3140 1074 0
3141 1074 0
3142 1074 0
3143 1074 0
3144 1074 0
3145 1074 0
3146 1074 0
3147 1074 0
3148 1074 0
3149 1074 0
3150 1087 0
3151 1085 0
3152 1085 0
3153 1084 0
3154 1083 0
3155 1083 0
3156 1083 0
3157 1084 0
3158 1087 0
3159 1088 0
3160 1087 0
3161 1087 0
3162 1087 0
3163 1087 0
3164 1087 0
3165 1087 0
3166 1088 0
3167 1089 0
3168 1090 0
3169 1090 0
3170 1090 0
3171 1090 0
3172 1090 0
3173 1090 0
3174 1090 0
3175 1090 0
3176 1090 0
3177 1090 0
3178 1090 0
3179 1091 0
3180 1091 0
3181 1091 0
3182 1091 0
3183 1091 0
3184 1092 0
3185 1092 0
3186 1092 0
3187 1092 0
3188 1090 0
3189 1090 0
3190 1092 0
3191 1091 0
3192 1090 0
3193 1092 0
3194 1093 0
3195 1093 0
3196 1093 0
3197 1095 0
3198 1097 0
3199 1099 0
3200 1096 0
3201 1098 0
3202 1098 0
3203 1097 0
3204 1098 0
3205 1097 0
3206 1100 0
3207 1100 0
3208 1100 0
3209 1100 0
3210 1100 0
3211 1100 0
3212 1100 0
3213 1100 0
3214 1100 0
3215 1100 0
3216 1099 0
3217 1099 0
3218 1099 0
3219 1099 0
3220 1099 0
3221 1099 0
3222 1099 0
3223 1099 0
3224 1099 0
3225 1099 0
3226 1099 0
3227 1099 0
3228 1099 0
3229 1099 0
3230 1099 0
3231 1099 0
3232 1099 0
3233 1100 0
3234 1100 0
3235 1100 0
3236 1100 0
3237 1100 0
3238 1100 0
3239 1098 0
3240 1099 0
3241 1099 0
3242 1099 0
3243 1101 0
3244 1101 0
3245 1101 0
3246 1101 0
3247 1101 0
3248 1101 0
3249 1101 0
3250 1100 0
3251 1100 0
3252 1100 0
3253 1100 0
3254 1101 0
3255 1102 0
3256 1102 0
3257 1102 0
3258 1101 0
3259 1101 0
3260 1102 0
3261 1102 0
3262 1102 0
3263 1102 0
3264 1102 0
3265 1102 0
3266 1102 0
3267 1102 0
3268 1102 0
3269 1103 0
3270 1103 0
3271 1103 0
3272 1103 0
3273 1103 0
3274 1103 0
3275 1103 0
3276 1103 0
3277 1103 0
3278 1103 0
3279 1103 0
3280 1103 0
3281 1103 0
3282 1103 0
3283 1103 0
3284 1103 0
3285 1103 0
3286 1103 0
3287 1103 0
3288 1103 0
3289 1103 0
3290 1103 0
3291 1103 0
3292 1103 0
3293 1103 0
3294 1103 0
3295 1103 0
3296 1103 0
3297 1103 0
3298 1103 0
3299 1103 0
3300 1103 0
3301 1103 0
3302 1103 0
3303 1103 0
3304 1073 0
3305 1104 0
3306 1106 0
3307 1107 0
3308 1107 0
3309 1108 0
3310 1107 0
3311 1107 0
3312 1107 0
3313 1107 0
3314 1107 0
3315 1108 0
3316 1108 0
3317 1109 0
3318 1109 0
3319 1109 0
3320 1109 0
3321 1108 0
3322 1108 0
3323 1108 0
3324 1108 0
3325 1109 0
3326 1109 0
3327 1109 0
3328 1109 0
3329 1110 0
3330 1110 0
3331 1110 0
3332 1110 0
3333 1110 0
3334 1110 0
3335 1110 0
3336 1110 0
3337 1110 0
3338 1110 0
3339 1110 0
3340 1110 0
3341 1110 0
3342 1110 0
3343 1110 0
3344 1110 0
3345 1110 0
3346 1110 0
3347 1110 0
3348 1110 0
3349 1110 0
3350 1110 0
3351 1110 0
3352 1109 0
3353 1109 0
3354 1109 0
3355 1108 0
3356 1107 0
3357 1109 0
3358 1109 0
3359 1109 0
3360 1109 0
3361 1109 0
3362 1109 0
3363 1109 0
3364 1109 0
3365 1109 0
3366 1109 0
3367 1109 0
3368 1109 0
3369 1109 0
3370 1109 0
3371 1110 0
3372 1110 0
3373 1110 0
3374 1110 0
3375 1110 0
3376 1110 0
3377 1110 0
3378 1109 0
3379 1110 0
3380 1110 0
3381 1110 0
3382 1110 0
3383 1110 0
3384 1110 0
3385 1110 0
3386 1110 0
3387 1110 0
3388 1110 0
3389 1110 0
3390 1110 0
3391 1110 0
3392 1110 0
3393 1110 0
3394 1110 0
3395 1110 0
3396 1111 0
3397 1111 0
3398 1111 0
3399 1111 0
3400 1111 0
3401 1111 0
3402 1111 0
3403 1111 0
3404 1111 0
3405 1111 0
3406 1111 0
3407 1112 0
3408 1112 0
3409 1112 0
3410 1112 0
3411 1112 0
3412 1111 0
3413 1110 0
3414 1112 0
3415 1112 0
3416 1112 0
3417 1112 0
3418 1112 0
3419 1112 0
3420 1112 0
3421 1112 0
3422 1112 0
3423 1112 0
3424 1112 0
3425 1112 0
3426 1112 0
3427 1112 0
3428 1112 0
3429 1112 0
3430 1112 0
3431 1112 0
3432 1112 0
3433 1112 0
3434 1112 0
3435 1112 0
3436 1113 0
3437 1112 0
3438 1112 0
3439 1112 0
3440 1112 0
3441 1112 0
3442 1113 0
3443 1113 0
3444 1113 0
3445 1113 0
3446 1113 0
3447 1112 0
3448 1113 0
3449 1113 0
3450 1113 0
3451 1113 0
3452 1113 0
3453 1113 0
3454 1114 0
3455 1114 0
3456 1114 0
3457 1114 0
3458 1114 0
3459 1114 0
3460 1114 0
3461 1114 0
3462 1114 0
3463 1115 0
3464 1115 0
3465 1114 0
3466 1116 0
3467 1116 0
3468 1116 0
3469 1116 0
3470 1116 0
3471 1116 0
3472 1116 0
3473 1116 0
3474 1116 0
3475 1116 0
3476 1116 0
3477 1116 0
3478 1116 0
3479 1115 0
3480 1115 0
3481 1115 0
3482 1115 0
3483 1115 0
3484 1115 0
3485 1115 0
3486 1115 0
3487 1115 0
3488 1115 0
3489 1115 0
3490 1115 0
3491 1115 0
3492 1115 0
3493 1115 0
3494 1115 0
3495 1115 0
3496 1115 0
3497 1115 0
3498 1115 0
3499 1115 0
3500 1115 0
3501 1116 0
3502 1116 0
3503 1116 0
3504 1116 0
3505 1116 0
3506 1116 0
3507 1116 0
3508 1116 0
3509 1116 0
3510 1115 0
3511 1115 0
3512 1115 0
3513 1117 0
3514 1117 0
3515 1117 0
3516 1117 0
3517 1117 0
3518 1117 0
3519 1117 0
3520 1117 0
3521 1044 0
3522 1128 0
3523 1135 0
3524 1143 0
3525 1142 0
3526 1140 0
3527 1140 0
3528 1140 0
3529 1140 0
3530 1140 0
3531 1140 0
3532 1140 0
3533 1139 0
3534 1139 0
3535 1139 0
3536 1139 0
3537 1139 0
3538 1139 0
3539 1139 0
3540 1138 0
3541 1138 0
3542 1138 0
3543 1138 0
3544 1138 0
3545 1138 0
3546 1139 0
3547 1139 0
3548 1139 0
3549 1139 0
3550 1139 0
3551 1139 0
3552 1139 0
3553 1139 0
3554 1139 0
3555 1139 0
3556 1139 0
3557 1139 0
3558 1138 0
3559 1138 0
3560 1138 0
3561 1139 0
3562 1139 0
3563 1139 0
3564 1138 0
3565 1139 0
3566 1139 0
3567 1139 0
3568 1139 0
3569 1139 0
3570 1139 0
3571 1139 0
3572 1139 0
3573 1142 0
3574 1143 0
3575 1143 0
3576 1142 0
3577 1141 0
3578 1142 0
3579 1142 0
3580 1143 0
3581 1143 0
3582 1143 0
3583 1143 0
3584 1143 0
3585 1146 0
3586 1145 0
3587 1144 0
3588 1144 0
3589 1143 0
3590 1143 0
3591 1143 0
3592 1143 0
3593 1143 0
3594 1143 0
3595 1143 0
3596 1143 0
3597 1142 0
3598 1139 0
3599 1139 0
3600 1141 0
3601 1141 0
3602 1138 0
3603 1139 0
3604 1137 0
3605 1138 0
3606 1141 0
3607 1135 0
3608 1135 0
3609 1135 0
3610 1135 0
3611 1135 0
3612 1135 0
3613 1135 0
3614 1138 0
3615 1138 0
3616 1138 0
3617 1138 0
3618 1138 0
3619 1138 0
3620 1138 0
3621 1138 0
3622 1138 0
3623 1138 0
3624 1138 0
3625 1137 0
3626 1137 0
3627 1137 0
3628 1137 0
3629 1136 0
3630 1136 0
3631 1136 0
3632 1136 0
3633 1136 0
