1.5573457766313623 -2.007987563012874e-05 -1.9167345036463235e-05
1.5560268154938333 0.036237479445604799 0.034711684065238849
1.5527585903335492 0.07364531329333357 0.070714131295629867
1.5472803220153037 0.11134169088707432 0.10683530860608535
1.539898640139356 0.14918013870386726 0.14253865897469531
1.5314013189308804 0.18553398618122471 0.17695704243800536
1.51980371349576 0.22207880469296165 0.21128117877606356
1.5047855827469652 0.25976919035973911 0.24622570174656233
1.4869815730364204 0.29752792440361764 0.2809664809813669
1.4670990310857206 0.33502329887129689 0.3152172722892817
1.4453209888488696 0.37195868661205078 0.3482105399587892
1.4195632861318093 0.408677347924499 0.38015878314839446
1.3897126177231129 0.44517494722540962 0.41130253748812712
1.3566551034253065 0.48100803533792869 0.4412803080516905
1.3214082931845352 0.51611045465196059 0.47001810908606001
1.2827939949556644 0.55001549689361318 0.49678540027564727
1.2393565691452784 0.58228634474290486 0.52124150973714689
1.1922185122206923 0.61304991195316549 0.54332211076069659
1.1423162889765419 0.64222958874375169 0.56257913759599276
1.0902665393111839 0.67008744884422233 0.57943227262644481
1.0351142985415089 0.69525887801568431 0.5919336745557443
0.97712812624245071 0.71735234541495707 0.60007621471694839
0.91710971822389653 0.73688237131303302 0.60436112219346716
0.85560181499940069 0.75396873351418647 0.60466171852912687
0.79281553323423171 0.76864735589912681 0.60083227457037625
0.7294275240134025 0.77985041819023027 0.591318173098202
0.66620293564255162 0.78796106877072314 0.57677248587443319
0.60340672034128295 0.79350490883936231 0.55747142356629031
0.54111649365895276 0.7968420035692767 0.5334538315987053
0.48063385803331526 0.79751375215840647 0.50349987675944707
0.42308185657563369 0.79598844135853786 0.46832950302421816
0.36862503390362411 0.79280951778416231 0.4285836673840614
0.31671336664632488 0.78833381851466178 0.38426346032838732
0.26799438424729538 0.78283293867808279 0.33400116617898185
0.22428638058877651 0.77759855413631229 0.27803114106774601
0.18621287214573448 0.77380792481471161 0.21804010266212814
0.15295469589905783 0.7723287321566713 0.15510638818250191
0.12337950781762322 0.77411924269079857 0.089567321670434477
0.097159319162294727 0.78053067672485565 0.02485895004615089
0.072688845361940452 0.78889816584264028 -0.037960825527246056
0.048186116640936139 0.80003387893644029 -0.10189590889857644
0.02308430149507526 0.81601479195895155 -0.1677152165833217
-0.0038704814836868218 0.83859551161073564 -0.2309502296164577
-0.033241424188523355 0.86516215248985162 -0.28960791854483425
-0.065931346777162586 0.89540360910517358 -0.34378944200652417
-0.10220756814048659 0.92849823251769792 -0.39381597367935034
-0.14293481038998998 0.96339309007721607 -0.43722222756065388
-0.18596566850165908 0.99803309008938734 -0.47564121149440081
-0.23213329123978338 1.0328970930991896 -0.50953213883903559
-0.28158868030685014 1.0676741236212131 -0.53880241930728656
-0.33459357499577702 1.1015534497857711 -0.56206985965196354
-0.3894922998842979 1.133615141014531 -0.5799183796741737
-0.44578718876375156 1.1635710339117931 -0.59320141223753087
-0.50355015449700247 1.1913225019737439 -0.60200032639172141
-0.56294482203199225 1.2162109988789953 -0.6057061047382587
-0.62326495177305752 1.2375091525983983 -0.6037258759487526
-0.68327482777070181 1.2561311765380698 -0.59839312865252958
-0.74306309488782984 1.2715458868026206 -0.58940805042255895
-0.80240540888795286 1.2834405557288584 -0.57660310245508606
-0.86067992852914699 1.2911529855962229 -0.55950205517694462
-0.9176784278823038 1.2954819982383547 -0.53897101579561624
-0.97345130694447213 1.2975099175620595 -0.51625503592325162
-1.0273879791236229 1.2964805114712046 -0.49148577088443041
-1.0786151741765311 1.291744467450066 -0.46463882114093846
-1.1269734514035008 1.2833584567142511 -0.43561057215983856
-1.1737000462164509 1.272794392436345 -0.40521830679247867
-1.2187190056366994 1.260191013228773 -0.37381975171625836
-1.2615884151145449 1.2454242658118828 -0.34148777974389405
-1.3010417288976384 1.2284215037379931 -0.30842368389924363
-1.3377113848478206 1.2092782433034199 -0.27427515042354517
-1.3733995535471355 1.1887541519697562 -0.2395634336239322
-1.4071066080546 1.1666825372521374 -0.20461108622999102
-1.4387747573475023 1.143253710173016 -0.16956470439399798
-1.4671713775075022 1.1189706623717601 -0.13515140361509595
-1.4937806756825962 1.092904325692261 -0.10011092129273091
-1.5198049552352464 1.0653991783897969 -0.063942015807593858
-1.5440565621964313 1.036670664543563 -0.028041499772096693
-1.5667755530188583 1.0067853731920617 0.0075607557592532269
-1.5871772140354958 0.97680046525932818 0.04226316670111846
-1.6054964072552942 0.94551294023638588 0.077542853755665192
-1.6228168650787416 0.91134992144011362 0.11360709410790086
-1.6386506952933033 0.87583056472180942 0.14936377914769758
-1.6527312778024035 0.84014735724298428 0.18426810934485699
-1.6648983480528281 0.80394174760346504 0.21852180532288284
-1.6745754091316913 0.76525240840779341 0.25297813233859906
-1.6817715582020141 0.72379485641712393 0.28766007458583159
-1.6867840607281364 0.68079420922804645 0.32182196383973877
-1.6902396472684349 0.63736112402381284 0.35481647551189044
-1.6910871770407208 0.59280263321914206 0.38662518247052441
-1.6880521022701351 0.54582782091617998 0.41747423498980463
-1.6815616588828195 0.49707530326108718 0.44709929667694415
-1.6720141227976011 0.44719983962314419 0.47517084533434373
-1.6603045463354837 0.39679537017318001 0.50185187783102547
-1.6441044007358612 0.34526029465898084 0.52620698515058195
-1.623306562681359 0.29253646090237279 0.54770741711571747
-1.5992332087438954 0.23956630951608943 0.5661619536404553
-1.5719634035908463 0.18658523916021605 0.58153544992068384
-1.5419766405702653 0.13371787332075585 0.59397057354803817
-1.5077277598096326 0.081726632263531579 0.60173991056319376
-1.4698298606207882 0.030902316458563443 0.6049628965839362
-1.4294068184230675 -0.018545935405403495 0.60395112680554874
-1.3868094126895858 -0.066668163338001199 0.5989607017661297
-1.3418637520860297 -0.11296319633227207 0.58912688336960184
-1.2949738295141959 -0.15642585410303203 0.57355502547737802
-1.2471636093647211 -0.19719134871063107 0.55292369627474991
-1.1991357549139494 -0.23527922007213528 0.52747577790585454
-1.1505937022051991 -0.27126932732152148 0.49739794880431326
-1.1029297691787052 -0.30351580022454844 0.46094386448482066
-1.0572777967674531 -0.33220853669749384 0.41985143078771409
-1.0136894999676913 -0.35808442134871105 0.37443328468927733
-0.97151104042212844 -0.38195260315871971 0.32390331437383552
-0.93340752331883492 -0.40318924112086713 0.2665735293709644
-0.9015677680451446 -0.42217705557772278 0.20510423093631938
-0.87538488634241174 -0.44053799354954576 0.14172246453155504
-0.85382005227184266 -0.45943417361011796 0.077001036247816346
-0.83645617049058751 -0.47998751051444893 0.012416032337160862
-0.82198755386152289 -0.50194722410752124 -0.051142194656952938
-0.80949732784850381 -0.52605896743992742 -0.11481474524989102
-0.79892178081291076 -0.55429056606633142 -0.18004973076737416
-0.79054828682228262 -0.5894176994561604 -0.24344312896317621
-0.78230944185565443 -0.62999509957391764 -0.30126603682630482
-0.77337773009830824 -0.6746275336362173 -0.35398439005607502
-0.763145606948193 -0.72296207282719049 -0.40237426653328662
-0.75063897627800191 -0.7751590185136199 -0.44567489382610609
-0.73531033796762957 -0.82973655132868185 -0.48295986338780994
-0.71779552994122053 -0.88542312225091135 -0.51554431466668826
-0.6978183926801329 -0.94246149323312578 -0.54362719109309332
-0.67471135051403974 -1.0009742193824605 -0.56659572939982994
-0.64821432563354264 -1.0595066236805892 -0.58308403473062187
-0.6195238168392998 -1.1165820982125787 -0.59504569662054219
-0.58851431421961797 -1.1726077718486756 -0.60271622732655528
-0.55495901846605433 -1.2272770531018817 -0.60581418697003497
-0.51857148246285278 -1.2797592416248176 -0.60360617871489863
-0.4800806096286665 -1.3292214949114705 -0.59667599398265481
-0.44034263461113843 -1.3760443397294804 -0.58676166388136675
-0.39912132285902691 -1.4200777034774277 -0.57332682644905819
-0.3565238519952762 -1.4604100627614216 -0.55607587683490678
-0.3128053127328424 -1.496552290609803 -0.53486711521538732
-0.268736770509312 -1.5296306897755627 -0.51126420583061227
-0.22443210381245293 -1.5594906309545333 -0.48602575080785521
-0.17996697703300032 -1.5858009843018568 -0.45888666850538018
-0.13599006021589738 -1.6074286532285904 -0.4298936304872939
-0.09244917786180068 -1.6246622355183902 -0.39914921029382883
-0.04882979151202857 -1.6398881250476929 -0.36749638740770979
-0.0055756045829264134 -1.65241298271371 -0.33489276576012045
0.037062613566522101 -1.6621488488309477 -0.30128241713497272
0.077846467253798762 -1.6682933154231576 -0.26728126253386458
0.1174985201493953 -1.6711415118993782 -0.23290966590308915
0.15750191727677296 -1.672427644684938 -0.19794519452750026
0.1967730560228049 -1.6715199080780085 -0.16281298552317225
0.23515254309792286 -1.6683619186474345 -0.12759628360659822
0.27194010578632222 -1.6630933556371765 -0.092602358886743882
0.30761439943529645 -1.6555635588705571 -0.057147627184690013
0.34404647316778691 -1.646036534689503 -0.021336318169535885
0.38025469304791526 -1.6345557160942699 0.01458151406580283
0.41496641362142761 -1.6216763960159191 0.049853602900005685
0.44777545453505274 -1.6072972883463081 0.084938034134677487
0.48115230930576813 -1.5897576592271296 0.12040519377145727
0.51464227941963547 -1.5698286158711052 0.15604928475156285
0.54719111181707758 -1.5480053612802829 0.19127368087321939
0.57856117833523379 -1.5251651597267875 0.22580186352103626
0.60877905170015545 -1.4998979615687595 0.25997051844213048
0.63860401877265183 -1.4704104877243971 0.29439853104971003
0.66767055778101414 -1.4379254685774165 0.32830899869752139
0.69564151236992289 -1.4030161856155487 0.36118263699291503
0.72255581937501401 -1.3670846505845304 0.39307104397937026
0.74754831757654339 -1.3277324590229893 0.42367570899905721
0.77053521268684144 -1.283910295888989 0.45295278896314117
0.79159180480034386 -1.2372233816531097 0.4805633762800508
0.81062525261807417 -1.1879680885235169 0.50635781755693965
0.82777991652551686 -1.1364564622716862 0.53083341512218163
0.84191613193246706 -1.0816533261996892 0.55209161855862632
0.85289440849356413 -1.0241226890021495 0.56973578294508342
0.86110969020612815 -0.96471744186416242 0.58408365608950175
0.86685587085762994 -0.90390714990602694 0.59528937518721858
0.86954040370107477 -0.84148621301052962 0.60293938273325931
0.86836089460552568 -0.77784356430522561 0.6055196974895164
0.86396040676971486 -0.71401719691646182 0.60336022366995268
0.85684555027654352 -0.65041370230734208 0.59685331546434772
0.84738710608374102 -0.58665604241636415 0.58653574595449132
0.83458100963633863 -0.52376815406343258 0.57021263507824549
0.81932074551817069 -0.4629417932464609 0.54831980108044343
0.80240394188863218 -0.40449356007618181 0.52155209524984236
0.78410428427693557 -0.3481315026153301 0.49026521215578672
0.76443338165211672 -0.29413020794602318 0.45362223461572182
0.74404826491128695 -0.2443730156041756 0.41109969148376269
0.72398881233977086 -0.19865526337373413 0.36424677886750678
0.70463303284832479 -0.1563441839607948 0.312982206473223
0.68630876962223508 -0.11681378106867592 0.25556924365669564
0.67234850085128817 -0.083367204674722806 0.19221365144164626
0.66321600445999018 -0.053960447493635863 0.12829511907823246
0.65804477526268923 -0.026747810235672857 0.064424398209043346
0.65601511895888698 -1.9051894809995208e-05 4.5785005811360334e-05
0.65803927651528082 0.026709664695065923 -0.064333459775804486
0.66320551490646396 0.05392045190761912 -0.1282042933391084
0.67233131615920305 0.083322742859682677 -0.19212340239067244
0.68628533490812482 0.11676252004201126 -0.25548489380159017
0.70460669278823296 0.15628704613382075 -0.31290547449921957
0.72396089415147247 0.19859229511273843 -0.36417714223900099
0.74401969521505784 0.24430493013606308 -0.41103663343646224
0.76440488732977696 0.29405747616797429 -0.45356606418047646
0.78407695623694296 0.34805532640608944 -0.49021554887233465
0.80237930313638117 0.40441299138051706 -0.52150999462428349
0.81929845441856308 0.46285795001834307 -0.54828460307502691
0.83456195076320916 0.52368272494637158 -0.57018413729042894
0.84737233020645131 0.58656916776396906 -0.58651366924298221
0.85683394198805285 0.6503250239635977 -0.59683728819020221
0.86395300349338688 0.71392741166998919 -0.60335154355252218
0.86835744214850008 0.7777540969728538 -0.60551720536661346
0.86954090625505587 0.84139719574179295 -0.60294312934722305
0.86686022771093807 0.90381988851814532 -0.59529908803854137
0.86111822423862461 0.96463267926883101 -0.58409815904676843
0.85290659516938705 1.0240402049989206 -0.56975524284458201
0.84193290116117092 1.0815751364743358 -0.55211540454039021
0.8278024993260501 1.1363844366876357 -0.53086062838368364
0.81065116798507197 1.1878984706122508 -0.50638712810397146
0.79161990480004185 1.2371556827398571 -0.48059685810774933
0.77056605920633647 1.2838465355290312 -0.45298961333989685
0.74758125604965731 1.3276720669709572 -0.42371502346268886
0.7225904655492954 1.367028336933152 -0.3931121416855502
0.69567786536905141 1.4029645231657446 -0.36122413287785865
0.66770876256962219 1.437879756153404 -0.32835024519737843
0.63864447690205295 1.4703694906666149 -0.29444065681973203
0.60882135804948412 1.4998582131445295 -0.26001474473119823
0.57860398703382165 1.5251283084794722 -0.22584744360765718
0.54723455695722634 1.5479720946284914 -0.19131933860893094
0.51468607821200441 1.5697990236113217 -0.1560947265417067
0.48119720223946194 1.5897315815573581 -0.12045061837940478
0.44782180122072168 1.6072733583605356 -0.084983839244125739
0.41501316298373525 1.6216551173816669 -0.049899811572064051
0.38030142519622989 1.6345373575409412 -0.014627959646951235
0.34409422095830666 1.6460212256552527 0.02128983317767327
0.30766458557899634 1.6555506978982204 0.057100583675845674
0.27199020344574731 1.6630825231973012 0.092556163446698925
0.2352019791932031 1.6683540833530599 0.12755059225840532
0.19682467728713851 1.671515602315536 0.16276635169584147
0.1575547634621999 1.6724262758892805 0.19789843393765261
0.11755386072897386 1.671144443751982 0.23286256526646948
0.077901672813871226 1.6682970863444697 0.26723590489341553
0.037116274716599729 1.6621550400812821 0.3012392489123113
-0.0055196677242966286 1.6524256389618035 0.33484926537211557
-0.048772675492532475 1.6399055790195547 0.36745280868447466
-0.092391053910673204 1.6246849066804443 0.39910646124632326
-0.13593113944627394 1.6074550332214947 0.429852032561027
-0.17990765024182687 1.5858326489818741 0.45884722644362891
-0.22437230812141956 1.5595274051488872 0.4859895961877379
-0.26867803947691005 1.5296678559110592 0.51123141020869345
-0.31274845599993384 1.4965952129628644 0.53483811326984765
-0.35646796158389615 1.460461791353596 0.55604970144130916
-0.39906644723448303 1.4201352319201122 0.57330446841483684
-0.44028935015247528 1.3761060378915113 0.58674401808405752
-0.48002897268433731 1.3292869334385611 0.59666301527947441
-0.51852236877261948 1.2798284419091961 0.60359961281743635
-0.55491259962704464 1.2273490488267786 0.60581366309049667
-0.58847112828207215 1.172682070802108 0.60272224462206714
-0.61948467759858517 1.1166577464780547 0.59505881649916914
-0.64817884195357867 1.0595822107672412 0.58310302403738801
-0.67468033332178357 1.0010519576576562 0.56662093871474906
-0.69779043330594948 0.94253977369438113 0.54365934999818122
-0.71777172209311524 0.88549928450204096 0.515583247038918
-0.73529100875601494 0.82981066947719229 0.48300573949959236
-0.75062234859585197 0.77523220252187941 0.44572727387527161
-0.76313170158754984 0.7230300684765818 0.402433965714037
-0.77336688322765501 0.67469112607988257 0.35404966014108336
-0.782300109381311 0.6300549397102172 0.30134042317619442
-0.79053836879699224 0.58947020040013631 0.24352691389031733
-0.79890987313561601 0.55433007652115951 0.18013516611341016
-0.80948548633030659 0.52609313957696491 0.1148970372268064
-0.82197287275238562 0.50197982822849674 0.051227573084665481
-0.83643633955946495 0.48001692362616089 -0.012328148523518058
-0.85379584262205865 0.45945866702131621 -0.07691443570788814
-0.87535635607113604 0.4405616582207515 -0.1416378383114246
-0.90153219697586418 0.42220140736006823 -0.20502039424929128
-0.93336372901312092 0.40321508242849435 -0.26649328739357114
-0.97146064942263621 0.38198209585719411 -0.32383163636351686
-1.0136363727974078 0.35811587441837939 -0.37436766227466056
-1.0572207922922372 0.33224375821932511 -0.41979152923292024
-1.1028710091117129 0.30355475093607431 -0.46089153665542348
-1.1505354652893416 0.27131127262028099 -0.49735137538578544
-1.1990769430916286 0.23532450755757839 -0.52743397736085174
-1.2471054146763338 0.19724157154220848 -0.55288886702855178
-1.2949170556874139 0.15647904952162078 -0.57352583118541045
-1.3418092240461006 0.11301907284805335 -0.58910245010972873
-1.3867573705030456 0.066728608961548974 -0.59894330439799248
-1.4293555622342553 0.018608343913884183 -0.60393863734429964
-1.4697820160671173 -0.030837483813606154 -0.60495708087476296
-1.5076825454411265 -0.081660491872666455 -0.60173935682994717
-1.541936075318604 -0.13365200355378468 -0.59397383261462677
-1.5719274747843419 -0.18651796479496399 -0.58154341935647214
-1.5991982986792201 -0.23949853324740586 -0.56617489705112856
-1.623279397599954 -0.29247035222739343 -0.5477246983816253
-1.6440853379921785 -0.345195502655886 -0.52622742117530685
-1.6602876712079369 -0.3967299805622011 -0.50187472906992669
-1.6719995895795368 -0.44713508347749464 -0.47519862132725765
-1.6815508993755233 -0.49701229449814793 -0.44712961515238347
-1.6880458326129593 -0.54576735366632656 -0.41750701415932484
-1.6910843315563395 -0.59274384873960229 -0.38666004045766655
-1.6902399391140284 -0.63730487908152744 -0.35485149889944023
-1.686790006487787 -0.68074294720029838 -0.32185633656132862
-1.6817812931246348 -0.72374472280722668 -0.28769559168865388
-1.6745864640465133 -0.76520118577341534 -0.25301645435077097
-1.6649111755567891 -0.80389265229346685 -0.21856186981810771
-1.6527461355743978 -0.84010067014564982 -0.18430871059364268
-1.6386672573601535 -0.87578600243307003 -0.14940570140013548
-1.6228354442674251 -0.91130664129292749 -0.11364965870823761
-1.6055163249207733 -0.9454722132236939 -0.077584958519650513
-1.5871992834634223 -0.97676147007649927 -0.042306390747782904
-1.5667978537934715 -1.0067486209114542 -0.0076047804103177739
-1.5440807490722286 -1.0366367502714577 0.027998421312023729
-1.5198328516093236 -1.0653649882554619 0.063898022560058151
-1.4938086760312825 -1.0928723324314076 0.10006857825047628
-1.4672019567885275 -1.11894101939116 0.13510909877121968
-1.438808670895988 -1.143224520609063 0.16952141695781697
-1.4071424645586272 -1.1666553341563402 0.20456824799665879
-1.3734401306975124 -1.1887284991923235 0.23952007709350745
-1.337750573176143 -1.2092533542588453 0.27423411919116036
-1.3010815721317119 -1.2283997229261088 0.3083844864083618
-1.2616341726445923 -1.2454059736622534 0.34144745283561984
-1.2187687069355384 -1.2601758973585695 0.37377917781114001
-1.1737536196146647 -1.2727824277929372 0.40517842103156448
-1.1270286684526118 -1.2833480935826085 0.43557239334257647
-1.0786734866134231 -1.291737750549482 0.46460291541267118
-1.0274488050536812 -1.2964764875812906 0.49145374204063003
-0.97351131913280087 -1.2975072555054146 0.51622611460003476
-0.91774177426433912 -1.2954865307329968 0.53894520102634413
-0.86074724937614711 -1.2911631821647163 0.55947821940285036
-0.8024745166486229 -1.283455283618294 0.57658449576065263
-0.74313289779926317 -1.271564323266805 0.58939407996766291
-0.68334498226753926 -1.2561527636463388 0.59838338897681431
-0.62333450260404344 -1.2375344788263196 0.60372183095588017
-0.5630149317087183 -1.2162398816728714 0.60570547669004804
-0.50361967023653809 -1.1913550070637726 0.60200624920488222
-0.445853818933028 -1.1636059504029721 0.59321384679057942
-0.38955691912187018 -1.1336523687983078 0.57993591619377993
-0.33465629277406689 -1.1015941528285229 0.56209375654970939
-0.28164866738127015 -1.0677158066950088 0.53883286208108394
-0.2321887444547053 -1.0329395654502391 0.50956899299702418
-0.18601727574467886 -0.99807632455732909 0.47568453907329533
-0.14298317270855435 -0.96343584972447027 0.43727130326505415
-0.10225183574763644 -0.92853918427964377 0.39387093969129111
-0.065971643170075631 -0.89544237046202879 0.34385001559225187
-0.03327735816341898 -0.86519729073113849 0.2896747404853065
-0.0039028342307746156 -0.83862591533770947 0.23102193802193835
0.023055417276808321 -0.8160388340877367 0.16779104155442157
0.048158445620310186 -0.8000516323611121 0.10197174512385304
0.072660895459845526 -0.78891205221231997 0.038036552540395327
0.097129984560334143 -0.78054017536985387 -0.024782901434116194
0.12334843685486871 -0.77412493085312351 -0.089490891155116756
0.15291922832092283 -0.77233016530434562 -0.15503093969455836
0.18617282292607898 -0.77380623552369521 -0.21796763982482986
0.22424082352733962 -0.77759440785766087 -0.277961693820442
0.26794230711720712 -0.78282781287555703 -0.33393784581730568
0.31665648207632568 -0.78833003952928504 -0.3842073899939491
0.36856484280889201 -0.79280641781248029 -0.42853265101061799
0.42301847953693372 -0.79598653120464946 -0.46828361108532085
0.48056761502166856 -0.79751421919254206 -0.50345973594726823
0.54104735423942996 -0.79684582246150504 -0.53342033331760874
0.60333618034795478 -0.79351123119135558 -0.55744373153822535
0.66613212715680314 -0.78797043158594704 -0.57675037059109646
0.72935658617971066 -0.77986307155813361 -0.5913011899882491
0.7927438967356415 -0.76866363032040086 -0.60082143211810968
0.85553122096021061 -0.75398779441740349 -0.60465649816335676
0.91704134017156069 -0.73690472976288501 -0.60436058777723156
0.97706112222650043 -0.71737734720517876 -0.60008021901728392
1.0350499870550498 -0.69528660058503167 -0.59194199360615263
1.0902042485562287 -0.6701177832194104 -0.57944481003742276
1.1422566650974235 -0.6422616067583804 -0.562596482985393
1.1921651084527243 -0.61308462564283206 -0.54334236869483321
1.2393086005407778 -0.58232407117696416 -0.52126486922679283
1.2827469723793625 -0.55005468662445411 -0.49681190440822853
1.3213641700194545 -0.51615022022337842 -0.47004901529994059
1.3566152687199797 -0.4810484565077412 -0.44131297539232495
1.3896763672167181 -0.44521590788910997 -0.4113369117217251
1.4195302887977845 -0.40871882421468725 -0.38019438425573304
1.4452922282346476 -0.37200007720667549 -0.34824605959101529
1.4670768204594105 -0.33506400986487239 -0.31525200000161158
1.4869626712226385 -0.29756974936633657 -0.28100271328529441
1.504767275453784 -0.2598122155520588 -0.24626409143389857
1.519788255942581 -0.22212155303364353 -0.2113205773516946
1.5313885565309486 -0.18557608684283872 -0.17699642886908748
1.5398893186153175 -0.14922065195108022 -0.14257700355587033
1.5472738476175747 -0.11138306622938657 -0.10687365182532862
1.552753661656316 -0.073688466617372439 -0.070753588180066357
1.5560241706263505 -0.036279239660337255 -0.034750671381019525
