19.4130935840815 1.13274155128653 -2.95420924876621
19.6567271059973 0.114570993760025 -2.52200466193905
19.8009082313594 -0.894302891749992 -2.02864953789643
19.8479348114136 -1.88880399060494 -1.49000218946815
19.7997138121473 -2.86592778323563 -0.920902932603005
19.6570105093666 -3.82376623341346 -0.335268856634641
19.4191081938471 -4.76050533922895 0.253593332032354
19.0839051820879 -5.67349153693806 0.832564586417515
18.6484425717724 -6.55844117174735 1.38828956909203
18.1098208765774 -7.40886514180064 1.90685792926747
17.4664150247627 -8.21578936619956 2.37369111463118
16.719235539299 -8.96785251721793 2.7737167090787
15.8732241228998 -9.65183863080517 3.09187436623056
14.9382367184815 -10.2536483884366 3.31394112178621
13.9294727569104 -10.7596377571526 3.42760084254841
12.8671573671148 -11.1581723154061 3.42362909050818
11.7753635840649 -11.4411728703441 3.29703400188294
10.6799632759387 -11.6053674641043 3.0479933968368
9.60581743830642 -11.6529182145473 2.68246356419236
8.57346865451049 -11.5910741431734 2.212412985734
7.59579418298412 -11.4305709780142 1.65575615300752
6.675321874079 -11.1827852289028 1.03619618179881
5.80318147091082 -10.8563131081321 0.383226851837268
4.96082511655154 -10.4545979160051 -0.267665908054451
4.12522682339726 -9.97665271836293 -0.875114683969163
3.27663474570934 -9.42156194420813 -1.3934408376801
2.4057789612437 -8.79463148681003 -1.77676372542768
1.51712046609573 -8.11155638526111 -1.98538848456127
0.627060427669109 -7.39839881348159 -1.99226884029026
-0.242087201866365 -6.68775694585596 -1.79071564621463
-1.07116885294934 -6.01108044571243 -1.39682930511752
-1.85250798349996 -5.39127221349236 -0.844954241371005
-2.59577487199589 -4.83741797167677 -0.182581498815468
-3.32833179607567 -4.34365024453701 0.536163473683485
-4.08804707329593 -3.89313159926653 1.25494985494096
-4.9102713154594 -3.4655223080213 1.91701079453078
-5.81484517005848 -3.04409512155145 2.46684937609295
-6.7990741468537 -2.61940742593767 2.8543854798301
-7.83846674068933 -2.18932134067438 3.04055922588556
-8.8928449337706 -1.756805204162 3.00534649176526
-9.91734079960048 -1.32665820873875 2.75088620526436
-10.8739393401841 -0.902066659883432 2.30051209388493
-11.7409239172969 -0.481345579291943 1.69372839272207
-12.5157381669964 -0.0557644407904182 0.976680432552809
-13.2118677696741 0.390782916614513 0.195400055047913
-13.8498147187869 0.879663114739961 -0.608939724195024
-14.446866364846 1.43343532588004 -1.40141081314765
-15.0108503123605 2.07133867266124 -2.1525505222653
-15.5393173159276 2.80572424238628 -2.83724205939901
-16.0222179282742 3.64014223945027 -3.43424289791152
-16.4456314995275 4.5691602728795 -3.92639940522903
-16.7950980163404 5.57956283857317 -4.30115679516055
-17.0580315252945 6.65239965230407 -4.55096874801859
-17.2251727210171 7.7653689975336 -4.67337717612036
-17.2912171583648 8.89513977705352 -4.67070134218609
-17.2548019705546 10.0193488176598 -4.54938734216094
-17.1180332512689 11.118121839975 -4.31912521215652
-16.885721535598 12.1750525068848 -3.99185961212805
-16.5644744205003 13.1776404847016 -3.58081603946499
-16.161774581994 14.1172427577762 -3.09964603087912
-15.6851466985957 14.988634183535 -2.56176602134159
-15.1414873931323 15.7893005163198 -1.97992933110876
-14.5366006004332 16.518595685705 -1.36603475658732
-13.8749518489014 17.1768840952599 -0.73114502323341
-13.1596340502268 17.7647629656797 -0.0856687400259346
-12.3925267936379 18.282428412189 0.560348783501211
-11.5746287025419 18.7292211932982 1.19688077536423
-10.7065426456927 19.1033691659385 1.8135726242263
-9.7890903334576 19.401933392878 2.39944473586512
-8.82402200693401 19.620959509988 2.94269598736539
-7.81476832364817 19.7558299840649 3.4306593539122
-6.76715883338333 19.8018021671928 3.84995718097432
-5.69001050155166 19.754700126157 4.18689160572661
-4.59547615876881 19.6117059565298 4.42808424604543
-3.49904025487806 19.372170353709 4.56134905946219
-2.4190603694648 19.0383338541417 4.57674511621207
-1.37578111921419 18.6158204827002 4.46771483481507
-0.389798831021679 18.1137373105453 4.23217342892257
0.51996037556775 17.5441934541808 3.8733880976909
1.33856091680846 16.9210540989053 3.40049145609618
2.05731959015856 16.2577961932814 2.82854436577627
2.67546108658724 15.5644882287534 2.17823265399498
3.20048532550907 14.8442862297688 1.4755453294715
3.64666598581414 14.0905713864384 0.751986758785041
4.0316562726532 13.2868999593396 0.0456036685115361
4.37215673520079 12.4123152748117 -0.598058826763693
4.68040853097389 11.4521330038717 -1.12738077473826
4.96306712478297 10.409211896533 -1.49036667103411
5.22256086728236 9.3088759050004 -1.64318457041366
5.46029934231553 8.19543282163752 -1.56194685533256
5.67960921246175 7.11980902150074 -1.24854325545862
5.88792524877635 6.12416518129234 -0.730864595105533
6.09823747212237 5.22753002345435 -0.0574971914286629
6.32937519784839 4.41914443783183 0.713026857472275
6.60401926100376 3.66103603873329 1.51908793498946
6.9434246694977 2.90206375299688 2.29895786742372
7.36019163348674 2.09731772680595 2.99042012909859
7.85245548093608 1.22328992283619 3.53236384066304
8.40240282331275 0.283133810594877 3.87038903136597
8.97860862697323 -0.696361566529898 3.96763816315306
9.54311640839389 -1.67491586386967 3.811692060303
10.0598135672735 -2.61114734509631 3.41653882435578
10.501987722096 -3.47462552310832 2.81877949139789
10.8571765064674 -4.25525321214309 2.06927632815439
11.1261054237822 -4.96555445947385 1.22097939873399
11.3180876656335 -5.63686443613178 0.322058591955566
11.4433078561944 -6.30912616844536 -0.587034502217666
11.5062937625358 -7.01907497129489 -1.47237620034789
11.5040296433999 -7.79199030083354 -2.30416495818861
11.4284142065476 -8.63857922921115 -3.05546574162945
11.2703648589862 -9.55572832775767 -3.70254701328077
11.0232451364112 -10.5293806134505 -4.22611905007364
10.684713011556 -11.53825903661 -4.61261092779528
10.2570906584549 -12.5576033922446 -4.8549090108881
9.74672307324311 -13.5623969962522 -4.95235097314894
9.16280598672754 -14.5298018904815 -4.91004723775201
8.51605667101219 -15.440714716794 -4.73774399819004
7.81747831083645 -16.28049432466 -4.44847641023116
7.0773629321633 -17.0389971607661 -4.05723072359039
6.30459696766117 -17.7100964347662 -3.57977569189486
5.50627650179196 -18.2908684685795 -3.03175948979059
4.68760258440125 -18.7806161772797 -2.42811089942321
3.85200703627994 -19.1798739953487 -1.7827381947053
3.00145278207818 -19.489506907938 -1.10848776060916
2.13685681654929 -19.7099836696928 -0.417306628124797
1.25859426285377 -19.8408754004908 0.279453686899411
0.367053155643809 -19.8806086182795 0.97065468450398
-0.536784036627444 -19.826486414305 1.64497047528296
-1.45075836762767 -19.6749794514046 2.29052971034701
-2.37098921791102 -19.4222744116557 2.89466103931227
-3.2914196015731 -19.0650470225342 3.44380245985327
-4.20352023010472 -18.6013990452128 3.92362746384024
-5.09622627917186 -18.0318672348547 4.31942311690639
-5.95617284158645 -17.3603836178059 4.61672678799842
-6.76827259705039 -16.5950463700674 4.80219233222488
-7.51664425436159 -15.7485522965389 4.86461806016244
-8.18585487563388 -14.8381461274765 4.79603263741535
-8.76238319952114 -13.8849592506391 4.59270576628185
-9.23614230179282 -12.9126442174302 4.25593461825414
-9.60181666858739 -11.9452678489217 3.79246605598393
-9.85967668400015 -11.0045139983711 3.21446688406138
-10.0154621159749 -10.1063782173472 2.53906957364751
-10.078961994264 -9.25773097888096 1.78770030226965
-10.0612357372719 -8.45343594924652 0.985583966943495
-9.97119354467974 -7.67521016812746 0.161878183160537
-9.81326408740605 -6.89392868591064 -0.649387675328544
-9.5880838968761 -6.07662446884996 -1.40818549030439
-9.29647253924389 -5.19686514016736 -2.06883475577102
-8.94443264711074 -4.24404438628944 -2.58350289699762
-8.54620363881541 -3.22728524343581 -2.90834584104947
-8.12463944643492 -2.17367719475129 -3.01327271096707
-7.70762640638589 -1.12027159391247 -2.88833530321782
-7.32270444120199 -0.10351770514725 -2.54632039679638
-6.99143936047559 0.851629223824315 -2.02075743020322
-6.7250513525936 1.74061036657497 -1.36021707054082
-6.52334862006205 2.58221325417993 -0.61974493837233
-6.3758502769223 3.41445790283943 0.143943916752031
-6.26535720422658 4.28197312161917 0.874531880905111
-6.17225566308727 5.21950900757138 1.51666502160388
-6.07779957119095 6.23964383734719 2.01860115217928
-5.96578216431112 7.32972819376813 2.33778619482028
-5.82313759145947 8.45706472339562 2.4463324364502
-5.64065938238939 9.57830486551489 2.33761175994927
-5.41303624901849 10.6516982375996 2.02650268688907
-5.13796245735469 11.6479156565232 1.54611274661962
-4.81342771185764 12.5553237608191 0.939209367198409
-4.43528953325699 13.379809544495 0.25175607262499
-3.99568545618537 14.1385129815742 -0.472700595237317
-3.48361430890039 14.8504933235227 -1.19581327650523
-2.88762461085147 15.5291154458701 -1.8847359148746
-2.19927171475515 16.1788369073708 -2.51152715664077
-1.41581119740211 16.7958506170064 -3.05286620442032
-0.541336003032628 17.3706883570561 -3.49031735719597
0.413609671084087 17.8912269627476 -3.81081203256018
1.43347838847929 18.3452708861285 -4.00696437550756
2.49969666034148 18.7224025297931 -4.07700214515088
3.59272826574404 19.0150567920266 -4.02426707692544
4.69390329146881 19.218894697281 -3.85635566888709
5.7868050261913 19.3326048062818 -3.58403582996231
6.85810704165026 19.3572892934001 -3.22010038650925
7.89784502646425 19.2956052270178 -2.77831257051086
8.89918888583682 19.1508293552476 -2.27256612891475
9.85783933249728 18.9259944735588 -1.71633199124603
10.7711994457108 18.6232110555071 -1.12240800045029
11.6374649047957 18.2432491000399 -0.502941965587328
12.454748225527 17.7854223558991 0.130331149838624
13.2203197673074 17.2477943344396 0.765711335648049
13.930025560263 16.6277081968473 1.39109502562561
14.5779332088346 15.9226205593162 1.99356205822993
15.1562558008283 15.1311839560619 2.55908036137165
15.6555976841736 14.2544742353634 3.07242089987913
16.0655448444742 13.2972085890069 3.51736140346543
16.3755842746146 12.2687639526203 3.87722503853912
16.5762877705689 11.183796376368 4.13575357861754
16.6606453905418 10.0622804009702 4.27826323361828
16.6253868912744 8.92882562754471 4.29298339602057
16.4720828259909 7.81117980336794 4.1724374538108
16.2077649570381 6.7379001638497 3.91469222840315
15.8447495169458 5.73528756687177 3.52428779707616
15.3993083639454 4.82385610991736 3.01268821806925
14.8888783287353 4.01486318860532 2.39820664643231
14.3277849189068 3.30770898595669 1.70557974958876
13.7222614398245 2.68920569316643 0.965624417403778
13.06702387631 2.13562624326583 0.21544311969084
12.3469125349669 1.61785748826683 -0.500952246566775
11.545552143268 1.10868867107709 -1.13300682336518
10.6575778598715 0.589577444989849 -1.62711803964732
9.69704626817764 0.0539499224733451 -1.93346690587403
8.69840808177441 -0.493747169535908 -2.01680777864791
7.70858427256606 -1.04244496296321 -1.86394455967601
6.77501379366644 -1.58033485146003 -1.48663618488609
5.93331530519738 -2.10105611230122 -0.919168816744714
5.19759971016615 -2.60902028761157 -0.211662483812106
4.5579949438257 -3.12160232164803 0.579937480204072
3.98421183292687 -3.66661473513368 1.39928062686479
3.43595708011856 -4.2742891660277 2.19134957589655
2.87587185297577 -4.96648431115465 2.90162991077948
2.27937493423627 -5.74812710377774 3.47694179604208
1.63843051191651 -6.60443420995951 3.86950264165574
0.960357130984283 -7.50308162367551 4.0453019728304
0.26252043384006 -8.4018664794246 3.98995306049129
-0.434579225181469 -9.25817724947717 3.71104412896683
-1.11437528709759 -10.0380454041267 3.23609201055162
-1.77016236875046 -10.7227819160652 2.60688882404601
-2.4078632614936 -11.3097379362553 1.87013205106044
-3.04526562329534 -11.8089657392458 1.07149477753586
-3.70746062711933 -12.2355840901764 0.251718746104792
-4.42012390024284 -12.6013907861772 -0.554312909790926
-5.20338852148987 -12.9098778391822 -1.31674032637371
-6.06803588738058 -13.1560919940852 -2.00974305969337
-7.01418876587954 -13.329724590845 -2.61123688972089
-8.03199454150363 -13.4190190110163 -3.10326834518264
-9.10366852075953 -13.4139547017262 -3.47272155265182
-10.2062680018216 -13.3081921756366 -3.71190311587981
-11.3146280600624 -13.0998403609794 -3.81872297655392
-12.404020681268 -12.7913157869719 -3.79638550354272
-13.4522562074504 -12.3885951821346 -3.65265248172923
-14.4410883713046 -11.9001331313464 -3.39881902185782
-15.356897160637 -11.3356702923553 -3.04856966460454
-16.1907093759114 -10.7051091011336 -2.61687378706106
-16.937679838272 -10.0175850358554 -2.1190495507521
-17.5961977732217 -9.28081225850321 -1.57008207479464
-18.1668001850266 -8.50073507373273 -0.984231610857614
-18.6510652245628 -7.68147669951861 -0.374919935412189
-19.0506277690756 -6.8255503934522 0.245153670547951
-19.3664174360946 -5.93428709556049 0.863737268348911
-19.5981786626504 -5.00843400758025 1.46867072814416
-19.7443012207394 -4.0488806406967 2.04752929526712
-19.8019674296236 -3.05746348639125 2.58734393680551
-19.7676028401554 -2.0377833724512 3.07447271210814
-19.6375928026913 -0.995944535025518 3.49468833106559
-19.4091951541207 0.0588977765188668 3.83352666181471
-19.0815433105099 1.11430098729247 4.07690666758708
-18.6566030784337 2.15471283696853 4.21198767524908
-18.139928616581 3.16212475447735 4.22818368421935
-17.541061248555 4.11720485646689 4.11821626206526
-16.8734269564167 5.00084699439126 3.87906451471663
-16.1536104284312 5.79599795629089 3.51266725062973
-15.3999150863278 6.48954055809641 3.02625460309324
-14.6301679595632 7.07391215256071 2.43224560326498
-13.8588202591446 7.54803738331018 1.74776159353158
-13.0935846466997 7.9171099269246 0.993979887477088
-12.3322409107036 8.1909154942639 0.19574040684459
-11.5609196773185 8.38093331474326 -0.618140406646004
-10.7558520541112 8.49732254919664 -1.4137581067985
-9.89006620453395 8.54739991303109 -2.15100319801605
-8.94367154724244 8.53646577725656 -2.78410525005848
-7.91312839129132 8.47022535012704 -3.2651837987626
-6.81525694102865 8.35711599216113 -3.54998069313148
-5.68583816828528 8.21015796275571 -3.60725838764933
-4.57173680946975 8.04643232543058 -3.42478066088202
-3.52041889059322 7.88524343241121 -3.0119645205728
-2.56883450515339 7.7456050737717 -2.39838149880237
-1.73326176249859 7.64383886576449 -1.62864227500109
-1.00451720190019 7.59261911074157 -0.752884470111621
-0.347100048295662 7.60050768531545 0.178931225780484
0.293674243210677 7.67194278839789 1.11970709052679
0.977077831488146 7.80695784749239 2.02304231941705
1.75028045064666 8.00038193225154 2.83971118230146
2.63658163266983 8.24109891704037 3.51790546358093
3.63208907816316 8.51219439200272 4.00785183050951
4.70799962033553 8.79184062912326 4.27149761303078
5.81941453410864 9.05610565689128 4.28934507120655
6.91619862079201 9.2823556598435 4.0640161789354
7.95427542326299 9.4524906061868 3.6196745675616
8.90571932917806 9.55504563580354 2.99739943439828
9.76551250231264 9.58536682172638 2.24769016617205
10.5507803787758 9.54256651207643 1.42108864378868
11.2936214614622 9.42576586810213 0.563383567788473
12.0285830060941 9.23046745311741 -0.286062664047979
12.7810350161548 8.94763036749946 -1.09343864970885
13.5614357557257 8.56619554105846 -1.82929310521542
14.3656212384808 8.07731481025718 -2.4683303444598
15.1784955435223 7.47785890190451 -2.9901588159214
15.9787208711009 6.77192107318014 -3.3803523216151
16.7430584280637 5.9703562128171 -3.63119659482836
17.4497600717744 5.08902751691406 -3.74177995743845
18.0808152624965 4.14649765868584 -3.71738695755053
18.6230762460359 3.16173953718435 -3.56835077781501
19.068409328175 2.15224548298637 -3.3086078898841
