1 56.1211
2 56.0823
3 56.0374
4 56.0374
5 56.0368
6 55.9375
7 55.9375
8 55.9372
9 55.9092
10 55.9092
11 55.909
12 55.8834
13 55.8834
14 55.8833
15 55.8785
16 55.8042
17 55.8042
18 55.8041
19 55.7869
20 55.7604
21 55.7604
22 55.7603
23 55.7489
24 55.748
25 55.7333
26 55.7333
27 55.718
28 55.7154
29 55.7009
30 55.7009
31 55.7005
32 55.6986
33 55.696
34 55.6909
35 55.6909
36 55.6854
37 55.6846
38 55.6833
39 55.6778
40 55.6192
41 55.6192
42 55.6192
43 55.6174
44 55.6139
45 55.6079
46 55.6039
47 55.6039
48 55.6021
49 55.6013
50 55.6009
51 55.6005
52 55.5998
53 55.5455
54 55.5455
55 55.5453
56 55.5369
57 55.5321
58 55.5272
59 55.5235
60 55.5199
61 55.5044
62 55.5044
63 55.5041
64 55.5024
65 55.5024
66 55.5024
67 55.5023
68 55.5016
69 55.4741
70 55.4741
71 55.4741
72 55.4733
73 55.4724
74 55.4719
75 55.4714
76 55.4714
77 55.4705
78 55.4679
79 55.4459
80 55.4459
81 55.4458
82 55.4416
83 55.4388
84 55.4376
85 55.434
86 55.4321
87 55.4181
88 55.4087
89 55.4048
90 54.8538
91 54.8067
92 54.8067
93 54.8067
94 54.7891
95 54.7502
96 54.7363
97 54.7363
98 54.7363
99 54.7356
100 54.734
101 54.7332
102 54.7322
103 54.7321
104 54.7293
105 54.7294
106 54.7293
107 54.728
108 54.7221
109 54.7208
110 54.7146
111 54.7134
112 54.7128
113 54.7102
114 54.7102
115 54.7102
116 54.7101
117 54.7099
118 54.708
119 54.708
120 54.7077
121 54.7076
122 54.7074
123 54.7058
124 54.6902
125 54.6902
126 54.6902
127 54.6902
128 54.6891
129 54.6889
130 54.6889
131 54.6856
132 54.6832
133 54.6829
134 54.6828
135 54.6811
136 54.6806
137 54.68
138 54.6778
139 54.6764
140 54.6741
141 54.6706
142 54.6666
143 54.6587
144 54.6515
145 54.6437
146 54.6437
147 54.6437
148 54.6437
149 54.6433
150 54.6412
151 54.6411
152 54.641
153 54.6407
154 54.6406
155 54.6405
156 54.6405
157 54.6404
158 54.6404
159 54.6404
160 54.6404
161 54.6403
162 54.6403
163 54.6402
164 54.6401
165 54.6401
166 54.6401
167 54.64
168 54.6399
169 54.6399
170 54.6399
171 54.6398
172 54.6398
173 54.6397
174 54.6397
175 54.6397
176 54.6395
177 54.6393
178 54.639
179 54.6383
180 54.6376
181 54.6351
182 54.4834
183 54.4834
184 54.4828
185 54.4828
186 54.4823
187 54.4735
188 54.4716
189 54.4698
190 54.4622
191 54.4585
192 54.4564
193 54.4534
194 54.4467
195 54.4418
196 54.4406
197 54.4384
198 54.4366
199 54.4338
200 54.4314
201 54.4293
202 54.4228
203 54.3824
204 54.3824
205 54.3777
206 54.3774
207 54.3758
208 54.3753
209 54.3748
210 54.3704
211 54.3694
212 54.3683
213 54.3673
214 54.3657
215 54.3643
216 54.362
217 54.3585
218 54.3574
219 54.356
220 54.3544
221 54.3539
222 54.3533
223 54.3524
224 54.3511
225 54.3502
226 54.3492
227 54.3473
228 54.345
229 54.3353
230 54.3353
231 54.3353
232 54.3353
233 54.3353
234 54.3333
235 54.3321
236 54.3309
237 54.3296
238 54.3291
239 54.3287
240 54.3285
241 54.3277
242 54.3271
243 54.3267
244 54.3255
245 54.3246
246 54.2984
247 54.2983
248 54.2983
249 54.2982
250 54.293
251 54.2873
252 54.2763
253 54.2761
254 54.2739
255 54.2699
256 54.2691
257 54.2683
258 54.2663
259 54.2652
260 54.2648
261 54.2644
262 54.2626
263 54.2621
264 54.2616
265 54.261
266 54.2601
267 54.2583
268 54.2546
269 54.2465
270 54.1848
271 54.1847
272 54.1847
273 54.1818
274 54.1741
275 54.1741
276 54.1714
277 54.1707
278 54.1707
279 54.1665
280 54.166
281 54.1659
282 54.1632
283 54.1623
284 54.1622
285 54.1616
286 54.1614
287 54.1594
288 54.1591
289 54.159
290 54.1587
291 54.1584
292 54.1581
293 54.1578
294 54.1577
295 54.1576
296 54.1574
297 54.1566
298 54.1565
299 54.1564
300 54.1563
301 54.1558
302 54.1557
303 54.1554
304 54.155
305 54.1547
306 54.1544
307 54.1539
308 54.1496
309 54.1496
310 54.1496
311 54.1496
312 54.1494
313 54.1494
314 54.1492
315 54.1486
316 54.1485
317 54.1485
318 54.1484
319 54.1484
320 54.1482
321 54.1481
322 54.1481
323 54.1481
324 54.148
325 54.1478
326 54.1477
327 54.1477
328 54.1477
329 54.1476
330 54.1476
331 54.1476
332 54.1475
333 54.1475
334 54.1475
335 54.1475
336 54.1474
337 54.1474
338 54.1474
339 54.1474
340 54.1474
341 54.1473
342 54.1473
343 54.1473
344 54.1473
345 54.1473
346 54.1472
347 54.1472
348 54.1471
349 54.147
350 54.1468
351 54.1468
352 54.1467
353 54.1466
354 54.1466
355 54.1465
356 54.1463
357 54.1457
358 54.126
359 54.126
360 54.126
361 54.1218
362 54.12
363 54.1185
364 54.1149
365 54.1122
366 54.1119
367 54.1107
368 54.1091
369 54.1061
370 54.1046
371 54.1039
372 54.1037
373 54.1035
374 54.1013
375 54.1004
376 54.1001
377 54.0995
378 54.0993
379 54.099
380 54.0985
381 54.0984
382 54.0982
383 54.0981
384 54.0979
385 54.0977
386 54.0975
387 54.097
388 54.0964
389 54.0961
390 54.0948
391 54.0939
392 54.093
393 54.0924
394 54.0904
395 54.085
396 54.074
397 54.074
398 54.074
399 54.073
400 54.0665
401 54.0665
402 54.0664
403 54.0633
404 54.0632
405 54.0623
406 54.0623
407 54.0618
408 54.0617
409 54.0617
410 54.0614
411 54.0608
412 54.0607
413 54.0605
414 54.0603
415 54.0601
416 54.0601
417 54.06
418 54.0599
419 54.0598
420 54.0597
421 54.0597
422 54.0595
423 54.0595
424 54.0594
425 54.0593
426 54.0592
427 54.0589
428 54.0588
429 54.0588
430 54.0588
431 54.0587
432 54.0586
433 54.0586
434 54.0585
435 54.0584
436 54.0583
437 54.0582
438 54.058
439 54.0579
440 54.0577
441 54.0576
442 54.0574
443 54.0565
444 54.0554
445 54.055
446 54.0549
447 54.0523
448 54.0465
449 54.0465
450 54.0465
451 54.0465
452 54.0464
453 54.0464
454 54.0464
455 54.0434
456 54.0432
457 54.0431
458 54.043
459 54.043
460 54.043
461 54.0429
462 54.0429
463 54.0429
464 54.0428
465 54.0428
466 54.0427
467 54.0427
468 54.0427
469 54.0425
470 54.0424
471 54.0424
472 54.0424
473 54.0424
474 54.0423
475 54.0423
476 54.0422
477 54.0422
478 54.0422
479 54.0421
480 54.0421
481 54.0421
482 54.0421
483 54.0419
484 54.0418
485 54.0418
486 54.0417
487 54.0416
488 54.0415
489 54.0412
490 54.0406
491 54.0399
492 54.0389
493 54.0249
494 54.0249
495 54.0228
496 54.0146
497 54.0138
498 54.0099
499 54.0061
500 54.0058
501 54.0054
502 54.0048
503 54.0045
504 54.0042
505 54.0035
506 54.0028
507 54.0026
508 54.0023
509 54.0017
510 54.0015
511 54.0013
512 54.0009
513 54.0006
514 54.0001
515 53.9997
516 53.9995
517 53.9969
518 53.9964
519 53.9959
520 53.9937
521 53.9889
522 53.9484
523 53.9484
524 53.9387
525 53.9122
526 53.897
527 53.8946
528 53.8917
529 53.8891
530 53.8863
531 53.8846
532 53.8819
533 53.8798
534 53.8758
535 53.871
536 53.871
537 53.871
538 53.8709
539 53.8708
540 53.8708
541 53.8707
542 53.8707
543 53.8707
544 53.8707
545 53.8706
546 53.8706
547 53.8705
548 53.8705
549 53.8705
550 53.8705
551 53.8705
552 53.8705
553 53.8705
554 53.8705
555 53.8704
556 53.8704
557 53.8704
558 53.8704
559 53.8703
560 53.8703
561 53.8702
562 53.8701
563 53.8701
564 53.8701
565 53.87
566 53.87
567 53.87
568 53.8699
569 53.8699
570 53.8698
571 53.8698
572 53.8698
573 53.8698
574 53.8698
575 53.8698
576 53.8698
577 53.8697
578 53.8697
579 53.8697
580 53.8697
581 53.8697
582 53.8697
583 53.8696
584 53.8696
585 53.8696
586 53.8696
587 53.8695
588 53.8695
589 53.8695
590 53.8695
591 53.8695
592 53.8694
593 53.8694
594 53.8694
595 53.8694
596 53.8694
597 53.8693
598 53.8693
599 53.8693
600 53.8693
601 53.8692
602 53.8692
603 53.869
604 53.869
605 53.8689
606 53.8689
607 53.8688
608 53.8687
609 53.8685
610 53.8684
611 53.8682
612 53.8681
613 53.8678
614 53.8581
615 53.8581
616 53.858
617 53.858
618 53.858
619 53.8578
620 53.8577
621 53.8572
622 53.8572
623 53.8572
624 53.8571
625 53.8571
626 53.8567
627 53.8567
628 53.8551
629 53.855
630 53.855
631 53.855
632 53.8547
633 53.8545
634 53.8545
635 53.854
636 53.854
637 53.8538
638 53.8536
639 53.8534
640 53.8534
641 53.8533
642 53.8532
643 53.8531
644 53.8531
645 53.8531
646 53.8529
647 53.8529
648 53.8529
649 53.8528
650 53.8528
651 53.8527
652 53.8527
653 53.8526
654 53.8526
655 53.8526
656 53.8526
657 53.8526
658 53.8525
659 53.8523
660 53.8523
661 53.8523
662 53.8523
663 53.8523
664 53.8523
665 53.8522
666 53.8522
667 53.8522
668 53.852
669 53.8519
670 53.8518
671 53.8517
672 53.8505
673 53.85
674 53.8497
675 53.849
676 53.848
677 53.7944
678 53.7788
679 53.7788
680 53.7788
681 53.7785
682 53.7785
683 53.7785
684 53.7785
685 53.7783
686 53.7777
687 53.7777
688 53.7774
689 53.7742
690 53.7742
691 53.7741
692 53.7741
693 53.7717
694 53.7687
695 53.7676
696 53.7665
697 53.7662
698 53.7659
699 53.7657
700 53.7654
701 53.7649
702 53.7647
703 53.7632
704 53.7631
705 53.7627
706 53.7615
707 53.7601
708 53.7598
709 53.7596
710 53.7594
711 53.7593
712 53.7589
713 53.7574
714 53.7564
715 53.7561
716 53.7553
717 53.7548
718 53.7543
719 53.7531
720 53.7527
721 53.7521
722 53.7509
723 53.7492
724 53.7485
725 53.7467
726 53.7458
727 53.745
728 53.7417
729 53.7372
730 53.6939
731 53.6921
732 53.6825
733 53.6824
734 53.6766
735 53.6686
736 53.6679
737 53.6668
738 53.6653
739 53.6646
740 53.662
741 53.6614
742 53.6612
743 53.6609
744 53.6607
745 53.6601
746 53.6594
747 53.6589
748 53.6588
749 53.6582
750 53.6577
751 53.6575
752 53.6573
753 53.6569
754 53.6567
755 53.6558
756 53.6553
757 53.6552
758 53.655
759 53.6547
760 53.6544
761 53.6534
762 53.6529
763 53.6519
764 53.6513
765 53.6507
766 53.6503
767 53.6495
768 53.6486
769 53.648
770 53.646
771 53.6448
772 53.6439
773 53.6432
774 53.6421
775 53.6235
776 53.6205
777 53.6205
778 53.6196
779 53.6192
780 53.6187
781 53.6177
782 53.6176
783 53.6111
784 53.6105
785 53.6102
786 53.6098
787 53.6097
788 53.6095
789 53.6086
790 53.6085
791 53.6083
792 53.6082
793 53.6081
794 53.608
795 53.608
796 53.6075
797 53.6074
798 53.6072
799 53.607
800 53.6069
801 53.6068
802 53.6067
803 53.6066
804 53.6064
805 53.6063
806 53.6063
807 53.6061
808 53.606
809 53.6059
810 53.6058
811 53.6055
812 53.6053
813 53.6051
814 53.605
815 53.6049
816 53.6047
817 53.6046
818 53.6045
819 53.6043
820 53.6039
821 53.6035
822 53.6032
823 53.6024
824 53.5971
825 53.5971
826 53.5971
827 53.597
828 53.597
829 53.5967
830 53.5966
831 53.5964
832 53.5964
833 53.5955
834 53.5951
835 53.595
836 53.595
837 53.595
838 53.5946
839 53.5946
840 53.5945
841 53.5943
842 53.594
843 53.594
844 53.5939
845 53.5939
846 53.5939
847 53.5939
848 53.5939
849 53.5938
850 53.5938
851 53.5938
852 53.5938
853 53.5938
854 53.5938
855 53.5938
856 53.5938
857 53.5937
858 53.5937
859 53.5937
860 53.5937
861 53.5936
862 53.5936
863 53.5936
864 53.5936
865 53.5935
866 53.5935
867 53.5935
868 53.5935
869 53.5935
870 53.5934
871 53.5934
872 53.5934
873 53.5934
874 53.5934
875 53.5933
876 53.5933
877 53.5932
878 53.5932
879 53.5932
880 53.5931
881 53.5931
882 53.5931
883 53.5931
884 53.593
885 53.593
886 53.5929
887 53.5927
888 53.5926
889 53.5926
890 53.5924
891 53.5923
892 53.592
893 53.5914
894 53.5908
895 53.5906
896 53.5459
897 53.5459
898 53.5413
899 53.5389
900 53.5386
901 53.5357
902 53.5351
903 53.5342
904 53.5335
905 53.5328
906 53.5321
907 53.5313
908 53.5298
909 53.527
910 53.5267
911 53.5261
912 53.5216
913 53.5208
914 53.52
915 53.5193
916 53.5191
917 53.5188
918 53.5185
919 53.5178
920 53.5175
921 53.5172
922 53.517
923 53.5168
924 53.5165
925 53.5161
926 53.5156
927 53.5153
928 53.5152
929 53.5149
930 53.5146
931 53.5137
932 53.5132
933 53.5127
934 53.5122
935 53.5114
936 53.5091
937 53.5078
938 53.5059
939 53.5037
940 53.5007
941 53.4555
942 53.4374
943 53.4354
944 53.4296
945 53.4277
946 53.4272
947 53.4212
948 53.4137
949 53.4123
950 53.4119
951 53.4114
952 53.4111
953 53.4107
954 53.4103
955 53.41
956 53.4097
957 53.409
958 53.4086
959 53.4081
960 53.4078
961 53.4068
962 53.4059
963 53.4051
964 53.4043
965 53.4035
966 53.403
967 53.4025
968 53.4014
969 53.399
970 53.3964
971 53.3923
972 53.3862
973 53.3854
974 53.3833
975 53.3824
976 53.3822
977 53.3819
978 53.3816
979 53.3811
980 53.381
981 53.3806
982 53.3805
983 53.3802
984 53.3802
985 53.3801
986 53.38
987 53.38
988 53.3799
989 53.3799
990 53.3798
991 53.3798
992 53.3797
993 53.3797
994 53.3796
995 53.3796
996 53.3795
997 53.3795
998 53.3794
999 53.3794
1000 53.3794
1001 53.3793
1002 53.3791
1003 53.379
1004 53.3788
1005 53.3785
1006 53.3783
1007 53.3781
1008 53.3777
1009 53.3776
1010 53.3772
1011 53.3764
1012 53.3756
1013 53.3743
1014 53.3015
1015 53.3007
1016 53.2983
1017 53.2976
1018 53.2845
1019 53.284
1020 53.2817
1021 53.2781
1022 53.2733
1023 53.2715
1024 53.2703
1025 53.2696
1026 53.2692
1027 53.2688
1028 53.2685
1029 53.2682
1030 53.268
1031 53.2677
1032 53.2674
1033 53.2671
1034 53.2665
1035 53.266
1036 53.2657
1037 53.2653
1038 53.2647
1039 53.2636
1040 53.2621
1041 53.2613
1042 53.2608
1043 53.2592
1044 53.2581
1045 53.2562
1046 53.253
1047 53.2519
1048 53.2509
1049 53.25
1050 53.2222
1051 53.2171
1052 53.2112
1053 53.2019
1054 53.1943
1055 53.1931
1056 53.1923
1057 53.192
1058 53.1918
1059 53.1916
1060 53.1914
1061 53.1913
1062 53.1911
1063 53.1908
1064 53.1906
1065 53.1905
1066 53.1903
1067 53.1901
1068 53.19
1069 53.1894
1070 53.1892
1071 53.189
1072 53.1889
1073 53.1887
1074 53.1883
1075 53.1882
1076 53.1881
1077 53.1879
1078 53.1876
1079 53.1873
1080 53.1871
1081 53.1864
1082 53.1861
1083 53.1857
1084 53.1855
1085 53.185
1086 53.1846
1087 53.1827
1088 53.182
1089 53.1793
1090 53.173
1091 53.1701
1092 53.1012
1093 53.0823
1094 53.0823
1095 53.0823
1096 53.0785
1097 53.0784
1098 53.0784
1099 53.074
1100 53.0737
1101 53.0715
1102 53.0715
1103 53.0713
1104 53.0711
1105 53.0707
1106 53.0702
1107 53.0701
1108 53.07
1109 53.07
1110 53.0699
1111 53.0697
1112 53.0697
1113 53.0696
1114 53.0696
1115 53.0695
1116 53.0694
1117 53.0694
1118 53.0693
1119 53.0693
1120 53.0692
1121 53.0692
1122 53.0691
1123 53.069
1124 53.069
1125 53.0689
1126 53.0687
1127 53.0684
1128 53.0682
1129 53.0681
1130 53.068
1131 53.0679
1132 53.0678
1133 53.0677
1134 53.0677
1135 53.0675
1136 53.0674
1137 53.0673
1138 53.067
1139 53.067
1140 53.0668
1141 53.0668
1142 53.0666
1143 53.0661
1144 53.0659
1145 53.0659
1146 53.0657
1147 53.0656
1148 53.0652
1149 53.0651
1150 53.065
1151 53.0649
1152 53.0648
1153 53.0645
1154 53.0645
1155 53.064
1156 53.0637
1157 53.0634
1158 53.0632
1159 53.0632
1160 53.0629
1161 53.0628
1162 53.0626
1163 53.0624
1164 53.0621
1165 53.0619
1166 53.0617
1167 53.0615
1168 53.0612
1169 53.0606
1170 53.06
1171 53.0594
1172 53.0563
1173 53.0545
1174 53.0531
1175 53.0489
1176 53.0342
1177 53.0342
1178 53.0307
1179 53.0298
1180 53.0297
1181 53.0294
1182 53.0293
1183 53.0284
1184 53.0283
1185 53.0282
1186 53.0282
1187 53.028
1188 53.0276
1189 53.0275
1190 53.0274
1191 53.0273
1192 53.0272
1193 53.0271
1194 53.027
1195 53.0269
1196 53.0268
1197 53.0268
1198 53.0267
1199 53.0266
1200 53.0264
1201 53.0262
1202 53.0259
1203 53.0257
1204 53.0254
1205 53.0252
1206 53.0246
1207 52.9909
1208 52.9891
1209 52.9884
1210 52.9855
1211 52.9854
1212 52.985
1213 52.984
1214 52.9837
1215 52.9829
1216 52.9823
1217 52.9807
1218 52.9802
1219 52.9776
1220 52.9775
1221 52.9772
1222 52.9771
1223 52.9771
1224 52.977
1225 52.9769
1226 52.9768
1227 52.9766
1228 52.9765
1229 52.9765
1230 52.9764
1231 52.9763
1232 52.9763
1233 52.9762
1234 52.9761
1235 52.976
1236 52.9758
1237 52.9758
1238 52.9757
1239 52.9757
1240 52.9756
1241 52.9755
1242 52.9754
1243 52.9753
1244 52.9752
1245 52.9751
1246 52.975
1247 52.9749
1248 52.9748
1249 52.9743
1250 52.9741
1251 52.9735
1252 52.9727
1253 52.9701
1254 52.9679
1255 52.9668
1256 52.9584
1257 52.9584
1258 52.958
1259 52.9577
1260 52.9577
1261 52.9577
1262 52.9574
1263 52.9573
1264 52.9569
1265 52.9569
1266 52.9567
1267 52.9565
1268 52.9564
1269 52.9564
1270 52.9563
1271 52.9563
1272 52.9563
1273 52.9563
1274 52.9563
1275 52.9563
1276 52.9563
1277 52.9563
1278 52.9562
1279 52.9562
1280 52.9562
1281 52.9562
1282 52.9562
1283 52.9562
1284 52.9562
1285 52.9562
1286 52.9562
1287 52.9562
1288 52.9562
1289 52.9562
1290 52.9561
1291 52.9561
1292 52.9561
1293 52.9561
1294 52.9561
1295 52.9561
1296 52.9561
1297 52.9561
1298 52.9561
1299 52.956
1300 52.956
1301 52.956
1302 52.956
1303 52.956
1304 52.956
1305 52.956
1306 52.956
1307 52.956
1308 52.9559
1309 52.9559
1310 52.9559
1311 52.9558
1312 52.9556
1313 52.9556
1314 52.9555
1315 52.9552
1316 52.9545
1317 52.9492
1318 52.9337
1319 52.9336
1320 52.9331
1321 52.9273
1322 52.927
1323 52.9266
1324 52.9256
1325 52.9237
1326 52.9231
1327 52.9226
1328 52.9225
1329 52.9223
1330 52.9221
1331 52.9219
1332 52.9218
1333 52.921
1334 52.9209
1335 52.9208
1336 52.9204
1337 52.9202
1338 52.9201
1339 52.9197
1340 52.9196
1341 52.9195
1342 52.9194
1343 52.9193
1344 52.9192
1345 52.9191
1346 52.9189
1347 52.9188
1348 52.9184
1349 52.918
1350 52.9179
1351 52.9176
1352 52.9173
1353 52.9171
1354 52.9162
1355 52.9145
1356 52.9137
1357 52.9122
1358 52.9116
1359 52.9112
1360 52.9034
1361 52.9034
1362 52.9034
1363 52.9029
1364 52.9029
1365 52.9017
1366 52.9011
1367 52.9005
1368 52.8996
1369 52.8984
1370 52.8983
1371 52.898
1372 52.8979
1373 52.8978
1374 52.8978
1375 52.8977
1376 52.8976
1377 52.8976
1378 52.8976
1379 52.8976
1380 52.8975
1381 52.8975
1382 52.8975
1383 52.8974
1384 52.8974
1385 52.8974
1386 52.8973
1387 52.8973
1388 52.8973
1389 52.8973
1390 52.8973
1391 52.8972
1392 52.8972
1393 52.8972
1394 52.8971
1395 52.8971
1396 52.8971
1397 52.897
1398 52.897
1399 52.897
1400 52.897
1401 52.897
1402 52.8969
1403 52.8969
1404 52.8969
1405 52.8969
1406 52.8969
1407 52.8969
1408 52.8968
1409 52.8968
1410 52.8968
1411 52.8968
1412 52.8968
1413 52.8967
1414 52.8967
1415 52.8966
1416 52.8965
1417 52.8964
1418 52.8964
1419 52.8963
1420 52.8962
1421 52.896
1422 52.896
1423 52.8958
1424 52.8954
1425 52.8951
1426 52.8941
1427 52.8935
1428 52.8874
1429 52.8874
1430 52.8874
1431 52.8865
1432 52.8855
1433 52.8843
1434 52.8835
1435 52.8832
1436 52.8829
1437 52.8813
1438 52.8809
1439 52.8809
1440 52.8808
1441 52.8807
1442 52.8806
1443 52.8798
1444 52.8796
1445 52.8795
1446 52.8791
1447 52.879
1448 52.879
1449 52.8789
1450 52.8789
1451 52.8789
1452 52.8789
1453 52.8788
1454 52.8788
1455 52.8787
1456 52.8787
1457 52.8786
1458 52.8785
1459 52.8784
1460 52.8782
1461 52.8782
1462 52.8782
1463 52.8782
1464 52.8781
1465 52.8781
1466 52.878
1467 52.878
1468 52.8779
1469 52.8778
1470 52.8778
1471 52.8777
1472 52.8775
1473 52.8775
1474 52.8774
1475 52.8774
1476 52.8772
1477 52.8768
1478 52.8766
1479 52.876
1480 52.8757
1481 52.8749
1482 52.8694
1483 52.8674
1484 52.7862
1485 52.7708
1486 52.7699
1487 52.7683
1488 52.7669
1489 52.765
1490 52.7635
1491 52.7627
1492 52.7614
1493 52.7608
1494 52.7601
1495 52.7595
1496 52.7589
1497 52.7584
1498 52.7576
1499 52.7572
1500 52.756
1501 52.7547
1502 52.7529
1503 52.7517
1504 52.7461
1505 52.6299
1506 52.6241
1507 52.6124
1508 52.6077
1509 52.6071
1510 52.6057
1511 52.6052
1512 52.6014
1513 52.599
1514 52.5981
1515 52.5917
1516 52.5899
1517 52.5862
1518 52.5843
1519 52.5837
1520 52.5821
1521 52.5808
1522 52.5805
1523 52.5796
1524 52.5788
1525 52.5783
1526 52.578
1527 52.5776
1528 52.577
1529 52.5765
1530 52.5757
1531 52.575
1532 52.574
1533 52.5736
1534 52.5732
1535 52.5729
1536 52.5712
1537 52.5706
1538 52.5698
1539 52.5685
1540 52.5662
1541 52.5634
1542 52.5618
1543 52.5604
1544 52.5588
1545 52.5554
1546 52.5248
1547 52.5174
1548 52.5108
1549 52.5082
1550 52.5076
1551 52.5069
1552 52.5064
1553 52.5059
1554 52.5051
1555 52.5048
1556 52.5045
1557 52.5035
1558 52.5022
1559 52.5014
1560 52.501
1561 52.4996
1562 52.4988
1563 52.4974
1564 52.4964
1565 52.496
1566 52.4954
1567 52.4951
1568 52.4948
1569 52.4943
1570 52.4936
1571 52.493
1572 52.4928
1573 52.4925
1574 52.4922
1575 52.4919
1576 52.4915
1577 52.4913
1578 52.4909
1579 52.4907
1580 52.4904
1581 52.4901
1582 52.4898
1583 52.4896
1584 52.4894
1585 52.489
1586 52.4882
1587 52.4878
1588 52.4876
1589 52.4871
1590 52.4869
1591 52.4861
1592 52.485
1593 52.4844
1594 52.4834
1595 52.4821
1596 52.4806
1597 52.4744
1598 52.4744
1599 52.4744
1600 52.4744
1601 52.4742
1602 52.4741
1603 52.4741
1604 52.4737
1605 52.4735
1606 52.4732
1607 52.4731
1608 52.4731
1609 52.4726
1610 52.4726
1611 52.4726
1612 52.4723
1613 52.4723
1614 52.4721
1615 52.4721
1616 52.472
1617 52.4719
1618 52.4719
1619 52.4718
1620 52.4718
1621 52.4718
1622 52.4718
1623 52.4717
1624 52.4717
1625 52.4717
1626 52.4717
1627 52.4717
1628 52.4716
1629 52.4716
1630 52.4716
1631 52.4716
1632 52.4716
1633 52.4716
1634 52.4715
1635 52.4715
1636 52.4715
1637 52.4715
1638 52.4715
1639 52.4715
1640 52.4715
1641 52.4715
1642 52.4714
1643 52.4714
1644 52.4714
1645 52.4714
1646 52.4714
1647 52.4714
1648 52.4714
1649 52.4714
1650 52.4713
1651 52.4713
1652 52.4713
1653 52.4713
1654 52.4713
1655 52.4713
1656 52.4713
1657 52.4713
1658 52.4712
1659 52.4712
1660 52.4712
1661 52.4712
1662 52.4712
1663 52.4712
1664 52.4712
1665 52.4712
1666 52.4712
1667 52.4712
1668 52.4711
1669 52.4711
1670 52.4711
1671 52.4711
1672 52.471
1673 52.471
1674 52.471
1675 52.4709
1676 52.4709
1677 52.4709
1678 52.4709
1679 52.4708
1680 52.4708
1681 52.4708
1682 52.4707
1683 52.4706
1684 52.4702
1685 52.4698
1686 52.4694
1687 52.4692
1688 52.4684
1689 52.4411
1690 52.4411
1691 52.4381
1692 52.4334
1693 52.4323
1694 52.4318
1695 52.4314
1696 52.4285
1697 52.4276
1698 52.4261
1699 52.4226
1700 52.4197
1701 52.4181
1702 52.4154
1703 52.4139
1704 52.4128
1705 52.4115
1706 52.4104
1707 52.4092
1708 52.4082
1709 52.4069
1710 52.4055
1711 52.4028
1712 52.4003
1713 52.3958
1714 52.3906
1715 52.3813
1716 52.3776
1717 52.3774
1718 52.3774
1719 52.3773
1720 52.3772
1721 52.3741
1722 52.3741
1723 52.3738
1724 52.3732
1725 52.373
1726 52.3726
1727 52.3725
1728 52.3724
1729 52.3723
1730 52.3723
1731 52.3722
1732 52.3722
1733 52.3721
1734 52.3721
1735 52.3721
1736 52.3721
1737 52.372
1738 52.372
1739 52.3719
1740 52.3719
1741 52.3718
1742 52.3717
1743 52.3717
1744 52.3716
1745 52.3716
1746 52.3716
1747 52.3716
1748 52.3715
1749 52.3715
1750 52.3714
1751 52.3713
1752 52.3713
1753 52.3712
1754 52.3712
1755 52.3711
1756 52.3711
1757 52.3711
1758 52.371
1759 52.371
1760 52.3709
1761 52.3709
1762 52.3709
1763 52.3709
1764 52.3709
1765 52.3708
1766 52.3708
1767 52.3707
1768 52.3707
1769 52.3707
1770 52.3706
1771 52.3706
1772 52.3705
1773 52.3705
1774 52.3704
1775 52.3703
1776 52.3703
1777 52.3702
1778 52.3701
1779 52.37
1780 52.3698
1781 52.3697
1782 52.3696
1783 52.3696
1784 52.3694
1785 52.3692
1786 52.3674
1787 52.3658
1788 52.3625
1789 52.3328
1790 52.3278
1791 52.3275
1792 52.3264
1793 52.3032
1794 52.3019
1795 52.3008
1796 52.2992
1797 52.2984
1798 52.2977
1799 52.2966
1800 52.296
1801 52.2948
1802 52.2942
1803 52.2936
1804 52.2931
1805 52.2924
1806 52.2918
1807 52.2906
1808 52.2888
1809 52.2874
1810 52.2863
1811 52.2853
1812 52.2789
1813 52.2787
1814 52.2787
1815 52.2786
1816 52.2781
1817 52.2778
1818 52.2778
1819 52.2778
1820 52.2778
1821 52.2778
1822 52.2778
1823 52.2777
1824 52.2774
1825 52.2774
1826 52.2773
1827 52.2773
1828 52.2773
1829 52.2772
1830 52.2772
1831 52.2772
1832 52.2772
1833 52.2772
1834 52.2772
1835 52.2771
1836 52.2771
1837 52.2771
1838 52.2771
1839 52.2771
1840 52.2771
1841 52.2771
1842 52.277
1843 52.277
1844 52.277
1845 52.277
1846 52.277
1847 52.277
1848 52.277
1849 52.277
1850 52.2769
1851 52.2769
1852 52.2769
1853 52.2769
1854 52.2769
1855 52.2769
1856 52.2769
1857 52.2769
1858 52.2768
1859 52.2768
1860 52.2768
1861 52.2768
1862 52.2768
1863 52.2768
1864 52.2768
1865 52.2768
1866 52.2768
1867 52.2767
1868 52.2767
1869 52.2767
1870 52.2767
1871 52.2767
1872 52.2767
1873 52.2767
1874 52.2767
1875 52.2767
1876 52.2767
1877 52.2767
1878 52.2767
1879 52.2766
1880 52.2766
1881 52.2766
1882 52.2766
1883 52.2766
1884 52.2766
1885 52.2766
1886 52.2766
1887 52.2766
1888 52.2766
1889 52.2766
1890 52.2766
1891 52.2765
1892 52.2765
1893 52.2765
1894 52.2765
1895 52.2765
1896 52.2765
1897 52.2764
1898 52.2764
1899 52.2764
1900 52.2764
1901 52.2764
1902 52.2764
1903 52.2764
1904 52.2763
1905 52.2763
1906 52.2763
1907 52.2763
1908 52.2763
1909 52.2763
1910 52.2763
1911 52.2762
1912 52.2762
1913 52.2762
1914 52.2761
1915 52.2761
1916 52.276
1917 52.276
1918 52.276
1919 52.276
1920 52.276
1921 52.2759
1922 52.2759
1923 52.2758
1924 52.2756
1925 52.2754
1926 52.2753
1927 52.2741
1928 52.2501
1929 52.2397
1930 52.2205
1931 52.219
1932 52.2178
1933 52.2168
1934 52.2154
1935 52.2134
1936 52.2124
1937 52.2113
1938 52.2103
1939 52.2092
1940 52.2086
1941 52.208
1942 52.2072
1943 52.2065
1944 52.2061
1945 52.2055
1946 52.205
1947 52.2044
1948 52.2031
1949 52.2019
1950 52.2009
1951 52.1996
1952 52.1951
1953 52.1951
1954 52.1951
1955 52.1944
1956 52.1943
1957 52.1939
1958 52.1938
1959 52.1932
1960 52.1931
1961 52.1923
1962 52.1922
1963 52.1919
1964 52.1918
1965 52.1914
1966 52.1914
1967 52.1909
1968 52.1909
1969 52.1908
1970 52.1907
1971 52.1906
1972 52.1906
1973 52.1905
1974 52.1905
1975 52.1905
1976 52.1905
1977 52.1904
1978 52.1904
1979 52.1903
1980 52.1903
1981 52.1903
1982 52.1902
1983 52.1902
1984 52.1902
1985 52.1902
1986 52.1901
1987 52.1901
1988 52.1901
1989 52.1901
1990 52.19
1991 52.19
1992 52.19
1993 52.19
1994 52.1899
1995 52.1899
1996 52.1899
1997 52.1899
1998 52.1899
1999 52.1899
2000 52.1898
2001 52.1898
2002 52.1898
2003 52.1898
2004 52.1898
2005 52.1897
2006 52.1897
2007 52.1897
2008 52.1897
2009 52.1897
2010 52.1896
2011 52.1895
2012 52.1895
2013 52.1895
2014 52.1894
2015 52.1894
2016 52.1894
2017 52.1893
2018 52.1893
2019 52.1892
2020 52.1891
2021 52.1891
2022 52.1891
2023 52.189
2024 52.1889
2025 52.1888
2026 52.1888
2027 52.1888
2028 52.1887
2029 52.1886
2030 52.1885
2031 52.1885
2032 52.1884
2033 52.1883
2034 52.1882
2035 52.1877
2036 52.187
2037 52.1861
2038 52.1781
2039 52.171
2040 52.1696
2041 52.1662
2042 52.1642
2043 52.1638
2044 52.1638
2045 52.1636
2046 52.1635
2047 52.1633
2048 52.1631
2049 52.163
2050 52.1626
2051 52.1626
2052 52.1624
2053 52.1623
2054 52.1622
2055 52.1621
2056 52.1621
2057 52.162
2058 52.1619
2059 52.1618
2060 52.1617
2061 52.1616
2062 52.1615
2063 52.1614
2064 52.1613
2065 52.1611
2066 52.161
2067 52.161
2068 52.1609
2069 52.1608
2070 52.1608
2071 52.1604
2072 52.1603
2073 52.1602
2074 52.1601
2075 52.16
2076 52.1597
2077 52.1596
2078 52.1596
2079 52.1594
2080 52.1591
2081 52.1589
2082 52.1583
2083 52.1568
2084 52.1539
2085 52.1539
2086 52.1539
2087 52.1512
2088 52.1511
2089 52.1506
2090 52.1505
2091 52.1502
2092 52.1501
2093 52.15
2094 52.1499
2095 52.1499
2096 52.1498
2097 52.1497
2098 52.1497
2099 52.1496
2100 52.1496
2101 52.1496
2102 52.1496
2103 52.1496
2104 52.1495
2105 52.1495
2106 52.1495
2107 52.1495
2108 52.1494
2109 52.1494
2110 52.1493
2111 52.1493
2112 52.1492
2113 52.1492
2114 52.1492
2115 52.1492
2116 52.1491
2117 52.1491
2118 52.1491
2119 52.1491
2120 52.1491
2121 52.1491
2122 52.149
2123 52.149
2124 52.149
2125 52.149
2126 52.1489
2127 52.1489
2128 52.1489
2129 52.1488
2130 52.1487
2131 52.1487
2132 52.1486
2133 52.1486
2134 52.1485
2135 52.1484
2136 52.1484
2137 52.1483
2138 52.1481
2139 52.1477
2140 52.1471
2141 52.1466
2142 52.146
2143 52.0732
2144 52.0714
2145 52.0699
2146 52.063
2147 52.0601
2148 52.0566
2149 52.0536
2150 52.0526
2151 52.0522
2152 52.051
2153 52.0493
2154 52.0479
2155 52.0472
2156 52.0466
2157 52.0463
2158 52.046
2159 52.0458
2160 52.0456
2161 52.0447
2162 52.0445
2163 52.044
2164 52.0437
2165 52.0432
2166 52.043
2167 52.0429
2168 52.0427
2169 52.0425
2170 52.0422
2171 52.0419
2172 52.0415
2173 52.0412
2174 52.0407
2175 52.039
2176 52.0384
2177 52.0348
2178 52.0319
2179 52.03
2180 51.9986
2181 51.9985
2182 51.9927
2183 51.981
2184 51.9781
2185 51.9758
2186 51.9685
2187 51.9683
2188 51.9683
2189 51.9683
2190 51.9678
2191 51.9677
2192 51.9676
2193 51.9676
2194 51.9672
2195 51.9671
2196 51.9668
2197 51.9666
2198 51.9663
2199 51.9662
2200 51.966
2201 51.9658
2202 51.9657
2203 51.9654
2204 51.9652
2205 51.9651
2206 51.9649
2207 51.9648
2208 51.9642
2209 51.964
2210 51.9639
2211 51.9636
2212 51.9635
2213 51.9634
2214 51.9633
2215 51.9631
2216 51.9629
2217 51.9627
2218 51.9625
2219 51.9621
2220 51.9618
2221 51.9616
2222 51.9615
2223 51.9613
2224 51.9611
2225 51.961
2226 51.9609
2227 51.9607
2228 51.9604
2229 51.9602
2230 51.96
2231 51.9597
2232 51.9596
2233 51.9595
2234 51.9594
2235 51.9593
2236 51.9591
2237 51.959
2238 51.9589
2239 51.9589
2240 51.9588
2241 51.9586
2242 51.9583
2243 51.9581
2244 51.9579
2245 51.9568
2246 51.9565
2247 51.9557
2248 51.9547
2249 51.9529
2250 51.9521
2251 51.9514
2252 51.9498
2253 51.9488
2254 51.9335
2255 51.9334
2256 51.9304
2257 51.9301
2258 51.9291
2259 51.9291
2260 51.929
2261 51.9289
2262 51.9288
2263 51.9287
2264 51.9287
2265 51.9286
2266 51.9286
2267 51.9285
2268 51.9285
2269 51.9284
2270 51.9284
2271 51.9284
2272 51.9284
2273 51.9283
2274 51.9282
2275 51.9281
2276 51.9281
2277 51.928
2278 51.9279
2279 51.9278
2280 51.9276
2281 51.9276
2282 51.9276
2283 51.9276
2284 51.9274
2285 51.9274
2286 51.9274
2287 51.9274
2288 51.9274
2289 51.9273
2290 51.9273
2291 51.9273
2292 51.9272
2293 51.9272
2294 51.9271
2295 51.9271
2296 51.927
2297 51.927
2298 51.927
2299 51.927
2300 51.927
2301 51.9269
2302 51.9269
2303 51.9268
2304 51.9268
2305 51.9267
2306 51.9267
2307 51.9267
2308 51.9267
2309 51.9266
2310 51.9265
2311 51.9265
2312 51.9265
2313 51.9265
2314 51.9264
2315 51.9264
2316 51.9263
2317 51.9263
2318 51.9262
2319 51.9262
2320 51.9262
2321 51.9262
2322 51.9262
2323 51.9261
2324 51.9261
2325 51.9261
2326 51.9261
2327 51.926
2328 51.926
2329 51.9258
2330 51.9258
2331 51.9258
2332 51.9257
2333 51.9257
2334 51.9256
2335 51.9255
2336 51.9255
2337 51.9255
2338 51.9255
2339 51.9254
2340 51.9253
2341 51.9252
2342 51.9251
2343 51.9248
2344 51.9245
2345 51.9243
2346 51.924
2347 51.9232
2348 51.9232
2349 51.9229
2350 51.9229
2351 51.9228
2352 51.9227
2353 51.9226
2354 51.9226
2355 51.9224
2356 51.9224
2357 51.9222
2358 51.9222
2359 51.9221
2360 51.9219
2361 51.9219
2362 51.9219
2363 51.9217
2364 51.9212
2365 51.9211
2366 51.9211
2367 51.9211
2368 51.921
2369 51.921
2370 51.921
2371 51.9209
2372 51.9209
2373 51.9208
2374 51.9208
2375 51.9208
2376 51.9208
2377 51.9208
2378 51.9208
2379 51.9208
2380 51.9207
2381 51.9207
2382 51.9207
2383 51.9207
2384 51.9207
2385 51.9207
2386 51.9207
2387 51.9206
2388 51.9206
2389 51.9206
2390 51.9206
2391 51.9206
2392 51.9206
2393 51.9205
2394 51.9205
2395 51.9205
2396 51.9205
2397 51.9205
2398 51.9204
2399 51.9204
2400 51.9204
2401 51.9204
2402 51.9204
2403 51.9204
2404 51.9203
2405 51.9203
2406 51.9203
2407 51.9203
2408 51.9203
2409 51.9202
2410 51.9202
2411 51.9202
2412 51.9202
2413 51.9202
2414 51.9201
2415 51.9201
2416 51.9201
2417 51.9201
2418 51.92
2419 51.92
2420 51.92
2421 51.9199
2422 51.9199
2423 51.9198
2424 51.9198
2425 51.9195
2426 51.9194
2427 51.9193
2428 51.919
2429 51.9189
2430 51.9187
2431 51.9185
2432 51.9183
2433 51.918
2434 51.9176
2435 51.9144
2436 51.9127
2437 51.9068
2438 51.9033
2439 51.9012
2440 51.9001
2441 51.899
2442 51.8971
2443 51.8939
2444 51.889
2445 51.8842
2446 51.572
2447 51.5568
2448 51.5543
2449 51.5475
2450 51.5404
2451 51.5361
2452 51.5318
2453 51.5271
2454 51.5229
2455 51.5211
2456 51.5194
2457 51.518
2458 51.5167
2459 51.5137
2460 51.5128
2461 51.5119
2462 51.5107
2463 51.5099
2464 51.5079
2465 51.5054
2466 51.5034
2467 51.5018
2468 51.4996
2469 51.4938
2470 51.4938
2471 51.4938
2472 51.4938
2473 51.4929
2474 51.4915
2475 51.4915
2476 51.4915
2477 51.4915
2478 51.4914
2479 51.4914
2480 51.4913
2481 51.4913
2482 51.4913
2483 51.4913
2484 51.4912
2485 51.4912
2486 51.4911
2487 51.4911
2488 51.491
2489 51.491
2490 51.491
2491 51.491
2492 51.491
2493 51.491
2494 51.4909
2495 51.4909
2496 51.4909
2497 51.4909
2498 51.4909
2499 51.4909
2500 51.4908
2501 51.4908
2502 51.4908
2503 51.4908
2504 51.4908
2505 51.4908
2506 51.4908
2507 51.4907
2508 51.4907
2509 51.4907
2510 51.4907
2511 51.4907
2512 51.4907
2513 51.4906
2514 51.4906
2515 51.4906
2516 51.4906
2517 51.4906
2518 51.4906
2519 51.4905
2520 51.4905
2521 51.4905
2522 51.4905
2523 51.4905
2524 51.4904
2525 51.4904
2526 51.4904
2527 51.4904
2528 51.4904
2529 51.4903
2530 51.4903
2531 51.4903
2532 51.4903
2533 51.4903
2534 51.4902
2535 51.4902
2536 51.4902
2537 51.4902
2538 51.4901
2539 51.4901
2540 51.4901
2541 51.49
2542 51.49
2543 51.49
2544 51.4899
2545 51.4899
2546 51.4899
2547 51.4898
2548 51.4898
2549 51.4898
2550 51.4897
2551 51.4896
2552 51.4894
2553 51.4892
2554 51.4888
2555 51.488
2556 51.4803
2557 51.46
2558 51.4569
2559 51.4495
2560 51.4479
2561 51.4461
2562 51.444
2563 51.4421
2564 51.441
2565 51.4399
2566 51.4388
2567 51.4377
2568 51.4367
2569 51.4359
2570 51.4349
2571 51.4328
2572 51.43
2573 51.4267
2574 51.4216
2575 51.4094
2576 51.4068
2577 51.3979
2578 51.3968
2579 51.3966
2580 51.3966
2581 51.3963
2582 51.3962
2583 51.3962
2584 51.3961
2585 51.396
2586 51.3959
2587 51.3957
2588 51.3956
2589 51.3955
2590 51.3954
2591 51.3952
2592 51.3952
2593 51.3951
2594 51.3951
2595 51.395
2596 51.3949
2597 51.3947
2598 51.3946
2599 51.3945
2600 51.3945
2601 51.3944
2602 51.3943
2603 51.3943
2604 51.3942
2605 51.3942
2606 51.3941
2607 51.394
2608 51.394
2609 51.3939
2610 51.3939
2611 51.3938
2612 51.3937
2613 51.3936
2614 51.3936
2615 51.3934
2616 51.3933
2617 51.3932
2618 51.3931
2619 51.393
2620 51.3928
2621 51.3927
2622 51.3925
2623 51.3923
2624 51.3921
2625 51.3919
2626 51.3913
2627 51.3906
2628 51.3871
2629 51.3201
2630 51.2712
2631 51.2705
2632 51.2688
2633 51.2688
2634 51.2657
2635 51.2657
2636 51.265
2637 51.265
2638 51.2643
2639 51.2642
2640 51.2637
2641 51.2636
2642 51.2636
2643 51.2628
2644 51.2627
2645 51.2621
2646 51.262
2647 51.262
2648 51.2618
2649 51.2618
2650 51.2611
2651 51.2608
2652 51.2603
2653 51.2602
2654 51.2599
2655 51.2596
2656 51.2591
2657 51.2587
2658 51.2582
2659 51.2577
2660 51.2575
2661 51.2573
2662 51.2568
2663 51.2565
2664 51.2564
2665 51.2561
2666 51.2557
2667 51.2555
2668 51.2552
2669 51.2549
2670 51.2538
2671 51.2533
2672 51.253
2673 51.252
2674 51.2518
2675 51.2513
2676 51.2509
2677 51.2503
2678 51.2501
2679 51.2497
2680 51.2491
2681 51.2488
2682 51.2485
2683 51.2481
2684 51.2476
2685 51.2472
2686 51.2466
2687 51.2458
2688 51.2448
2689 51.2439
2690 51.2411
2691 51.2297
2692 51.2287
2693 51.2287
2694 51.2263
2695 51.2256
2696 51.2252
2697 51.225
2698 51.2248
2699 51.2246
2700 51.2244
2701 51.2242
2702 51.224
2703 51.2236
2704 51.2228
2705 51.2206
2706 51.214
2707 51.2123
2708 51.2123
2709 51.2116
2710 51.2116
2711 51.2111
2712 51.2111
2713 51.2111
2714 51.211
2715 51.211
2716 51.211
2717 51.211
2718 51.2109
2719 51.2109
2720 51.2109
2721 51.2109
2722 51.2109
2723 51.2109
2724 51.2109
2725 51.2108
2726 51.2108
2727 51.2108
2728 51.2108
2729 51.2108
2730 51.2108
2731 51.2108
2732 51.2108
2733 51.2107
2734 51.2107
2735 51.2107
2736 51.2107
2737 51.2107
2738 51.2107
2739 51.2107
2740 51.2106
2741 51.2106
2742 51.2106
2743 51.2106
2744 51.2106
2745 51.2106
2746 51.2106
2747 51.2106
2748 51.2105
2749 51.2105
2750 51.2105
2751 51.2105
2752 51.2105
2753 51.2105
2754 51.2105
2755 51.2104
2756 51.2104
2757 51.2104
2758 51.2104
2759 51.2104
2760 51.2104
2761 51.2104
2762 51.2104
2763 51.2103
2764 51.2103
2765 51.2103
2766 51.2103
2767 51.2103
2768 51.2103
2769 51.2102
2770 51.2102
2771 51.2102
2772 51.2102
2773 51.2101
2774 51.21
2775 51.21
2776 51.2099
2777 51.2098
2778 51.2098
2779 51.2095
2780 51.207
2781 51.1807
2782 51.1676
2783 51.1432
2784 51.1426
2785 51.1422
2786 51.1413
2787 51.1394
2788 51.1389
2789 51.1387
2790 51.1384
2791 51.1381
2792 51.1379
2793 51.1375
2794 51.137
2795 51.1368
2796 51.1365
2797 51.1362
2798 51.1359
2799 51.1357
2800 51.1355
2801 51.1354
2802 51.1352
2803 51.135
2804 51.1345
2805 51.1342
2806 51.1341
2807 51.1339
2808 51.1332
2809 51.1328
2810 51.1326
2811 51.1323
2812 51.1321
2813 51.1319
2814 51.1315
2815 51.1311
2816 51.1303
2817 51.1302
2818 51.1295
2819 51.1292
2820 51.1287
2821 51.1282
2822 51.1245
2823 51.1245
2824 51.1243
2825 51.1238
2826 51.1238
2827 51.1237
2828 51.1235
2829 51.1235
2830 51.1232
2831 51.1231
2832 51.123
2833 51.1228
2834 51.1228
2835 51.1228
2836 51.1228
2837 51.1227
2838 51.1226
2839 51.1226
2840 51.1226
2841 51.1226
2842 51.1226
2843 51.1226
2844 51.1226
2845 51.1226
2846 51.1225
2847 51.1225
2848 51.1225
2849 51.1225
2850 51.1225
2851 51.1225
2852 51.1225
2853 51.1225
2854 51.1225
2855 51.1225
2856 51.1225
2857 51.1224
2858 51.1224
2859 51.1224
2860 51.1224
2861 51.1224
2862 51.1224
2863 51.1224
2864 51.1224
2865 51.1224
2866 51.1224
2867 51.1224
2868 51.1224
2869 51.1224
2870 51.1223
2871 51.1223
2872 51.1223
2873 51.1223
2874 51.1223
2875 51.1223
2876 51.1223
2877 51.1223
2878 51.1223
2879 51.1223
2880 51.1223
2881 51.1222
2882 51.1222
2883 51.1222
2884 51.1222
2885 51.1222
2886 51.1222
2887 51.1222
2888 51.1222
2889 51.1222
2890 51.1221
2891 51.1221
2892 51.1221
2893 51.1221
2894 51.1221
2895 51.122
2896 51.122
2897 51.122
2898 51.1219
2899 51.1219
2900 51.1219
2901 51.1219
2902 51.1219
2903 51.1218
2904 51.1218
2905 51.1218
2906 51.1218
2907 51.1217
2908 51.1216
2909 51.1215
2910 51.1214
2911 51.1213
2912 51.1211
2913 51.1211
2914 51.1166
2915 51.1156
2916 51.1154
2917 51.1125
2918 51.1118
2919 51.1107
2920 51.1099
2921 51.1099
2922 51.1092
2923 51.1085
2924 51.1084
2925 51.1078
2926 51.1071
2927 51.1066
2928 51.1062
2929 51.1056
2930 51.1053
2931 51.1049
2932 51.1045
2933 51.1042
2934 51.1037
2935 51.1032
2936 51.1026
2937 51.1021
2938 51.1008
2939 51.1002
2940 51.0989
2941 51.0982
2942 51.0973
2943 51.0961
2944 51.0912
2945 51.0912
2946 51.0912
2947 51.0911
2948 51.0909
2949 51.0903
2950 51.0903
2951 51.0903
2952 51.0901
2953 51.0901
2954 51.09
2955 51.0899
2956 51.0898
2957 51.0897
2958 51.0897
2959 51.0896
2960 51.0896
2961 51.0895
2962 51.0895
2963 51.0895
2964 51.0895
2965 51.0895
2966 51.0894
2967 51.0894
2968 51.0894
2969 51.0894
2970 51.0894
2971 51.0894
2972 51.0894
2973 51.0894
2974 51.0894
2975 51.0893
2976 51.0893
2977 51.0893
2978 51.0893
2979 51.0893
2980 51.0893
2981 51.0893
2982 51.0893
2983 51.0893
2984 51.0892
2985 51.0892
2986 51.0892
2987 51.0892
2988 51.0892
2989 51.0892
2990 51.0892
2991 51.0892
2992 51.0892
2993 51.0892
2994 51.0891
2995 51.0891
2996 51.0891
2997 51.0891
2998 51.0891
2999 51.0891
3000 51.0891
3001 51.0891
3002 51.089
3003 51.089
3004 51.089
3005 51.089
3006 51.089
3007 51.089
3008 51.089
3009 51.089
3010 51.089
3011 51.0889
3012 51.0889
3013 51.0889
3014 51.0889
3015 51.0888
3016 51.0888
3017 51.0888
3018 51.0888
3019 51.0888
3020 51.0887
3021 51.0887
3022 51.0887
3023 51.0887
3024 51.0887
3025 51.0886
3026 51.0886
3027 51.0885
3028 51.0884
3029 51.0884
3030 51.0883
3031 51.0882
3032 51.0882
3033 51.0881
3034 51.0881
3035 51.0879
3036 51.0838
3037 51.0838
3038 51.083
3039 51.0824
3040 51.0818
3041 51.0815
3042 51.0814
3043 51.0813
3044 51.0811
3045 51.081
3046 51.0804
3047 51.0803
3048 51.0802
3049 51.0801
3050 51.0801
3051 51.08
3052 51.0799
3053 51.0799
3054 51.0798
3055 51.0798
3056 51.0797
3057 51.0797
3058 51.0796
3059 51.0796
3060 51.0795
3061 51.0794
3062 51.0793
3063 51.0793
3064 51.0792
3065 51.0791
3066 51.0791
3067 51.0788
3068 51.0785
3069 51.0782
3070 51.078
3071 51.0778
3072 51.0765
3073 51.0756
3074 51.0506
3075 51.0487
3076 51.0487
3077 51.0486
3078 51.0437
3079 51.0429
3080 51.0424
3081 51.0418
3082 51.0418
3083 51.0418
3084 51.0401
3085 51.0381
3086 51.0381
3087 51.0365
3088 51.0364
3089 51.0364
3090 51.0364
3091 51.0363
3092 51.0354
3093 51.0354
3094 51.0354
3095 51.0354
3096 51.0354
3097 51.0353
3098 51.0352
3099 51.0352
3100 51.0351
3101 51.0351
3102 51.035
3103 51.0349
3104 51.0349
3105 51.0349
3106 51.0348
3107 51.0348
3108 51.0348
3109 51.0348
3110 51.0347
3111 51.0346
3112 51.0345
3113 51.0344
3114 51.0343
3115 51.0342
3116 51.0341
3117 51.034
3118 51.0338
3119 51.0334
3120 51.0333
3121 51.0332
3122 51.0332
3123 51.033
3124 51.0329
3125 51.0327
3126 51.0325
3127 51.0323
3128 51.0323
3129 51.0322
3130 51.0321
3131 51.0319
3132 51.0317
3133 51.0315
3134 51.0314
3135 51.0313
3136 51.0311
3137 51.031
3138 51.031
3139 51.0308
3140 51.0304
3141 51.0301
3142 51.0297
3143 51.0295
3144 51.0294
3145 51.0289
3146 51.0283
3147 51.0276
3148 51.0259
3149 51.0249
3150 51.0235
3151 51.0201
3152 51.0106
3153 51.0106
3154 51.0105
3155 51.0098
3156 51.0096
3157 51.0095
3158 51.0089
3159 51.0088
3160 51.0088
3161 51.0087
3162 51.0085
3163 51.0083
3164 51.0081
3165 51.0079
3166 51.0078
3167 51.0078
3168 51.0077
3169 51.0077
3170 51.0076
3171 51.0075
3172 51.0075
3173 51.0074
3174 51.0074
3175 51.0074
3176 51.0073
3177 51.0073
3178 51.0072
3179 51.0072
3180 51.0071
3181 51.0071
3182 51.007
3183 51.0069
3184 51.0069
3185 51.0068
3186 51.0066
3187 51.0066
3188 51.0064
3189 51.0062
3190 51.0061
3191 51.006
3192 51.0058
3193 51.0053
3194 50.9805
3195 50.9769
3196 50.9768
3197 50.9768
3198 50.9762
3199 50.9757
3200 50.9752
3201 50.9714
3202 50.9686
3203 50.9681
3204 50.9675
3205 50.9661
3206 50.9657
3207 50.9657
3208 50.9656
3209 50.9656
3210 50.9655
3211 50.9655
3212 50.9655
3213 50.9654
3214 50.9653
3215 50.9652
3216 50.9652
3217 50.9651
3218 50.9651
3219 50.9651
3220 50.965
3221 50.965
3222 50.9649
3223 50.9649
3224 50.9648
3225 50.9648
3226 50.9648
3227 50.9647
3228 50.9647
3229 50.9646
3230 50.9645
3231 50.9645
3232 50.9644
3233 50.9643
3234 50.9642
3235 50.9637
3236 50.9636
3237 50.9636
3238 50.9635
3239 50.9634
3240 50.9634
3241 50.9633
3242 50.9631
3243 50.963
3244 50.9628
3245 50.9628
3246 50.9625
3247 50.9624
3248 50.9623
3249 50.9622
3250 50.9621
3251 50.9619
3252 50.9618
3253 50.9615
3254 50.9614
3255 50.9614
3256 50.9613
3257 50.9613
3258 50.9608
3259 50.9607
3260 50.9606
3261 50.9603
3262 50.9603
3263 50.96
3264 50.9596
3265 50.9594
3266 50.9593
3267 50.9589
3268 50.9587
3269 50.9584
3270 50.9573
3271 50.9552
3272 50.9531
3273 50.9463
3274 50.9463
3275 50.9463
3276 50.9458
3277 50.9445
3278 50.9442
3279 50.944
3280 50.9436
3281 50.943
3282 50.942
3283 50.9416
3284 50.9414
3285 50.9413
3286 50.9412
3287 50.941
3288 50.9409
3289 50.9408
3290 50.9407
3291 50.9406
3292 50.9405
3293 50.9403
3294 50.9402
3295 50.9398
3296 50.9396
3297 50.9394
3298 50.9391
3299 50.9388
3300 50.9383
3301 50.9375
3302 50.9339
3303 50.9339
3304 50.9339
3305 50.9292
3306 50.9286
3307 50.9285
3308 50.9285
3309 50.9281
3310 50.9277
3311 50.9277
3312 50.9276
3313 50.9272
3314 50.9271
3315 50.927
3316 50.9269
3317 50.9269
3318 50.9268
3319 50.9267
3320 50.9267
3321 50.9266
3322 50.9266
3323 50.9265
3324 50.9264
3325 50.9264
3326 50.9263
3327 50.9263
3328 50.9262
3329 50.9262
3330 50.9261
3331 50.926
3332 50.926
3333 50.9259
3334 50.9258
3335 50.9258
3336 50.9257
3337 50.9256
3338 50.9256
3339 50.9255
3340 50.9254
3341 50.9254
3342 50.9253
3343 50.925
3344 50.9249
3345 50.9246
3346 50.9242
3347 50.924
3348 50.9239
3349 50.9236
3350 50.9229
3351 50.9181
3352 50.9181
3353 50.918
3354 50.918
3355 50.9172
3356 50.9164
3357 50.9162
3358 50.9161
3359 50.9159
3360 50.9159
3361 50.9158
3362 50.9158
3363 50.9158
3364 50.9158
3365 50.9157
3366 50.9157
3367 50.9157
3368 50.9157
3369 50.9156
3370 50.9156
3371 50.9156
3372 50.9155
3373 50.9155
3374 50.9155
3375 50.9155
3376 50.9154
3377 50.9154
3378 50.9153
3379 50.9153
3380 50.9153
3381 50.9152
3382 50.9152
3383 50.9152
3384 50.9151
3385 50.915
3386 50.915
3387 50.915
3388 50.9149
3389 50.9148
3390 50.9147
3391 50.9144
3392 50.9126
3393 50.9124
3394 50.9114
3395 50.9093
3396 50.9091
3397 50.9089
3398 50.9088
3399 50.9086
3400 50.9085
3401 50.9083
3402 50.9079
3403 50.9075
3404 50.9072
3405 50.9066
3406 50.9023
3407 50.9023
3408 50.9022
3409 50.9022
3410 50.9021
3411 50.9016
3412 50.9014
3413 50.9007
3414 50.8996
3415 50.8958
3416 50.7812
3417 50.7794
3418 50.7779
3419 50.7689
3420 50.7565
3421 50.7558
3422 50.7543
3423 50.7532
3424 50.7525
3425 50.7519
3426 50.7512
3427 50.7509
3428 50.7491
3429 50.7477
3430 50.7463
3431 50.7447
3432 50.7417
3433 50.7371
3434 50.7086
3435 50.7036
3436 50.7035
3437 50.7035
3438 50.7016
3439 50.7016
3440 50.7016
3441 50.7015
3442 50.7015
3443 50.7015
3444 50.7014
3445 50.7013
3446 50.7013
3447 50.7012
3448 50.7011
3449 50.7007
3450 50.7007
3451 50.7007
3452 50.7006
3453 50.7006
3454 50.7006
3455 50.7006
3456 50.7004
3457 50.7004
3458 50.7002
3459 50.7001
3460 50.7001
3461 50.7
3462 50.7
3463 50.7
3464 50.7
3465 50.7
3466 50.7
3467 50.6999
3468 50.6999
3469 50.6996
3470 50.6996
3471 50.6996
3472 50.6996
3473 50.6996
3474 50.6996
3475 50.6987
3476 50.6987
3477 50.6987
3478 50.6986
3479 50.6986
3480 50.6986
3481 50.6985
3482 50.6985
3483 50.6972
3484 50.6972
3485 50.6972
3486 50.6972
3487 50.6971
3488 50.6971
3489 50.697
3490 50.6967
3491 50.6965
3492 50.6963
3493 50.6959
3494 50.6956
3495 50.6953
3496 50.6951
3497 50.6945
3498 50.6936
3499 50.6932
3500 50.6911
3501 50.6874
3502 50.6851
3503 50.6851
3504 50.6849
3505 50.6848
3506 50.6848
3507 50.6848
3508 50.6847
3509 50.6847
3510 50.6846
3511 50.6846
3512 50.6846
3513 50.6846
3514 50.6846
3515 50.6846
3516 50.6845
3517 50.6845
3518 50.6844
3519 50.6844
3520 50.6844
3521 50.6844
3522 50.6843
3523 50.6843
3524 50.6843
3525 50.6842
3526 50.6842
3527 50.6842
3528 50.6842
3529 50.6842
3530 50.6841
3531 50.6841
3532 50.6841
3533 50.6841
3534 50.6841
3535 50.684
3536 50.684
3537 50.684
3538 50.684
3539 50.684
3540 50.684
3541 50.6839
3542 50.6839
3543 50.6839
3544 50.6838
3545 50.6838
3546 50.6838
3547 50.6838
3548 50.6838
3549 50.6837
3550 50.6837
3551 50.6837
3552 50.6836
3553 50.6836
3554 50.6836
3555 50.6835
3556 50.6835
3557 50.6834
3558 50.6834
3559 50.6833
3560 50.6832
3561 50.6832
3562 50.6832
3563 50.6831
3564 50.683
3565 50.683
3566 50.6827
3567 50.6631
3568 50.6565
3569 50.6519
3570 50.6472
3571 50.6452
3572 50.6431
3573 50.6417
3574 50.6398
3575 50.6385
3576 50.637
3577 50.635
3578 50.6319
3579 50.6319
3580 50.6317
3581 50.6317
3582 50.6317
3583 50.6317
3584 50.6317
3585 50.6317
3586 50.6317
3587 50.6317
3588 50.6315
3589 50.6315
3590 50.6313
3591 50.6313
3592 50.6313
3593 50.6313
3594 50.6312
3595 50.6312
3596 50.6312
3597 50.6312
3598 50.6311
3599 50.6311
3600 50.6311
3601 50.631
3602 50.631
3603 50.631
3604 50.6309
3605 50.6309
3606 50.6309
3607 50.6309
3608 50.6309
3609 50.6309
3610 50.6309
3611 50.6308
3612 50.6308
3613 50.6308
3614 50.6308
3615 50.6307
3616 50.6307
3617 50.6307
3618 50.6306
3619 50.6306
3620 50.6306
3621 50.6306
3622 50.6306
3623 50.6306
3624 50.6306
3625 50.6305
3626 50.6305
3627 50.6305
3628 50.6305
3629 50.6305
3630 50.6304
3631 50.6304
3632 50.6303
3633 50.6303
3634 50.6303
3635 50.6303
3636 50.6302
3637 50.6302
3638 50.6302
3639 50.6302
3640 50.6301
3641 50.6301
3642 50.63
3643 50.63
3644 50.6299
3645 50.6299
3646 50.6298
3647 50.6297
3648 50.6297
3649 50.6296
3650 50.6295
3651 50.6294
3652 50.6293
3653 50.6292
3654 50.6291
3655 50.6291
3656 50.6285
3657 50.6271
3658 50.6271
3659 50.6271
3660 50.6259
3661 50.6259
3662 50.6238
3663 50.6224
3664 50.6217
3665 50.6214
3666 50.621
3667 50.6206
3668 50.6203
3669 50.6198
3670 50.6192
3671 50.6188
3672 50.6186
3673 50.6183
3674 50.618
3675 50.6176
3676 50.6173
3677 50.6168
3678 50.6162
3679 50.6152
3680 50.6144
3681 50.6132
3682 50.6125
3683 50.6088
3684 50.6084
3685 50.6078
3686 50.6064
3687 50.6063
3688 50.6063
3689 50.6062
3690 50.6062
3691 50.6062
3692 50.6062
3693 50.6062
3694 50.6061
3695 50.6061
3696 50.6061
3697 50.6061
3698 50.6061
3699 50.6061
3700 50.6061
3701 50.606
3702 50.606
3703 50.606
3704 50.606
3705 50.606
3706 50.606
3707 50.6059
3708 50.6059
3709 50.6059
3710 50.6059
3711 50.6059
3712 50.6059
3713 50.6059
3714 50.6059
3715 50.6059
3716 50.6059
3717 50.6058
3718 50.6058
3719 50.6058
3720 50.6058
3721 50.6058
3722 50.6058
3723 50.6057
3724 50.6057
3725 50.6057
3726 50.6057
3727 50.6057
3728 50.6057
3729 50.6057
3730 50.6057
3731 50.6057
3732 50.6057
3733 50.6057
3734 50.6056
3735 50.6056
3736 50.6056
3737 50.6056
3738 50.6056
3739 50.6056
3740 50.6056
3741 50.6055
3742 50.6055
3743 50.6055
3744 50.6055
3745 50.6055
3746 50.6055
3747 50.6055
3748 50.6054
3749 50.6054
3750 50.6054
3751 50.6054
3752 50.6053
3753 50.6052
3754 50.6052
3755 50.6052
3756 50.6052
3757 50.6051
3758 50.6051
3759 50.6051
3760 50.605
3761 50.605
3762 50.605
3763 50.6049
3764 50.6049
3765 50.6048
3766 50.6046
3767 50.6006
3768 50.6003
3769 50.5987
3770 50.5987
3771 50.5986
3772 50.5983
3773 50.5981
3774 50.598
3775 50.5979
3776 50.5978
3777 50.5978
3778 50.5978
3779 50.5977
3780 50.5977
3781 50.5976
3782 50.5976
3783 50.5975
3784 50.5975
3785 50.5975
3786 50.5974
3787 50.5974
3788 50.5974
3789 50.5973
3790 50.5972
3791 50.5971
3792 50.597
3793 50.5968
3794 50.5967
3795 50.5967
3796 50.5966
3797 50.5958
3798 50.5923
3799 50.5913
3800 50.591
3801 50.591
3802 50.5902
3803 50.5861
3804 50.5861
3805 50.586
3806 50.5858
3807 50.5858
3808 50.5858
3809 50.5858
3810 50.5857
3811 50.5857
3812 50.5857
3813 50.5857
3814 50.5857
3815 50.5856
3816 50.5856
3817 50.5856
3818 50.5856
3819 50.5856
3820 50.5856
3821 50.5855
3822 50.5855
3823 50.5855
3824 50.5854
3825 50.5853
3826 50.5853
3827 50.5852
3828 50.5852
3829 50.5851
3830 50.5851
3831 50.5849
3832 50.5849
3833 50.5848
3834 50.5848
3835 50.5847
3836 50.5846
3837 50.5845
3838 50.5845
3839 50.5843
3840 50.5843
3841 50.5841
3842 50.5839
3843 50.5837
3844 50.5831
3845 50.5821
3846 50.5782
3847 50.5739
3848 50.5733
3849 50.5698
3850 50.5695
3851 50.5694
3852 50.5692
3853 50.569
3854 50.5688
3855 50.5686
3856 50.5685
3857 50.5682
3858 50.568
3859 50.5676
3860 50.5663
3861 50.2347
3862 50.231
3863 50.2099
3864 50.2092
3865 50.2075
3866 50.2066
3867 50.2062
3868 50.2055
3869 50.2051
3870 50.2048
3871 50.2044
3872 50.204
3873 50.2036
3874 50.2034
3875 50.2028
3876 50.2025
3877 50.202
3878 50.2015
3879 50.2012
3880 50.2009
3881 50.2004
3882 50.1999
3883 50.1995
3884 50.1983
3885 50.1977
3886 50.1964
3887 50.194
3888 50.189
3889 50.1888
3890 50.1888
3891 50.1885
3892 50.1882
3893 50.188
3894 50.1879
3895 50.1878
3896 50.1877
3897 50.1877
3898 50.1875
3899 50.1873
3900 50.1873
3901 50.1873
3902 50.1873
3903 50.1872
3904 50.1872
3905 50.1872
3906 50.1872
3907 50.1872
3908 50.1872
3909 50.1871
3910 50.1871
3911 50.1871
3912 50.1871
3913 50.1871
3914 50.1871
3915 50.1871
3916 50.1871
3917 50.187
3918 50.187
3919 50.187
3920 50.187
3921 50.187
3922 50.187
3923 50.1869
3924 50.1869
3925 50.1869
3926 50.1869
3927 50.1869
3928 50.1868
3929 50.1868
3930 50.1868
3931 50.1868
3932 50.1868
3933 50.1868
3934 50.1867
3935 50.1867
3936 50.1867
3937 50.1867
3938 50.1866
3939 50.1866
3940 50.1866
3941 50.1865
3942 50.1865
3943 50.1865
3944 50.1864
3945 50.1863
3946 50.1863
3947 50.1861
3948 50.186
3949 50.1856
3950 50.1853
3951 50.1834
3952 50.1817
3953 50.1817
3954 50.1817
3955 50.1817
3956 50.1812
3957 50.1811
3958 50.181
3959 50.181
3960 50.1809
3961 50.1809
3962 50.1809
3963 50.1808
3964 50.1808
3965 50.1808
3966 50.1807
3967 50.1807
3968 50.1807
3969 50.1807
3970 50.1807
3971 50.1806
3972 50.1806
3973 50.1806
3974 50.1805
3975 50.1805
3976 50.1805
3977 50.1802
3978 50.1798
3979 50.1788
3980 50.1782
3981 50.1777
3982 50.1768
3983 50.1767
3984 50.176
3985 50.1759
3986 50.1758
3987 50.1758
3988 50.1758
3989 50.1758
3990 50.1758
3991 50.1758
3992 50.1758
3993 50.1757
3994 50.1757
3995 50.1757
3996 50.1757
3997 50.1757
3998 50.1757
3999 50.1757
4000 50.1757
4001 50.1756
4002 50.1756
4003 50.1756
4004 50.1756
4005 50.1755
4006 50.1755
4007 50.1755
4008 50.1755
4009 50.1755
4010 50.1754
4011 50.1754
4012 50.1754
4013 50.1754
4014 50.1754
4015 50.1753
4016 50.1753
4017 50.1753
4018 50.1753
4019 50.1753
4020 50.1752
4021 50.1752
4022 50.1752
4023 50.1752
4024 50.1751
4025 50.1751
4026 50.175
4027 50.1749
4028 50.1746
4029 50.1711
4030 50.1705
4031 50.1705
4032 50.1697
4033 50.1684
4034 50.1679
4035 50.1678
4036 50.1676
4037 50.1675
4038 50.1666
4039 50.1666
4040 50.1665
4041 50.1661
4042 50.1659
4043 50.1659
4044 50.1658
4045 50.1658
4046 50.1658
4047 50.1657
4048 50.1657
4049 50.1657
4050 50.1657
4051 50.1657
4052 50.1656
4053 50.1656
4054 50.1655
4055 50.1654
4056 50.1653
4057 50.1652
4058 50.1652
4059 50.1652
4060 50.1651
4061 50.1651
4062 50.165
4063 50.165
4064 50.1649
4065 50.1649
4066 50.1649
4067 50.1648
4068 50.1648
4069 50.1647
4070 50.1647
4071 50.1646
4072 50.1645
4073 50.1644
4074 50.1638
4075 50.1636
4076 50.1632
4077 50.1628
4078 50.1617
4079 50.1591
4080 50.1491
4081 50.1421
4082 50.1375
4083 50.1372
4084 50.137
4085 50.1341
4086 50.1335
4087 50.1311
4088 50.1301
4089 50.1295
4090 50.1295
4091 50.1281
4092 50.128
4093 50.1279
4094 50.1277
4095 50.1276
4096 50.1274
4097 50.1272
4098 50.127
4099 50.1269
4100 50.1266
4101 50.1265
4102 50.1264
4103 50.1263
4104 50.1261
4105 50.1259
4106 50.1258
4107 50.1254
4108 50.1254
4109 50.1253
4110 50.125
4111 50.1248
4112 50.1246
4113 50.1245
4114 50.1243
4115 50.1242
4116 50.1241
4117 50.1241
4118 50.124
4119 50.1237
4120 50.1234
4121 50.1233
4122 50.1232
4123 50.123
4124 50.1224
4125 50.122
4126 50.1215
4127 50.1206
4128 50.1196
4129 50.1188
4130 50.1182
4131 50.1164
4132 50.114
4133 50.1109
4134 50.1108
4135 50.1093
4136 50.1089
4137 50.1088
4138 50.1086
4139 50.1085
4140 50.1084
4141 50.1083
4142 50.1082
4143 50.1081
4144 50.1079
4145 50.1066
4146 49.9927
4147 49.9618
4148 49.9598
4149 49.9567
4150 49.9528
4151 49.9499
4152 49.9482
4153 49.9462
4154 49.9449
4155 49.9437
4156 49.9424
4157 49.9416
4158 49.9408
4159 49.9399
4160 49.9386
4161 49.9347
4162 49.9326
4163 49.9246
4164 49.7729
4165 49.7671
4166 49.7612
4167 49.7598
4168 49.7574
4169 49.7567
4170 49.7557
4171 49.7547
4172 49.754
4173 49.753
4174 49.7521
4175 49.7509
4176 49.7498
4177 49.7475
4178 49.7466
4179 49.7452
4180 49.7436
4181 49.7427
4182 49.742
4183 49.7416
4184 49.7408
4185 49.74
4186 49.7395
4187 49.739
4188 49.7386
4189 49.7381
4190 49.7378
4191 49.7375
4192 49.737
4193 49.7368
4194 49.7365
4195 49.7361
4196 49.7356
4197 49.7351
4198 49.7349
4199 49.7345
4200 49.7341
4201 49.7336
4202 49.733
4203 49.7327
4204 49.7322
4205 49.7318
4206 49.7315
4207 49.7309
4208 49.7305
4209 49.7296
4210 49.7292
4211 49.7287
4212 49.7281
4213 49.7275
4214 49.7249
4215 49.7236
4216 49.7214
4217 49.7201
4218 49.7196
4219 49.7193
4220 49.7191
4221 49.719
4222 49.7188
4223 49.7187
4224 49.7186
4225 49.7184
4226 49.7179
4227 49.717
4228 49.6894
4229 49.6893
4230 49.6838
4231 49.6833
4232 49.6814
4233 49.681
4234 49.6751
4235 49.6743
4236 49.6724
4237 49.6714
4238 49.6707
4239 49.6698
4240 49.6694
4241 49.6687
4242 49.6682
4243 49.6673
4244 49.6666
4245 49.6659
4246 49.6654
4247 49.6646
4248 49.6642
4249 49.6637
4250 49.6633
4251 49.6629
4252 49.6624
4253 49.662
4254 49.6617
4255 49.6613
4256 49.6608
4257 49.6604
4258 49.6595
4259 49.659
4260 49.6583
4261 49.6578
4262 49.6573
4263 49.6561
4264 49.655
4265 49.654
4266 49.6528
4267 49.6518
4268 49.6508
4269 49.6495
4270 49.6446
4271 49.6446
4272 49.6446
4273 49.6444
4274 49.6444
4275 49.6435
4276 49.6434
4277 49.643
4278 49.643
4279 49.6429
4280 49.6428
4281 49.6428
4282 49.6427
4283 49.6427
4284 49.6427
4285 49.6423
4286 49.6422
4287 49.6422
4288 49.6422
4289 49.6422
4290 49.6421
4291 49.6421
4292 49.642
4293 49.642
4294 49.6419
4295 49.6418
4296 49.6418
4297 49.6418
4298 49.6418
4299 49.6417
4300 49.6417
4301 49.6417
4302 49.6417
4303 49.6417
4304 49.6416
4305 49.6416
4306 49.6416
4307 49.6416
4308 49.6416
4309 49.6415
4310 49.6415
4311 49.6415
4312 49.6415
4313 49.6414
4314 49.6414
4315 49.6414
4316 49.6413
4317 49.6413
4318 49.6413
4319 49.6413
4320 49.6412
4321 49.6412
4322 49.6412
4323 49.6411
4324 49.6411
4325 49.6411
4326 49.641
4327 49.6409
4328 49.6409
4329 49.6408
4330 49.6408
4331 49.6407
4332 49.6407
4333 49.6406
4334 49.6404
4335 49.6403
4336 49.6402
4337 49.6401
4338 49.64
4339 49.6395
4340 49.6392
4341 49.6388
4342 49.6308
4343 49.6308
4344 49.6304
4345 49.6304
4346 49.6294
4347 49.6287
4348 49.6278
4349 49.6275
4350 49.6272
4351 49.627
4352 49.6269
4353 49.6266
4354 49.6261
4355 49.626
4356 49.6256
4357 49.6255
4358 49.6254
4359 49.6254
4360 49.6253
4361 49.6253
4362 49.6252
4363 49.6251
4364 49.625
4365 49.625
4366 49.6249
4367 49.6249
4368 49.6249
4369 49.6248
4370 49.6247
4371 49.6247
4372 49.6246
4373 49.6245
4374 49.6244
4375 49.6243
4376 49.6242
4377 49.6241
4378 49.624
4379 49.6239
4380 49.6235
4381 49.6231
4382 49.6229
4383 49.6228
4384 49.6219
4385 49.621
4386 49.6173
4387 49.6161
4388 49.6161
4389 49.6161
4390 49.6143
4391 49.6127
4392 49.6125
4393 49.6124
4394 49.6114
4395 49.6114
4396 49.6112
4397 49.6109
4398 49.6107
4399 49.6106
4400 49.6105
4401 49.6103
4402 49.61
4403 49.61
4404 49.6099
4405 49.6098
4406 49.6097
4407 49.6097
4408 49.6096
4409 49.6095
4410 49.6095
4411 49.6094
4412 49.6094
4413 49.6093
4414 49.6092
4415 49.6092
4416 49.6091
4417 49.6091
4418 49.609
4419 49.6089
4420 49.6088
4421 49.6087
4422 49.6086
4423 49.6085
4424 49.6083
4425 49.6078
4426 49.6075
4427 49.6072
4428 49.6051
4429 49.5982
4430 49.5982
4431 49.5974
4432 49.5974
4433 49.5972
4434 49.597
4435 49.597
4436 49.5969
4437 49.5965
4438 49.5964
4439 49.5963
4440 49.5962
4441 49.5961
4442 49.596
4443 49.596
4444 49.5959
4445 49.5958
4446 49.5957
4447 49.5957
4448 49.5955
4449 49.5953
4450 49.5943
4451 49.593
4452 49.5352
4453 49.5304
4454 49.5257
4455 49.5215
4456 49.5209
4457 49.5207
4458 49.5203
4459 49.52
4460 49.5199
4461 49.5197
4462 49.5194
4463 49.5193
4464 49.5189
4465 49.5186
4466 49.5184
4467 49.5182
4468 49.5179
4469 49.5178
4470 49.5177
4471 49.5174
4472 49.5173
4473 49.5171
4474 49.517
4475 49.517
4476 49.5169
4477 49.5168
4478 49.5167
4479 49.5166
4480 49.5165
4481 49.5164
4482 49.5163
4483 49.5163
4484 49.5162
4485 49.5161
4486 49.5159
4487 49.5159
4488 49.5157
4489 49.5154
4490 49.5151
4491 49.5146
4492 49.5141
4493 49.5136
4494 49.5133
4495 49.5128
4496 49.5105
4497 49.5081
4498 49.499
4499 49.499
4500 49.4934
4501 49.4919
4502 49.4916
4503 49.4879
4504 49.487
4505 49.4864
4506 49.4839
4507 49.4834
4508 49.483
4509 49.4827
4510 49.4825
4511 49.4823
4512 49.4813
4513 49.481
4514 49.4809
4515 49.4804
4516 49.4803
4517 49.4801
4518 49.4799
4519 49.4797
4520 49.4795
4521 49.4794
4522 49.4793
4523 49.4791
4524 49.479
4525 49.4789
4526 49.4788
4527 49.4785
4528 49.4784
4529 49.4782
4530 49.478
4531 49.4779
4532 49.4775
4533 49.4771
4534 49.4769
4535 49.4767
4536 49.4764
4537 49.476
4538 49.4755
4539 49.4754
4540 49.4749
4541 49.4746
4542 49.4745
4543 49.4737
4544 49.4717
4545 49.467
4546 49.425
4547 49.4197
4548 49.414
4549 49.4105
4550 49.4094
4551 49.4079
4552 49.4076
4553 49.4073
4554 49.4071
4555 49.4057
4556 49.4056
4557 49.4054
4558 49.4053
4559 49.405
4560 49.4049
4561 49.4038
4562 49.4035
4563 49.4034
4564 49.4033
4565 49.4031
4566 49.4029
4567 49.4027
4568 49.4025
4569 49.4024
4570 49.4023
4571 49.4021
4572 49.402
4573 49.4018
4574 49.4018
4575 49.4016
4576 49.4015
4577 49.4014
4578 49.4013
4579 49.4011
4580 49.401
4581 49.4008
4582 49.4007
4583 49.4006
4584 49.4001
4585 49.3998
4586 49.3992
4587 49.3985
4588 49.3974
4589 49.3969
4590 49.396
4591 49.3942
4592 49.3916
4593 49.3867
4594 49.3859
4595 49.3822
4596 49.3818
4597 49.3814
4598 49.3807
4599 49.3804
4600 49.38
4601 49.3797
4602 49.3795
4603 49.3793
4604 49.379
4605 49.3788
4606 49.3785
4607 49.3779
4608 49.377
4609 49.3762
4610 49.3736
4611 49.3065
4612 49.2843
4613 49.2783
4614 49.2749
4615 49.2736
4616 49.2711
4617 49.2691
4618 49.2661
4619 49.2645
4620 49.2626
4621 49.2602
4622 49.2584
4623 49.2576
4624 49.2568
4625 49.2556
4626 49.2548
4627 49.2538
4628 49.2525
4629 49.2514
4630 49.2484
4631 49.2459
4632 49.2418
4633 49.2332
4634 49.1922
4635 49.1912
4636 49.1849
4637 49.1841
4638 49.1833
4639 49.1828
4640 49.1819
4641 49.1741
4642 49.1729
4643 49.1712
4644 49.169
4645 49.1654
4646 49.1645
4647 49.1633
4648 49.1625
4649 49.161
4650 49.1605
4651 49.1596
4652 49.1583
4653 49.1571
4654 49.1565
4655 49.1559
4656 49.1553
4657 49.155
4658 49.1545
4659 49.1538
4660 49.1533
4661 49.152
4662 49.151
4663 49.1497
4664 49.1484
4665 49.1474
4666 49.1458
4667 49.1451
4668 49.1433
4669 49.1406
4670 49.139
4671 49.137
4672 49.1359
4673 49.1319
4674 49.1304
4675 49.1293
4676 49.1287
4677 49.1283
4678 49.1282
4679 49.1276
4680 49.1275
4681 49.1274
4682 49.1273
4683 49.127
4684 49.1268
4685 49.1266
4686 49.1266
4687 49.1265
4688 49.1264
4689 49.1263
4690 49.1263
4691 49.1261
4692 49.1261
4693 49.126
4694 49.1258
4695 49.1257
4696 49.1256
4697 49.1256
4698 49.1255
4699 49.1254
4700 49.1253
4701 49.1253
4702 49.1253
4703 49.1252
4704 49.1252
4705 49.1251
4706 49.1251
4707 49.1251
4708 49.1251
4709 49.125
4710 49.125
4711 49.125
4712 49.125
4713 49.1249
4714 49.1249
4715 49.1248
4716 49.1248
4717 49.1248
4718 49.1248
4719 49.1247
4720 49.1247
4721 49.1247
4722 49.1247
4723 49.1247
4724 49.1247
4725 49.1246
4726 49.1246
4727 49.1246
4728 49.1246
4729 49.1245
4730 49.1245
4731 49.1245
4732 49.1245
4733 49.1245
4734 49.1245
4735 49.1245
4736 49.1244
4737 49.1244
4738 49.1244
4739 49.1244
4740 49.1243
4741 49.1243
4742 49.1243
4743 49.1243
4744 49.1243
4745 49.1242
4746 49.1242
4747 49.1242
4748 49.1242
4749 49.1241
4750 49.1241
4751 49.1241
4752 49.1241
4753 49.1241
4754 49.124
4755 49.124
4756 49.124
4757 49.1239
4758 49.1239
4759 49.1238
4760 49.1238
4761 49.1238
4762 49.1238
4763 49.1237
4764 49.1237
4765 49.1236
4766 49.1236
4767 49.1235
4768 49.1235
4769 49.1234
4770 49.1234
4771 49.1233
4772 49.1231
4773 49.123
4774 49.1227
4775 49.1226
4776 49.1224
4777 49.1219
4778 49.119
4779 49.1187
4780 49.1187
4781 49.1184
4782 49.1181
4783 49.1181
4784 49.118
4785 49.118
4786 49.1179
4787 49.1176
4788 49.1172
4789 49.117
4790 49.1169
4791 49.1168
4792 49.1167
4793 49.1167
4794 49.1167
4795 49.1165
4796 49.1165
4797 49.1163
4798 49.1162
4799 49.1161
4800 49.1161
4801 49.1161
4802 49.1161
4803 49.116
4804 49.116
4805 49.116
4806 49.1159
4807 49.1159
4808 49.1159
4809 49.1159
4810 49.1159
4811 49.1159
4812 49.1158
4813 49.1158
4814 49.1158
4815 49.1158
4816 49.1158
4817 49.1157
4818 49.1157
4819 49.1157
4820 49.1157
4821 49.1157
4822 49.1157
4823 49.1157
4824 49.1157
4825 49.1156
4826 49.1156
4827 49.1156
4828 49.1156
4829 49.1156
4830 49.1156
4831 49.1156
4832 49.1155
4833 49.1155
4834 49.1155
4835 49.1155
4836 49.1155
4837 49.1155
4838 49.1155
4839 49.1154
4840 49.1154
4841 49.1154
4842 49.1154
4843 49.1154
4844 49.1153
4845 49.1153
4846 49.1153
4847 49.1153
4848 49.1153
4849 49.1152
4850 49.1152
4851 49.1152
4852 49.1152
4853 49.1152
4854 49.1151
4855 49.1151
4856 49.1151
4857 49.115
4858 49.115
4859 49.115
4860 49.1149
4861 49.1148
4862 49.1148
4863 49.1147
4864 49.1145
4865 49.1144
4866 49.1142
4867 49.114
4868 49.1137
4869 49.1129
4870 49.1125
4871 49.0948
4872 49.0944
4873 49.0944
4874 49.0927
4875 49.0926
4876 49.0893
4877 49.0887
4878 49.0854
4879 49.0848
4880 49.0833
4881 49.0824
4882 49.0822
4883 49.0819
4884 49.0817
4885 49.0815
4886 49.0796
4887 49.0794
4888 49.0792
4889 49.0791
4890 49.079
4891 49.0789
4892 49.0785
4893 49.0779
4894 49.0776
4895 49.0774
4896 49.0771
4897 49.0769
4898 49.0766
4899 49.0763
4900 49.0759
4901 49.0757
4902 49.0754
4903 49.0752
4904 49.0751
4905 49.0747
4906 49.0742
4907 49.0739
4908 49.0733
4909 49.0719
4910 49.07
4911 49.0662
4912 49.0486
4913 49.046
4914 49.0433
4915 49.0432
4916 49.0427
4917 49.0427
4918 49.0421
4919 49.0415
4920 49.041
4921 49.0406
4922 49.04
4923 49.0395
4924 49.0394
4925 49.0393
4926 49.0382
4927 49.037
4928 49.0356
4929 49.0353
4930 49.0346
4931 49.0346
4932 49.0345
4933 49.0344
4934 49.0343
4935 49.034
4936 49.0337
4937 49.0336
4938 49.0334
4939 49.0331
4940 49.0329
4941 49.0327
4942 49.0326
4943 49.0325
4944 49.0323
4945 49.0322
4946 49.032
4947 49.0319
4948 49.0318
4949 49.0318
4950 49.0317
4951 49.0316
4952 49.0314
4953 49.0312
4954 49.0311
4955 49.0311
4956 49.0309
4957 49.0309
4958 49.0309
4959 49.0307
4960 49.0307
4961 49.0306
4962 49.0305
4963 49.0304
4964 49.0303
4965 49.0301
4966 49.03
4967 49.0299
4968 49.0298
4969 49.0297
4970 49.0296
4971 49.0296
4972 49.0294
4973 49.0292
4974 49.0291
4975 49.0291
4976 49.0289
4977 49.0287
4978 49.0286
4979 49.0284
4980 49.0283
4981 49.0282
4982 49.0281
4983 49.0278
4984 49.0276
4985 49.0274
4986 49.0271
4987 49.0267
4988 49.0258
4989 49.0239
4990 49.0234
4991 49.0227
4992 49.0215
4993 49.0087
4994 49.0076
4995 49.0076
4996 49.0072
4997 49.0072
4998 49.0062
4999 49.0062
5000 49.006
5001 49.0058
5002 49.0058
5003 49.0057
5004 49.0057
5005 49.0051
5006 49.005
5007 49.005
5008 49.005
5009 49.0048
5010 49.0048
5011 49.0047
5012 49.0046
5013 49.0044
5014 49.0043
5015 49.0043
5016 49.004
5017 49.0036
5018 49.0036
5019 49.0036
5020 49.0035
5021 49.0033
5022 49.0033
5023 49.0032
5024 49.0031
5025 49.0031
5026 49.003
5027 49.003
5028 49.003
5029 49.003
5030 49.0029
5031 49.0028
5032 49.0027
5033 49.0026
5034 49.0026
5035 49.0026
5036 49.0025
5037 49.0025
5038 49.0024
5039 49.0023
5040 49.0023
5041 49.0022
5042 49.0022
5043 49.0021
5044 49.0021
5045 49.002
5046 49.002
5047 49.0019
5048 49.0019
5049 49.0018
5050 49.0018
5051 49.0017
5052 49.0017
5053 49.0016
5054 49.0016
5055 49.0015
5056 49.0015
5057 49.0014
5058 49.0013
5059 49.0013
5060 49.0012
5061 49.0011
5062 49.001
5063 49.0009
5064 49.0008
5065 49.0007
5066 49.0005
5067 48.9996
5068 48.9985
5069 48.9952
5070 48.9952
5071 48.9952
5072 48.9945
5073 48.9944
5074 48.9944
5075 48.994
5076 48.9939
5077 48.9939
5078 48.9938
5079 48.9937
5080 48.9936
5081 48.9935
5082 48.9934
5083 48.9933
5084 48.9932
5085 48.993
5086 48.9929
5087 48.9928
5088 48.9928
5089 48.9927
5090 48.9927
5091 48.9926
5092 48.9926
5093 48.9926
5094 48.9925
5095 48.9925
5096 48.9924
5097 48.9924
5098 48.9924
5099 48.9923
5100 48.9923
5101 48.9923
5102 48.9923
5103 48.9922
5104 48.9922
5105 48.9922
5106 48.9922
5107 48.9921
5108 48.9921
5109 48.9921
5110 48.992
5111 48.992
5112 48.9919
5113 48.9919
5114 48.9918
5115 48.9918
5116 48.9918
5117 48.9917
5118 48.9917
5119 48.9916
5120 48.9915
5121 48.9914
5122 48.9914
5123 48.9912
5124 48.991
5125 48.9908
5126 48.9906
5127 48.9881
5128 48.9861
5129 48.986
5130 48.9845
5131 48.9845
5132 48.9845
5133 48.9841
5134 48.984
5135 48.9839
5136 48.9832
5137 48.9831
5138 48.9828
5139 48.9827
5140 48.9824
5141 48.9821
5142 48.982
5143 48.9816
5144 48.9813
5145 48.9811
5146 48.9809
5147 48.9806
5148 48.9802
5149 48.9801
5150 48.9799
5151 48.9798
5152 48.9795
5153 48.9792
5154 48.9791
5155 48.979
5156 48.9788
5157 48.9785
5158 48.9784
5159 48.9783
5160 48.9782
5161 48.9781
5162 48.9779
5163 48.9778
5164 48.9778
5165 48.9777
5166 48.9776
5167 48.9775
5168 48.9774
5169 48.9773
5170 48.9772
5171 48.9772
5172 48.9771
5173 48.9771
5174 48.9769
5175 48.9768
5176 48.9767
5177 48.9767
5178 48.9766
5179 48.9765
5180 48.9764
5181 48.9763
5182 48.9762
5183 48.9761
5184 48.976
5185 48.9759
5186 48.9758
5187 48.9756
5188 48.9755
5189 48.9752
5190 48.9749
5191 48.9744
5192 48.9741
5193 48.9737
5194 48.9731
5195 48.9727
5196 48.9725
5197 48.9718
5198 48.9712
5199 48.9707
5200 48.9699
5201 48.9656
5202 48.9653
5203 48.9654
5204 48.9646
5205 48.9642
5206 48.9638
5207 48.9638
5208 48.9634
5209 48.9633
5210 48.9632
5211 48.9631
5212 48.9629
5213 48.9629
5214 48.9629
5215 48.9628
5216 48.9628
5217 48.9627
5218 48.9627
5219 48.9627
5220 48.9626
5221 48.9625
5222 48.9623
5223 48.9622
5224 48.9622
5225 48.9621
5226 48.962
5227 48.9619
5228 48.9618
5229 48.9617
5230 48.9617
5231 48.9617
5232 48.9616
5233 48.9616
5234 48.9615
5235 48.9615
5236 48.9615
5237 48.9615
5238 48.9614
5239 48.9614
5240 48.9613
5241 48.9613
5242 48.9613
5243 48.9613
5244 48.9612
5245 48.9612
5246 48.9612
5247 48.9612
5248 48.9612
5249 48.9612
5250 48.9612
5251 48.9612
5252 48.9612
5253 48.9612
5254 48.9611
5255 48.9611
5256 48.9611
5257 48.9611
5258 48.9611
5259 48.9611
5260 48.9611
5261 48.961
5262 48.961
5263 48.961
5264 48.961
5265 48.961
5266 48.9609
5267 48.9609
5268 48.9609
5269 48.9609
5270 48.9609
5271 48.9609
5272 48.9609
5273 48.9608
5274 48.9608
5275 48.9608
5276 48.9608
5277 48.9608
5278 48.9607
5279 48.9607
5280 48.9607
5281 48.9607
5282 48.9607
5283 48.9607
5284 48.9606
5285 48.9606
5286 48.9605
5287 48.9605
5288 48.9604
5289 48.9603
5290 48.9601
5291 48.9599
5292 48.9598
5293 48.9598
5294 48.9596
5295 48.9595
5296 48.9594
5297 48.959
5298 48.9585
5299 48.9578
5300 48.9539
5301 48.9525
5302 48.9525
5303 48.9517
5304 48.9517
5305 48.9507
5306 48.95
5307 48.9499
5308 48.9498
5309 48.9494
5310 48.9488
5311 48.9486
5312 48.9486
5313 48.9485
5314 48.9481
5315 48.948
5316 48.9479
5317 48.9474
5318 48.9472
5319 48.9468
5320 48.9462
5321 48.946
5322 48.9458
5323 48.9456
5324 48.9454
5325 48.9451
5326 48.9448
5327 48.9446
5328 48.9444
5329 48.9442
5330 48.9441
5331 48.9439
5332 48.9437
5333 48.9435
5334 48.9432
5335 48.9426
5336 48.9417
5337 48.9404
5338 48.9386
5339 48.9349
5340 48.9349
5341 48.9348
5342 48.9341
5343 48.9341
5344 48.9336
5345 48.9335
5346 48.9335
5347 48.9335
5348 48.9334
5349 48.9333
5350 48.9333
5351 48.9333
5352 48.9332
5353 48.9332
5354 48.9331
5355 48.9331
5356 48.933
5357 48.9329
5358 48.9328
5359 48.9328
5360 48.9327
5361 48.9327
5362 48.9327
5363 48.9327
5364 48.9327
5365 48.9326
5366 48.9326
5367 48.9326
5368 48.9325
5369 48.9325
5370 48.9325
5371 48.9325
5372 48.9325
5373 48.9324
5374 48.9324
5375 48.9324
5376 48.9324
5377 48.9324
5378 48.9324
5379 48.9324
5380 48.9323
5381 48.9323
5382 48.9323
5383 48.9323
5384 48.9323
5385 48.9323
5386 48.9323
5387 48.9323
5388 48.9323
5389 48.9323
5390 48.9323
5391 48.9323
5392 48.9322
5393 48.9322
5394 48.9322
5395 48.9322
5396 48.9322
5397 48.9322
5398 48.9322
5399 48.9322
5400 48.9322
5401 48.9322
5402 48.9321
5403 48.9321
5404 48.9321
5405 48.9321
5406 48.9321
5407 48.9321
5408 48.9321
5409 48.9321
5410 48.9321
5411 48.9321
5412 48.932
5413 48.932
5414 48.932
5415 48.932
5416 48.932
5417 48.932
5418 48.932
5419 48.932
5420 48.9319
5421 48.9319
5422 48.9319
5423 48.9319
5424 48.9318
5425 48.9318
5426 48.9317
5427 48.9317
5428 48.9316
5429 48.9316
5430 48.9315
5431 48.9314
5432 48.9314
5433 48.9313
5434 48.9311
5435 48.9311
5436 48.931
5437 48.9308
5438 48.9286
5439 48.9277
5440 48.9277
5441 48.9275
5442 48.9275
5443 48.9275
5444 48.9273
5445 48.9269
5446 48.9269
5447 48.9266
5448 48.9266
5449 48.9259
5450 48.9258
5451 48.9248
5452 48.9246
5453 48.9242
5454 48.9239
5455 48.9236
5456 48.9234
5457 48.923
5458 48.9226
5459 48.9222
5460 48.9219
5461 48.9215
5462 48.9214
5463 48.9209
5464 48.9206
5465 48.9204
5466 48.9203
5467 48.9201
5468 48.92
5469 48.9198
5470 48.9196
5471 48.9194
5472 48.9193
5473 48.9191
5474 48.919
5475 48.9188
5476 48.9186
5477 48.9184
5478 48.9182
5479 48.9179
5480 48.9176
5481 48.9172
5482 48.9168
5483 48.9162
5484 48.9156
5485 48.914
5486 48.9135
5487 48.9114
5488 48.9114
5489 48.9113
5490 48.9111
5491 48.9107
5492 48.9107
5493 48.9103
5494 48.9098
5495 48.9098
5496 48.9097
5497 48.9096
5498 48.9096
5499 48.9095
5500 48.9094
5501 48.9092
5502 48.9091
5503 48.909
5504 48.9089
5505 48.9089
5506 48.9089
5507 48.9088
5508 48.9087
5509 48.9087
5510 48.9087
5511 48.9086
5512 48.9086
5513 48.9086
5514 48.9086
5515 48.9085
5516 48.9085
5517 48.9085
5518 48.9085
5519 48.9084
5520 48.9084
5521 48.9084
5522 48.9084
5523 48.9084
5524 48.9084
5525 48.9083
5526 48.9083
5527 48.9083
5528 48.9082
5529 48.9082
5530 48.9082
5531 48.9082
5532 48.9082
5533 48.9081
5534 48.9081
5535 48.9081
5536 48.9081
5537 48.908
5538 48.908
5539 48.908
5540 48.908
5541 48.908
5542 48.9079
5543 48.9079
5544 48.9079
5545 48.9079
5546 48.9078
5547 48.9078
5548 48.9078
5549 48.9078
5550 48.9078
5551 48.9077
5552 48.9077
5553 48.9077
5554 48.9076
5555 48.9075
5556 48.9075
5557 48.9075
5558 48.9074
5559 48.9073
5560 48.9073
5561 48.9073
5562 48.9072
5563 48.9071
5564 48.9071
5565 48.9071
5566 48.9069
5567 48.9067
5568 48.9066
5569 48.9065
5570 48.9062
5571 48.8991
5572 48.8991
5573 48.8991
5574 48.8985
5575 48.8979
5576 48.8976
5577 48.8975
5578 48.8974
5579 48.8974
5580 48.8973
5581 48.897
5582 48.896
5583 48.8959
5584 48.8958
5585 48.8955
5586 48.8953
5587 48.8952
5588 48.8951
5589 48.8951
5590 48.895
5591 48.8944
5592 48.8942
5593 48.8941
5594 48.894
5595 48.8938
5596 48.8934
5597 48.8933
5598 48.8931
5599 48.893
5600 48.8929
5601 48.8928
5602 48.8927
5603 48.8926
5604 48.8926
5605 48.8925
5606 48.8924
5607 48.8922
5608 48.892
5609 48.8919
5610 48.8918
5611 48.8915
5612 48.8912
5613 48.8907
5614 48.8898
5615 48.8887
5616 48.8866
5617 48.8536
5618 48.8535
5619 48.8483
5620 48.8412
5621 48.84
5622 48.8396
5623 48.8375
5624 48.8371
5625 48.8358
5626 48.8353
5627 48.8349
5628 48.8343
5629 48.8328
5630 48.8321
5631 48.8319
5632 48.8316
5633 48.8311
5634 48.8306
5635 48.8299
5636 48.8295
5637 48.8291
5638 48.8288
5639 48.8286
5640 48.8283
5641 48.8282
5642 48.8279
5643 48.8278
5644 48.8276
5645 48.8274
5646 48.827
5647 48.8268
5648 48.8265
5649 48.8263
5650 48.826
5651 48.8258
5652 48.8256
5653 48.8255
5654 48.8254
5655 48.8251
5656 48.825
5657 48.8248
5658 48.8246
5659 48.8244
5660 48.8243
5661 48.824
5662 48.8238
5663 48.8235
5664 48.823
5665 48.8228
5666 48.8225
5667 48.8221
5668 48.8218
5669 48.8216
5670 48.8214
5671 48.821
5672 48.8208
5673 48.8206
5674 48.8202
5675 48.8199
5676 48.8193
5677 48.8189
5678 48.8177
5679 48.8168
5680 48.8159
5681 48.8141
5682 48.8127
5683 48.8086
5684 48.8086
5685 48.8067
5686 48.8063
5687 48.8055
5688 48.8027
5689 48.8024
5690 48.8021
5691 48.802
5692 48.8009
5693 48.8
5694 48.7999
5695 48.7997
5696 48.7996
5697 48.7994
5698 48.7992
5699 48.7991
5700 48.799
5701 48.7989
5702 48.7987
5703 48.7986
5704 48.7985
5705 48.7984
5706 48.7983
5707 48.7982
5708 48.7981
5709 48.798
5710 48.798
5711 48.7979
5712 48.7979
5713 48.7978
5714 48.7977
5715 48.7977
5716 48.7976
5717 48.7975
5718 48.7974
5719 48.7973
5720 48.7973
5721 48.7972
5722 48.7971
5723 48.797
5724 48.7969
5725 48.7968
5726 48.7967
5727 48.7966
5728 48.7965
5729 48.7964
5730 48.7962
5731 48.7959
5732 48.7957
5733 48.7954
5734 48.795
5735 48.7938
5736 48.787
5737 48.7839
5738 48.7829
5739 48.7827
5740 48.7822
5741 48.7819
5742 48.7817
5743 48.7815
5744 48.7813
5745 48.7812
5746 48.7811
5747 48.781
5748 48.7809
5749 48.7809
5750 48.7808
5751 48.7807
5752 48.7806
5753 48.7805
5754 48.7804
5755 48.7803
5756 48.7802
5757 48.7801
5758 48.7801
5759 48.78
5760 48.78
5761 48.7799
5762 48.7799
5763 48.7798
5764 48.7797
5765 48.7797
5766 48.7796
5767 48.7795
5768 48.7794
5769 48.7794
5770 48.7793
5771 48.7792
5772 48.779
5773 48.7788
5774 48.7785
5775 48.778
5776 48.7773
5777 48.7743
5778 48.7483
5779 48.7382
5780 48.7352
5781 48.7338
5782 48.7326
5783 48.7308
5784 48.7294
5785 48.7284
5786 48.7275
5787 48.7268
5788 48.726
5789 48.7251
5790 48.7229
5791 48.7207
5792 48.6946
5793 48.6946
5794 48.6805
5795 48.6746
5796 48.6705
5797 48.6696
5798 48.6672
5799 48.6667
5800 48.6649
5801 48.6638
5802 48.6632
5803 48.6614
5804 48.6609
5805 48.66
5806 48.659
5807 48.6583
5808 48.6579
5809 48.6563
5810 48.6552
5811 48.6547
5812 48.6539
5813 48.6533
5814 48.6519
5815 48.651
5816 48.6507
5817 48.6501
5818 48.6497
5819 48.6495
5820 48.6491
5821 48.6485
5822 48.6481
5823 48.6478
5824 48.6474
5825 48.6466
5826 48.6459
5827 48.6453
5828 48.6442
5829 48.6435
5830 48.643
5831 48.6423
5832 48.6415
5833 48.6409
5834 48.639
5835 48.6374
5836 48.6344
5837 48.5865
5838 48.5809
5839 48.5723
5840 48.5722
5841 48.5705
5842 48.5686
5843 48.5676
5844 48.5652
5845 48.5646
5846 48.5622
5847 48.5604
5848 48.5577
5849 48.5561
5850 48.5524
5851 48.55
5852 48.5482
5853 48.5469
5854 48.5441
5855 48.5424
5856 48.5409
5857 48.5394
5858 48.538
5859 48.5368
5860 48.5348
5861 48.5333
5862 48.532
5863 48.5305
5864 48.5293
5865 48.5283
5866 48.527
5867 48.5261
5868 48.525
5869 48.5236
5870 48.5226
5871 48.5212
5872 48.5201
5873 48.5187
5874 48.5172
5875 48.5158
5876 48.5145
5877 48.5138
5878 48.513
5879 48.5116
5880 48.5103
5881 48.5095
5882 48.5075
5883 48.5044
5884 48.5024
5885 48.495
5886 48.4941
5887 48.4939
5888 48.4932
5889 48.493
5890 48.4928
5891 48.4927
5892 48.4925
5893 48.4923
5894 48.4922
5895 48.4921
5896 48.492
5897 48.4919
5898 48.4918
5899 48.4917
5900 48.4916
5901 48.4915
5902 48.4914
5903 48.4913
5904 48.4912
5905 48.4911
5906 48.491
5907 48.4908
5908 48.4906
5909 48.4905
5910 48.4903
5911 48.49
5912 48.4898
5913 48.4894
5914 48.4889
5915 48.4878
5916 48.4844
5917 48.4843
5918 48.4839
5919 48.4839
5920 48.4836
5921 48.4835
5922 48.4832
5923 48.4826
5924 48.4825
5925 48.4824
5926 48.4823
5927 48.4823
5928 48.4823
5929 48.4822
5930 48.4822
5931 48.4822
5932 48.4822
5933 48.4821
5934 48.4821
5935 48.4821
5936 48.4821
5937 48.482
5938 48.4819
5939 48.4818
5940 48.4816
5941 48.4815
5942 48.4813
5943 48.4812
5944 48.4811
5945 48.481
5946 48.4809
5947 48.4807
5948 48.4806
5949 48.4805
5950 48.4804
5951 48.4803
5952 48.4801
5953 48.48
5954 48.4798
5955 48.4796
5956 48.4794
5957 48.4789
5958 48.4786
5959 48.4771
5960 48.4771
5961 48.4769
5962 48.4767
5963 48.4765
5964 48.4763
5965 48.4762
5966 48.4758
5967 48.4757
5968 48.4752
5969 48.4749
5970 48.4744
5971 48.4743
5972 48.4743
5973 48.4742
5974 48.4742
5975 48.4741
5976 48.4741
5977 48.474
5978 48.4738
5979 48.4738
5980 48.4737
5981 48.4736
5982 48.4736
5983 48.4735
5984 48.4735
5985 48.4734
5986 48.4734
5987 48.4733
5988 48.4733
5989 48.4733
5990 48.4732
5991 48.4732
5992 48.4731
5993 48.473
5994 48.4729
5995 48.4729
5996 48.4729
5997 48.4728
5998 48.4727
5999 48.4727
6000 48.4726
6001 48.4725
6002 48.4724
6003 48.4723
6004 48.4722
6005 48.4721
6006 48.4719
6007 48.4717
6008 48.4714
6009 48.4704
6010 48.4648
6011 48.4641
6012 48.4595
6013 48.4585
6014 48.458
6015 48.4567
6016 48.4553
6017 48.4525
6018 48.4506
6019 48.4492
6020 48.4482
6021 48.4468
6022 48.4459
6023 48.445
6024 48.4439
6025 48.4431
6026 48.4419
6027 48.4407
6028 48.4394
6029 48.4374
6030 48.4349
6031 48.4303
6032 48.4218
6033 48.4103
6034 48.4103
6035 48.4094
6036 48.4085
6037 48.4077
6038 48.4075
6039 48.4072
6040 48.407
6041 48.4061
6042 48.4008
6043 48.3981
6044 48.3979
6045 48.3972
6046 48.3969
6047 48.3967
6048 48.3965
6049 48.3964
6050 48.3962
6051 48.3961
6052 48.3961
6053 48.3958
6054 48.3956
6055 48.3955
6056 48.3955
6057 48.3954
6058 48.3953
6059 48.3951
6060 48.3947
6061 48.3945
6062 48.3944
6063 48.3941
6064 48.3939
6065 48.3936
6066 48.3935
6067 48.3933
6068 48.3932
6069 48.393
6070 48.393
6071 48.3928
6072 48.3927
6073 48.3926
6074 48.3925
6075 48.3923
6076 48.3922
6077 48.392
6078 48.3919
6079 48.3918
6080 48.3916
6081 48.3914
6082 48.3914
6083 48.3912
6084 48.3911
6085 48.391
6086 48.3908
6087 48.3907
6088 48.3905
6089 48.3904
6090 48.3903
6091 48.3902
6092 48.3899
6093 48.3898
6094 48.3897
6095 48.3895
6096 48.3895
6097 48.3894
6098 48.3892
6099 48.3889
6100 48.3887
6101 48.3885
6102 48.3883
6103 48.3881
6104 48.3878
6105 48.3876
6106 48.3873
6107 48.3871
6108 48.3867
6109 48.3864
6110 48.386
6111 48.3856
6112 48.3835
6113 48.3771
6114 48.3763
6115 48.3763
6116 48.3762
6117 48.376
6118 48.376
6119 48.3745
6120 48.3737
6121 48.3737
6122 48.3736
6123 48.3731
6124 48.3731
6125 48.3719
6126 48.3709
6127 48.3706
6128 48.3693
6129 48.3688
6130 48.3685
6131 48.3683
6132 48.3683
6133 48.3679
6134 48.3678
6135 48.3678
6136 48.3677
6137 48.3676
6138 48.3676
6139 48.3675
6140 48.3675
6141 48.3674
6142 48.3673
6143 48.3672
6144 48.3671
6145 48.367
6146 48.3669
6147 48.3669
6148 48.3669
6149 48.3668
6150 48.3667
6151 48.3667
6152 48.3666
6153 48.3664
6154 48.3664
6155 48.3663
6156 48.3662
6157 48.3662
6158 48.3661
6159 48.3661
6160 48.3661
6161 48.366
6162 48.366
6163 48.3659
6164 48.3659
6165 48.3659
6166 48.3659
6167 48.3659
6168 48.3658
6169 48.3658
6170 48.3658
6171 48.3657
6172 48.3657
6173 48.3657
6174 48.3657
6175 48.3656
6176 48.3656
6177 48.3656
6178 48.3656
6179 48.3655
6180 48.3655
6181 48.3655
6182 48.3654
6183 48.3654
6184 48.3654
6185 48.3653
6186 48.3653
6187 48.3653
6188 48.3652
6189 48.3652
6190 48.3652
6191 48.3652
6192 48.3651
6193 48.3651
6194 48.3651
6195 48.365
6196 48.365
6197 48.365
6198 48.365
6199 48.3649
6200 48.3649
6201 48.3649
6202 48.3648
6203 48.3648
6204 48.3648
6205 48.3648
6206 48.3647
6207 48.3647
6208 48.3647
6209 48.3647
6210 48.3646
6211 48.3646
6212 48.3646
6213 48.3645
6214 48.3645
6215 48.3645
6216 48.3645
6217 48.3644
6218 48.3644
6219 48.3644
6220 48.3643
6221 48.3643
6222 48.3642
6223 48.3642
6224 48.3641
6225 48.3641
6226 48.364
6227 48.364
6228 48.3639
6229 48.3638
6230 48.3635
6231 48.3632
6232 48.363
6233 48.3624
6234 48.3617
6235 48.3601
6236 48.3477
6237 48.3477
6238 48.3473
6239 48.3464
6240 48.3462
6241 48.3462
6242 48.346
6243 48.3457
6244 48.3453
6245 48.345
6246 48.3448
6247 48.3447
6248 48.3444
6249 48.3442
6250 48.3442
6251 48.3438
6252 48.3436
6253 48.3426
6254 48.3422
6255 48.3417
6256 48.3415
6257 48.3411
6258 48.3405
6259 48.3401
6260 48.3399
6261 48.3397
6262 48.3394
6263 48.3392
6264 48.339
6265 48.3389
6266 48.3387
6267 48.3386
6268 48.3384
6269 48.3382
6270 48.3381
6271 48.338
6272 48.338
6273 48.3379
6274 48.3377
6275 48.3376
6276 48.3375
6277 48.3374
6278 48.3372
6279 48.3372
6280 48.3371
6281 48.3369
6282 48.3368
6283 48.3367
6284 48.3366
6285 48.3365
6286 48.3364
6287 48.3361
6288 48.3358
6289 48.3356
6290 48.3353
6291 48.3351
6292 48.3349
6293 48.3346
6294 48.3345
6295 48.3343
6296 48.3339
6297 48.3334
6298 48.333
6299 48.3323
6300 48.3312
6301 48.3279
6302 48.3257
6303 48.3244
6304 48.3237
6305 48.3232
6306 48.3227
6307 48.3222
6308 48.3217
6309 48.3213
6310 48.321
6311 48.3208
6312 48.3205
6313 48.3204
6314 48.32
6315 48.3197
6316 48.3193
6317 48.319
6318 48.3151
6319 48.315
6320 48.315
6321 48.3146
6322 48.3145
6323 48.3132
6324 48.3127
6325 48.3123
6326 48.3117
6327 48.3103
6328 48.3069
6329 48.3015
6330 48.2996
6331 48.2996
6332 48.2989
6333 48.2985
6334 48.2983
6335 48.2982
6336 48.2981
6337 48.298
6338 48.2979
6339 48.2978
6340 48.2976
6341 48.2975
6342 48.2975
6343 48.2974
6344 48.2973
6345 48.2972
6346 48.2972
6347 48.2971
6348 48.2971
6349 48.297
6350 48.297
6351 48.2969
6352 48.2969
6353 48.2969
6354 48.2968
6355 48.2968
6356 48.2968
6357 48.2967
6358 48.2967
6359 48.2967
6360 48.2966
6361 48.2965
6362 48.2965
6363 48.2963
6364 48.2963
6365 48.2961
6366 48.296
6367 48.2957
6368 48.2954
6369 48.2927
6370 48.2924
6371 48.2924
6372 48.2923
6373 48.291
6374 48.2901
6375 48.2895
6376 48.2892
6377 48.2889
6378 48.2887
6379 48.2884
6380 48.2879
6381 48.2874
6382 48.2856
6383 48.2812
6384 48.2804
6385 48.2796
6386 48.2792
6387 48.279
6388 48.2788
6389 48.2784
6390 48.2766
6391 48.276
6392 48.273
6393 48.2727
6394 48.2725
6395 48.2722
6396 48.2715
6397 48.2712
6398 48.2709
6399 48.2705
6400 48.2698
6401 48.2692
6402 48.2684
6403 48.268
6404 48.2626
6405 48.2624
6406 48.2615
6407 48.261
6408 48.2607
6409 48.2606
6410 48.2605
6411 48.2604
6412 48.2603
6413 48.26
6414 48.2596
6415 48.259
6416 48.2568
6417 48.2562
6418 48.254
6419 48.2537
6420 48.2508
6421 48.2506
6422 48.2502
6423 48.2501
6424 48.2481
6425 48.2475
6426 48.2474
6427 48.2473
6428 48.2473
6429 48.2472
6430 48.2467
6431 48.2463
6432 48.2458
6433 48.2455
6434 48.2452
6435 48.245
6436 48.2449
6437 48.2448
6438 48.2447
6439 48.2446
6440 48.2445
6441 48.2445
6442 48.2445
6443 48.2444
6444 48.2444
6445 48.2443
6446 48.2443
6447 48.2442
