-33.4639992122834 -23.7697682380677 -3.01232872420688
-32.8168786613713 -23.3385447396326 -3.8163921975547
-32.1426642749152 -22.9346642034349 -4.61239692473829
-31.4409808203353 -22.5574531206805 -5.3977195721058
-30.7113869129389 -22.2060878885353 -6.16952696736217
-29.9534343572972 -21.8796190748237 -6.92480828738776
-29.1667387829023 -21.5769986444463 -7.66042190535458
-28.3510541725681 -21.2971058324289 -8.37315426149729
-27.5063424603331 -21.0387681214362 -9.05978652849548
-26.6328296911093 -20.8007753365309 -9.71716351623982
-25.7310423047955 -20.5818867777814 -10.3422585403561
-24.801820482652 -20.3808330728289 -10.9322281966709
-23.8463093664097 -20.1963156195474 -11.484452306026
-22.8659324014039 -20.0270068583027 -11.9965565907265
-21.862353288537 -19.871554148222 -12.4664184679482
-20.8374336539507 -19.7285889141261 -12.8921590434897
-19.7931926178438 -19.5967413057823 -13.2721263074028
-18.7317724180848 -19.474659230875 -13.6048752291918
-17.6554117915408 -19.3610295956148 -13.8891498309247
-16.5664266091653 -19.2545991029866 -14.1238706522539
-15.4671957895384 -19.154192064338 -14.3081288462698
-14.3601499815232 -19.0587232841672 -14.4411860851173
-13.2477608147813 -18.967204987742 -14.5224780417083
-12.1325293498779 -18.8787477356243 -14.5516187438689
-11.0169733071672 -18.7925560790388 -14.5284035623455
-9.90361335307625 -18.7079201913501 -14.4528097097494
-8.79495897029546 -18.6242048006165 -14.3249944373325
-7.69349423882543 -18.5408364935658 -14.1452921429508
-6.60166339401532 -18.4572900009528 -13.9142119982022
-5.52185558753343 -18.3730735952037 -13.6324373503359
-4.45638812018571 -18.2877134139393 -13.3008272017531
-3.4074876811226 -18.2007364881344 -12.9204188714085
-2.37726977407035 -18.1116525263234 -12.4924299429013
-1.367717319594 -18.0199350063857 -12.0182571920488
-0.380660068569793 -17.9250026900935 -11.4994705649302
0.582243370384436 -17.8262031011394 -10.9378013897637
1.5195195825183 -17.7227996149111 -10.3351255471265
2.42989029242792 -17.6139634961821 -9.6934438289244
3.31227948611621 -17.4987715028085 -9.01486270924823
4.16582034668145 -17.3762086853906 -8.30157889019435
4.98986537495269 -17.2451749864345 -7.55587018191693
5.78400278885879 -17.1044934516291 -6.78009372081675
6.54808086888479 -16.952917558008 -5.97669064703846
7.2822395333812 -16.7891354934744 -5.1481946865892
7.9869455915539 -16.611770201048 -4.29724109878816
8.66302554477013 -16.4193754772602 -3.42657243666565
9.31168822921206 -16.21043008733 -2.53903850185454
9.93452958012362 -15.9833333346163 -1.63758942198339
10.5335135613291 -15.7364063909882 -0.725262401306451
11.110926608428 -15.4679036390516 0.194836146651301
11.6693071319059 -15.1760371607491 1.11955101299084
12.2113558140989 -14.8590154409785 2.04569949814895
12.7398356895398 -14.5150947068021 2.9700927941908
13.257472619489 -14.1426386553971 3.88955738399506
13.766866444065 -13.7401802695875 4.80095662848418
14.2704209497481 -13.3064785146324 5.70121229006306
14.770297345256 -12.8405632338086 6.58732488926062
15.2683919610408 -12.341763438258 7.45639098584917
15.7663352034496 -11.809716993545 8.30561520407971
16.265506103179 -11.2443627818514 9.13231535489262
16.7670555244232 -10.6459190608889 9.93392027579837
17.2719313249233 -10.0148533977818 10.7079616348619
17.7809002260258 -9.35184996812865 11.4520624067007
18.2945633768136 -8.65777924526883 12.1639255618322
18.8133649915772 -7.93367349938971 12.8413264697963
19.3375954687701 -7.18070956305894 13.4821116348475
19.8673916903098 -6.40019848588931 14.0842049355698
20.4027376072902 -5.59358036799317 14.6456209342949
20.9434678236936 -4.76242201484012 15.1644834661345
21.489275948654 -3.90841508107289 15.6390469017237
22.0397283384631 -3.03337289604067 16.0677173076344
22.5942828122495 -2.13922493766757 16.4490711160742
23.1523112190324 -1.22800869933918 16.7818696325979
23.7131244321916 -0.301859307345432 17.0650684814264
24.2759983842578 0.63700237144322 17.2978216910985
24.8401999742589 1.5862822164298 17.4794804660167
25.405011908858 2.54362498180023 17.609586829899
25.9697556578974 3.50662515404469 17.6878624349895
26.5338116920322 4.47283572997711 17.7141931038926
27.0966361013657 5.4397743133761 17.6886102370311
27.6577727080904 6.40492630270192 17.6112710608151
28.2168600222946 7.365745529627 17.4824406232487
28.7736329237255 8.31965348678282 17.3024791478426
29.3279197503658 9.2640391374931 17.071838477444
29.8796363856473 10.1962620254914 16.7910706012933
30.4287797185734 11.1136617440234 16.4608495773175
30.9754232345487 12.0135765434416 16.0820057153144
31.5197172590787 12.8933728140757 15.6555681178214
32.0618954303186 13.7504854102743 15.1828092141139
32.6022874139626 14.5824665365104 14.6652834357016
33.1413359885001 15.3870386626349 14.1048521788688
33.6796148672314 16.1621452602442 13.5036888540766
34.2178424806513 16.9059926024037 12.864260870744
34.7568868190036 17.6170767563226 12.18928918887
35.2977574979905 18.2941921494878 11.4816897096803
35.8415833164707 18.9364212154218 10.7445034505896
36.3895762800436 19.5431078445726 9.98082363064049
36.9429857355146 20.1138198468508 9.19372738878222
37.5030482473454 20.6483067590084 8.3862181772053
38.0709396576002 21.1464588908666 7.56118246402671
38.6477352048425 21.6082717356771 6.72136183066244
39.2343817704955 22.0338173531591 5.86933932823738
39.8316837025614 22.4232218007052 5.00753734922886
40.4403008461702 22.7766458097313 4.13822338723769
41.0607550294285 23.0942651262536 3.2635198855021
41.6934398356134 23.3762473946847 2.38541481847308
42.3386283303778 23.6227239883242 1.50577056209541
42.9964745037911 23.8337573610061 0.626329802561942
43.6670062437875 24.0093067588838 -0.251281495410426
44.3501101786557 24.1491969301998 -1.12555290005418
45.0455111214264 24.2530953595582 -1.99508812885411
45.7527505845177 24.320503289922 -2.85860116549379
46.4711695557847 24.3507643803089 -3.7149078264952
47.1999003320422 24.343092509418 -4.56291156035426
47.9378708292168 24.2966173819388 -5.40158353914183
48.683822740237 24.2104437352689 -6.22993854483154
49.4363425887409 24.0837176116457 -7.04700938967331
50.1939025350955 23.9156918230693 -7.85182328469673
50.9549061021454 23.705782712305 -8.64338346607745
51.7177331077659 23.4536116889528 -9.42065852000455
52.4807782230224 23.1590275952225 -10.1825804644483
53.2424787628196 22.8221092514788 -10.9280511507002
54.0013293917953 22.4431508719882 -11.6559553403209
54.7558839998195 22.022635712206 -12.3651781587464
55.5047475158284 21.5612047366392 -13.0546245794486
56.2465623028883 21.0596269942419 -13.7232390091731
56.9799945551822 20.5187768256117 -14.3700236646016
57.703725596007 19.9396204064408 -14.994054978818
58.4164512606582 19.3232110972648 -15.5944975523555
59.1168900307346 18.6706903608529 -16.1706150997437
59.8037978593891 17.9832893016143 -16.7217775200873
60.4759853625361 17.2623256293022 -17.2474628536849
61.1323318612439 16.5091921576057 -17.7472527662013
61.7717910546168 15.7253355220938 -18.2208205997547
62.3933849621966 14.9122269953798 -18.6679120894485
62.9961858857064 14.0713302433197 -19.0883204863596
63.5792898150373 13.2040727674481 -19.4818597246227
64.1417880154095 12.3118279959718 -19.8483408945011
64.6827455270666 11.395913269049 -20.187558038672
65.2011952395065 10.4576055161147 -20.499288672842
65.6961537278523 9.4981719145872 -20.7833121950553
66.1666603459075 8.51890833365178 -21.0394456203712
66.6118349167285 7.52117522534356 -21.2675914392478
67.030943037404 6.50642004777469 -21.4677878678238
67.4234531846854 5.47617793977323 -21.6402486509108
67.7890681820838 4.4320478645739 -21.7853791954991
68.1277164214102 3.37564835791063 -21.9037590037979
68.4394957740819 2.308563221192 -21.9960871118618
68.7245742775833 1.23229099169896 -22.0630964047957
68.9830640577133 0.148211726157837 -22.1054522111691
69.2148954288305 -0.942419301481551 -22.1236579529411
69.4197236652764 -2.03844796078132 -22.1179934908301
69.5968993758634 -3.13877263668319 -22.0885085697441
69.7455239116443 -4.24228372149572 -22.035084053263
69.8645945368885 -5.34781100353023 -21.9575585695947
69.9532225965033 -6.45410125809861 -21.855900565973
70.0108857228139 -7.5598435453256 -21.7303898787534
70.037657782348 -8.66374588758728 -21.5817637938572
70.0343536900257 -9.76464662413906 -21.4112843761586
70.0025346933043 -10.8616244900028 -21.2206979550184
69.9443437084413 -11.954063436482 -21.0120813611785
69.8621755825194 -13.0416379732092 -20.7875966453547
69.7582263055254 -14.1242100414577 -20.5491994099629
69.6340001258849 -15.2016577588255 -20.2983601436805
69.4898773383985 -16.2736760106239 -20.0358604675618
69.3248525814551 -17.3395921165507 -19.7617162890555
69.136538965735 -18.3982322487428 -19.4752576077318
68.9214940281928 -19.4478690615468 -19.1753615412608
68.6758601656395 -20.4862858974427 -18.860795924939
68.3962328191911 -21.5109988971501 -18.5305956751118
68.0805918826619 -22.519661405952 -18.184377238046
67.7290819107878 -23.5106156641231 -17.8225108010111
67.3444307109828 -24.4834647019803 -17.4461178586672
66.9318624607224 -25.4394600266195 -17.0569268528292
66.4984692382266 -26.3814996431557 -16.6570690071175
66.0521124997202 -27.3136372168373 -16.2488985217783
65.6000052553423 -28.2401838121802 -15.8348712065596
65.14718523975 -29.1646489268909 -15.417447497709
64.6951559264391 -30.0888215055418 -14.9989534366071
64.2410401402934 -31.0121998618157 -14.5813671119299
63.7776000753652 -31.9318104290294 -14.1660732875714
63.294354328337 -32.8423499852817 -13.7536786238107
62.7797461151084 -33.7366456107185 -13.3439531862064
62.2239485644332 -34.60658900389 -12.9358796284972
61.621569351831 -35.4447424280792 -12.5277320736182
60.9734215619668 -36.2465382489371 -12.1171470572347
60.2867991979883 -37.0124813461524 -11.7012774687921
59.5742606344088 -37.7493847051107 -11.2772264992085
58.8514317423642 -38.4697949516817 -10.8429035927041
58.1344193434449 -39.1894331383979 -10.3981740358943
57.4370997996926 -39.9233457131686 -9.94580668682674
56.7683064772033 -40.6820576127083 -9.49154388600897
56.1292098727442 -41.4690005228581 -9.04289236862759
55.5117667703445 -42.2798174406539 -8.60692460148462
54.8993423442845 -43.1032195255244 -8.18803515892785
54.2700596382061 -43.9226113662851 -7.78668619236895
53.6023091500573 -44.7181369250059 -7.39960269351831
52.8807213315047 -45.4696276916126 -7.02109228341741
52.1003548300359 -46.1610104286096 -6.64472637173114
51.2673869497755 -46.7855595216778 -6.26472824854339
50.3962798159324 -47.3499154281178 -5.87686614394385
49.5053272864888 -47.8745306270787 -5.47907782217278
48.6130845607879 -48.3895674978146 -5.07211131121508
47.736710656702 -48.9272914669912 -4.66002516459405
46.8910121139485 -49.5135051622776 -4.24981357996238
46.0862920259923 -50.1610299945393 -3.84946123328947
45.3247759662724 -50.8674410411155 -3.46473538107421
44.5976717989203 -51.6172185520583 -3.09626797300314
43.8855098786033 -52.386277726974 -2.73876812597564
43.1627668443482 -53.1463684136291 -2.38312443432714
42.4052592932406 -53.8686326948312 -2.02047298620124
41.597109975556 -54.5275853957395 -1.64616603776458
40.7341950844776 -55.1064584561302 -1.26163752304456
39.8229048002733 -55.6025726801271 -0.873356612073802
38.875774915992 -56.0298989222053 -0.489679629459657
37.9072104923819 -56.4168944570268 -0.117412265985606
36.931716143288 -56.8000036144788 0.240358649879435
35.9643440337081 -57.2149440466383 0.5847249495218
35.0208474697016 -57.6883907146592 0.92022451927437
34.1153013033984 -58.2323834425438 1.25360941144573
33.2553845588158 -58.8429142571589 1.59246492268168
32.4378895008242 -59.5025690927834 1.94371171434248
31.6474451946817 -60.18542083548 2.31196090227364
30.8598355473898 -60.8618977974098 2.69786761309295
30.048924878757 -61.5025904048788 3.09699379762847
29.1944226899584 -62.081681061979 3.50003365068612
28.2872523189337 -62.581025025248 3.89508343907417
27.3303744690993 -62.9945095364696 4.27165975968729
26.3352742481466 -63.3307871142628 4.62490648584701
25.316730902015 -63.6125150007688 4.95793338488407
24.2891480025919 -63.8717813125394 5.28103210578479
23.2658319135315 -64.1430196507182 5.60808146632421
22.2596541882643 -64.4554088826287 5.95176321200787
21.2822867608298 -64.8267438551041 6.3196279620031
20.3408950260831 -65.2603963144497 6.71249988445546
19.4341031519013 -65.7459904368511 7.12545401713712
18.5504017144738 -66.2628893877193 7.55029999246405
17.6708503253432 -66.7846739310516 7.97804173937763
16.7751996985573 -67.2833746978741 8.4004608904304
15.8484923591169 -67.7334846770545 8.81103721636189
14.8850277356637 -68.1160938545036 9.20580492179294
13.8882040222157 -68.4225537823146 9.5842470266389
12.8670817425149 -68.6562501833399 9.94969903156915
11.8320687625722 -68.831471618312 10.3086845738407
10.7919615887781 -68.9696365027155 10.6691422572245
9.75305124179837 -69.0941444845791 11.0381346171642
8.71946880594024 -69.2253101350122 11.4199220774282
7.6935338931289 -69.3765069391083 11.8151069988182
6.67557340765332 -69.5521969598587 12.2210347868885
5.66360622971046 -69.7480314068339 12.6330703642412
4.65360818962902 -69.9527015745626 13.0460697917537
3.64064802867334 -70.1508705523618 13.4554812985146
2.6204972062303 -70.3264492923314 13.8578839784858
1.59093883127397 -70.4655956749832 14.2510996270518
0.552171336081877 -70.5589456272142 14.6341055055303
-0.49376353981709 -70.6027172780484 15.0068783244377
-1.5440950723444 -70.598551047037 15.3701767278938
-2.59637548179152 -70.5522571304994 15.7252334499121
-3.64905586602845 -70.4719044566375 16.0733756643673
-4.70152200314934 -70.3657794514793 16.415653025303
-5.75378782627505 -70.2406651493903 16.7525684484895
-6.80610413711713 -70.1007238369733 17.083967491056
-7.85864638933442 -69.9470884323851 17.4090796762064
-8.91132073683123 -69.7781154641 17.7266590797829
-9.96366135347356 -69.5901375187168 18.0351620844779
-11.0147948753477 -69.3784842850802 18.332919995171
-12.0634757489314 -69.1385256930108 18.6182904031624
-13.108203661406 -68.8665259361941 18.8897851255984
-14.147409438658 -68.5601708048826 19.146171101102
-15.1796603805394 -68.2187228524624 19.3865333459191
-16.2038194094572 -67.8428462538353 19.6102871699055
-17.2191076622731 -67.4342050389292 19.817134469288
-18.2250576501901 -66.99496354449 20.0069722363847
-19.2213825964008 -66.5273083776459 20.1797734594662
-20.2078097078952 -66.0330787041082 20.3354662870064
-21.1839260575588 -65.5135505208541 20.4738356300291
-22.1490715153753 -64.969381652121 20.5944641884539
-23.1022938268377 -64.4006935276318 20.6967201183195
-24.0423642171552 -63.807245895777 20.7797887348557
-24.9678408376697 -63.1886522228979 20.8427375430127
-25.8771615312235 -62.5445861214061 20.8845986650754
-26.7687453473354 -61.8749407602085 20.9044510820251
-27.6410831927548 -61.1799203342581 20.9014871443955
-28.4928018776275 -60.4600608759472 20.8750529227702
-29.322692389863 -59.7161927807387 20.8246588048832
-30.1297014188108 -58.9493665837836 20.7499635396572
-30.9128930662187 -58.1607659583788 20.6507400416175
-31.671393346944 -57.3516286545653 20.5268336935343
-32.4043322349651 -56.5231893105047 20.378123468694
-33.1107965277728 -55.6766501238652 20.2044935415043
-33.7898025688341 -54.8131782003951 20.0058192117779
-34.440292306115 -53.9339232165958 19.781967056986
-35.061150721809 -53.0400463469251 19.5328061608705
-35.6512384651158 -52.1327511458358 19.2582255836239
-36.2094312048496 -51.2133087599268 18.9581530524406
-36.7346569674067 -50.28307273302 18.6325708993496
-37.2259243074785 -49.3434819184434 18.2815270375747
-37.6823370343014 -48.3960528708447 17.9051406394805
-38.1030946610203 -47.4423650315149 17.5036036304673
-38.4874810006183 -46.484042837702 17.0771798281028
-38.8348457608212 -45.5227386652456 16.6262034862408
-39.1445851945706 -44.5601195413992 16.1510783397976
-39.4161277366642 -43.5978591991001 15.6522773199345
-39.6489292649949 -42.6376356111729 15.1303422759591
-39.8424805214622 -41.6811328849511 14.5858825696848
-39.9963267593891 -40.7300454700013 14.0195714243466
-40.1100972986313 -39.7860821254088 13.4321393798811
-40.1835407504556 -38.8509670548029 12.8243649688734
-40.2165605027585 -37.9264360493273 12.1970635505358
-40.2092447882898 -37.0142263253784 11.5510758830758
-40.161886312893 -36.1160598788936 10.8872582873445
-40.0749878761864 -35.2336214103059 10.2064760627337
-39.9492524261234 -34.3685329786724 9.50960118875485
-39.7855582130426 -33.5223283068873 8.79751443375916
-39.5849217747194 -32.6964299272082 8.07111103668523
-39.3484530490095 -31.8921320602862 7.33130839689969
-39.0773077238893 -31.1105912911016 6.57905391978635
-38.772641878759 -30.3528258615494 5.81533142230156
-38.4355730806704 -29.6197229370402 5.04116525055013
-38.0671505563571 -28.912051772638 4.25762230612955
-37.6683351671622 -28.2304795742877 3.46581323751536
-37.2399880433695 -27.5755862695133 2.66689483479192
-36.7828652688873 -26.9478745351927 1.86207594362029
-36.2976152613648 -26.3477723104269 1.05262888030626
-35.7847756443398 -25.775626523457 0.239907420367762
-35.2447674503397 -25.2316886087143 -0.5746288810836
-34.6778862248141 -24.7160942118632 -1.38938573069662
-34.0842916510222 -24.2288408853115 -2.20260348314379

-58.3632436744262 -29.3563436440973 -20.4290495570593
-57.7411432562354 -30.2231104675309 -20.7487771732113
-57.0986842296666 -31.0823349860596 -21.0484474228529
-56.4350310658344 -31.9327892087302 -21.3266874900309
-55.7496936949954 -32.7732760177696 -21.5822651019486
-55.0426160390184 -33.6027195243669 -21.8141813365904
-54.3141580046897 -34.4202097280729 -22.0217120092275
-53.5649964637542 -35.2249954712564 -22.2043922591351
-52.7959855253528 -36.0164327946405 -22.3619525049835
-52.0080178379483 -36.7939064146951 -22.4942249380773
-51.2019194842445 -37.556747022655 -22.601045069397
-50.3783961401197 -38.3041654474041 -22.6821715015468
-49.5380324656017 -39.0352178278928 -22.7372401565595
-48.6813338899216 -39.7488066127603 -22.7657591487677
-47.8087922225838 -40.4437132998573 -22.7671402590502
-46.92095460098 -41.118652334379 -22.7407550517113
-46.0184785999979 -41.7723324087218 -22.6859996688649
-45.1021632086309 -42.4035115981068 -22.602352684043
-44.1729534823541 -43.0110357912103 -22.4894144273339
-43.2319236693874 -43.5938547896291 -22.3469224032945
-42.2802478384023 -44.1510160245668 -22.17474394393
-41.3191679617514 -44.681640774545 -21.9728523897452
-40.349967555037 -45.1848910042126 -21.7412958119769
-39.3739555245379 -45.6599359389957 -21.4801673337979
-38.3924611404625 -46.1059263254331 -21.1895839662693
-37.4068380566059 -46.521981600835 -20.8696774921251
-36.4184735741364 -46.9071917708731 -20.5205973709486
-35.4287989706554 -47.260632523654 -20.1425227952856
-34.4392974208622 -47.5813896412432 -19.7356794406752
-33.4515073813303 -47.8685874572583 -19.3003562582539
-32.4670208251615 -48.1214160134183 -18.8369186315675
-31.4874769954669 -48.3391525171965 -18.3458158945739
-30.5145531496843 -48.5211743734371 -17.8275830344296
-29.5499540118931 -48.6669630629769 -17.2828378911139
-28.5954014116835 -48.7761000842179 -16.7122759966317
-27.6526250369466 -48.8482577337932 -16.1166652676123
-26.7233545645888 -48.8831884500271 -15.4968421793882
-25.8093128301397 -48.8807166568427 -14.8537100552922
-24.9122092679928 -48.840736512945 -14.1882390145268
-24.0337326502305 -48.7632177777918 -13.5014662334843
-23.1755421794217 -48.6482203275395 -12.7944947117477
-22.3392562295536 -48.4959159425878 -12.0684888081762
-21.5264384455605 -48.3066141509962 -11.3246654166884
-20.738581456587 -48.0807874770606 -10.5642806648205
-19.9770890571995 -47.8190907088276 -9.78861322871061
-19.2432582600099 -47.5223689658086 -8.99894649675527
-18.5382629988877 -47.1916504708493 -8.19655260296051
-17.8631413513202 -46.828121877224 -7.38268156392986
-17.2187878901413 -46.4330864709897 -6.55855827905323
-16.6059521897707 -46.0079081425253 -5.7253890405287
-16.0252437067624 -45.5539462570678 -4.88437766338768
-15.477142390462 -45.0724880744621 -4.03674972101076
-14.9620136227352 -44.5646859289987 -3.1837820241496
-14.4801255584308 -44.0315059008863 -2.32683370176567
-14.0316666966553 -43.4736932735491 -1.46737516516084
-13.6167615546313 -42.8917578985698 -0.6070118167142
-13.2354826057934 -42.285980016829 0.252499591457523
-12.887857137371 -41.6564345164434 1.10924279938345
-12.5738683319975 -41.0030294692996 1.96114174405529
-12.293450619972 -40.3255534465349 2.80596685405374
-12.0464800919049 -39.6237257999524 3.64134609919065
-11.8327613859398 -38.8972448364689 4.46477882841725
-11.652012846283 -38.1458303996622 5.27365072958567
-11.5038518041757 -37.3692594002938 6.0652489251911
-11.3877815479755 -36.567394792472 6.83677715892728
-11.3031810069394 -35.740209881322 7.58537203217793
-11.2492975307904 -34.8878103324634 8.30812205966117
-11.2252425921384 -34.0104557446326 9.00209165853615
-11.2299899306936 -33.1085813403708 9.66435185548251
-11.2623756747613 -32.1828186637021 10.2920184221543
-11.3211002845591 -31.2340127141916 10.8822964611775
-11.4047326284656 -30.2632322263767 11.4325285057946
-11.5117169321084 -29.2717701531783 11.9402414725125
-11.6403835408716 -28.2611328368762 12.4031868694369
-11.7889642891148 -27.2330185010447 12.8193689468448
-11.9556127663727 -26.1892879527298 13.1870571322634
-12.1384290179478 -25.1319320475348 13.5047818874994
-12.3354873965087 -24.0630409910808 13.771316455854
-12.5448655908148 -22.9847797127083 13.9856499985809
-12.764672455163 -21.8993715453935 14.1469595129403
-12.9930722306043 -20.809089826978 14.2545880867029
-13.2283030854293 -19.7162545414715 14.3080353108965
-13.4686885377929 -18.6232294692325 14.3069623773201
-13.7126411433239 -17.5324150220149 14.2512103015945
-13.9586587043002 -16.4462331537265 14.1408258736997
-14.2053140639052 -15.3671031802975 13.9760873994674
-14.4512402004372 -14.2974103312838 13.757521850245
-14.6951127856544 -13.2394714560909 13.4859069732911
-14.9356326089739 -12.1955035828121 13.1622558874705
-15.1715103025357 -11.1676003443544 12.7877867546305
-15.4014556336512 -10.1577185650742 12.3638849520042
-15.6241732475151 -9.16767310940985 11.8920684112076
-15.8383661240119 -8.19913353642608 11.3739673988343
-16.0427471543707 -7.25361254296892 10.8113275723507
-16.2360581842001 -6.33243488419208 10.2060399950566
-16.417094703238 -5.43667729159519 9.56019502543124
-16.5847332433042 -4.56707506727476 8.87615027184859
-16.7379576857093 -3.72389891217015 8.15659801215557
-16.8758803313218 -2.9068146961449 7.40461622176657
-16.9977540015773 -2.11474716654459 6.62369035881204
-17.1029727731758 -1.34577364205357 5.81769971058182
-17.1910611405137 -0.597073618578229 4.9908704336237
-17.2616540731292 0.13504583279892 4.1477046523574
-17.3144729221424 0.855040124673426 3.29289863960133
-17.3493036418056 1.56793782406523 2.43126211720493
-17.3659837070713 2.27909068844291 1.5676459810024
-17.3644022429165 2.99389214930651 0.706879750987058
-17.3445146241285 3.7174982865545 -0.146284348010104
-17.3063690267714 4.45458406491916 -0.987224677821366
-17.2501391885128 5.20916051355306 -1.81150226293542
-17.1761558760865 5.9844671735835 -2.61490874020683
-17.0849297111805 6.78294092525346 -3.39350378550004
-16.977159931678 7.60625003532217 -4.1436350387801
-16.8537267368503 8.45537347565801 -4.86193647499728
-16.7156682272332 9.33070186766177 -5.54530656201967
-16.5641458097 10.2321380744261 -6.19087331658064
-16.4004037710299 11.1591814381817 -6.79595733547771
-16.2257293383935 12.1109879810839 -7.35804462303269
-16.0414190356697 13.0864072930541 -7.87477830709877
-15.8487557830881 14.0840033436196 -8.34397298547305
-15.6489993226455 15.1020697887123 -8.76364903847234
-15.4433905274813 16.1386501079851 -9.1320785625877
-15.2331682587458 17.1915696212626 -9.44783114790324
-15.0195958756907 18.2584813423828 -9.7098074355847
-14.8039934070838 19.3369223612037 -9.91725130981391
-14.587770810032 20.4243735458818 -10.0697369138598
-14.3724576859022 21.5183138607804 -10.1671330183047
-14.159725271866 22.61626176255 -10.2095529652785
-13.9513974308944 23.7157994593519 -10.1973020395965
-13.7494486351494 24.8145802479913 -10.1308348284474
-13.5559884462886 25.9103234395645 -10.0107328259783
-13.3732335721545 27.0008044386728 -9.83770782814369
-13.2034700337336 28.083848610194 -9.61263067461603
-13.0490091220888 29.157336390746 -9.33657900039869
-12.9121414963439 30.2192239379654 -9.01089317886655
-12.7950938453707 31.2675791969469 -8.63722755487268
-12.6999919500846 32.3006286833726 -8.21758480726488
-12.6288327873344 33.3168067260917 -7.75432459905958
-12.5834666928799 34.3147973524459 -7.25014270672226
-12.5655888645382 35.2935598909457 -6.70802231947572
-12.5767380248125 36.2523324732031 -6.13116389080451
-12.6182992270294 37.1906120754788 -5.52290286503207
-12.691507776806 38.1081143312991 -4.88662540807204
-12.7974520154386 39.0047198869463 -4.22569113631732
-12.9370740077353 39.8804157632122 -3.54336936375807
-13.1111685835046 40.7352398074124 -2.84279233117244
-13.3203822775029 41.5692342118435 -2.12692592319974
-13.5652141929434 42.3824109732978 -1.39855599294108
-13.8460205730092 43.1747289510522 -0.660286840842586
-14.1630240084291 43.9460796316585 0.0854523140049836
-14.5163270035867 44.6962773482605 0.836396954967652
-14.9059284093582 45.4250497090304 1.5904363619844
-15.331740326855 46.132025209082 2.34560443388917
-15.7936027117635 46.8167170191806 3.10007317795629
-16.2912931396407 47.4785042067332 3.85214853228699
-16.8245299575496 48.1166135848747 4.60026716965438
-17.3929681639966 48.7301065524211 5.34299234077641
-17.9961885900583 49.3178754298259 6.07900675331229
-18.6336820687307 49.8786528973893 6.80710096338338
-19.3048310962733 50.4110363991142 7.52615668752707
-20.008891897821 50.9135271379594 8.23512562983383
-20.7449797670962 51.3845809763458 8.93300559225121
-21.512060072798 51.8226665841636 9.61881651019496
-22.3089464821797 52.2263248911554 10.2915794044819
-23.1343068701549 52.5942235319369 10.950300964686
-23.9866762360492 52.9252006008828 11.5939656381693
-24.8644749462709 53.2182935720059 12.2215358955667
-25.7660299538531 53.4727514315131 12.8319600609794
-26.6895964440492 53.6880305355448 13.4241860160591
-27.6333776423659 53.8637770038276 13.997178419044
-28.5955412073317 53.9998001868554 14.549936912048
-29.5742315402307 54.0960426133133 15.0815130886717
-30.5675782716357 54.1525517206939 15.5910246275631
-31.5737019449895 54.1694576626363 16.0776657781797
-32.5907183812353 54.1469597938361 16.5407141147015
-33.61674331118 54.0853223849407 16.9795339871758
-34.6498985986029 53.9848780905532 17.3935772981005
-35.6883207935147 53.8460360495065 17.7823821133496
-36.7301719490123 53.6692905434279 18.1455692742393
-37.7736517583451 53.4552260739289 18.4828367900159
-38.8170093200679 53.2045155869986 18.7939515701659
-39.8585524362291 52.9179102456087 19.0787381856702
-40.8966524747317 52.5962213228976 19.3370649087414
-41.9297435659744 52.2402970143807 19.5688282025295
-42.9563161863396 51.8509987380689 19.7739378881253
-43.9749067668819 51.4291823293505 19.9523060621233
-44.9840864728505 50.9756891096702 20.1038431010809
-45.9824532769658 50.4913500255149 20.2284634791211
-46.9686314765151 49.9770031436398 20.3261025432231
-47.9412816086462 49.4335213089896 20.3967430078234
-48.8991212942239 48.8618435501626 20.4404472032819
-49.8409542510149 48.2630017817344 20.4573887222656
-50.765701327364 47.6381342777122 20.4478758074674
-51.6724249862844 46.9884796172881 20.4123592206314
-52.5603383089785 46.3153490483452 20.3514196608865
-53.4287919849363 45.6200805640788 20.265733773309
-54.2772378187219 44.903983125084 20.1560226074574
-55.1051739541601 44.1682830177218 20.0229909227616
-55.9120834762229 43.4140852560194 19.8672688349084
-56.6973822534557 42.6423606756311 19.6893680706762
-57.4603922041286 41.8539640429814 19.4896631594923
-58.2003519037654 41.0496809332977 19.2684034511696
-58.9164680340569 40.2302929030649 19.025755722398
-59.6080001518152 39.3966438279256 18.7618706145355
-60.2743601411473 38.549687590986 18.4769607502591
-60.9151996711156 37.6905002667863 18.1713754387202
-61.5304572126825 36.8202485831431 17.8456570910674
-62.1203428327942 35.9401187490827 17.5005676171062
-62.6852539748047 35.0512222173478 17.137078173513
-63.2256356762158 34.1545038985155 16.7563214485784
-63.7418185803841 33.2506810764676 16.3595112928275
-64.2338812429305 32.340236638491 15.9478395722739
-64.7015845149378 31.4234784576569 15.5223645088881
-65.1444130906994 30.5006593881073 15.0839081524772
-65.5617341247177 29.57213267039 14.6329823428392
-65.953049989732 28.638501088267 14.1697618604102
-66.3182893501237 27.7007116297467 13.6941198873274
-66.658057149137 26.7600555228043 13.2057338449307
-66.973759095435 25.818055942394 12.7042583087223
-67.2675355835918 24.8762558955946 12.1895455513793
-67.5419825798388 23.9359473791512 11.6618750119262
-67.7996935462681 22.9979027663474 11.1221362353166
-68.0427118473906 22.0621780777832 10.5719044460745
-68.2720213670226 21.1280546481514 10.0133616912885
-68.487212596596 20.1941672947067 9.44905003267075
-68.6864377230538 19.2588279608477 8.8814873725246
-68.8667139511843 18.3204946277282 8.3127165430914
-69.0245577378487 17.3782717998382 7.74388298568793
-69.1568468555691 16.4322907563602 7.17494262250352
-69.2617311385893 15.4838330096412 6.60459066048617
-69.339370425695 14.5351338013928 6.03047237620468
-69.3922908906975 13.5889058532598 5.44968328417437
-69.4252243137501 12.6477103635047 4.85948919737605
-69.4444124436785 11.7133380945273 4.25811338887051
-69.4564891463043 10.7863475409224 3.64538117981955
-69.4671640498812 9.86586430669048 3.02301637440164
-69.4799968882387 8.9496979560705 2.39446376491204
-69.4955535626251 8.03478068496373 1.7642473146728
-69.5111664690761 7.11786547143553 1.13701473768248
-69.5213939693165 6.19634174318823 0.516512483320407
-69.5191155028605 5.26896054236675 -0.0952480313471374
-69.4970464444475 4.33624753284229 -0.698426641692721
-69.4493458703341 3.40044620888226 -1.29528752007114
-69.3729502764739 2.4649669937155 -1.88964258814328
-69.268314650443 1.53347751685249 -2.48593171490415
-69.1393752904206 0.608894851884898 -3.08815040674742
-68.9927346581793 -0.307419499686167 -3.69887215301049
-68.8362551632568 -1.21602561598273 -4.3185927106045
-68.6773842492863 -2.11924117842677 -4.9455524584606
-68.5215865306789 -3.02052467486697 -5.57608459578924
-68.3712257597102 -3.92360846348094 -6.20540990633906
-68.225133774708 -4.83162643578937 -6.82867934617851
-68.078947950468 -5.74644211792862 -7.44199155702852
-67.9261243601983 -6.66830123186325 -8.04312014880258
-67.7593805987932 -7.59585129483517 -8.63178286503355
-67.5722282412555 -8.52650777093912 -9.20943401009113
-67.3602436882553 -9.45709008870005 -9.7786981413929
-67.121800683223 -10.3845880942333 -10.3426354867991
-66.8581303124764 -11.306865834902 -10.9040271513382
-66.5727462366021 -12.2231062941479 -11.4648168384009
-66.2704225262021 -13.133875218852 -12.0257821169241
-65.9559958362407 -14.0408127415675 -12.586455056864
-65.6332698078781 -14.9460851810503 -13.1452714232969
-65.3042439384003 -15.8517869458681 -13.6998923315204
-64.9687978574611 -16.759458311207 -14.2476125053317
-64.6248558065001 -17.6698102033408 -14.7857572582319
-64.2689518995123 -18.5826699393284 -15.3119877068763
-63.897033662843 -19.4971124547987 -15.824476025439
-63.5052993356155 -20.4117202263767 -16.3219584292079
-63.090875080348 -21.3249059302858 -16.8037007045308
-62.6521976575387 -22.2352250657101 -17.2694125148336
-62.1890565747588 -23.1416068226733 -17.7191328441331
-61.702338803669 -24.0434513561096 -18.153096043077
-61.1935830368944 -24.9405810763107 -18.5715852489148
-60.6644759218958 -25.8330782797928 -18.9747857261238
-60.1164117992475 -26.7210717229721 -19.3626572836817
-59.5502019301377 -27.6045392434555 -19.7348461383979
-58.9659724949921 -28.4831752682983 -20.090651132412

-27.5371767093606 59.0464316902498 -22.0739671590266
-28.3810461392126 58.3268981909375 -21.9492900716691
-29.2043755836722 57.5893093160621 -21.7952183715942
-30.0058776860294 56.8344996832388 -21.611489216165
-30.7842337458193 56.063339346019 -21.3979005759893
-31.5381178894051 55.2767540362171 -21.1543239284854
-32.2662184019527 54.4757382486674 -20.8807088443049
-32.9672531690331 53.6613611573879 -20.577080355962
-33.6399785974306 52.8347671782993 -20.2435315439386
-34.2831933334804 51.9971736277084 -19.8802143479259
-34.8957391415337 51.1498675587138 -19.4873313417418
-35.47650135362 50.2942029018925 -19.0651304060668
-36.024410567672 49.4315979575927 -18.6139032424924
-36.5384461610819 48.563532467343 -18.1339877795018
-37.0176411491617 47.6915431514024 -17.6257738854411
-37.4610873147342 46.8172167757224 -17.0897114535243
-37.8679395453491 45.9421803866577 -16.5263197907288
-38.2374189056845 45.0680891102795 -15.9361972160979
-38.5688149252343 44.1966126116977 -15.3200297592594
-38.8614885607515 43.3294217407757 -14.6785978054755
-39.1148779446232 42.4681769278218 -14.0127794839503
-39.3285090754502 41.6145195138906 -13.3235496180565
-39.5020129160348 40.7700664864783 -12.6119732456474
-39.6351489940437 39.9364082085672 -11.8791931520994
-39.7278337917783 39.1151078925061 -11.1264115640832
-39.7801703423309 38.3077009961688 -10.3548670810576
-39.7924739604538 37.515692568261 -9.5658089460958
-39.7652883326864 36.7405508997863 -8.76047167835797
-39.6993865420862 35.9836965801156 -7.94005366670966
-39.5957530644723 35.2464870302309 -7.10570333482867
-39.4555451588354 34.5301975610535 -6.25851580118486
-39.2800349889777 33.8360007705154 -5.39954160182636
-39.0705367426963 33.1649465173168 -4.52980724056081
-38.8283254449566 32.5179447566146 -3.65034545679076
-38.5545556846888 31.8957532291212 -2.76223158729883
-38.2501888542818 31.2989714237404 -1.86662159408974
-37.9159366881117 30.7280414463452 -0.964787387338882
-37.5522270058853 30.1832554871491 -0.0581458992301095
-37.1591948869675 29.6647685819021 0.851720325939708
-36.7366994048961 29.1726144609426 1.76305183386784
-36.2843629924606 28.7067216758807 2.67390983553251
-35.8016279592204 28.26692708103 3.58218138497212
-35.2878230561927 27.8529842358626 4.48559044019339
-34.7422325400958 27.4645653474982 5.38171297155097
-34.1641609770985 27.1012567867759 6.2679944052634
-33.5529888419771 26.7625496680103 7.14176799063867
-32.9082163956486 26.4478281340153 8.00027313292577
-32.2294958188528 26.1563585616272 8.8406733181252
-31.5166536009472 25.8872827766694 9.66007391126842
-30.7697063239402 25.6396175972272 10.4555407153445
-29.9888730722207 25.4122618190114 11.2241205708937
-29.1745868422349 25.2040104122743 11.9628653001959
-28.3275058689512 25.0135745166179 12.668859869681
-27.4485242136648 24.8396050286404 13.3392547966122
-26.5387797576995 24.6807172905651 13.9713017369637
-25.5996572659422 24.5355145891872 14.5623901443062
-24.6327845307279 24.402608739912 15.1100821991796
-23.6400206250121 24.2806367754701 15.6121431183135
-22.6234366269669 24.1682734915499 16.0665645414676
-21.5852903949123 24.0642401715479 16.4715798272887
-20.5279977149721 23.9673101404596 16.8256714496836
-19.4541022472854 23.8763118828228 17.1275718659046
-18.3662462260126 23.7901303660422 17.3762598687053
-17.26714308003 23.7077070395212 17.5709543556533
-16.159552374342 23.6280388346228 17.7111067141682
-15.0462570177741 23.5501764424628 17.7963919311876
-13.9300426745295 23.4732222148792 17.8266975336887
-12.8136796833108 23.3963281785577 17.8021089902439
-11.6999082750222 23.3186947859762 17.7228905408977
-10.5914281484534 23.2395710421618 17.5894615974791
-9.49089321543256 23.1582564516712 17.4023706008108
-8.40091142955024 23.0741047851168 17.1622700335667
-7.32404816663024 22.9865290038898 16.8698975671351
-6.26282995927139 22.8950059216269 16.5260685383889
-5.21974397914575 22.7990785022988 16.1316838091931
-4.19722800956177 22.6983533062194 15.6877545974845
-3.1976461437434 22.5924906831263 15.1954424916121
-2.22324723510569 22.4811859868849 14.6561092863501
-1.2761060536033 22.3641413415116 14.0713683903268
-0.358050666604885 22.241029173356 13.4431281791106
0.529417018620393 22.1114505550435 12.7736183367466
1.38519824462627 21.9748930074939 12.0653929692158
2.208662072766 21.8306933870531 11.3213085327888
2.99968951643693 21.6780115379013 10.5444793752819
3.75869250278902 21.5158193811081 9.73821774148309
4.48660769215829 21.3429081359777 8.90596745933982
5.18486968972629 21.1579137510146 8.05124074664424
5.85537127637774 20.9593578557118 7.17756585599885
6.50041910681723 20.7456991922651 6.28845032901683
7.1226916774894 20.5153890544234 5.38736139447036
7.72520277101972 20.2669240824882 4.47772232382902
8.31126909607267 19.9988909107743 3.56292177935689
8.88447675110235 19.7099994052327 2.64633233996974
9.44863862068341 19.3991040536021 1.73133412243097
10.0077346314344 19.0652157871373 0.821339281142125
10.5658291411205 18.7075084162555 -0.0801871296240451
11.1269641900775 18.3253244326441 -0.969714876812005
11.6950329758978 17.9181840087179 -1.84364995966445
12.2736434670076 17.4857988979455 -2.69835410501168
12.8659862288308 17.0280902812247 -3.53018465561442
13.4747221960159 16.5452072783741 -4.33555365015953
14.1019046777309 16.0375416134418 -5.11100055629719
14.7489454230256 15.5057341799325 -5.85326912177332
15.4166279485152 14.9506708757013 -6.55937650837076
16.1051639817906 14.3734674875777 -7.22666326827632
16.8142824571604 13.7754457992427 -7.85281600324
17.5433364118555 13.1581047531511 -8.43585995975653
18.2914121132964 12.5230910272159 -8.97412491286688
19.0574267305434 11.8721728089211 -9.46619285573405
19.8402050755345 11.2072192063931 -9.91083898403571
20.6385312168717 10.5301861114156 -10.3069776936542
21.4511759001062 9.84310786891026 -10.6536230146537
22.2769047141344 9.14809310959286 -10.9498688899034
23.1144742301022 8.44732268961106 -11.1948900702293
23.9626237452405 7.74304781956922 -11.387960229237
24.820069025544 7.03758700472239 -11.5284810475744
25.6855021016119 6.3333211336005 -11.6160149372335
26.5575984434773 5.63268669764578 -11.6503147848285
27.4350304328703 4.93816749542356 -11.6313461898342
28.3164845032954 4.25228517156188 -11.5593004684334
29.2006788736939 3.57758860284764 -11.4345993883773
30.0863793736984 2.91664164149311 -11.257894499335
30.972412089357 2.27200829962104 -11.0300646067256
31.8576729490639 1.64623433691469 -10.752214351964
32.7411354389678 1.04182452790766 -10.4256753083345
33.6218580575759 0.461215625669231 -10.0520090239908
34.498992796479 -0.0932539526721991 -9.63300966520039
35.3717950166048 -0.619375677225025 -9.17070285997227
36.2396339094044 -1.1151009185095 -8.66733730465121
37.1020016973502 -1.57856642645469 -8.12536666211359
37.9585191927041 -2.00811266722292 -7.54742095936055
38.8089354892983 -2.40229333456794 -6.93626861788456
39.653120379751 -2.75987558983561 -6.2947719260569
40.4910493339611 -3.0798318279621 -5.62583980502174
41.3227821817238 -3.36132472217333 -4.93238194781629
42.1484376431465 -3.60368777568237 -4.21726786716244
42.9681662823779 -3.80640356453257 -3.48329328606809
43.7821242401372 -3.96908140038193 -2.73315495132444
44.5904493382458 -4.09143548286497 -1.96943364846177
45.3932401017792 -4.17326398117135 -1.1945841884442
46.1905372333495 -4.21442907206733 -0.410930563381693
46.9823063935837 -4.21483786400779 0.379335632002503
47.7684209816327 -4.17442434596762 1.17415509927145
48.5486440103626 -4.09313291702801 1.97160003003706
49.322609021241 -3.97090452664237 2.76987282641587
50.0898010546988 -3.80766682382974 3.5673038812013
50.8495396983365 -3.60332984340147 4.36234745516496
51.6009669098591 -3.35778857136701 5.15357451602961
52.343042465792 -3.07093321868019 5.93966161215683
53.0745494497592 -2.74266724472676 6.71937542516596
53.7941112174784 -2.37293221446179 7.49155347647881
54.5002199134266 -1.96173758948819 8.25508237522295
55.1912750853691 -1.5091927086565 9.00887576773843
55.8656294932074 -1.01553767185557 9.75185456934167
56.5216380760557 -0.481169734447895 10.4829319827931
57.1577054272257 0.093337782637684 11.2010052078597
57.7723271653392 0.707226185255468 11.9049547295011
58.3641213197908 1.35955258817718 12.5936508564679
58.9318471915408 2.04920109681564 13.2659660381241
59.4744109083902 2.77490221770489 13.9207906649377
59.9908587789103 3.53525776666832 14.5570497220323
60.4803612358342 4.32876805784529 15.173717858938
60.9421913533471 5.15385820337226 15.7698310833176
61.3757024197151 6.00890089385698 16.3444942089401
61.780308771415 6.8922339471861 16.8968841662566
62.155473107384 7.80217203872834 17.4262500954291
62.5007019805632 8.7370131628665 17.931911609581
62.8155493732888 9.69504132202014 18.4132566452024
63.0996265162407 10.6745275137 18.8697399178315
63.3526147281976 11.673731161987 19.3008822974787
63.5742773194617 12.690903683335 19.7062706271619
63.7644667122982 13.7242949767685 20.0855568947493
63.9231239451576 14.7721625007895 20.4384554760287
64.0502695214787 15.8327815492668 20.7647375366611
64.1459868218463 16.9044546873103 21.0642225874324
64.2104015391468 17.9855182976365 21.3367684159302
64.2436622548353 19.0743448968695 21.5822617964263
64.2459278226454 20.169341178706 21.8006130688581
64.2173663145925 21.2689432924999 21.9917574976407
64.1581678709412 22.3716121926827 22.1556650848191
64.0685702289348 23.4758324798805 22.2923583287933
63.9488917242291 24.580117593461 22.4019347325811
63.7995631886428 25.6830223886618 22.4845883978297
63.6211484942927 26.7831613573988 22.5406236387735
63.4143443585724 27.8792278225546 22.5704539382674
63.1799537143422 28.9700074529122 22.5745820759012
62.9188330022158 30.0543794446669 22.5535616185943
62.6318209494636 31.131301201496 22.507945274909
62.3196630351907 32.1997769803705 22.4382305111844
61.9829500307178 33.2588165974942 22.3448158245806
61.6220891537501 34.3073952968248 22.2279809626104
61.2373215844559 35.3444286941468 22.0879006119964
60.8287905327724 36.3687761199167 21.9246939853325
60.3966512477079 37.3792810024011 21.7385036340584
59.9412012246075 38.374848124754 21.5295879030819
59.4629991870764 39.354545693073 21.2984053526452
58.9629387878149 40.3177078357139 21.0456685146392
58.4422493737768 41.2640047657893 20.7723495567145
57.90241095487 42.1934482128676 20.4796308883335
57.344990500253 43.1063117861242 20.168806728813
56.7714273261542 44.0029683146281 19.841153655055
56.1828122869478 44.8836727744962 19.4977962387968
55.5797152367304 45.7483414555702 19.1395965413596
54.9621146887038 46.5963882285131 18.7670930763969
54.3294697118739 47.4266742803856 18.380505954164
53.6809452225013 48.2376099991971 17.9798108133608
53.015760840603 49.0274197109828 17.5648669179086
52.3335904149159 49.7945433669877 17.1355692487236
51.6349100323939 50.5381058999451 16.6919873260733
50.9211916862209 51.2583423326314 16.2344599519894
50.1948720389026 51.9568417012512 15.7636336134392
49.4590793212988 52.6364865910729 15.2804530996993
48.7171550108993 53.3010290520037 14.7861227194241
47.9720450642965 53.9543465831866 14.2820491504979
47.2256604552487 54.5995291407214 13.7697610060451
46.478332148847 55.2380170428331 13.2507946235555
45.7285132316124 55.8690126973974 12.7265526991423
44.972884384563 56.4893310509895 12.1981717691064
44.2069568448202 57.0937681793253 11.6664461943262
43.4261217809471 57.6759879473221 11.1318270877176
42.6269066735204 58.2298520445555 10.5944574289091
41.8080632799513 58.7510146974316 10.0541693605954
40.9711286300651 59.2384565603924 9.51040469766009
40.1202960038336 59.6955052576496 8.96211992863858
39.2617046564062 60.1298985366533 8.40782778092652
38.4024213668111 60.5526586222099 7.84591205604301
37.5493318248226 60.9759100643716 7.2751974864478
36.7079791986802 61.4101430273198 6.6955464293507
35.8813235061637 61.861646926101 6.10815570350166
35.068593055917 62.3308132210418 5.51536055402784
34.2647115215456 62.8117248282185 4.92006168578696
33.4608715234163 63.2930553358994 4.32513902988249
32.6464702004583 63.7600308085664 3.73316986003199
31.8119477586625 64.1971656452617 3.14643579975129
30.9514822735882 64.5914880036803 2.56687452518123
30.0644247608559 64.9357618224726 1.99564088659564
29.1549625498933 65.230860495514 1.4323348098055
28.2304515010035 65.486361478134 0.874406785278289
27.2994760563261 65.7188815881231 0.317346428364876
26.3704758545354 65.9484465882516 -0.244147557669774
25.4509347964386 66.1938432521267 -0.814460407183608
24.5465001347359 66.4682018765761 -1.39566469108791
23.6596349281149 66.7759909206144 -1.9871171162112
22.7882718558112 67.1121714904876 -2.58608764117808
21.925534560044 67.4635494083815 -3.18882066743965
21.0612704577354 67.811740393739 -3.79131232106534
20.1850800526898 68.1369817549211 -4.38957570430825
19.2895317618139 68.4221591012048 -4.97977849383099
18.3720607982141 68.6564314550588 -5.55877380621202
17.4348221699928 68.8376473765306 -6.12507984084684
16.4829668369935 68.9727666039449 -6.67976209608336
15.5225730472129 69.0760325223728 -7.22651147798554
14.5592678799239 69.1654069862154 -7.77064124954536
13.5976980335619 69.2582869978829 -8.31738894057707
12.6412900595363 69.367601227199 -8.87030599192685
11.6917746281109 69.4991774405637 -9.43040074235574
10.7485608026483 69.6509022034718 -9.99620731688217
9.80854707221434 69.8137071877358 -10.5644628888012
8.86685185377603 69.9739526251545 -11.1309184480112
7.91834601051098 70.1165277020879 -11.6910157065115
6.95929677467216 70.2279725809154 -12.2404656221022
5.98833548698806 70.2990119810601 -12.775860827878
5.00638257071194 70.3260093946828 -13.2952953842875
4.01576461059762 70.3110719634534 -13.7987614519655
3.01911922739177 70.2608821704826 -14.2880713667176
2.01861526595701 70.1846717667932 -14.7662468702763
1.01566497004278 70.0919217460944 -15.2365710940493
0.0109812150823385 69.9903333660772 -15.7016379542558
-0.995259131514837 69.8844523163342 -16.1626940127785
-2.00327256455861 69.7751301229655 -16.6194081754969
-3.01352787438215 69.6598138739536 -17.070034042982
-4.02654476283198 69.5334876789838 -17.5118297691706
-5.04263713461896 69.3899748976235 -17.9415862043136
-6.06169192619904 69.2232725192352 -18.3561479215609
-7.08309121000376 69.0286295927404 -18.752847520788
-8.10581842482564 68.8031817154372 -19.1297946730953
-9.12869322600218 68.5460838695648 -19.4859805650532
-10.1506215259296 68.2582091488057 -19.8211913876423
-11.1707574719807 67.94156788711 -20.1357685887042
-12.188532603312 67.5986321507423 -20.4302902979803
-13.2035711757497 67.2317286739365 -20.7052604880458
-14.2155471108863 66.8426093902625 -20.960876750556
-15.2240407189676 66.4322455422566 -21.1969141254544
-16.228435102454 66.0008351283294 -21.4127260957646
-17.2278694141546 65.5479727126108 -21.6073361881603
-18.2212483642854 65.072908959814 -21.7795795309169
-19.2072960605093 64.5748249668638 -21.9282525812686
-20.184635660534 64.0530606131302 -22.0522375238747
-21.1518734763138 63.5072606968362 -22.1505813212809
-22.1076676313348 62.9374297995725 -22.2225241110545
-23.0507674482953 62.343909446995 -22.2674842649508
-23.9800190181538 61.7273046946658 -22.2850155738499
-24.8943419164208 61.0883907623595 -22.2747546761742
-25.7926887569408 60.4280257282626 -22.2363745115945
-26.6740015372575 59.7470860808694 -22.1695539637135
