-17.4654374629538 -12.2886333213473 1.8379695593366
-16.5608282800347 -12.7469549160874 2.32936965415364
-15.5695771824446 -13.11298909826 2.72086079128784
-14.5108266320204 -13.3839612266635 2.99558049603069
-13.4070727851179 -13.559573010994 3.13986664811825
-12.2831574122429 -13.6424917913795 3.14457070814319
-11.1645975841553 -13.6386231504992 3.0061905685104
-10.0753483616824 -13.5570045929139 2.72756424603127
-9.03526674003405 -13.4091835974379 2.31792452739211
-8.05768610765829 -13.2080056742722 1.79226653993637
-7.14756963736315 -12.9658334146907 1.17019677889419
-6.30065973705083 -12.6923567168415 0.47465010753518
-5.50387596480388 -12.3923591057734 -0.269002160186666
-4.73698359264278 -12.0640544762284 -1.03296968290441
-3.97548175509055 -11.6988281416413 -1.78604412320782
-3.19497739350004 -11.2832815065993 -2.49218148061229
-2.37722791798842 -10.8038427029157 -3.11013010402322
-1.51644505944585 -10.2524679913877 -3.59568468752789
-0.623095852300409 -9.63073314049396 -3.90688269658834
0.276363422810908 -8.9504882801875 -4.01024931701691
1.14368872719198 -8.23179347771571 -3.88948144965047
1.93618460665148 -7.49718605952524 -3.54838231717118
2.6138186721999 -6.76582953369046 -3.00952989708219
3.1443104780491 -6.04952824783243 -2.30949910697282
3.50542003094577 -5.35155790757614 -1.4928477499535
3.68494291089302 -4.66779476182244 -0.607104568838844
3.67676479119969 -3.98957536834523 0.300635070284097
3.48007019163065 -3.30679827431668 1.18315925622651
3.10041701302287 -2.61070952590239 1.99235788750455
2.55211965090393 -1.8960693776968 2.67939594533791
1.86281151238092 -1.16238461033282 3.19892583855462
1.07320747828833 -0.41360372736017 3.51400498532512
0.234431091123649 0.342977492587777 3.60108372624664
-0.59700605425909 1.09838561743287 3.45353217423647
-1.36548478033795 1.84390527287502 3.08266001574982
-2.02235252146368 2.57296182685249 2.51591871776699
-2.53035807739382 3.28262493350074 1.79278365192006
-2.86544639533259 3.97440355133622 0.959513561585487
-3.01597177691893 4.65409784728775 0.0644091677223673
-2.9773807749702 5.33006780083112 -0.845576676854346
-2.74974143667225 6.01066885339288 -1.72417357577362
-2.33728101775378 6.70136890425005 -2.52420696452748
-1.75290983947116 7.40213487030719 -3.19858488752085
-1.02028010040181 8.10583915349326 -3.70388223483057
-0.173854950941815 8.79805833229215 -4.00611050719435
0.744221137795543 9.45910206544151 -4.0868062925842
1.69023257847443 10.0683255596785 -3.94715257878759
2.62676947411905 10.6095665723056 -3.60829761632332
3.530278870817 11.0758523462225 -3.10758424398868
4.3949073130647 11.4702893123576 -2.48999913722956
5.2317861628453 11.8043796321883 -1.80228874011024
6.06366814451569 12.0931117411748 -1.08851242607504
6.91702539917134 12.3489262976548 -0.388341652156002
7.81479219718442 12.5772630848445 0.26284750817741
8.77144298581848 12.7751320893077 0.833733645978768
9.79061515980434 12.9324634307034 1.2975194054827
10.864959050119 13.035007009613 1.63301507110804
11.9776871833884 13.0674604642547 1.82583668626174
13.1051952018779 13.0159951874736 1.8692277048655
14.2201163469517 12.8698867396312 1.76420507162427
15.2942451115369 12.6222847490309 1.51897792645361
16.3009262979597 12.2703078368159 1.14779485016958
17.2167139368395 11.8146975959199 0.669484344048323
18.0222999536728 11.2592543404121 0.10595663218455
18.7028491755504 10.6102289446687 -0.519134879515258
19.2479385426885 9.87577960887671 -1.18147210192967
19.6512939521541 9.06553850730233 -1.8568791424265
19.9104722665331 8.19028414780839 -2.52190534233657
20.0265746674073 7.26168624649205 -3.15425827433395
20.0040202773382 6.29207970204935 -3.73315977986704
19.8503664351391 5.29422776098586 -4.23968105104834
19.576137203698 4.28104559284492 -4.65708896135481
19.1946127512782 3.26526895894538 -4.97121211875581
18.721535020584 2.25906494860042 -5.1708151356897
18.1746950918562 1.2735914588033 -5.24795465563599
17.5733812844836 0.318519691917933 -5.19828075002449
16.9376822088499 -0.598458867588582 -5.02124232578426
16.2876548036272 -1.47211092824188 -4.72015580621584
15.6423835372245 -2.30008436476549 -4.3021039061088
15.018973078906 -3.08322255606502 -3.77764687356971
14.4315329498175 -3.82570680828987 -3.16035143537704
13.8902308254666 -4.53496130295708 -2.46616971062246
13.4005146323625 -5.22126797396623 -1.71272725474386
12.962629866698 -5.89707167594888 -0.918603214701996
12.571565549158 -6.57600310876245 -0.102702644118678
12.2175119818492 -7.27168846008137 0.716182942570827
11.8868017631096 -7.99643414750749 1.51958036273926
11.5632015067363 -8.75988673035997 2.28935596852133
11.2293931714046 -9.5678018409963 3.00770010230643
10.8685031020765 -10.4210990066756 3.65725068684432
10.4655451271648 -11.3153783743145 4.2214761888717
10.0086429294935 -12.2410097951965 4.68533367316896
9.48991243949973 -13.1838064388916 5.03611471985808
8.90591975660032 -14.126202548981 5.26432461596376
8.25767508359912 -15.0487841725415 5.36441961069097
7.55017401388662 -15.9319747237418 5.33524915280753
6.79155175855656 -16.7576557230092 5.18010439759421
5.991967364418 -17.5105110793634 4.90634792642615
5.16237373396902 -18.1789237475185 4.52467811644477
4.31334479453713 -18.7553241640561 4.04814949027594
3.45411624023595 -19.2359805999724 3.49111284341047
2.59195089877917 -19.6203147963789 2.86824528192478
1.73187393118454 -19.9099002391281 2.193808709847
0.876755326883348 -20.1073372460665 1.48121596350373
0.0276675632193152 -20.2151932896974 0.74291620531777
-0.815573473672518 -20.235158899031 -0.00944469888990224
-1.65376879705239 -20.1675187269988 -0.764666712612395
-2.48766219208352 -20.0109911633001 -1.51153259603961
-3.31728041190712 -19.7629539808141 -2.23833450979518
-4.14133629716859 -19.4200416806854 -2.93248761644199
-4.95675787746523 -18.9790615552461 -3.58032862931989
-5.75842374739119 -18.4381247452138 -4.16718755868596
-6.53918812875738 -17.797832978524 -4.67779017903478
-7.29025531651574 -17.0623197810613 -5.09699353149967
-8.00191176331519 -16.2399371732912 -5.41078631117702
-8.66455683313949 -15.3434161166004 -5.60741944332675
-9.26990886748946 -14.3894070824691 -5.67848987755516
-9.81221845196939 -13.3974097709202 -5.6197958792392
-10.2893052562718 -12.3882070104227 -5.43181771322893
-10.7032502230974 -11.3820072901562 -5.11974695544235
-11.0606168981191 -10.3965575806938 -4.69307661635935
-11.3721369388964 -9.44550293433294 -4.16485276998361
-11.6518683165944 -8.53723737882466 -3.55075277627181
-11.9159158938469 -7.67441256692378 -2.86817368965607
-12.180885317725 -6.85415346323185 -2.13547725471658
-12.462297507766 -6.06889436457066 -1.37145748341109
-12.7731826857557 -5.30763594078451 -0.595006326737259
-13.1229953342093 -4.55738411693603 0.175112247891295
-13.5169089836141 -3.80457345206181 0.920488172773363
-13.9555128076567 -3.03634858735424 1.62336893950428
-14.4349042068006 -2.24162319187957 2.26706024605541
-14.9471188884306 -1.41185931651533 2.83639327668075
-15.4807966348461 -0.541539411211806 3.3182064653695
-16.021977990771 0.371657268885282 3.70178773038272
-16.5549497670971 1.32692806082413 3.97922976255742
-17.0630803354474 2.32060662931547 4.14566328272518
-17.5296006256586 3.3465439683369 4.19935087474531
-17.9382968086971 4.39655403552784 4.14164364937105
-18.2740900859085 5.4608797470439 3.97681983100298
-18.5234893192975 6.528647082785 3.71183531836176
-18.6749132518933 7.58828454415751 3.35602090698935
-18.718890413207 8.6278918599583 2.92076039761794
-18.6481562958505 9.63554682268534 2.41917969471027
-18.4576785613028 10.5995443855619 1.86586995255316
-18.1446505717153 11.5085694276275 1.27665774320435
-17.7084990821557 12.3518147122458 0.668421668992125
-17.1509502915916 13.1190679248355 0.0589378477137426
-16.476186260273 13.8008041520523 -0.533282487579987
-15.6910982713316 14.3883291920249 -1.08921829563281
-14.8056044249771 14.8740199415966 -1.58969393170119
-13.8329490025615 15.251695656792 -2.01592951849054
-12.7898504679124 15.5171242325429 -2.35032848529359
-11.6963299636149 15.6686208500967 -2.57749472998642
-10.5750539032923 15.7076393157422 -2.68539962079824
-9.45008095201902 15.6392039847284 -2.66654059209794
-8.34501986851643 15.4720017848005 -2.51887768672314
-7.28076283597725 15.217965671004 -2.24633637077833
-6.27312032507277 14.8912371862373 -1.85874917723947
-5.33079981010502 14.506488383181 -1.37127544901734
-4.45419721465779 14.0767049314154 -0.803553276589473
-3.63537299925182 13.6106980471995 -0.179027101121581
-2.85936450733888 13.1108635339666 0.475060644867206
-2.10677677564286 12.5720775168546 1.12679934808256
-1.35767951581736 11.9830191465159 1.7383990964491
-0.596947741394838 11.3309239364573 2.2661737952407
0.179866601332337 10.6086711606944 2.66347074388041
0.962667651811041 9.82055649777517 2.88685620417672
1.7268632769601 8.9835095730195 2.90332182088848
2.43771143193357 8.12386628833665 2.69921988507496
3.057134734405 7.26976985303064 2.282662876827
3.55005106687919 6.44387323853143 1.68104184494976
3.88859493477942 5.65903073696317 0.93512716196974
4.05375400608328 4.9177965287336 0.0925523354127287
4.03518966702772 4.21454912975657 -0.796932696499351
3.82802645856082 3.53943956959038 -1.68390229843542
3.43351670403505 2.88172130628033 -2.51846433425998
2.86114842008367 2.23234059965067 -3.24980334011229
2.13375263422955 1.58516571104094 -3.82928040924058
1.28827163868597 0.937236677770129 -4.2150211769706
0.37401677526939 0.288330029507292 -4.3772144485163
-0.551861700773181 -0.359948954096206 -4.3024778977151
-1.43076098638701 -1.00536246236738 -3.99593151588023
-2.20935620490863 -1.64635703302355 -3.48032279617471
-2.84504809734837 -2.2833019153214 -2.79245107955813
-3.30888772556107 -2.91940106561743 -1.97798023162783
-3.58556216018008 -3.56099559176286 -1.0862297122408
-3.6713675325635 -4.21702812913417 -0.166434560222217
-3.56894301110558 -4.89748710258077 0.733898040727876
-3.28603111794017 -5.61076350684816 1.56792642448504
-2.83578784777193 -6.36063498555022 2.28873541017195
-2.24025429174536 -7.14308772903634 2.85237146070519
-1.53015571732983 -7.94501692676694 3.22243614783665
-0.742814625505305 -8.74516762969313 3.37575230930881
0.0822471406608052 -9.51804003528975 3.30707771025968
0.909436345626055 -10.2399955393269 3.03075062848399
1.71353402100606 -10.8955864446746 2.57832122976462
2.48366310149565 -11.4803629649673 1.99037763131532
3.22378328950705 -12.0005880039251 1.31043366100949
3.94957199902667 -12.4691052989007 0.579488582432897
4.68292688085524 -12.899231344842 -0.166717779124337
5.44653155601768 -13.2997047310539 -0.897767046436916
6.25982194109913 -13.6724095981635 -1.58729036823678
7.13624165208021 -14.0125598618239 -2.21180429666981
8.08154530651922 -14.3103057316108 -2.75036345249
9.09320086115469 -14.5528929561362 -3.18502228536218
10.1608958197309 -14.7267981803055 -3.50173734489074
11.2679505183139 -14.8195095120135 -3.69127287722206
12.3932980418587 -14.8207987825884 -3.74976934385383
13.5136441010298 -14.7234495795252 -3.67880350834407
14.6054595302513 -14.5234888749131 -3.48494138987762
15.646560416404 -14.2200306162207 -3.17891363556918
16.6171632793589 -13.8148723433568 -2.77460376054784
17.5004281049662 -13.3119865868537 -2.28803554327178
18.2825917201489 -12.7170223927292 -1.73649710020587
18.9528363329165 -12.0368910866721 -1.13787267101078
19.5030379131838 -11.2794677734184 -0.510191423588054
19.9275108785772 -10.453405573425 0.128641730691557
20.2228251424999 -9.5680371219603 0.760992242008466
20.3877310448359 -8.63332679898259 1.36958454084189
20.4231936948701 -7.65983463305276 1.93759354872759
20.3325130045874 -6.65865555564964 2.44878733734785
20.1214886987533 -5.64130311477019 2.88775360807318
19.7985793720285 -4.6195134314115 3.24022549973242
19.3749998788671 -3.60495270512087 3.49350432251039
18.8647013914029 -2.60882035582364 3.63695866593499
18.2841836176626 -1.64135074589181 3.66256184595544
17.6520997432933 -0.711230083136757 3.56541471618057
16.988632227539 0.175038311358461 3.34419147494846
16.3146410723776 1.01376849733283 3.00144586239266
15.6506132706607 1.80465537823299 2.54372693533798
15.0154692915922 2.55118018174044 1.98147761830224
14.4253072430379 3.26076217922095 1.32872120514695
13.8921897805971 3.94456625215919 0.602572558668337
13.4231087527567 4.61690340614307 -0.177365894139139
13.0192934009094 5.29421220347602 -0.989648953284494
12.6760233681035 5.9936666498909 -1.81159386427425
12.3830258920348 6.73149332732917 -2.61978711762912
12.1254208997336 7.52110446300688 -3.39051091507885
11.8851314884091 8.37122133485707 -4.10020986610553
11.6426688889059 9.28428455130064 -4.72615607097587
11.3791134555515 10.255516183279 -5.24740054992507
11.0779958002886 11.2729113660783 -5.64596460283382
10.7267690047647 12.3182250750516 -5.9080933497717
10.3176648482256 13.3687917496785 -6.02531959813142
9.8478674278154 14.3998534361008 -5.99509821603804
9.31905979100283 15.3870040350482 -5.82085992553818
8.73648566733429 16.3083754417064 -5.51146034518227
8.10771824770085 17.146272758563 -5.08012285029418
7.44134386298931 17.8880838474444 -4.54306335150545
6.74575357880954 18.5264195803328 -3.918028208411
6.02819418758208 19.0585654231628 -3.22297102134531
5.29416857607935 19.4854243666764 -2.47504528328154
4.54720587042492 19.8101892948342 -1.69001090015622
3.7889607286007 20.0369902379264 -0.882064380131715
3.01956409969725 20.1697233013732 -0.064028514538546
2.23814052229927 20.2112028334794 0.752206711569995
1.44342181687881 20.1627111606489 1.55511389719188
0.63440687579668 20.0239671910603 2.33294590557211
-0.188974259747575 19.7934972458443 3.07324963229794
-1.02524387465649 19.4693581087245 3.76257623831466
-1.87088221734321 19.0501226169896 4.38647558006994
-2.72004934666772 18.5359914049105 4.9298332442162
-3.56461515064209 17.9298532789139 5.37755575185623
-4.39455601715364 17.238100599718 5.71553960240448
-5.19871657742652 16.4710290187966 5.93179193238792
-5.96586545447526 15.6427125394404 6.01752673854583
-6.68591524374369 14.7703305933898 5.96805487424944
-7.35114312874563 13.8730130034113 5.7833194311043
-7.95724390310615 12.9703434420213 5.46799128662107
-8.50406810412071 12.0807116770275 5.03111832580548
-8.99593711121254 11.2197261783343 4.48540128704746
-9.44147759202223 10.3988930123845 3.84623537226768
-9.85297651640379 9.62473679622437 3.13069661432979
-10.2453250380232 8.89848376659952 2.35665377245227
-10.6346871601557 8.21634092390458 1.54214285388481
-11.0370672518026 7.57029349171597 0.705055644683674
-11.4669262773048 6.94924299028465 -0.136913285893806
-11.9359405699358 6.34027996801317 -0.966205442651175
-12.4519916505637 5.72993902729225 -1.76539319865702
-13.0185091426445 5.1053471186249 -2.51734736780444
-13.6342550223186 4.45519381418201 -3.20560138043076
-14.2935307525597 3.77045467710382 -3.81486228317983
-14.9867067577486 3.04482736076419 -4.33158660170656
-15.7009583272546 2.27488732128677 -4.74453466382865
-16.4211106091175 1.46000923605958 -5.04522687221995
-17.1305144806947 0.602119320338184 -5.22824667110352
-17.8118884431369 -0.294654543565238 -5.29136476137731
-18.4480748766617 -1.22437691614374 -5.23549036107649
-19.0226753053516 -2.17969939692358 -5.06448019586642
-19.520547322348 -3.15222739725938 -4.78484996220763
-19.928162304289 -4.13284441151735 -4.40543608992689
-20.2338358156934 -5.11198891790447 -3.93705064079582
-20.4278515105959 -6.07988446661329 -3.39216294327633
-20.5025056712372 -7.02672549579073 -2.78463105318579
-20.4521047605082 -7.94282190765467 -2.12949561535926
-20.27295303506 -8.81870660207925 -1.44283788190481
-19.9633703835396 -9.64521361142333 -0.741691416650713
-19.5237796640992 -10.4135407540859 -0.0439824536739544
-18.9568944737833 -11.1153190779564 0.631542872473976
-18.268018863492 -11.742719682896 1.26546314989921
