2.4014707015922627 0.16736301849719976 -0.05954504052126966
2.4144483923678326 0.38763044918021516 0.16510981067727634
2.3315724094701094 0.58534572236111904 0.40843238697825957
2.1556179213833757 0.73981680083872248 0.63409156127669797
1.9026432240560165 0.84025124950385621 0.81367252208314622
1.5972937824944657 0.88085122968322982 0.92307324672775593
1.2714163516576451 0.86215585139018758 0.94563298008086072
0.96014515987351623 0.79549355210309902 0.87441311574001745
0.69208185234169028 0.71419243197211058 0.71024112410469742
0.48244222590521396 0.65162216906005732 0.47138278948953011
0.33126286336600819 0.63397901507736765 0.18519315209028195
0.23510374352673408 0.67274290604575426 -0.12127452768112662
0.15616275544928776 0.78844212708806449 -0.41314444372267156
0.084988150203006291 0.97842602228632591 -0.66570004887061984
0.0051799064622996202 1.2288296906809846 -0.85274287801507165
-0.098962725791274922 1.5125454654508821 -0.95462909394244977
-0.23813821319516543 1.7931826553654935 -0.9659579907470125
-0.41412675497690571 2.0373169495114625 -0.89661932948767376
-0.61675393688330238 2.221826933348737 -0.75978146001441405
-0.83340110877522233 2.3301073393516751 -0.57274423819684395
-1.0486061023540199 2.3508915167793463 -0.35307182222886163
-1.2462515025698726 2.2794965037917714 -0.12206935705805565
-1.4090935423367577 2.1166180042588638 0.095688599030974694
-1.5260565109803859 1.8778036060645009 0.27381538816510104
-1.6043026874366395 1.5876615668326799 0.39158650338806777
-1.6558315599979367 1.2678938809280675 0.43975073268476506
-1.6870441037928545 0.93602992970378207 0.41523017696662862
-1.7078659131107983 0.61210159855995327 0.30469825660367272
-1.7338266032568332 0.35968659417971771 0.098874231475771637
-1.8202985807201997 0.10857924418337858 -0.056240922294368251
-1.8447122842094947 -0.18398601808954881 -0.18380357440313053
-1.8336334133378744 -0.44774985292048253 -0.36187389649381224
-1.8359899849755241 -0.72983815476531655 -0.4854025360472386
-1.8224366450484226 -1.0366381526351787 -0.53139716918161961
-1.7676854433317908 -1.3448953272805753 -0.51291196646297399
-1.6643135340657245 -1.6360334333409066 -0.44455072111685551
-1.5143242051273575 -1.8973610594475043 -0.34009572555624384
-1.3239315718218292 -2.1213734019955917 -0.21009514551445396
-1.0988340740239175 -2.3028611532233909 -0.061470142330188909
-0.84269293485824903 -2.430010673190004 0.10403249158958704
-0.56117653855173999 -2.4848170773562739 0.28028281028150098
-0.26661878998815763 -2.4486000307636147 0.45084033626871439
0.020406014234777961 -2.3158501449558009 0.58700564779348696
0.28510086228293025 -2.1081272825707189 0.65932185404834887
0.52551782824705984 -1.8574008235991355 0.64830227273021701
0.73448780125403235 -1.6258181859951959 0.51565418720558509
0.95613514771332686 -1.4800200422788961 0.32921005170830847
1.1498294063634495 -1.2541660308780287 0.17143071626252845
1.2793753390887224 -1.0456564200031258 -0.047412914350845603
1.4295223240271535 -0.86604891233810144 -0.24512321909340581
1.6240031886520843 -0.66570629118717206 -0.38490620655444202
1.8431455739015694 -0.44199050068082479 -0.45289521304979907
2.0605257345313119 -0.19959941974582243 -0.44124262818369181
2.2506505506313625 0.032580634727296137 -0.34214689396164782
2.3752142899618707 0.22382474628921323 -0.16803305861458731
2.3023063956873449 0.51723161664416573 -0.087027782730366723
2.1712822667150915 0.81458460230408014 -0.059190850575845555
2.0408358372796047 1.1121137559814882 -0.031304324250309407
1.9482122224217178 1.438277123593213 -0.050218082850042409
1.7903406729531466 1.7241064418923799 0.056885103062640177
1.5218339714663895 1.8177568018977617 0.25821925872027113
1.230310017126655 1.8227501732928677 0.40285066933181929
0.91379430689622865 1.7927482663269161 0.48256388899938069
0.58831715481428448 1.7324465488509682 0.49458978828568584
0.26664864342133254 1.6542092265818273 0.43431500186504063
-0.011859527393517103 1.5837650567621833 0.27023652561526773
-0.27283718427248999 1.5711840874810221 0.091803349567595977
-0.55888638045111994 1.4858970692389897 -0.032942446744930645
-0.80139997780072758 1.3688863158344939 -0.22745966874685786
-1.0553293842080975 1.3038497312473882 -0.41397702280739096
-1.3466348164077595 1.2526740110556194 -0.52978946753779177
-1.6578556012678889 1.1943648161199836 -0.57407217399016142
-1.9679938418101839 1.1255610708788935 -0.54673194838775863
-2.2532641751032574 1.0367332312299817 -0.45012542881603623
-2.4917170656100134 0.91136685633269132 -0.29289463664329379
-2.659022192404231 0.73835188522524386 -0.085454828618945669
-2.7314337350639075 0.52966780995927487 0.15455606323760188
-2.6938759200519358 0.30614030074425125 0.39791258727599016
-2.5464887952691662 0.090895249491177721 0.61127420234845808
-2.3055523709526256 -0.09438499300143377 0.76203054522072466
-2.0029199661976138 -0.23358787677284529 0.82512204853169446
-1.6817238397247167 -0.32251257733983152 0.786781808880883
-1.3884683690476545 -0.37979300675720895 0.64664394865543362
-1.157621598695211 -0.43705934709469596 0.42399440546976586
-1.0054875240836352 -0.52606175591546434 0.14910571996101857
-0.91939808033174741 -0.61576728540659009 -0.15023841471467872
-0.89475377207910534 -0.77335060546737555 -0.42332680509682086
-0.88656135220069443 -1.0091111539629767 -0.62956599634500032
-0.84951854369330171 -1.2969095880783093 -0.74680655419251352
-0.75983781243440673 -1.5968752191700444 -0.77661956573934676
-0.61164787703440171 -1.8734462185241014 -0.73397927161655518
-0.41219060117387551 -2.1050130986573854 -0.64342827584769413
-0.17514247566324076 -2.2866669385516794 -0.52687597160592547
0.085576580875431477 -2.4221193440415445 -0.39490605410214302
0.35642613078281737 -2.5160276210742412 -0.24589366362820081
0.62663045701544529 -2.5657614178514079 -0.074980313048154057
0.88397506385038316 -2.5640970029380523 0.12158107565373193
1.1088820560017048 -2.5048494497845084 0.34640526418357009
1.281906443572024 -2.3706309451202059 0.5831631797447423
1.3867290297870591 -2.1617944669576779 0.80374012571439291
1.4136530469443152 -1.8971926522876603 0.98140061879381146
1.3641488689300456 -1.6045332959638907 1.0961576718200978
1.2469480630045191 -1.3125065760259629 1.1359724161628184
1.0796505865127726 -1.0457182842754618 1.092588895509218
0.89777080652258756 -0.81616639789904999 0.96343530787079235
0.73255427868232803 -0.63092910904970489 0.75774200717331874
0.612860061452288 -0.4913968572060462 0.49070996619951474
0.56384061219203363 -0.39148444108066482 0.18477551085040783
0.59976658102334568 -0.32053074220629496 -0.13192852262536428
0.72348925214505189 -0.23419120129997403 -0.42358351975994241
0.91556437019175041 -0.13499999459826242 -0.66966184718409094
1.1619131643921623 -0.012833583559530348 -0.84812915948560952
1.4380476452878479 0.13655205326574837 -0.94512349949926955
1.7160248490228505 0.31467634011066681 -0.95298121887687859
1.9631927076695419 0.52175123896633724 -0.87131320285515346
2.1439419402735087 0.75184800473735569 -0.70822531741412487
2.2285697362615329 0.98960514273615463 -0.48703750863961925
2.2044742108874544 1.2107273557645377 -0.23948286472550775
2.0515534692869255 1.4132076331080587 -0.0016760163524648687
1.7747149669492535 1.5850933745101363 0.024858812546708849
1.5013595816596865 1.7625497688664 -0.0051598143538640635
1.2322224794549335 1.9444595671886706 -0.013694883015882902
0.96388887678474056 2.1277650479267716 -0.022243118584070944
0.6963161967377105 2.3123922371291261 -0.030804189765171446
0.42925836884534119 2.4932204477533184 -0.0094721671700128199
0.21807940306854462 2.5947689233860296 0.15238945321341593
0.043583819662183484 2.5669218729448704 0.40095387967115859
-0.14812332475923323 2.4515407855057116 0.62143034648280904
-0.3074773653503336 2.2550194026795185 0.79765183098842429
-0.42753337652120277 1.9982236840387275 0.91274314377114518
-0.51031975611540559 1.7055049237415079 0.95233308815604767
-0.56038742446216716 1.4037255691822472 0.91157042853112524
-0.58764944014433829 1.1183089501442864 0.79121770897386456
-0.60630871860151769 0.87241366793676667 0.60002483031813136
-0.62976793478163129 0.68411547249555271 0.3523050523720187
-0.67037698630834419 0.56036343433147806 0.070679975742462764
-0.7329458403731729 0.51099147081171059 -0.23232019959147113
-0.8688861843423803 0.50734424962888136 -0.52305929706746357
-1.0684962610430362 0.54181227370161134 -0.77633289627594582
-1.3347504625974116 0.5937577891234046 -0.96821283261499369
-1.6565289445492677 0.63621415442477003 -1.078483718050379
-2.0084442870741399 0.63946764284916746 -1.0936954774726306
-2.3528305485850587 0.58551132071010004 -1.0084773712400841
-2.6455113289432903 0.46478057840738418 -0.83222023147312996
-2.8448039295412713 0.28456176240842834 -0.59249531850857973
-2.9269935091792179 0.06900034448800868 -0.32651705981205487
-2.8934215995295709 -0.15601987744527948 -0.071050083898459446
-2.7658566880843654 -0.375242296743168 0.14598447787087795
-2.5736654366048932 -0.58381371175495755 0.31150405414055471
-2.3429136229910328 -0.77596342465097667 0.42675046249631771
-2.0848107217037848 -0.94030389917924984 0.50246282144818677
-1.807007003606298 -1.0795702334820692 0.54513832230611625
-1.5158846626561635 -1.1935520407864946 0.55592847684906221
-1.2187143912677048 -1.2741399960759858 0.52760715124972934
-0.93422734398188756 -1.3123950156313031 0.43869593839755727
-0.68552640179291335 -1.3132786144884956 0.27706034019285636
-0.45733722506776248 -1.2935353550190274 0.075320418061698202
-0.2347103450376235 -1.2528644659783288 -0.14283307483593383
-0.033569387779281659 -1.2907607188779426 -0.39202953945605218
0.17480164152296218 -1.4499612245342959 -0.59585627273228481
0.40680148180348985 -1.6578362326180167 -0.72032484185134327
0.67172650655995325 -1.8697664566634005 -0.74539263216463181
0.96231880780730927 -2.0364504908644649 -0.66850414175464001
1.2566306214599456 -2.1180502629640019 -0.51141950521766977
1.523206459832827 -2.0996348727351268 -0.30327637792499745
1.7359762323168528 -1.9854929741404632 -0.076023808521048175
1.8780178475400893 -1.7927164884736562 0.14094746699716484
1.942129920406253 -1.5460989961778373 0.3254187732582115
1.9321500683277282 -1.2678922212130115 0.46352703678643553
1.8675784734362451 -0.97281304379439959 0.54572982728813024
1.7657216078590101 -0.67518636012183786 0.56408590567348338
1.6389799766053543 -0.39021824939875605 0.51432578695106035
1.511516944071728 -0.12779674186486459 0.38806249380756075
1.4284665182854293 0.11706549185688976 0.1905918107862504
1.413590449673908 0.39748378283109176 0.015466080648146668
1.3453682598662025 0.68957023654314498 -0.10344606232961004
1.2296915455127349 0.92610310603987067 -0.28653955956765687
1.1282159753657932 1.2004158113780758 -0.43305050717632715
1.0145625919976575 1.5023805210362933 -0.49461648540970982
0.88292848500302434 1.8013306128613602 -0.48871248429473968
0.72921470581181569 2.0797251457681623 -0.41770003414281892
0.55394874275506367 2.318467030221349 -0.28300226581417065
0.38149491668116736 2.4734230982256578 -0.1039399309553727
0.47289952894312021 2.3426298859476526 -0.084191653466158284
0.67928535717448646 2.0944462136180113 -0.078067068534366638
0.88928566929990149 1.8473675648809857 -0.075835054640141272
1.1009615989994985 1.6018064138552752 -0.073583529975518883
1.3143327044760988 1.3577804754115752 -0.071311970894116949
1.5294149061346738 1.1153041698852442 -0.069019898534805932
1.7462204586485131 0.87438859777600664 -0.066706879473843406
1.9647579289141279 0.63504151978059276 -0.064372526303218228
2.1850321799278953 0.39726734218850313 -0.062016498134464776
