2.4014975670448981 0.16057726215994184 -0.060148495423602219
2.4150869036105389 0.38070893237874925 0.17109213310622912
2.3310362607506372 0.57387273088364665 0.41631805815886597
2.1541001989340312 0.72373387431194114 0.64209137445972442
1.9012019094270032 0.82041178658594982 0.82007571928319323
1.5973835843330861 0.85897716216832798 0.92688386098337916
1.2740825996987106 0.84053130962000555 0.94688498705638735
0.96504145614081449 0.77633852978721485 0.87368849631671475
0.69830217984267473 0.698881270943154 0.70790522861523997
0.48983881631536419 0.64069636810700692 0.46776303932917207
0.34068332466819634 0.62738285552300277 0.18101086617614826
0.24746242992169903 0.67006206926878198 -0.12538622604144806
0.17331983480424315 0.78980460103255201 -0.41646814569916357
0.10943730852880242 0.98351184247307333 -0.66731812923890221
0.039068661626546888 1.2382895632524937 -0.85233518862359114
-0.054701711474521228 1.528844216379704 -0.95158051363812723
-0.18506969343863727 1.8196674841885496 -0.95786118680496923
-0.35594935829490942 2.0747291899266975 -0.87917517169095549
-0.5573843637560455 2.2663573787684399 -0.72906681261755435
-0.77543687174761078 2.3744339892361905 -0.5276728810420841
-0.99221473415901218 2.386827641562745 -0.29702840526358804
-1.1898936500642525 2.3013110664564018 -0.062631624809704953
-1.3517214039671346 2.1236003686593183 0.1488463368783908
-1.47024578136902 1.8736330147543931 0.31257676333263468
-1.5544547883545108 1.5781433776025369 0.41075918862473948
-1.6149756439190643 1.2605218086377563 0.43701580660483058
-1.6577152733342153 0.93979229157810884 0.3901642827852812
-1.6931766785791769 0.63776262432351638 0.2617457421618482
-1.7399635700167773 0.39408078713021011 0.053599802346988523
-1.839488853423539 0.13480733547314572 -0.097972865735172568
-1.8671211474691947 -0.15656874218589831 -0.23079500077484266
-1.8727669589803333 -0.42628280200597468 -0.40443316071803698
-1.8907579392555776 -0.72561527609999743 -0.5033895480459335
-1.8805363044201531 -1.0421868931664338 -0.52424476557887556
-1.8232768860077604 -1.3534726543173254 -0.48439817998382906
-1.7153349055943836 -1.642870500657257 -0.39930801704238073
-1.5606874783833136 -1.8994316496110164 -0.28254141340149341
-1.3659373778494726 -2.1159735793798347 -0.14378121164448196
-1.1369028160301353 -2.2855627977562678 0.010309692321720371
-0.87856682074889381 -2.3954019129906183 0.17584643861546381
-0.59855728903958438 -2.4304525257451339 0.34325334201753666
-0.30967191175564474 -2.3787329603582541 0.49467992039038977
-0.02892611114292605 -2.2419614641843215 0.60421008053250103
0.2324503594715488 -2.0439764536525002 0.64695935855445452
0.47153404577678065 -1.8180337666293829 0.60604957978018992
0.68481069164457975 -1.6189109918546793 0.45748795553168464
0.91151243415406713 -1.4829667575878653 0.27161901032016222
1.1021936926420752 -1.2672024376273368 0.11473858270644714
1.2452936209625398 -1.0753911872857425 -0.10461877090565594
1.4292622325973185 -0.89980246433356204 -0.29036234236042796
1.6505772778479415 -0.70337538225806684 -0.40532542543638261
1.8847860766287476 -0.48738789670656479 -0.44385860853825665
2.1053381454987039 -0.25487321000439089 -0.40228051964158579
2.2853833887586825 -0.020808385958473841 -0.28021613338640955
2.3707275435623059 0.20747930610744847 -0.11866731200852888
2.2836967655653022 0.50967156437913219 -0.068741991931836832
2.1734194936892068 0.81344226877280068 -0.040084009347024566
2.0633733016278191 1.1172834403734666 -0.011406189093806298
1.9684562353974704 1.4325782975478594 -0.0014484828106956817
1.8019668849458979 1.6589547127224422 0.12547669684008586
1.5350288121574904 1.7346623855030434 0.30923878495106144
1.2368229061549234 1.7487986321946496 0.43415085100401307
0.91821975110285059 1.7318571761306798 0.49372015630244631
0.59541049973838367 1.6875237374909937 0.48612694071962559
0.28272234730653822 1.6297117741126745 0.40678403474887204
0.010539830013873361 1.5825248562603589 0.23558725025141031
-0.25730756243101377 1.5806441115356908 0.060741755511547119
-0.54318944054614593 1.5012186394223406 -0.065970754735032472
-0.78500626057366885 1.4039308051121566 -0.26171290481109455
-1.0507210165894896 1.3590240478246494 -0.43722945824296139
-1.3529143948975753 1.3216099194948254 -0.53700703051238474
-1.6696493635620728 1.2741335875939326 -0.5649814476502466
-1.9817085306330362 1.2119522399241462 -0.5210337130416749
-2.2662956603468323 1.1221587569172582 -0.40778401549789361
-2.4983259067953068 0.98848456236144733 -0.23602717647637425
-2.6516737548054476 0.8064562191820579 -0.021571033750506435
-2.7079268599570505 0.59281041724953354 0.21508162609586945
-2.6584024573152747 0.36782348969422046 0.44621332303584743
-2.5071099678725246 0.15273404898943993 0.64248444812430761
-2.2708746922971286 -0.033267704326304659 0.77616209969857564
-1.9787721405558372 -0.17614090666230917 0.82607979980253421
-1.6691299586046162 -0.27246435443244554 0.77963247279774583
-1.3853079823938199 -0.33920329573414365 0.63504456740867721
-1.1620898999364457 -0.40558605416397608 0.41004804955718732
-1.017153531013099 -0.5002411678833214 0.13577278227088438
-0.93579285385070721 -0.59503081009095404 -0.16271826343762227
-0.9156497954955205 -0.76016705870504053 -0.43589156201194929
-0.91051359070670634 -1.0050929838493838 -0.6398173467524958
-0.87334445674821792 -1.3010275852846178 -0.75176460578895388
-0.78068191231157058 -1.6056937225437213 -0.77538844219074077
-0.62822600133037099 -1.8835250300297717 -0.72802142624163468
-0.42467093259510552 -2.1144305370160104 -0.63520690075029751
-0.18438876052962672 -2.2948415123960508 -0.5182928562837944
0.078581558766316562 -2.4289362311114702 -0.38688350620743411
0.35105007092009238 -2.5212856912775199 -0.23889080168566076
0.62267100214179472 -2.5692054814927294 -0.069543678337414636
0.88152667851682975 -2.5657824065243817 0.12474925710053593
1.1087124160224315 -2.5051256981785852 0.34667861779721793
1.2852784293458162 -2.3701796316637389 0.58063326885846478
1.3947712928143978 -2.1609089823645706 0.79968039496521448
1.4265277155533156 -1.895040399470822 0.97767482938155059
1.3805165560799177 -1.5996003260142437 1.0940839556553339
1.2643216048203501 -1.3038228059661015 1.1355891280639241
1.0958470524024777 -1.0342066144729103 1.0928655670107983
0.91215956580829183 -0.80384414613265986 0.96355644175384403
0.74546354748533228 -0.61929125956852926 0.75776934512477567
0.62474642603525032 -0.4808737160882729 0.49149273180578351
0.57453248506435495 -0.3812806692797186 0.1873018469960547
0.6082271815669904 -0.30929178886263975 -0.12678002352604795
0.7274343364143282 -0.22037225555060749 -0.41627679765718434
0.91327649691277812 -0.11693632152549652 -0.66181431998704543
1.1517482549183726 0.010731276344890239 -0.84166764419749418
1.4189185442026433 0.1663404565681034 -0.94228963184307024
1.6874258188850444 0.35031144911761836 -0.95629540652186573
1.9259053845191398 0.56141297655516087 -0.88382020363718194
2.1014098373556926 0.79306348855501518 -0.73280599558152482
2.1869178875940762 1.0310844457720842 -0.52433800224901361
2.1699374222966266 1.2540553400262637 -0.28627131021415414
2.0433554405809122 1.44749163901098 -0.047788125805776072
1.7886805188139905 1.6110305575494568 0.010758221560412078
1.5108340035314456 1.7789776130148423 -0.005922410196740887
1.2346748014828222 1.9487060300666328 -0.014009618658472325
0.95883699924802668 2.1189927200847527 -0.022102093882671342
0.68330356606249265 2.2898080934885767 -0.030199703352035444
0.40797607373882661 2.4591038754611336 -0.0263400753108958
0.17235833971094239 2.5760645720882502 0.095858244428450909
-0.027831157370689447 2.5709605815220176 0.33827533449080216
-0.22561850514191145 2.468947806936439 0.56681450233863406
-0.39045050042800028 2.2785814265082931 0.7588070718695572
-0.51155057722913044 2.0196785395874874 0.89284030021444483
-0.5890478561488649 1.7186561757022152 0.94988121762864475
-0.62848689756336829 1.4055612727257401 0.92230040616888387
-0.64194189582789773 1.1084745940525371 0.81025629440913749
-0.64630990146594669 0.8513012392720084 0.62271490928922368
-0.6575567361638921 0.65248246903794893 0.37417887610570627
-0.69003114977298541 0.51868529440859723 0.087484563408333063
-0.74921327165429574 0.46154152194934062 -0.22041505523258564
-0.88388571554646667 0.44774946001429505 -0.51295314762020938
-1.0834827176638724 0.46851197678124124 -0.76652767454124993
-1.3462886176046873 0.50318143808316718 -0.95695387198602522
-1.6570803431935763 0.52704091095887862 -1.0670872977060453
-1.9905447352455037 0.51487599991863831 -1.0884037041286441
-2.3144687278300302 0.45318682543460298 -1.0188985785891211
-2.5928359757038524 0.33507677934175861 -0.86709755944749001
-2.7920929835208868 0.16544759059481395 -0.65426597964517741
-2.8903473453710231 -0.038035947522327529 -0.40840701322364464
-2.8821322691088649 -0.25407494598774849 -0.15928019156186626
-2.7788242856071803 -0.46699683807011494 0.065859743779737467
-2.6025991482378243 -0.66929530529960857 0.24873460297504038
-2.3780761460695761 -0.85682118818747632 0.38401290137571165
-2.1183559845024424 -1.0182645481979693 0.478037633116637
-1.8343975093204776 -1.152718527162867 0.53591600681120177
-1.5349112499477873 -1.2604358103507061 0.55981756577462438
-1.2266103703187707 -1.3355183538338746 0.54585273710571025
-0.92327185173216197 -1.3682660096345809 0.47410444181161226
-0.65202303589977961 -1.3593982274470788 0.3208657006078845
-0.4118056794165636 -1.3284706959387775 0.11742292167816241
-0.18663069999069681 -1.2710598909621387 -0.10212631576659544
0.01368033505605612 -1.2836810599774593 -0.35233499486498787
0.22275683192157303 -1.4170406799174127 -0.56368578715453543
0.45421496984683662 -1.6042434844264952 -0.69997983080491877
0.71552905130180933 -1.8001598069600737 -0.74179335138717539
1.0001012303815204 -1.9590387561609517 -0.68577956682987107
1.2895347893215572 -2.0435672875545605 -0.55019630526503627
1.5569429146702103 -2.0371977598903364 -0.35913862702144939
1.7772401550342298 -1.9392212300773779 -0.13993313567847773
1.9311331996099401 -1.7604890748807389 0.079973300333985198
2.0066280803663412 -1.5209503066068204 0.27681185210976339
2.0009086337798387 -1.2436046820115478 0.43167555283549314
1.9318638341100698 -0.94820541682566728 0.52978949854936197
1.8202273978308801 -0.6502689748956848 0.56166869684587339
1.6805848043893006 -0.36495320327368941 0.52311862879927851
1.5372988866143784 -0.10314510479568531 0.4059120956923134
1.4372229414677757 0.13572027880802534 0.21228161639281776
1.4111531343829731 0.40700668667433504 0.033930858635929442
1.3393448515646198 0.69760728768414715 -0.085545718882940699
1.218107950859413 0.93303223335513774 -0.26831979828970876
1.1105786742529633 1.1983072140644218 -0.42031556603896841
0.99258676335829754 1.4933183855623147 -0.49010671490201424
0.85804664977915579 1.788821011800741 -0.49144196848691862
0.70294684128397478 2.0662478658655248 -0.42687893940699229
0.52801231166851559 2.306360988334716 -0.29743813826115567
0.34230810624968505 2.4769774086397254 -0.11570007444092371
0.45529110087121133 2.3279997673857449 -0.08000347966255078
0.66837632073198483 2.0845801030932618 -0.076442941349723764
0.88290733415037514 1.8416024482378286 -0.074439431451923291
1.098108594598441 1.5992317924669182 -0.072428117245963972
1.3139879253573052 1.3574752217288146 -0.07040878927329286
1.5305516945889623 1.1163385041576561 -0.068381255989458087
1.7478048041627223 0.87582607995333783 -0.066345344024962755
1.9657506808371952 0.63594105339454599 -0.064300898416602331
2.1843912698109262 0.39668518699708677 -0.062247782808990598
