-1.862856202025446 -0.41149402120721518 0.0042023986312795447
-1.8755267453827269 -0.36460194344019048 0.019303255431308938
-1.8861724501847099 -0.31459795406814689 0.03563439308845371
-1.893868200966516 -0.26452508598955271 0.052458421755380277
-1.898515064842021 -0.21716896674020739 0.068419490828696541
-1.9007266756442081 -0.16509062511425651 0.086207331825210953
-1.9000488912065621 -0.1162088300944861 0.1028756912822513
-1.8966266572390491 -0.065199123515024771 0.1199276288506244
-1.890155125110049 -0.013236010523930841 0.13737194547892739
-1.8813043482103871 0.035354781696498479 0.15342364120569851
-1.8701692228555851 0.082403763048170584 0.16867006922548389
-1.85519892559074 0.13285707998796781 0.18486106676577971
-1.838163873780374 0.18063592499296921 0.1996137751500644
-1.819388225641061 0.22569936682354391 0.2129378814962006
-1.796298844134351 0.27368328709593592 0.2266822135674002
-1.7713274852480789 0.31912446868592309 0.23899205759869929
-1.743990546690396 0.36307808268723041 0.25013250681205929
-1.714360749429795 0.40564978508079452 0.25999794407175869
-1.6824511512890059 0.44677304031766568 0.26852551815592229
-1.648165200274015 0.48668746794668621 0.2757219117191067
-1.6112836453196371 0.52552986241501654 0.28144970737466168
-1.573048994180746 0.56202242472040354 0.28544169340077469
-1.532692519709558 0.59699051384413349 0.28766883316301239
-1.4910526989061481 0.62971824486502614 0.2879390562017331
-1.4480566166549 0.66050839174616993 0.28614668134350429
-1.4027461694356811 0.68996032971087617 0.2819872470669722
-1.3564300890386289 0.71726768096222082 0.27529827281722219
-1.3108008681233689 0.74142142485993323 0.2661409084271868
-1.263497970100864 0.76396843920772539 0.25386004635733739
-1.2165966722324451 0.78413147618325707 0.23861013589316971
-1.166938249259766 0.80350229405412199 0.21868617150943531
-1.1216694999187411 0.81996971616611969 0.196707749905287
-1.0767645650755111 0.83591319676940068 0.17077771329095251
-1.032249965479157 0.85196385606014069 0.14009312420071199
-0.99475483382008423 0.8666134753414364 0.1097240725804141
-0.9566816148452385 0.88370999172486897 0.074089365963900214
-0.92121301923016996 0.90280857020255978 0.036366241377714603
-0.88673136664098984 0.92525027025476381 -0.0043439705868838184
-0.85519524539409053 0.94989831097039734 -0.044971188015501123
-0.82800258637951851 0.97555411038279349 -0.082527436865290099
-0.8022727507983699 1.0047294482043889 -0.1192229967937577
-0.77534634781385958 1.0405035095225439 -0.15669995019531119
-0.75274230106354634 1.073694177733155 -0.18564546306232971
-0.72622279636395937 1.114936761050155 -0.2156776412782094
-0.70108021540528564 1.1550798489033569 -0.24001204976064991
-0.67347485340904967 1.1992356493388709 -0.26236955122556538
-0.64628136635118716 1.2423867304022029 -0.28033620268730008
-0.61733767521798244 1.2873034514324639 -0.29539774033624627
-0.58729984950114189 1.3323078224327281 -0.30705937270651401
-0.5570113839468861 1.3760759770758619 -0.3152403767298676
-0.52546415368487642 1.419978382552129 -0.32055117391606858
-0.49192026520542448 1.464490477278243 -0.32287717476112382
-0.45845032044859108 1.5067541838570351 -0.3221962549931342
-0.42447575347895328 1.54764788955822 -0.31872751272778049
-0.38872536390029011 1.588327547881111 -0.31243601848808478
-0.35218467468729558 1.6275538798219289 -0.3035325790425783
-0.31484460860275132 1.6652926585539549 -0.29206712589622191
-0.27636180241051028 1.701746865592024 -0.27797417041743461
-0.23678819409325871 1.7365789954422191 -0.2614021791090802
-0.19759883538385911 1.768471337873182 -0.24310392007516499
-0.15847052143619059 1.797946388044406 -0.2230240547136233
-0.1177251541511905 1.8263032569744511 -0.2001695643290595
-0.076289678955921356 1.852454150089335 -0.1752857789396231
-0.035413044327039997 1.875648277120082 -0.14921462476236549
0.006030280910298373 1.8966835110552169 -0.1211285667155123
0.047499801483180538 1.914997894002582 -0.091665886671557728
0.088928623355578454 1.9307777183512149 -0.0607512967740714
0.1302329587187879 1.943762425927386 -0.02864556977002828
0.17198770213512701 1.9543130548899821 0.0052049101424892844
0.21247929907362689 1.9620024997698919 0.039437713443936082
0.25335348146916092 1.966931988017125 0.074879383858897003
0.29349200588023411 1.969029139722029 0.111079075933796
0.33330544035497889 1.9682523595468211 0.14778423938913249
0.37207751582714449 1.964659895581699 0.18471537607606339
0.41057934988559669 1.958178878400058 0.2227143189955646
0.44845554046096581 1.9487583198471461 0.26059379306134339
0.48505185258800748 1.9366180197476159 0.29853421221864979
0.52038330126238219 1.921871510241558 0.33642004898570371
0.55521056274723735 1.90417433956298 0.37436518468493968
0.58856191818605175 1.883886383425297 0.41184228627230218
0.62072261785340499 1.860869670965674 0.44954486794460102
0.65145863741931909 1.835401487163141 0.48653587927875552
0.68065426363483583 1.8075731472795049 0.52250124894593974
0.70808745927321903 1.7774698061890091 0.55776685276764015
0.73493116278384807 1.743874729516691 0.59325123943879055
0.75922817726486436 1.70924690222096 0.62673900843138541
0.78181677025115814 1.6722958692769201 0.6594532415452603
0.80266408999891958 1.63317810822096 0.6909818786854578
0.82131997031151638 1.5928128021481001 0.72065539107778165
0.83925394898465278 1.5481844823974269 0.75054204824594162
0.85435035086903466 1.5041325813509521 0.77749163052884063
0.86768286779861692 1.457915496996145 0.8031651910158889
0.87911184255430119 1.409798225400136 0.82726102512673616
0.88823364476578937 1.360872322940673 0.84956349780515927
0.89551411443371287 1.310260485718489 0.87013785069029159
0.90094483075094411 1.2591098652882911 0.88829946420176975
0.90405762897097619 1.2065244670844959 0.90490183849977845
0.90505881689015721 1.153932960854041 0.91923475963838641
0.90407338898637102 1.100144227245742 0.93143142164573201
0.90082046649417524 1.0464775888415061 0.94161027129288877
0.89557742566001486 0.99108193862000782 0.94960183217136152
0.88870026102008604 0.93742808776746511 0.95496074154302024
0.87965856189227076 0.88292982302467149 0.95810397462866914
0.86866118303979123 0.82890189878030129 0.95891169747130911
0.85585646845837005 0.77538109617585627 0.95728233800021212
0.84133839352261264 0.72234461498293701 0.95310718058717214
0.82516903284044107 0.67037837322119409 0.9465858459347225
0.80691979962332983 0.61762321318667479 0.93726667750248371
0.78777525053111042 0.56728645151059132 0.92560476211577092
0.76701495855862301 0.51781100264047697 0.91136303744948111
0.74513655296566494 0.46993493249875168 0.89463246139621933
0.72175038014477022 0.42282241390128311 0.87507319743630541
0.69787442299888069 0.37850690128438658 0.85349785790245003
0.67278563767400223 0.33493840976824651 0.82894132293111322
0.64662064340933234 0.29309038471294352 0.80169634825874958
0.62091594240403813 0.25440908648448107 0.77282175863846192
0.59359806745614185 0.2163045651064163 0.74024164284309479
0.56697970537811548 0.18200495819741189 0.70668265011802123
0.5403833773760357 0.14963243918135091 0.67050235010456605
0.51271226790209135 0.1186558521603419 0.63075570852308205
0.48665506917898849 0.0915306009429835 0.59058455552702105
0.46096144617434859 0.066706137362991108 0.54808659180311869
0.43510764821802589 0.044217998446902607 0.50251790796978624
0.40977473950564952 0.023964766898479178 0.45401356051439329
0.38692984296504879 0.0083647049893569303 0.40825733202014369
0.36825702757514522 -0.003650901903946826 0.36646435373119601
0.34840424919728352 -0.016566400724899059 0.31166853776050613
0.32874358391302189 -0.02630927411638613 0.25365201621203459
0.31290884415241038 -0.032381089583883207 0.2004669619606006
0.29855609254586851 -0.035780396763658559 0.14505529155511149
0.28697935608640968 -0.03677325027771005 0.090389678195534381
0.27833049648913788 -0.034969240448000143 0.040210701479387642
0.27031656176599728 -0.032196277733138143 -0.020238109566796621
0.26613644313892021 -0.028715716564241909 -0.075588653399585981
0.26422795037249669 -0.02292092981224874 -0.1311933898040813
0.26519837983053812 -0.015177992996738389 -0.18803924835463401
0.26893162059943232 -0.0058638832111189768 -0.24260036089873141
0.2755842119184147 0.0053119313071289948 -0.29795196698910142
0.28525660275339798 0.01775775661325639 -0.35216189800138858
0.29754729505287258 0.03172030056208814 -0.40503710867017162
0.31304535791068611 0.047012636523879381 -0.45779050978678021
0.33104877884001521 0.063111678254914205 -0.50829463802281272
0.35200126597489251 0.080297862871158421 -0.55780013277720941
0.37565162368192051 0.098204505344142157 -0.6055564270595577
0.40193979097018961 0.1167870316058176 -0.65154492082354643
0.43095543427412991 0.13591002466564689 -0.6958238982883056
0.4625421632842377 0.15550025878661899 -0.73818741556171319
0.49650103754251917 0.17544704503853151 -0.77840010244734792
0.53278924375579906 0.19551948191280061 -0.81641755741254085
0.57135349152272041 0.21573132882754301 -0.85215685449276701
0.61193137745389126 0.23579854725922739 -0.8853871192561541
0.65428088063962286 0.25565158295690332 -0.91596851128751844
0.69864823896450312 0.27539217515012843 -0.94404315141428108
0.74471893146184398 0.29453716361853849 -0.96953475617981977
0.79230756938479008 0.31334243666329181 -0.9922028153807948
0.84180101600955004 0.33160994755200468 -1.0123534621975969
0.89158728678432853 0.34895913499278269 -1.029324469409634
0.9429354767738094 0.3659148557506704 -1.043589670339732
0.99556879837342838 0.38180236056089689 -1.0551569003335699
1.0483469501886771 0.39664321380939882 -1.063716921692001
1.1019849271758839 0.41074354351629128 -1.069312214279065
1.1562800761733441 0.42364257795870908 -1.072126451068983
1.2106423181753441 0.43520112808177991 -1.0721034314465661
1.2651231335003399 0.44567588131487368 -1.069177166414401
1.3192317107914291 0.45478853944335612 -1.0634524944813399
1.374297724261748 0.46271693155693933 -1.054873754588358
1.4275291014837459 0.46924606559777349 -1.0437744972102401
1.48073889496527 0.47461165932201038 -1.0298224515453469
1.5334231309466391 0.47858900165883272 -1.0131387455475169
1.5853517365022201 0.48097143239366458 -0.99399356891432644
1.635965242958147 0.4817848272638745 -0.97251297060703157
1.685274390702171 0.48124794226327111 -0.9486597263597738
1.7335905913947991 0.47923489714426187 -0.9223143083699209
1.78034944167954 0.47580243411302442 -0.89374706870822196
1.8258846339746631 0.4709635244362993 -0.86283711893259807
1.8689502850883959 0.46481855082830892 -0.83052897105513501
1.9106823410099241 0.45720821498248437 -0.79583779280629063
1.950361809390287 0.44819774279915331 -0.75942092723125432
1.9877660930016829 0.4378561473500982 -0.72151949610570121
2.0234049794379461 0.42601767566054688 -0.68168415050181763
2.0564613374836371 0.41283125623938499 -0.64080370324256941
2.0877040860845799 0.39817598588112169 -0.59802727413190315
2.1158440247535579 0.38272231957142128 -0.55509319498340204
2.1419294676723259 0.36571152905808563 -0.51052578979756891
2.165327923766267 0.34758366822887521 -0.46521236400165777
2.1860999762814322 0.32825353602637097 -0.41936007478351039
2.2042755578561182 0.30772900823477339 -0.37270406668944728
2.2197382459224202 0.28641644301287428 -0.32544902405678211
2.2323837534024569 0.26425391005769422 -0.27811867111110078
2.2424674801142781 0.2407767692953835 -0.23040773939023271
2.249747735455363 0.21642694282872571 -0.18329012393329769
2.2542544985980681 0.1912225525429892 -0.13576733331014909
2.2559005590383219 0.16567654291397929 -0.088666876019367166
2.2547933934183439 0.13942609340733289 -0.042007345127705688
2.250919682527786 0.11234540834566099 0.004191186798193562
2.244231319129641 0.084798749029092499 0.050078020416655308
2.2348466787864179 0.057180374324041508 0.094750641712150932
2.222924929884059 0.028932809940774021 0.1382549708403146
2.2080320532307902 -0.00033794439223758992 0.18167684511542639
2.190943260823615 -0.028978552090177211 0.22297505788369151
2.1712171874663921 -0.058209637742567613 0.26315875550823559
2.1489368370796642 -0.087621533302111074 0.30202393167772701
2.1242937687533541 -0.1168771403764205 0.33926909641047798
2.0972180562085261 -0.14648374281248339 0.37494055666278242
2.0678220869775048 -0.17594110745677641 0.4088730583687516
2.036440437179059 -0.20520544997979051 0.44071857097793848
2.003084444915094 -0.23428537603101349 0.47046635418852151
1.967602551944051 -0.26335626440427012 0.49828681146121051
1.930262272792433 -0.29220128894712422 0.52385456176163769
1.891177255810385 -0.32078984856910819 0.54718699306164897
1.850651640127567 -0.34889645980300049 0.5680107851146512
1.808899712287386 -0.37647719506899618 0.58624359532240244
1.7651786872080151 -0.40405403560947961 0.60216975897597624
1.7203955528909309 -0.43090795567627199 0.61538576221534114
1.675671951013062 -0.45680907370668422 0.62559040744727035
1.629082857284796 -0.48278825184740698 0.6332959590509416
1.5808911232177469 -0.50853980358192596 0.63825075885116389
1.5327643957493129 -0.53339810827363965 0.64020864278736866
1.4850276102586 -0.55738211757750922 0.63921481184145135
1.4368056454320841 -0.58104667888918715 0.63528371819568707
1.3889332226338451 -0.60394955916144433 0.62840059675977855
1.3405090638717081 -0.6265833945394883 0.61836201363863053
1.292502070646623 -0.6486081250242216 0.60524924338508157
1.246391243376094 -0.66959937827068317 0.58948318776698549
1.200401439088812 -0.69056464297096809 0.57051024754764823
1.154861945306032 -0.71139011017363551 0.54819471035679512
1.1106975421423471 -0.73201796690385446 0.52284754791838239
1.069501498520167 -0.75179083888450082 0.49526223387950158
1.029386469699074 -0.77200894273557497 0.46402093922343979
0.99294864766916779 -0.79163244212755168 0.43115617281318203
0.9568471858087455 -0.81324749979838762 0.39324115203999271
0.92782907252833802 -0.83239287103993254 0.35788232473162468
0.89762625597162671 -0.85350749210504273 0.31697627889851671
0.87145813661299421 -0.87680419584056679 0.27432685647526461
0.84988829482597272 -0.90157114693055929 0.2329835992683349
0.82989491080638711 -0.93067627272259512 0.18966764178100029
0.81186877489794373 -0.96303536560002301 0.14699109196185939
0.79610276283978976 -0.9971873795019226 0.10732462999933989
0.78137606926957348 -1.034423693145176 0.069335022029708676
0.76691148748849614 -1.075572207134458 0.033255192550909259
0.7533040003493835 -1.1159219219491381 0.0028959902760088731
0.73883563814947606 -1.158209435909952 -0.02456507178937203
0.72089374851238786 -1.206154745187525 -0.050918708928543388
0.70080315216699374 -1.2541534602032809 -0.073097108464777141
0.67921178048801312 -1.2997135811583289 -0.090858718686307585
0.65403156102497917 -1.347275002505967 -0.10626351499072489
0.62586150656345974 -1.3950220924543999 -0.1189628042626579
0.59526053775708476 -1.4415577632977039 -0.12890848595806581
0.56279598669745334 -1.486088461887811 -0.1362249712464163
0.52754820719048079 -1.529754949850753 -0.1413635794403009
0.48968858898367618 -1.5719989166699631 -0.14439421479331721
0.45052100354735602 -1.611406245535181 -0.14543954654740759
0.4096167663494375 -1.648584705236932 -0.14472357611020889
0.36573305728835048 -1.684485659656773 -0.14221968940604601
0.32045221946011138 -1.7176562757394029 -0.13817680493749579
0.27377957514771278 -1.7481856780621261 -0.13266462314873001
0.2259353987783965 -1.775877987702053 -0.12590271449732859
0.17609427246235271 -1.801261574558735 -0.1177677403999409
0.1240248437582384 -1.82412649192298 -0.1084372392605029
0.071961646067382271 -1.8435472204851591 -0.098322613550696228
0.020480499089285412 -1.8595538534441951 -0.087565597831526107
-0.032818891351861543 -1.873030034202833 -0.075640441811404086
-0.088679264041971295 -1.8837774638074249 -0.062604895786504314
-0.14275144551907601 -1.8909617606404621 -0.049666759837235022
-0.1949716945548165 -1.894985011692532 -0.036686291933470477
-0.24979687090990971 -1.8961788367516339 -0.022695405438677489
-0.30494726624902668 -1.89413062227153 -0.008465724724838336
-0.35842996670532767 -1.889109400214434 0.0056619617687136596
-0.41312219222685398 -1.880744851601051 0.02031529429219232
-0.46621291260688108 -1.869482515189439 0.034479194632132802
-0.5173513451867634 -1.8555243970120501 0.04827832507027225
-0.57184455338474316 -1.837268763443243 0.062862525420320087
-0.62306754504827178 -1.816633521160532 0.076399819999778198
-0.67044833351593114 -1.794391453219528 0.088805474353816319
-0.72042372252872122 -1.767392892421874 0.10141738238099721
-0.7663403270365341 -1.738972491947667 0.1125035781155156
-0.81210973490806815 -1.7070047493190721 0.1229319082476982
-0.85569421440588267 -1.672603926338285 0.13199900326832559
-0.89777610195692215 -1.635319647450683 0.13973764569289809
-0.9379194207611774 -1.595745759142325 0.145644555255346
-0.97557549490916262 -1.5543783179419679 0.149429611181952
-1.01106972179077 -1.510988670535 0.15087054778733469
-1.045321677867286 -1.464317918488184 0.14949676931364839
-1.0780618776988951 -1.414396722442538 0.14429001941968661
-1.106745584216327 -1.365767736424633 0.13472247392054071
-1.1309447076807331 -1.320593219999213 0.1207534255714157
-1.154604815322757 -1.27730048742591 0.1032784617154829
-1.1797931194701241 -1.234834834866998 0.083016914210668091
-1.2100885080353481 -1.1889153718322769 0.05742084900701374
-1.2399129065917891 -1.1502102590917871 0.032209219850632791
-1.2730567317602091 -1.114316756735825 0.0064597670675779128
-1.3093737494372151 -1.08072310792961 -0.01773658047053572
-1.344961671302211 -1.05100886043505 -0.037504639199578381
-1.385474323341964 -1.0192517548969531 -0.055498748439932293
-1.4272884802031811 -0.98714184433230678 -0.069818527450896548
-1.4729974673209469 -0.95198607006786473 -0.081366926929794761
-1.5125738390544849 -0.9203603028676689 -0.088078422144524923
-1.55036291450444 -0.8879032614894129 -0.091585023482909214
-1.588695785022743 -0.85198120798528909 -0.092394731889165846
-1.6260804833693081 -0.81393702449017669 -0.090652403713912103
-1.663201210843867 -0.7726203128174165 -0.086298131600646186
-1.694502284894668 -0.73431396341646771 -0.080549127753395511
-1.727973700224642 -0.68898976091855413 -0.071947347745330376
-1.755557752938447 -0.64740716997469561 -0.062773806603005688
-1.782477079704164 -0.60172623608363141 -0.051516624606027607
-1.805246428601585 -0.55822143559576631 -0.03980393718093285
-1.828092051205144 -0.5082748201738948 -0.02545120323153325
-1.845696199451698 -0.46347358641921599 -0.011988951492602901

-2.0333397389144729 -1.753473805159699 0.15011265260732309
-2.0214759547665762 -1.776924416482446 0.094836250205591055
-2.0071863759436521 -1.797453552613008 0.040476598502764853
-1.990029552963362 -1.815767893624574 -0.013994612469460091
-1.970188198733358 -1.8316192424814981 -0.068292345058494061
-1.9477612410993339 -1.8450751224143001 -0.12170159711315549
-1.922109063679917 -1.8564401013819249 -0.17594305489660969
-1.8947773316916019 -1.864969585443075 -0.2279297291005464
-1.864832982461633 -1.871156500801725 -0.27915598579161438
-1.8325065658067909 -1.8748276032675351 -0.32933270581375429
-1.7980553964374899 -1.8761383125213471 -0.37777089112281542
-1.7615591723974571 -1.8750147286117911 -0.42461883755061758
-1.7225183673365201 -1.87143857345818 -0.47052262396974959
-1.6822958405612101 -1.865523850952211 -0.5137688581483556
-1.6404718533298539 -1.8572594650354171 -0.55490297097654373
-1.5969364747487109 -1.8467473621472199 -0.59387868317922321
-1.551984115730412 -1.8336328582551411 -0.63090733785268449
-1.5063875835043721 -1.8183542979543581 -0.66514682272584902
-1.4596457279195629 -1.8011818080958779 -0.69666261983513877
-1.411129244938069 -1.781538930556722 -0.72609560844608134
-1.3628088669943761 -1.760152768583042 -0.75234814701759134
-1.3137542025387341 -1.736988169015226 -0.7756429764399867
-1.2641573548350931 -1.7117923282127221 -0.79611718568859191
-1.214585429999703 -1.6849414183138409 -0.81350172927425379
-1.164562117921645 -1.6564670743504051 -0.82776531478545556
-1.1146687886984701 -1.62631146828861 -0.83895169306001882
-1.065188939167302 -1.5949952834621881 -0.84681962907962871
-1.016204017300026 -1.5625733317278381 -0.85142836841109748
-0.96705244924148126 -1.528672082131237 -0.85276488572366593
-0.91941830711511874 -1.4944874156678849 -0.850790391753804
-0.87239724067049096 -1.459465877057571 -0.84546509862497121
-0.82596224267707019 -1.4235942101081871 -0.83674521627116105
-0.78115592788714572 -1.3875641714852049 -0.82482345743540531
-0.73732543128452965 -1.351364594060235 -0.80956508229180302
-0.69400257255606757 -1.3143382285710861 -0.79062658306229383
-0.6534133283498933 -1.278425973209756 -0.76904216792176883
-0.61407351755257666 -1.242933322970472 -0.74428062626924241
-0.57519699786019296 -1.206763998495324 -0.71552948176438858
-0.53879188140864265 -1.1719383623193509 -0.68417968268474594
-0.50493087007499338 -1.138787073216537 -0.65056795473666873
-0.47274418846266869 -1.106769566133057 -0.6140755701127022
-0.44212013482946189 -1.0758164201368801 -0.5744101025696523
-0.4135171874165709 -1.046406724995139 -0.53220832809009999
-0.3866219302118013 -1.01862624572748 -0.48708365206789739
-0.36198954915223391 -0.99311595788352625 -0.44000101905004668
-0.33958580207250971 -0.97011490654552879 -0.3911469966908584
-0.31892490327048451 -0.94931642923579895 -0.33950088825551239
-0.30019489803110577 -0.93143087615671405 -0.28601152913951039
-0.2833646619318721 -0.91666169287782973 -0.2308545572891971
-0.26872437122889459 -0.90568675479673355 -0.17593905112561989
-0.25598351230584748 -0.89827142605645638 -0.1197945184632471
-0.24492114903180731 -0.8949512295082328 -0.065383575247588671
-0.23628051777188991 -0.89477654428751696 -0.02080517271826883
-0.224878500281982 -0.89889681832095791 0.059590226739742673
-0.21792678809719529 -0.90135317759581823 0.1144274098365486
-0.2110595108324119 -0.90813545257024342 0.16924141887935451
-0.2023684123170274 -0.92020510593325922 0.22631773327524399
-0.19227333979610309 -0.93673030657797351 0.28138996596772881
-0.1802993997121396 -0.95719143747983571 0.33448738927335631
-0.16644061436447949 -0.98093334979360236 0.384777328736847
-0.1497722837513302 -1.0086626481560439 0.43466455435391882
-0.13075644513470491 -1.039019994244474 0.4818386328283073
-0.10961407673127981 -1.07087281552757 0.52564308870037568
-0.085526252110581805 -1.105176010378232 0.56780206654147669
-0.058541054972057638 -1.141270134233626 0.60764627902019852
-0.029723728826650041 -1.177505615023464 0.64373461351340044
0.001644906264562459 -1.2145856986647789 0.67719530723650545
0.036644612476663167 -1.2533075543997501 0.70887116347343349
0.072872686612161106 -1.29079545510032 0.73664511782433506
0.11100104390447429 -1.327833523471706 0.76141089755930125
0.15229971667316439 -1.365388219645977 0.78380982692100376
0.19548817130807969 -1.4019754543588741 0.80308358604395647
0.2409778024660108 -1.438046206697321 0.81952296243641354
0.28710840399766702 -1.472249635088833 0.83259533424447718
0.33553396730067059 -1.505654811079888 0.84292776171693673
0.38681654330259369 -1.5383661987643229 0.85046849034586058
0.43857676360357489 -1.5686249852617351 0.85491011446415566
0.4909450914866359 -1.5969668043012679 0.85631393616138962
0.54391980903813109 -1.62347188552341 0.85480362217868877
0.59923858328520607 -1.6483290628324021 0.85046965095336735
0.65385892774355425 -1.6704313817956651 0.84340246036192112
0.71048859238320994 -1.690787864371921 0.83336602356555634
0.766371549620532 -1.708370400792969 0.82084865134203033
0.82219976332524358 -1.723546053508378 0.8056872555414889
0.8781968598166745 -1.7360093532048 0.7880493110961504
0.93444660256749412 -1.745933078411593 0.76778726946780596
0.99003804475632295 -1.7532666375288899 0.74507551865158528
1.044613009042066 -1.7576963725878541 0.72045430739747751
1.0987288995617639 -1.759340219587296 0.69340192167410386
1.151807255241619 -1.7579634832699911 0.66448700044127573
1.20309728436423 -1.7537271558382841 0.63397367391165782
1.253865786551233 -1.7464854506681911 0.6010372109999601
1.302775748124591 -1.736228969757537 0.56694194283899479
1.3495593502844609 -1.7231969059034371 0.53156582880080505
1.394591052760404 -1.707228782734995 0.49467642974104348
1.438492172902234 -1.6879651285782911 0.45598498096808399
1.478965114557288 -1.6665636786970881 0.41734123147066338
1.51681765956554 -1.642652535177298 0.37797978309880859
1.5538303612020259 -1.6149151810556559 0.33640977560375501
1.5871025995124279 -1.5855473267138771 0.29562918348784178
1.617586655447552 -1.5538651788515141 0.25407479069912331
1.64593216042316 -1.518978769546532 0.21147021565242891
1.670601765788545 -1.4828643235495309 0.17032046425929101
1.692202032621082 -1.444768209248378 0.12907359779149949
1.71082623489837 -1.404573028556765 0.087992478495115795
1.7269156878746721 -1.360726878414332 0.045774234773009501
1.7390140724689189 -1.3177023857598009 0.0067507977047029438
1.7481789671264261 -1.2725492517290891 -0.031759687456244148
1.7542434499238559 -1.2244533835540341 -0.070472451057570065
1.7568410042397791 -1.1753957267965021 -0.1076400884794249
1.7563119134183309 -1.1257712295628579 -0.14267521310671941
1.752710241442976 -1.07551508595645 -0.17567718063853721
1.7458886156058571 -1.023807280380961 -0.20713820608477751
1.7359594622750441 -0.97121690133160032 -0.23659443574409469
1.722902076549661 -0.91761289683725733 -0.26394666757992757
1.707275473570826 -0.8645330495099538 -0.28835639963714399
1.6890876954251419 -0.81142866002335312 -0.30997297851041727
1.6678233459031311 -0.75694823044089932 -0.32917810620103138
1.6440093755758891 -0.70246569333688091 -0.3452763771602031
1.618036503265081 -0.64834345800685245 -0.35802753576606722
1.590462103881908 -0.59518743566157917 -0.36715991623148531
1.560676646788917 -0.54167994304045042 -0.37272966038804428
1.5294195836904589 -0.48887503245420011 -0.37437690124888118
1.496580214941363 -0.43594463604132161 -0.37190609604069691
1.4632494587969009 -0.38425321982861821 -0.36504274256563762
1.4288592264348909 -0.33211639507828228 -0.35301143110709748
1.397546151377002 -0.28465027892230987 -0.33717561473861379
1.365560517986548 -0.23459073250811349 -0.31471625117420898
1.3389646446742329 -0.18892991051347141 -0.2886378913350291
1.315564717131559 -0.14129735704552471 -0.25802172510792137
1.2951292222683819 -0.089136847820596499 -0.22415439345032251
1.2797558141103169 -0.037438262398946882 -0.19212339726151981
1.2696786391327961 0.01201121996737382 -0.16485048698041441
1.2612875263646779 0.068261023501703016 -0.13889923440615259
1.253913267972538 0.1233783226717384 -0.1182958122909082
1.246137172836518 0.17472026468540261 -0.103270892214474
1.2342468015158461 0.22967228874042489 -0.09145018615600467
1.2180926799014089 0.28706717447018948 -0.082296395734487465
1.1989797051049389 0.34177322599598708 -0.075865952989639801
1.1746658770200691 0.39938535324376673 -0.070803963268348841
1.1495009012940189 0.45122102497817912 -0.067774900099233773
1.1213946377367829 0.50098496422558647 -0.065682270518267444
1.08892771373657 0.55065854012363591 -0.063989767876221751
1.0537134125425469 0.59763273264859562 -0.06250318889873549
1.0155554693821389 0.64221421564390246 -0.060871680350163077
0.9748199720266858 0.68421263395550957 -0.058861842314708812
0.93060323896476294 0.72448075710579452 -0.056063307796808369
0.88500147174962374 0.76105517417316593 -0.052424352351548513
0.83770538836959085 0.79455951607576836 -0.047597282465662701
0.7883383145961893 0.82541376779609188 -0.041324223954086137
0.7370109172468966 0.8536594210130718 -0.033287502637351807
0.68184765608051967 0.88007378456741647 -0.02272695055689454
0.63068624727108313 0.90117390746673043 -0.01110970681827402
0.57524431322922231 0.92049539609917008 0.0037752412345160372
0.5216417771479317 0.93567899756220074 0.020870739606558081
0.4687447207862307 0.94727652670624785 0.040789623873702698
0.41780614296103641 0.95531565262628948 0.063625530251159287
0.36078690772533623 0.96135677420421062 0.094486507495185695
0.30564555125631349 0.96657150330049069 0.130188877003895
0.27210930521055421 0.9695626393744422 0.15618394158990959
0.22630668081000019 0.9741667863738187 0.19839116441804741
0.18101325638312241 0.98181263187558332 0.24534697231702099
0.14086873021145591 0.99209324536320553 0.29153057198862731
0.10364499357703499 1.0057828234212871 0.33842153479848031
0.06893894700883943 1.023515425730706 0.38487314216911461
0.035766601730458529 1.045894620762569 0.42947164952029793
0.00066421674478768186 1.074869620131736 0.47405253501849542
-0.03171448820469059 1.104869337953428 0.51097860894021085
-0.068315100306189092 1.140917876692108 0.54739734440098486
-0.1047751410207946 1.177922011312198 0.57841140157213378
-0.14407962208134309 1.217917492445437 0.60646761219785861
-0.18349442454352621 1.2577592719704911 0.62962039103179479
-0.2239309409118492 1.2980352986967201 0.64866459359133766
-0.26657560400617653 1.339424896493667 0.66409908231568626
-0.31032300203783397 1.380409695789415 0.67562354285152948
-0.3539320418064128 1.4198083903017891 0.68316031023544233
-0.39916364378938668 1.4590909160570631 0.68719436571855697
-0.44658747334790089 1.4982832736664979 0.68759663151350425
-0.49397805158633662 1.535399626446073 0.68445126788648503
-0.54134829532897821 1.570633739856053 0.6780005910568202
-0.58995968902138529 1.604637452829865 0.66816376210801975
-0.63902531291664433 1.6366855325084499 0.65517738296314587
-0.68841948702308886 1.666648286313422 0.63911538644387655
-0.73886235268899159 1.694832563227554 0.61977413519067293
-0.78940161494384786 1.7205772405377029 0.5975952273552454
-0.8391558883518685 1.743318138772386 0.57316600166736742
-0.88791943357022218 1.7631110481407479 0.54670685308526146
-0.93704550255979469 1.780582383435023 0.51735822294548472
-0.98656939885605166 1.795337981323917 0.48532961980179079
-1.034941934831453 1.806898768283679 0.45162451196274578
-1.082076721549887 1.8156255082372661 0.41614472851953682
-1.1285953424762281 1.8212402920049009 0.37889970980902132
-1.1736785385555411 1.823798004923582 0.34035541975682992
-1.218061207975393 1.823244232415872 0.29999121272790602
-1.261012295120622 1.819468655455021 0.25873883335232561
-1.303260433643654 1.8125296681820511 0.21546388373092479
-1.3428207012801381 1.8027217769009689 0.1727205394932208
-1.381383381501073 1.789626923421304 0.1283518505588811
-1.4183542313794959 1.7732365076055689 0.083438986810930579
-1.4529612013624611 1.75409499219277 0.038544947414804423
-1.4851245357912941 1.7323792351090781 -0.0060390491497967439
-1.5159013189538391 1.7072175685323561 -0.051237886569961123
-1.5440357769118651 1.6795462376428401 -0.095663682524698396
-1.5704889209400921 1.6484333405675311 -0.1410688357619227
-1.593911846141439 1.615596394418499 -0.1846283910924427
-1.614838751351831 1.5803987534291699 -0.22708195428020761
-1.6340466065845569 1.541175200961852 -0.27069557031847258
-1.649952898065161 1.5013410967178671 -0.31153048991849142
-1.6634661205800381 1.4586819855859869 -0.35162368016719908
-1.6741600482299981 1.4140034358755309 -0.39060462731805418
-1.6819782005946931 1.3679977599668389 -0.42774170528693772
-1.687528279659479 1.319373871589995 -0.46341941203107212
-1.6901786481681089 1.2696639772202349 -0.49711391175245317
-1.6900690724489791 1.218586502486785 -0.52882215328797821
-1.6872329529778149 1.166623559476105 -0.55825746656631714
-1.681667395379735 1.1121644254997769 -0.58613579425601348
-1.673809467689598 1.0586180801351299 -0.61063603485010021
-1.663169699020131 1.0035120868554499 -0.63315881270339014
-1.649860028927945 0.94794121063678438 -0.65308965191877555
-1.6344166530513911 0.89313129739424169 -0.66998678729377703
-1.6158473790451719 0.83550221283891613 -0.68479084847489835
-1.5956147902800579 0.78031461658172929 -0.6962564315869979
-1.5734314725788949 0.72534024610037162 -0.70462472169708423
-1.548612125340497 0.66994629955524765 -0.71024919994742142
-1.521692009244525 0.6149810490530685 -0.71271666394617605
-1.4932870882247911 0.56149444146480432 -0.71196607578419913
-1.462960816300676 0.50832769477352391 -0.7079438960493083
-1.431935723091847 0.45744066480049811 -0.70077721485222266
-1.399107753784836 0.4072253452839899 -0.69030507459324419
-1.3650190370568731 0.35829223211633082 -0.67642297847416599
-1.329925475914236 0.3110550994872372 -0.65926885743799646
-1.2943510195450461 0.26598453096925462 -0.63898179755233997
-1.258451716902363 0.22303173610818941 -0.61559093089170747
-1.222000078882334 0.1817524691000526 -0.58872847970399178
-1.184913257973593 0.14205699616160761 -0.55802935194250469
-1.1485453842787421 0.1050933261282448 -0.52429022774254175
-1.1131036613299781 0.070653688205027876 -0.48744826653500478
-1.0790045377083779 0.038832026359209341 -0.44761233592763461
-1.0459769669153509 0.0091184576182315527 -0.40398766578825202
-1.014773800626356 -0.018125049240584789 -0.35704065433331528
-0.98607618576943445 -0.04281861912971039 -0.30707081762389682
-0.96079107617280268 -0.064609394008329282 -0.25515210268225541
-0.93825365578056963 -0.084631595734449089 -0.19876318445546551
-0.92063687157966367 -0.1015323755563437 -0.14270752960828381
-0.90641478904503814 -0.1176850350243237 -0.079525530680375184
-0.89822897359133225 -0.1310643655911731 -0.01905178301336553
-0.89547005943660263 -0.142207245482776 0.037926091906485881
-0.89753992504393254 -0.1554821102200262 0.1067191517489029
-0.90105672348659094 -0.17009435094935571 0.1699886711401444
-0.90708032758306212 -0.18522833761536439 0.22532674768083791
-0.91685013720434005 -0.2013370710064521 0.28104813179939719
-0.93078825369852314 -0.21894945243392169 0.33696757743870392
-0.95021193267423143 -0.23963152806969981 0.39598660277160957
-0.97209630044437811 -0.26032849764543281 0.44954839433612231
-0.99719707165020877 -0.28284710411789038 0.50092103084457895
-1.025709378413669 -0.3070971474528143 0.55054662315165337
-1.056878192215601 -0.33283066630358532 0.59729243311235769
-1.091250178851477 -0.3609703618709178 0.64213624350496568
-1.127282601727321 -0.39082018308405742 0.68351999337124714
-1.1648504947303451 -0.42183723575886428 0.72133209469172488
-1.2042429179094361 -0.45510081066137048 0.75633637871559534
-1.244301733931888 -0.48938715728785448 0.78740169430136575
-1.285473146224454 -0.52532851793545998 0.81513912895975471
-1.327102181136534 -0.5626092303370025 0.83928324886017269
-1.370412419701188 -0.60205921436755983 0.86031517411169867
-1.4139253680594721 -0.64328170904715642 0.87790789544807668
-1.4569354578473339 -0.68503674348205146 0.89150731199754196
-1.4995670531184679 -0.72778107973170991 0.90148826483148725
-1.542068993828142 -0.77188124367505639 0.90789036396697165
-1.5839588133814979 -0.8167036845323542 0.91054164789814818
-1.625081388014491 -0.86234391141754607 0.9095658071345567
-1.6650475431080629 -0.90876704146206133 0.90505689429154612
-1.7039117144700739 -0.95557210634908296 0.89692697234412799
-1.741392565088528 -1.002434128610135 0.88531238999492579
-1.777500187975338 -1.04968489444798 0.87021039449204385
-1.811955362203673 -1.096983635246576 0.85171966406569888
-1.8443976730390661 -1.1440190029636359 0.83004967659980844
-1.875038608990242 -1.1907079395184721 0.80507991538504398
-1.903452791248422 -1.2371538188712781 0.77709329844921138
-1.929331814264921 -1.2823471191551621 0.7465286129301516
-1.953558353269949 -1.3276442678760889 0.71237584327428727
-1.9749475237427361 -1.371452622828895 0.67614268353681528
-1.993932563722904 -1.4138975571442629 0.63739315804883434
-2.010468208669987 -1.455306491167127 0.59606784505624977
-2.0241967280326518 -1.4956400656797419 0.55258272063668357
-2.0351856501035108 -1.534276380151151 0.50721837767890965
-2.043422864971193 -1.5711601915803191 0.46007307058453167
-2.0488274000683648 -1.605995576036062 0.41170107154173569
-2.0514948186292559 -1.640091249355941 0.36051605242198198
-2.0512427742446349 -1.671538407390456 0.30925096902310939
-2.048176005080347 -1.700971792134097 0.2567718264629425
-2.0421896490432361 -1.7283972075787799 0.2033562264484686
