-4.31539212694407 -20.4830746946792 -7.95583058916416
-3.51143898409362 -21.179646736 -8.29513170541169
-2.65126367333231 -21.8393092912398 -8.56167686322841
-1.74218767657934 -22.4568360315538 -8.75594462495972
-0.791489321954318 -23.0276170769209 -8.87944961035753
0.193844226911214 -23.5475337193973 -8.9345232320555
1.20723357660878 -24.0128364581909 -8.92410738865284
2.24251316364528 -24.4200812659014 -8.8516117115612
3.29388043775718 -24.766147058124 -8.72084888084666
4.35584649492156 -25.0483156357815 -8.53602501872288
5.42322379617327 -25.264364046694 -8.30174060517233
6.49115046080829 -25.4126147549096 -8.02296012739396
7.55512162961899 -25.4919146331682 -7.70493133058602
8.61099269328328 -25.5015564145746 -7.35306315190742
9.65493851476543 -25.44119176133 -6.97278956542009
10.6833832114507 -25.3107919472746 -6.56944674509514
11.6929359729825 -25.11068462101 -6.14817667924809
12.6803656002436 -24.8416481070326 -5.71385303805438
13.6426212126351 -24.5050060589929 -5.271016090024
14.5768753165444 -24.1026595080316 -4.82380692736836
15.4805499503679 -23.6370257996318 -4.37590198473918
16.351299298343 -23.1109058641327 -3.93045682545728
17.1869557479859 -22.5273407508459 -3.49006672312496
17.9854773404736 -21.8895205943386 -3.05674247655682
18.7449394122716 -21.2007728193116 -2.6318916343908
19.4635857692825 -20.4646045944601 -2.2162960892537
20.1399116467852 -19.684740362382 -1.81008826173446
20.7727213688497 -18.8651002654162 -1.4127427921671
21.3611105606786 -18.0097050717986 -1.02310765891737
21.9043648863833 -17.1225405921642 -0.639490768466702
22.4018182263548 -16.2074389611557 -0.259798180273941
22.8527385558965 -15.2680223690531 0.118300032602453
23.2562917115718 -14.3077178287214 0.497208194807864
23.6115836164194 -13.3298144450156 0.879270584284897
23.9177336133822 -12.3375193731176 1.26666712304838
24.173916916041 -11.3339809081906 1.66132421008265
24.3793415624005 -10.3222746348841 2.06482085589186
24.533175104383 -9.30537125025385 2.47828106393705
24.6344744697359 -8.28610937871775 2.90226184615636
24.6821736695777 -7.26718469708369 3.33665927827237
24.6751483646164 -6.25114995269257 3.78065339368868
24.6123280123757 -5.24041189220472 4.2326972862882
24.4927970279442 -4.23721631526238 4.69053655785837
24.3158347623029 -3.24362689824773 5.15123484027234
24.0808847530013 -2.26151596837186 5.61118681050322
23.7874914400251 -1.29258622085859 6.06611904315102
23.4352684202486 -0.338429796873778 6.51109966728679
23.023950987372 0.599387554467937 6.94058691959695
22.553543631046 1.51924311280012 7.34853758795891
22.0245239822799 2.41940042448739 7.72857269993628
21.4380354630155 3.29799002269497 8.07417165140782
20.7960070191591 4.15301651129602 8.37885140222942
20.1011751547041 4.98236502841354 8.63629314699207
19.3570298544788 5.78378105580574 8.84040308989409
18.5677375088051 6.55481605727832 8.98532434664969
17.7380972970938 7.29275771192622 9.06543792117814
16.873565924287 7.99458407644463 9.07539273519933
15.980353555875 8.65698725478017 9.01019003110471
15.0655659021523 9.2765041508011 8.8653274706229
14.1373500603465 9.84977584534051 8.63699513952769
13.2049919586009 10.3739394867961 8.3223142116952
12.2789048078573 10.8471390015896 7.9196134349487
11.3704402520286 11.2691197947225 7.4287368451765
10.4914569134227 11.6418436308639 6.85135959982541
9.65361089176085 11.9700254243255 6.1912615276966
8.86739812653351 12.2614671260375 5.45448786064771
8.14106606869721 12.5270655803845 4.64933525405359
7.47958470736155 12.7804151768345 3.78614617717245
6.88388271104066 13.0370060488726 2.87695771418979
6.35049740376968 13.3131058428319 1.93509526328769
5.87168474898879 13.6244727065188 0.974799053070909
5.43594082493999 13.9850610501907 0.01092433631841
5.02883909073138 14.4058591029031 -0.941304410753435
4.63408714563433 14.8939637510829 -1.86654449556096
4.23472013610412 15.4519733572146 -2.74965303590853
3.81434383170291 16.0777630449473 -3.57610402014594
3.3583144853606 16.7646821475145 -4.33248917654277
2.85471933022834 17.5021636728491 -5.0070408518115
2.29503172579388 18.2766639243219 -5.59008730409832
1.67436968220147 19.072782809715 -6.07435439368409
0.991368561234358 19.8743836896156 -6.45506239220728
0.247755381238063 20.6655514439368 -6.72981817216527
-0.55224440130231 21.4312890933344 -6.89835047716877
-1.40253597797704 22.1579300038297 -6.96216281302387
-2.29572124919619 22.8333065805379 -6.92417944854403
-3.22355022304747 23.4467510913876 -6.78844067472907
-4.17724936449373 23.9890085758553 -6.55987513150629
-5.14774666951157 24.4521252319321 -6.24415067419283
-6.12582425264658 24.8293513036843 -5.84758777951956
-7.10222762691815 25.1150757767393 -5.37711258044613
-8.06775361446032 25.3047960467594 -4.84022790188424
-9.01333166085123 25.3951187577139 -4.24498589864105
-9.93010860535152 25.3837848443871 -3.59995125448063
-10.8095438525717 25.2697091063031 -2.9141475649955
-11.6435182101071 25.0530212127541 -2.19698190721877
-12.4244541271932 24.7350922551899 -1.45814527875632
-13.1454386026119 24.3185313195121 -0.707490723655377
-13.8003352561981 23.8071415437536 0.0451037993576373
-14.3838715492184 23.2058338721894 0.789876145794982
-14.8916916193351 22.520506238036 1.51731068108739
-15.3203729990512 21.7579028161687 2.218247003785
-15.667413559335 20.9254703043638 2.88395967533849
-15.931200647747 20.0312260322817 3.50620862694264
-16.1109763803992 19.0836475489077 4.07726669167925
-16.2068116876375 18.0915867660388 4.58993607664288
-16.2195978653553 17.0642047100884 5.03756813452948
-16.1510587016014 16.0109162961712 5.41409909525146
-16.003779267729 14.941329949957 5.71410761877657
-15.7812403913002 13.8651670169059 5.93288915994833
-15.4878430379746 12.7921528606308 6.06653128149528
-15.1289070440015 11.7318843395419 6.1119699270472
-14.7106347567133 10.6936909257476 6.06701564055945
-14.2400390934493 9.68650931089271 5.93036201149273
-13.7248403120299 8.71877551559206 5.70161828642726
-13.1733288542896 7.79830416079064 5.38142706984982
-12.5941708241136 6.93208467910076 4.97171638011035
-11.9961067928985 6.12590401983072 4.47608188194523
-11.3874845456801 5.38373308928393 3.9002110351989
-10.7755972096408 4.7069036588229 3.25218670851032
-10.1658810255563 4.0932331992947 2.54250162651106
-9.56113843533138 3.53636589563563 1.78371448390578
-8.96103267937771 3.02561481042415 0.98985368755156
-8.36208759742815 2.54648175733946 0.17581904652083
-7.7583058467218 2.08184577748341 -0.642972046721357
-7.14233871308388 1.61364013366771 -1.45062491944994
-6.50697483602997 1.1247381861391 -2.230668574874
-5.84661689752594 0.600731667791626 -2.96612958508792
-5.15841210293172 0.0312896000383112 -3.64001816255527
-4.44280536887019 -0.589149597223937 -4.23622253194791
-3.70347094930352 -1.2614497957647 -4.74055791765245
-2.94677414026141 -1.98250547210896 -5.14162477901188
-2.1810270387358 -2.74635475931787 -5.43124028026122
-1.41578724860545 -3.54535974609742 -5.60442109331111
-0.661339022316054 -4.37121318635273 -5.65907296471876
0.0716324952509777 -5.21566618391768 -5.59560082730768
0.772249745872437 -6.07099142313435 -5.41660034053332
1.42963278685301 -6.93025999842322 -5.12668756022254
2.03314196586813 -7.78751535686876 -4.73242896299026
2.57269265181645 -8.63789682448923 -4.24228379087081
3.03911132495732 -9.47772372610189 -3.66647042212491
3.424471266895 -10.3045192182359 -3.0167046785984
3.72234156902084 -11.1169409580942 -2.3058087199044
3.92790304058396 -11.9145946567681 -1.54723328814426
4.03791925568034 -12.6977304741558 -0.754559751148114
4.05058740465218 -13.4668514574208 0.0589517992672258
3.96531985023358 -14.2222876971618 0.880720509422587
3.78251603243991 -14.9638016293203 1.69908699739334
3.50337504183693 -15.6902851536013 2.503441899704
3.12977790406734 -16.3995896761254 3.28425867693017
2.66424509969468 -17.088502731588 4.03305636148079
2.10995699804097 -17.7528587035684 4.74232068005713
1.4708149977867 -18.3877534150796 5.40541265329799
0.751516832495321 -18.9878250509203 6.01649247838483
-0.0423822387635058 -19.5475644652655 6.57048109796534
-0.904450226542092 -20.061622062293 7.06307065654021
-1.82742460626418 -20.5250827056408 7.49077910646173
-2.80333676256153 -20.9336835002328 7.85102770143627
-3.82371086228917 -21.2839531931181 8.1422087578434
-4.87981379520755 -21.5732590835599 8.36370988003102
-5.96291652707991 -21.799759911721 8.51587178184121
-7.06452110677973 -21.9622808240669 8.59987730305123
-8.17651611083578 -22.0601450808092 8.6175922918927
-9.29124545380889 -22.0930096771827 8.57139573154008
-10.4015039715887 -22.060751532639 8.46403950956413
-11.5004968655293 -21.9634342254773 8.29856536861634
-12.5818084986221 -21.8013558752929 8.07828232655752
-13.6394141547205 -21.5751468719832 7.80678217196978
-14.6677400489193 -21.2858652993444 7.4879550433902
-15.6617449394163 -20.9350389615848 7.12596924538116
-16.6169781889014 -20.524627566015 6.72519865106441
-17.5295762049157 -20.0569165836646 6.29010772506936
-18.3961904372706 -19.5343873265316 5.82512468060682
-19.2138791521761 -18.9596188769189 5.33453734000512
-19.9800191718117 -18.3352603348867 4.82243276834326
-20.6922867057162 -17.6640745175343 4.29267891853478
-21.3487191069568 -16.9490157557845 3.74892722285004
-21.947820264937 -16.1932854690551 3.19460984408781
-22.4886389347861 -15.4003209450355 2.63291644619302
-22.9707537438574 -14.5737094266381 2.06675512780682
-23.3941434618092 -13.7170604746738 1.49871740171446
-23.7589844703126 -12.8338911225145 0.931068035243402
-24.0654632539791 -11.9275688108811 0.365767561866524
-24.3136912419459 -11.0013229958121 -0.195481961687857
-24.5037588734197 -10.0582976292201 -0.751186931326008
-24.6358906312938 -9.10159552154898 -1.3000222903636
-24.7106041073499 -8.13427433278023 -1.84080023670729
-24.7287684012208 -7.15928754929414 -2.37242984581274
-24.6915077511034 -6.17940125514667 -2.89384632017977
-24.5999793447224 -5.19713493203331 -3.4039030882667
-24.4551242129113 -4.21476187313729 -3.90124493472682
-24.2575083122644 -3.23437182714485 -4.38419897730202
-24.0073278515241 -2.257965851099 -4.85071854599061
-23.70457262636 -1.28753889442856 -5.2983914309623
-23.3492669261594 -0.325116340394475 -5.72449067965832
-22.9416784305019 0.627259173037619 -6.12602195840863
-22.4824150406553 1.56756135851881 -6.49972210039265
-21.972398851721 2.49378883650179 -6.84199226806861
-21.4127755607859 3.40391438062719 -7.14879320045416
-20.804849429918 4.29577297151307 -7.41556509323546
-20.1501147442358 5.16692171570848 -7.63723889981746
-19.4503995368187 6.01452352991377 -7.8083731737181
-18.708079644897 6.83530057897399 -7.92339519227303
-17.9262939721516 7.62557728770063 -7.97687500697085
-17.1091091877284 8.38140193654208 -7.96374468923272
-16.2616296668104 9.09872028370023 -7.87940645524635
-15.3900907207495 9.77358673537061 -7.71974239559157
-14.5019748757091 10.4024324650086 -7.48111246167648
-13.6061401621576 10.9824412137968 -7.1604655486679
-12.712867403305 11.5120822682486 -6.75566305139362
-11.8336678514071 11.9917987989957 -6.26602599118013
-10.9806960120979 12.4247569947798 -5.69300014036105
-10.165713218654 12.8174650165121 -5.04074654464798
-9.39872031819807 13.18002527102 -4.31646175122511
-8.68654097355629 13.5258307558692 -3.53032595672926
-8.03169512114341 13.8706523125838 -2.69511927198109
-7.43181669102379 14.2312308985848 -1.82565099654524
-6.87969610523471 14.6236105256909 -0.938155861302744
-6.36387256011579 15.0614799400268 -0.0497384214484819
-5.86963391188429 15.5547484839125 0.822141680456607
-5.38029130116508 16.1085118090089 1.66019730184849
-4.87861894657006 16.7225052486622 2.44789934592284
-4.34833847720645 17.3911017955907 3.17012080132911
-3.77548576041156 18.1038643463169 3.81378401750593
-3.14947242258886 18.8465852132392 4.36841160838158
-2.46368899174719 19.6026484852854 4.82647099319229
-1.71559543855746 20.3544759479783 5.18343919288969
-0.906366281255031 21.0848101588658 5.43758704189835
-0.0402466123241799 21.7776583477971 5.58955712044993
0.876198929332604 22.4188348895967 5.6418531041877
1.83479514714055 22.9961477945318 5.59835571131114
2.82633706159767 23.4993395328038 5.46394233055979
3.84101830434891 23.91990610056 5.24423700107714
4.86872535717842 24.2508944525698 4.945475849506
5.89923484969185 24.48673913017 4.5744507989222
6.92235264668548 24.6231618854701 4.13849075580068
7.92802612212113 24.6571320717686 3.64544761478396
8.90645130652091 24.586871299292 3.10366643243385
9.8481873664024 24.4118800742238 2.52192976597287
10.7442824382501 24.1329633354312 1.90937374887798
11.5864069620035 23.7522341892923 1.27537871794017
12.3669840151459 23.2730805236413 0.62944139925406
13.0793024426794 22.7000875565417 -0.0189608098770122
13.7175994818833 22.0389195814592 -0.66050086398046
14.2771053581794 21.2961736078737 -1.28611642316707
14.7540511823023 20.4792232313192 -1.88709938174888
15.1456501393105 19.5960709960553 -2.45515858148683
15.4500671932564 18.6552220088944 -2.98246029373245
15.6663926383109 17.6655829145205 -3.46165591630249
15.7946302505544 16.6363816743891 -3.88590808045234
15.8357035916892 15.5770974687272 -4.24892470275497
15.7914766735706 14.4973877124248 -4.54500606060681
15.6647795813191 13.4070007073951 -4.76910388115815
15.4594266594162 12.3156673205678 -4.9168853088464
15.1802146415557 11.2329724367962 -4.98479065899039
14.8328903827271 10.1682151751443 -4.97007484330948
14.4240817960375 9.13027281386047 -4.87083066520949
13.9611892731819 8.12748238120535 -4.68600780929002
13.4522351319986 7.16754166146112 -4.41545955086427
12.9056624333105 6.25740767636461 -4.06005980135955
12.3300618330437 5.40314297312551 -3.62192330428666
11.7337923974763 4.60964437607082 -3.10472350742846
11.1244633110024 3.88020525130129 -2.51404230896064
10.5082743239316 3.21592295068114 -1.85763089059229
9.88927982896042 2.61505711753176 -1.14545270126882
9.2687269482156 2.07253138018877 -0.389447662096548
8.64467894091923 1.57979634746543 0.396916725127527
8.01212491677544 1.12520543506138 1.19913107849757
7.36367850061821 0.694919908150566 2.00198458171577
6.69080976803934 0.274217721355021 2.78970397301488
5.98539136202448 -0.151015824015456 3.54601628776373
5.2412266196669 -0.592876687313988 4.25436359726574
4.45521013075679 -1.0603599720061 4.89843422168167
3.62787426946865 -1.55879292464677 5.46297833298135
2.76327541192519 -2.0898487040754 5.93468408571284
1.8683861024849 -2.6520600794125 6.30283756765552
0.952281380183448 -3.24164034117179 6.55960223324772
0.0253894714650271 -3.85338965086293 6.69994111288092
-0.901046517210727 -4.48151732739194 6.72134617985852
-1.81529637120362 -5.12030043212766 6.62356846287808
-2.70536029426976 -5.76457683133923 6.4084737192001
-3.55920138346568 -6.41010967755308 6.08003994362611
-4.36507952160826 -7.05386008080907 5.64442213426336
-5.11200120555175 -7.69418181379712 5.10996902942364
-5.79022736854309 -8.33092555400789 4.48709080364074
-6.39173415685815 -8.96542478169794 3.7879306656583
-6.91051430512843 -9.60033731368481 3.02586119642836
-7.34263983354374 -10.2393341930535 2.21488157173677
-7.68606753443125 -10.8866547396371 1.36901613375434
-7.94023555290696 -11.5465743668776 0.501803939043375
-8.10554969657947 -12.2228520805337 -0.374066680912355
-8.18287655122128 -12.918231335649 -1.24696628102721
-8.17314436114751 -13.6340585701669 -2.10639421947998
-8.07711256822945 -14.3700602330963 -2.94294351068916
-7.8953252481254 -15.1242881488956 -3.74819540115344
-7.62822832900016 -15.8932142813514 -4.5145775173309
-7.27641038259551 -16.6719382961873 -5.23522239048258
-6.84091630135684 -17.4544684353934 -5.90386751329756
-6.32357469367427 -18.2340441872375 -6.51483472638952
-5.7272723816722 -19.0034787449186 -7.06310801987097
-5.05611015613171 -19.7555015860038 -7.54449604792713
