-0.46101344604690991 -1.4157755283333431 0.54350927885672606
-0.55517288522098163 -1.3601998483176445 0.50992123113646703
-0.64340499270955043 -1.3028649555126366 0.46572771333268731
-0.72600048361596903 -1.2442168537910561 0.41289857933674123
-0.80518927864110412 -1.1847735017530665 0.35564673315985795
-0.88319492835739699 -1.1245122470927125 0.29762507389764448
-0.95886338203025057 -1.0579933062761964 0.24353697852562714
-1.031120386122732 -0.98329407886623432 0.19640138926252781
-1.09945684368122 -0.90090252580074592 0.15680084051031146
-1.1634587088525339 -0.81166709848297458 0.12512758738698257
-1.2220771395595 -0.71571888650758275 0.10413631909230173
-1.2747538241689205 -0.61500346972826136 0.092873292681765474
-1.3204305227508348 -0.51051529382635841 0.090972301208466028
-1.3577552234019477 -0.40319172069545656 0.099065436990687233
-1.381661402259087 -0.29386920629981766 0.12247332819694862
-1.4009127771428509 -0.18977338049734882 0.16578910777008168
-1.425802547141255 -0.093116732706974931 0.22080525017953948
-1.459099174599787 -0.0049230485781240202 0.28462492503444364
-1.5036331166018773 0.073866004277014355 0.35424041833411218
-1.5648984769333529 0.14238590225557646 0.42231678977753823
-1.6391250332215459 0.20572437074092242 0.48127959346517418
-1.7235465712807385 0.26574612420317345 0.52855484901481331
-1.8154292082126224 0.3235995086438796 0.56373211351927666
-1.9129098057830289 0.37951572909594877 0.58503287717022223
-2.0129178033589064 0.43450291460000079 0.59020659466535186
-2.1126967386408211 0.48924616505471619 0.58292564119977175
-2.2110243399781888 0.54365035083635749 0.56316961801302157
-2.3067541894619228 0.59749131418479562 0.53132003366445313
-2.3958899898376371 0.65091833303624336 0.48353744381763525
-2.4784230706771977 0.70418698218837839 0.4254424923764446
-2.5537337902333306 0.7565263805512441 0.35761966034695281
-2.6210458577059512 0.80746931276761003 0.28067547514398627
-2.6776568913863472 0.85695494500740832 0.19448280601310319
-2.7228550483091309 0.90368709931489244 0.10056659482062269
-2.7575594107554862 0.9478205545934042 0.0012638019859495739
-2.7814433875038538 0.98948081612835792 -0.10227461397016123
-2.7937641612322706 1.028846937058556 -0.20895788445847943
-2.7902716962177001 1.0632870560334926 -0.31795565731080289
-2.7751283313803743 1.0951333503986509 -0.42649186234224595
-2.7486055360416453 1.1235698410462049 -0.53373524431578734
-2.7109072282873004 1.1478376362662523 -0.63881256656700047
-2.6601417182176679 1.1663678667955351 -0.73962083353128749
-2.5977180261613535 1.1795842808422854 -0.83434428432471008
-2.5261393813031225 1.1881454583390647 -0.92274767483306341
-2.446028193888095 1.1921292189065089 -1.003963165210894
-2.358244451040644 1.1918388065261201 -1.0772894449254917
-2.2615797465671661 1.1860326414869755 -1.1381146340415995
-2.1597254895681308 1.1760917720900221 -1.1886178629463506
-2.0539770437789477 1.1614336412841848 -1.2288277212303462
-1.9453911135002599 1.141876942574056 -1.2584077168605634
-1.8347052580654293 1.1179781653376786 -1.274541625181459
-1.7237390860193584 1.0909033819701457 -1.2763613415750363
-1.6141253605025301 1.0607754482841321 -1.2666602721264022
-1.5068286786691127 1.0282283162721804 -1.2454616559006102
-1.4027530259543139 0.99424851373763645 -1.2125049446075322
-1.3045736381040804 0.96024169291825001 -1.1646807134735879
-1.2128171246524482 0.92633248198918205 -1.1058255554011738
-1.1278028844189718 0.89356025255036808 -1.0371910282014041
-1.0503709632619267 0.86288994853425227 -0.95911207166918167
-0.98235111632228689 0.83575689734719671 -0.87124904702269035
-0.9262680072152234 0.81473473025803411 -0.77388350654368265
-0.88065639200518997 0.79907091548519582 -0.67054769400677716
-0.84531816418729244 0.79051820904799297 -0.56245458009379978
-0.81936183477201574 0.79004501337296928 -0.45122027361747385
-0.8074620459762154 0.80088591073307969 -0.33797857142484344
-0.80333004621660886 0.81583443537034794 -0.22478193828181778
-0.80639107788816711 0.84349889796242561 -0.11438691224880651
-0.81359814052345603 0.88606641923362872 -0.008961832971186294
-0.82250815476745953 0.94293898925978059 0.089876092792325141
-0.82767566655299207 1.0174933070119785 0.17641057889033096
-0.82769369074802257 1.1013970216538884 0.25357400989729417
-0.82088331984537199 1.1932873109957547 0.32065295762039719
-0.80679286983766385 1.2908661678109732 0.37838150630980155
-0.7828407395917738 1.392745690181953 0.42452987055585106
-0.7481392531873492 1.495467888721552 0.46030502291567316
-0.70412743557652124 1.5972511233184814 0.48691289224493289
-0.65183453291030613 1.6970737473552897 0.50509195112183913
-0.59121283685424442 1.7936249435818477 0.51434881986611214
-0.51909974335265097 1.8823711045724105 0.51302205336903584
-0.43962567443825096 1.9638449599925607 0.50518350702081039
-0.35341708154244555 2.0370229959813244 0.49028956683556685
-0.26159024625587524 2.1014569539999317 0.46868425358281912
-0.16384143325040706 2.1537990913035703 0.44060786914767175
-0.061915991749957447 2.1930376717406452 0.40724602697080375
0.042275859874679494 2.2205866910736907 0.36984693342509178
0.14755665851487929 2.2372686291554338 0.32899005816987342
0.25288616671667596 2.2426090492401518 0.28476399094976723
0.35668828283886284 2.2313298060086884 0.23806589136185433
0.45845814535813156 2.2083894191888231 0.19173174983736263
0.556885504236595 2.173622753799326 0.14580262909409886
0.65092511435081968 2.1266825565281504 0.10118895632592306
0.74013232906796533 2.0677790859236569 0.060503981979172221
0.82191825193892121 1.9958551137013516 0.026025270541537172
0.89662803457552842 1.914125242869289 -0.0012314948955345073
0.96471304392803092 1.8247473824013702 -0.020594830975074994
1.0254846184707691 1.7284463235881433 -0.02978502783455592
1.0766242476554995 1.6266846820131533 -0.019196365253612603
1.1267470538511137 1.5285598842442378 0.010337940980129405
1.1827666211600762 1.4377759080377501 0.049881730420983462
1.2492865408802092 1.3568517920095235 0.094925677929297125
1.329112007079104 1.2845050554510149 0.13335298332408091
1.4141232777437862 1.2102632033783569 0.15086885984143333
1.4962427766323905 1.1312829334721095 0.15485934476543445
1.5731919044823564 1.0473379894107313 0.14868942911907204
1.6411420715288805 0.95691278765829679 0.13288299439965509
1.6961500455240257 0.85922547263743221 0.11020868238351408
1.7372062534558248 0.75578674695778014 0.084618587267519557
1.7651746902240357 0.64838790470313246 0.058456144904025432
1.7802511200283524 0.53813039049685973 0.033384428963262248
1.7825735694780542 0.42604986394642164 0.011144091494633711
1.7706300889545572 0.31335219680646542 -0.0043285371972854106
1.7474146660470895 0.20183597677590742 -0.011625875326712967
1.7141127289765121 0.092870653782988727 -0.0094890100367064911
1.671869279798162 -0.012162287190540272 0.0034511630730667819
1.6207095788449639 -0.11025910404552502 0.032177029657773505
1.5729338525021888 -0.20272444323648958 0.07961598163989092
1.5404885130107369 -0.29632273249558855 0.13573764061051199
1.5198906769531404 -0.39434648607613737 0.18966447549088333
1.5107176819043435 -0.50034328529344396 0.23102463910854595
1.5067544501880155 -0.61129355070164437 0.25854089874996616
1.5109962494776426 -0.72396776610518021 0.27681540863881693
1.5217834772114567 -0.83723148986083773 0.2853721669846157
1.5386750375053211 -0.95012898156967096 0.28415349740556917
1.561779880231529 -1.061618015391752 0.27324838752041408
1.5886138480747873 -1.1715701147902977 0.25671698854510783
1.615492476155338 -1.2815271248249673 0.24029131075453561
1.6424169524375132 -1.3915025168276338 0.22406589115047124
1.6689656832380084 -1.5015830398817251 0.20796988480272191
1.6928831063418126 -1.6121910994520172 0.19133777205028418
1.7051848982883384 -1.7239330331261704 0.1710645412255786
1.7052388265967742 -1.8354830284952692 0.14727749014869176
1.6938553927858075 -1.9458463014074088 0.12048145148835973
1.6708449990908814 -2.0539232469753275 0.090939806930968897
1.6323754767133902 -2.1565790162243057 0.058360189622074683
1.5833578615273076 -2.2537918836935837 0.024146496296721422
1.5242807506367746 -2.3446889006580713 -0.011388231425930647
1.4556976969397817 -2.4284210438252476 -0.047935519840892893
1.3766497858685955 -2.5021927282236707 -0.085244761065324748
1.2887665615578576 -2.5647985042958412 -0.12272822989894988
1.1945248685035645 -2.6172050782972938 -0.15996281923160566
1.0948203394061495 -2.6589011378615219 -0.19664198882592193
0.99060191397381869 -2.6894512985174797 -0.23245738600238577
0.8823938264809057 -2.7041942221302016 -0.26646428455131299
0.77290158084550242 -2.7067593118735287 -0.29863725049294293
0.66326963170810482 -2.6974229462463355 -0.32875307793104269
0.55456463825275693 -2.6762389604022032 -0.35656710061406566
0.44823798394613062 -2.6422945869129633 -0.38157180490791626
0.3467955650306408 -2.5941599655102707 -0.40294040714624973
0.2505906727708832 -2.5356026686459954 -0.42126996604200817
0.16054772362797343 -2.467130281669399 -0.43623142550389071
0.077086717479290051 -2.3899380916643835 -0.44778870321083719
0.0034647229037764182 -2.3026951318707352 -0.45494978033711042
-0.05951732535976563 -2.2074561832810895 -0.45922124036607814
-0.11343385437964565 -2.1069237467509323 -0.46183682644510671
-0.15624447512298625 -2.0011149778365112 -0.46232787626785432
-0.18948845220298677 -1.89170082474026 -0.46065887604536665
-0.20804175954269138 -1.7789292939416068 -0.45605781393664258
-0.21409185743670178 -1.6651169356969759 -0.44924317651869539
-0.20828992414410608 -1.5515807359746918 -0.43995015412712724
-0.19048538035831647 -1.4395785758422028 -0.4275199553089209
-0.15750571643892278 -1.3314956716685895 -0.4098213469567667
-0.10984707185177958 -1.2327244621440583 -0.37837372299953587
-0.052206842180138074 -1.1412730954641499 -0.34171898633037034
0.015041649947915237 -1.0562232087528385 -0.30661777754505604
0.09215342409563837 -0.97714477150127221 -0.27689929518001333
0.18198991890022909 -0.9066764017799962 -0.27066374381449598
0.27685009231492164 -0.84509432360389147 -0.28584287396463109
0.37543627456563999 -0.79346744302815009 -0.31074657656447802
0.47631110895018003 -0.75128952559353324 -0.34346257373279659
0.57810594706864538 -0.71712770501424372 -0.38274395076814083
0.6800196212983407 -0.69362665628533615 -0.42904856023724797
0.78067035123237449 -0.6807933490954412 -0.48152648855719016
0.87908126293814504 -0.67688831622279988 -0.53919108328497223
0.97597026836287837 -0.6827880342266448 -0.59915614635090575
1.0745303152336871 -0.70521556289385412 -0.65230847332989739
1.1782869932507709 -0.73967439091955622 -0.68592326296773121
1.2863723110141301 -0.76844334051960406 -0.70839916100724554
1.3972968710538449 -0.79189411998696446 -0.7213504683280525
1.5101661246800491 -0.80937214713698213 -0.72436487566833752
1.62373590060726 -0.81911756178936757 -0.7148914373517784
1.7357899921133337 -0.82284699745974788 -0.69310162155386523
1.845207382776205 -0.82115845663627329 -0.66086998818091292
1.9509242678198206 -0.81434177248277573 -0.61842101103195213
2.0516734741231955 -0.8027310719760048 -0.56552864667353475
2.1429141568734225 -0.78840678237283757 -0.49806173378246837
2.2258912770092576 -0.77093195536385983 -0.42169142691946415
2.3000163081934271 -0.74938471878759705 -0.3377136208610298
2.3648393843625453 -0.72301010859551962 -0.24745881747002063
2.418692868539412 -0.6904284343469449 -0.1519546296581073
2.4592699493350603 -0.65185524505791292 -0.052339070192758207
2.4886145130724175 -0.60892646232733916 0.049218151680067719
2.5068286353545508 -0.56133292340308971 0.15130793103114232
2.514014297783985 -0.50890213588457289 0.25259793613876452
2.5066765939220641 -0.45240732664428002 0.35178113922970716
2.4864110359387697 -0.39332739914217113 0.4473924053806998
2.4553690624313385 -0.33249733622574479 0.53879268309899653
2.4136821712258518 -0.27036830101378811 0.62499145741388684
2.3616073123071848 -0.20746000587205898 0.70506881168115865
2.296460541934958 -0.14410412988337351 0.77452919198688575
2.2225219435652437 -0.082321881368787486 0.8357193717489324
2.140540445406975 -0.022880771788665932 0.88825490489412773
2.0513764154265219 0.033873049998146054 0.93149006729854045
1.9556013348552015 0.087961229038040906 0.96286547126640731
1.8541074893587699 0.13719738274034476 0.98113422811891038
1.7495797103904644 0.18232156207175162 0.98846985034863999
1.6431425276984915 0.2232662467009226 0.98462679520573015
1.5359675912978745 0.26005121529182074 0.96960250638442136
1.4300109775269276 0.29110360724590439 0.93974018737591403
1.3272509911386376 0.31795925640703043 0.89789207816973149
1.2288586581708985 0.34148457655359254 0.84520410062831564
1.1359093391622912 0.3616383252137344 0.78206804393953222
1.0503049234959767 0.37711732510397972 0.70780433998350711
0.97564051403571606 0.38882554374226264 0.6220941455267619
0.91097651779181388 0.39790353609339069 0.5286417757589601
0.85750983145267656 0.40568535936272171 0.42819315237602718
0.8152093913494729 0.41388912848533232 0.32223946398482645
0.79095130606654074 0.41995886781844383 0.21069495320568252
0.78052601426907064 0.43484475640047049 0.098083378747622407
0.77940220352161549 0.45428663581914364 -0.014367929287281572
0.78902229111817501 0.47760305826593102 -0.12581059235250283
0.81330322898311236 0.50603636921734219 -0.23390682738953325
0.85004250643732604 0.54112848579739958 -0.33612997923279142
0.89608514670973705 0.58109974746852244 -0.43253779560700811
0.95040896480155879 0.62604096092837103 -0.52233574381029579
1.0125797664202063 0.67755428170471022 -0.60335415130594028
1.0824373070303497 0.73632999968390456 -0.67208537512508582
1.1564897332788229 0.80030251421612597 -0.73072136457122383
1.2337900234657133 0.86911384181606066 -0.77873087917960859
1.3135074178006763 0.94244917441056208 -0.81531168468052806
1.3947822146615774 1.0200788501765903 -0.83654500708005197
1.4756997073944831 1.1000841867821332 -0.84562029093477609
1.5551577460646069 1.1818734846699235 -0.84277172703027148
1.6321223480875748 1.2649708608966976 -0.82822200231433751
1.7047104632761367 1.3489828676331292 -0.80073088735092968
1.7717452457404774 1.431491874461909 -0.75881423071549536
1.8326509599849066 1.5125254374111128 -0.70646425674311319
1.8864537981080152 1.5918110031248591 -0.64450749276599661
1.9323162544998829 1.6689664799807191 -0.57375244148754667
1.9672723842118671 1.7419540957108048 -0.49292119697134607
1.9932749936084444 1.8087039807948626 -0.4039937193735415
2.0109877674033894 1.8694169228508999 -0.30903692263501903
2.0195618727373654 1.924112963402802 -0.20921808904465919
2.0180223838330091 1.9733014721844508 -0.10596831373484719
2.0029051973407235 2.0133895343064889 8.4649883798283698e-05
1.978233342972729 2.0457288113578787 0.1067366898276485
1.9439652458295402 2.0704841999202825 0.21268365760088778
1.9003197295166685 2.0874068905994299 0.31682913866954326
1.8476360859334358 2.0952820901027227 0.41804785272983819
1.7855742872380604 2.092001428166768 0.51398849183378947
1.7161045833382418 2.081123959904454 0.60386543826265682
1.6397006183739671 2.0630730367258328 0.6866338128356666
1.5571212898743758 2.0380843649632046 0.76152355718650577
1.4692022419287987 2.0048482502569289 0.82670342242121841
1.3768684490884682 1.9643607032453816 0.88044165680460951
1.2819502280880153 1.918085680198663 0.92359958431160738
1.1852958219386895 1.8666909846786099 0.95583599429921051
1.087737886310129 1.810948930410492 0.97685124902025344
0.99064158351782727 1.7507505598473094 0.98244386111523418
0.89533479212428713 1.6883091985685201 0.97526316383605294
0.80255650592241157 1.6247531319864212 0.9561552904099373
0.71305034720834448 1.5608800507889014 0.92547572624374208
0.62816268065113734 1.4975042041182522 0.88234338026428627
0.54894103928977489 1.4385963809514837 0.8247262143967361
0.47537054251693317 1.3835300278419211 0.75711572871241539
0.40774784476827197 1.3340895643384187 0.6797407697411415
0.34604700751015038 1.2916834579361738 0.59340283311897546
0.29412410178232301 1.2598918000998058 0.4965724892321754
0.24802043522098982 1.2421020142828023 0.39374622418024824
0.2089018338160531 1.2339812033015101 0.28689007710058917
0.17587043333543081 1.2365920117763458 0.17780189011651992
0.14598612512473882 1.2552452952468447 0.06898187227523167
0.11155939715367705 1.2935075656254815 -0.032976200090018976
0.069863837207962187 1.3434505089626905 -0.12643136062753305
0.019158693281069533 1.4022834193607321 -0.20976007316098083
-0.041113828166191593 1.4662916297953545 -0.28261118338525215
-0.1133765444030892 1.5313808404359133 -0.34281340630680307
-0.19521330835838274 1.5935540956786105 -0.39247388932232397
-0.28605246190237493 1.649988476899551 -0.43186565905991486
-0.38435704934805914 1.6993438636111622 -0.46201353912941762
-0.48899706181341968 1.7403129123146133 -0.48325374877766925
-0.59940425022073862 1.7684464502890445 -0.49333193975986001
-0.71223319739166646 1.7851802127169589 -0.49614737785356433
-0.82609269397316698 1.7907251395293646 -0.49275841635028794
-0.93980887483445463 1.7851460316021095 -0.48395658898288385
-1.0517978594787754 1.766684089640074 -0.4697990057934377
-1.1595111237656774 1.7340098254943594 -0.45012455379406935
-1.2626130486143836 1.6907467314631941 -0.42736908958624109
-1.360115861976755 1.6369821739076178 -0.4024457815579589
-1.4516972063747442 1.5737204953555604 -0.37629222984170907
-1.5331061938209487 1.4979821058984948 -0.34947644587265275
-1.6047393893386825 1.4128454891340276 -0.32400860914775798
-1.6664167865722672 1.3196058460454854 -0.30162297753115191
-1.7183118263309225 1.2195341325854827 -0.28379392057096153
-1.758858514404416 1.1130659719424418 -0.27362976787632154
-1.7852798599940769 1.0021098490141824 -0.27635247627388987
-1.8044704822993607 0.89175406805253199 -0.29658832497802656
-1.8264614584767425 0.78471480941145777 -0.32866007767394295
-1.86107943440709 0.68383841009527568 -0.36960209366590219
-1.913075395731229 0.58816327653635492 -0.40460926391576418
-1.9736502467945287 0.49349876809908316 -0.42368449093907007
-2.0381069918796211 0.3996165449727922 -0.426345026127808
-2.1031609948749295 0.30650061682859087 -0.41563195978921436
-2.1666368181516198 0.21455600206033942 -0.3911788696595585
-2.2224799037721423 0.12378408576174121 -0.34964789153116854
-2.2721950703648042 0.035413230888371353 -0.29725641178618156
-2.3148999640470835 -0.050264950255850122 -0.23523086257723044
-2.3492864362042583 -0.13289892107089579 -0.16435165124914045
-2.372946612564494 -0.2119507096959154 -0.085144177395789319
-2.3839084662909826 -0.28560047061316529 0.0015646390099050486
-2.3847656298754547 -0.35371084010499793 0.093127633348337735
-2.3755240158465574 -0.41639347504263796 0.18800158422391286
-2.3554180454969473 -0.47340973555736171 0.28491648671072461
-2.3225770197606113 -0.52368052959939515 0.38226702568925458
-2.2769738259531973 -0.56616532395342434 0.4780117707019686
-2.2211430935728487 -0.60251011063094317 0.57064915176273179
-2.156357406887436 -0.63198302792349481 0.65983292891501166
-2.0829747194376482 -0.65319366415558355 0.74481710989986749
-1.9994579973195654 -0.66637904714662377 0.82184902501608448
-1.9078438593804372 -0.67322412557450373 0.88967807063473503
-1.8107053326990443 -0.67219824568936914 0.9494693473818645
-1.7091293263726812 -0.66367334396098188 1.0008022404370311
-1.6036270648774336 -0.64877146903100225 1.0423008342532403
-1.4947741620387083 -0.62704754744129687 1.0699039123205285
-1.385295482111768 -0.59943714477415 1.0867336601032531
-1.276282138042103 -0.56637366992566918 1.0925213183420526
-1.1686742644667385 -0.52854917038755489 1.0872536573279965
-1.0638301982000991 -0.48649117249619894 1.0693187827399564
-0.96321996930163212 -0.44337069913466337 1.0364304893451375
-0.86761461490580838 -0.39992151257446534 0.9919424233481029
-0.7778007309311028 -0.35786207564655159 0.9356961480265451
-0.69464763793508344 -0.31922376719976903 0.86751727943988355
-0.62086809321420233 -0.28648125621579312 0.78647827710344542
-0.55627644720275637 -0.25695608585426633 0.69707214450847754
-0.50103114591011466 -0.2296966341784325 0.60106937106455438
-0.45595040305315543 -0.20460842568523357 0.49918707189414074
-0.42214993701088144 -0.18225316250497609 0.39222640693777455
-0.40163281399615147 -0.16346463341052858 0.28137303474859066
-0.39201920195698481 -0.1471146807223585 0.16885693917564853
-0.39365230095758941 -0.13356620606215577 0.055583162334105297
-0.40765348642981586 -0.12378887671027078 -0.057481436803049478
-0.43333965147948794 -0.12400373554375399 -0.16893989500683135
-0.44951506836918959 -0.13112551879325407 -0.28163182319234303
-0.45094796710208823 -0.14178747265207525 -0.39503118467410814
-0.43837194685068248 -0.15605418808990329 -0.50751360192028538
-0.41664632792408374 -0.18071147462363335 -0.61707102452364559
-0.38596792844546057 -0.21584319416182479 -0.72139269627399549
-0.34845980669209276 -0.25929996583558618 -0.81998999974094644
-0.30470899446141186 -0.31054416301947441 -0.91207217003529639
-0.25517242989536859 -0.36916227329432416 -0.99681146793220621
-0.19883849901805256 -0.43670837387064393 -1.0699334596534729
-0.13812891494686733 -0.51016371352238288 -1.1328049438073728
-0.074125536045704071 -0.58787628272970194 -1.1865594138262168
-0.0073176673464227515 -0.66959307710821814 -1.230201697756693
0.061156896473344706 -0.75583418285750192 -1.2611293380364645
0.13061988869575836 -0.8447112460856947 -1.2793526851593731
0.20025983465201153 -0.93479598371766004 -1.2872587602016237
0.26889283452185025 -1.0259543008203715 -1.2842166588293451
0.33484126923994684 -1.1182789913808269 -1.2697332678040849
0.39799230512590422 -1.2089280450409838 -1.2402210773394602
0.45781450569889365 -1.2976204593156699 -1.2004757397280823
0.51507439972827307 -1.3819033201654483 -1.1493617459698133
0.57057073204862108 -1.4595444487923617 -1.086509610667302
0.62193681376866228 -1.5262400149021245 -1.0090755080091827
0.66903476607081536 -1.5806673071776716 -0.92063223019323948
0.71223388738464588 -1.622784667331687 -0.82407191042539396
0.75001931071642702 -1.6530199595908377 -0.72069661756277825
0.77841403950288868 -1.6741180197509857 -0.61192426639271491
0.79427656326740892 -1.6879894310999091 -0.49961563478764714
0.79817915110488658 -1.6972412723898218 -0.38604702112651185
0.79256203904472433 -1.7043367296623926 -0.27231450569664206
0.7616452085826444 -1.7153122778962069 -0.16274032954373754
0.72154854838275928 -1.7273555187557283 -0.056333458089182067
0.66517482332035449 -1.7336953495883074 0.042640057630402635
0.60064264572636872 -1.7363208628190283 0.13671074164930025
0.52687041653699129 -1.73388514370059 0.22386091125164623
0.44453987028377678 -1.7255656660853442 0.30282470415889107
0.35492123514615981 -1.7117263308603508 0.37232244967916261
0.25998555464243667 -1.6919072641001387 0.43242320937037765
0.16091686930280638 -1.6663999411393948 0.48301038167577198
0.05860765445128864 -1.6356769988230746 0.52375312933375973
-0.046648445276513337 -1.6001456503823537 0.55098344135024191
-0.15256092879709307 -1.5601767684009817 0.56592303777623454
-0.25766721522525116 -1.5159733710113725 0.5697151656775743
-0.3608292397300491 -1.4676820054497153 0.56226176089163937
