-0.99500944443882755 -1.084432138439805 -0.98473964933063951
-0.99757642778724542 -1.2548865829419413 -0.962883622309467
-0.99499671899186981 -1.4204051116439322 -0.91512885715124259
-0.98656982415801009 -1.5757240425665131 -0.83929727747142602
-0.97288572837884857 -1.7165063063059782 -0.73930787396120556
-0.95445436800030148 -1.8388388617867324 -0.61715505628457179
-0.93232090991121486 -1.9377688847959256 -0.47597112178145673
-0.90708770611736189 -2.0128584433568388 -0.32070329393450925
-0.87888230627433783 -2.0578802533463989 -0.15468023159497249
-0.84815067282090206 -2.0757579920616465 0.015733909568547338
-0.81410439115545885 -2.0630492134441112 0.18599931779691115
-0.77541879990645568 -2.0234266603112228 0.35073717804745819
-0.73203828790067638 -1.9547620604192035 0.50458022198330832
-0.6853561383651483 -1.8600794890260852 0.6415215054857959
-0.64153097588298968 -1.7439763384659241 0.76082492894563902
-0.60542133139235699 -1.6081368033835748 0.85864017141051685
-0.57839200260307999 -1.4584964836786989 0.93545832976348797
-0.56555574885526561 -1.297452995049313 0.98674693105273292
-0.56994490873012194 -1.1318975254891908 1.0150554971026715
-0.59613894495664632 -0.96725569870706052 1.0199149633377316
-0.64818358863539349 -0.81196007210270549 1.0035665225390515
-0.72639650959061819 -0.67122629687218816 0.98012275065259069
-0.82430199926560266 -0.54274801920178006 0.97132728083868514
-0.94277437138736619 -0.43152946629990241 0.96719728520093384
-1.0803349131557309 -0.33786898337977561 0.96539100471135342
-1.2118147487233115 -0.23184948838531078 0.94692314925140486
-1.326492942451033 -0.1094108212100082 0.91573188319030874
-1.4193747416675859 0.027120805118296377 0.87199173635918337
-1.4892478974889833 0.17375254938231935 0.81775071768538898
-1.5315042178105656 0.32717135875426917 0.75438656524812164
-1.548852399410966 0.48293386509045533 0.68445706135048934
-1.5363234673754744 0.63558307278746617 0.60636491985374852
-1.497691406252863 0.78117938907114959 0.52373423509416062
-1.4309372542349554 0.91548893639958118 0.43940590312559874
-1.3389248618393628 1.0352337522478905 0.35748099484453616
-1.2232284269781477 1.138033306329945 0.2826075727622992
-1.0865729431313662 1.2206922695258184 0.22100346523588937
-0.93558778199366066 1.2868350591490516 0.17631119202451051
-0.77328685238372485 1.3334880755982228 0.1585664297685474
-0.6114503613214386 1.3684594638165941 0.17351769162789232
-0.46208338469455956 1.411636155263662 0.21960277693569624
-0.32399606080209842 1.4837780398928628 0.26340447052551408
-0.18259267139631691 1.5702996302867926 0.27853563635345668
-0.031321245714404977 1.6446105661956003 0.25792799143695339
0.12528257365139722 1.6990496365089605 0.21487415121905842
0.28347132447554652 1.7252182629207564 0.15277761634192222
0.43980230785302249 1.7253825618031815 0.080191684005230995
0.59010808916311319 1.6950864345340892 0.00051870097655548619
0.73078335690200924 1.6382017272548259 -0.081829440819626148
0.85877237022656638 1.5548747029572214 -0.16315973721309376
0.97046636263543862 1.4474315669470783 -0.23957365589599092
1.0649729164208193 1.3196520349847385 -0.30799044305068113
1.1377365164957551 1.1733463103657662 -0.36404563231608367
1.1900520824032206 1.0146714839921709 -0.40763503072779972
1.2180203951889224 0.84627880946734757 -0.43178210467029576
1.2261677483372033 0.67482865926004554 -0.43606011834667779
1.2134806418258133 0.50544328737052002 -0.41480296327435551
1.1867112749769919 0.34497937982876642 -0.36665261366052648
1.1563847623685333 0.20325720561337834 -0.28509884796930385
1.1470908951745618 0.076694305318729283 -0.18447067205696208
1.1671930211171275 -0.05286493006455905 -0.088752313988983172
1.1907940478641454 -0.20365734525329943 -0.0232407404138604
1.1967834398583168 -0.36785501985944385 0.018236674902371075
1.1743151858451735 -0.53589847959540038 0.039814112255979917
1.1233712969818646 -0.69911327568778781 0.049992425341840618
1.044423435242718 -0.85161969163460272 0.05140486176923581
0.94002635585204808 -0.98774108049408371 0.047503820875963804
0.81476662563692037 -1.1050610334900008 0.041110800430264466
0.67106653069220523 -1.1983002793539548 0.032881359458631243
0.51494459687275262 -1.2685009800859663 0.023285902171933132
0.34929447984165474 -1.3103770932290388 0.010433278459049761
0.17948324138563937 -1.3262014740312016 -0.0032857050166857082
0.0096470474348521462 -1.3125764691854478 -0.018654229746338041
-0.15559766332458713 -1.272141639574103 -0.033964521595903435
-0.31059918560653071 -1.2044767184705387 -0.04828728826840481
-0.45860352718995406 -1.1307410160494948 -0.039150329179498372
-0.61142637203553862 -1.0794117515038071 -0.018868194438236174
-0.76819815230524124 -1.0550524567916302 0.013848398667254069
-0.92815821343115612 -1.0559835618391538 0.046612931534752128
-1.0814836306815729 -1.077531396719783 0.10663157293215103
-1.2201606348595457 -1.1088446761284148 0.19625411555175765
-1.3395033865208783 -1.1443239380209764 0.31107852225262356
-1.437386262743418 -1.1780828469269562 0.44641548342791332
-1.5115829062490374 -1.2052967425997936 0.59855067334308476
-1.5610980918843813 -1.2222097164720311 0.76228883805075709
-1.5865370232309293 -1.2274363570187619 0.9332245224439476
-1.585704398099065 -1.2162825586836536 1.1062602644352835
-1.5632250086721087 -1.1866215848934094 1.2763820040396274
-1.5160820256914331 -1.1373014846454388 1.4365836880617542
-1.4489740109263605 -1.0748202739089063 1.5843443918989082
-1.3593193752124471 -1.0008717602865911 1.7139803685394319
-1.2515569091209349 -0.91939437367393828 1.8232066967516538
-1.1269902787222583 -0.83288603020636753 1.9080110612996932
-0.98999279210661695 -0.74433765664561025 1.9662906390547414
-0.84461261170738999 -0.65557811938506849 1.9971479894029014
-0.69524102025763779 -0.56944056618502659 1.9979679366988399
-0.54601728377799663 -0.4877392109132237 1.9721172165955405
-0.40172714136030624 -0.41385334159542164 1.9161608936169592
-0.26568409990967334 -0.34837008143641435 1.8366257823762839
-0.14238311394787911 -0.29453283666324964 1.7324426973678413
-0.034152335791647781 -0.25274344816314998 1.6091963474836701
0.05598365989634449 -0.22449610496099348 1.4693236785967696
0.12543888310094592 -0.2109474501848197 1.3169400095991655
0.17423761072154464 -0.21107700859808853 1.1566436870027272
0.19848371723940572 -0.22640247997310675 0.9920767118568905
0.20654657549836902 -0.25119014997147321 0.82745410714360879
0.2131016055035444 -0.27613435511214324 0.66272262828730033
0.213802717766299 -0.29579602597787535 0.49689351457998565
0.20621275066859301 -0.30837401943686699 0.33022404326622673
0.18513005962351586 -0.30771987434377862 0.16468242845795475
0.17275941266574291 -0.30267981815355105 -0.00012209885540861998
0.17979114506945193 -0.31413139113284433 -0.16340344207102611
0.21465379600016926 -0.35093723617758582 -0.31989532519153308
0.27756141767829279 -0.39636279581251155 -0.46615323078382298
0.36492818208487254 -0.44268835596145045 -0.59982134464935588
0.47613017037204514 -0.48550489723633639 -0.71703386803250524
0.60719916899325987 -0.52133849819690936 -0.81552461855559688
0.75423529825662894 -0.54721991216593813 -0.8942799003981976
0.9139289519198226 -0.56123012219585788 -0.94922883977381511
1.0813267084115501 -0.56265757544786577 -0.98197802501472542
1.2518783744177975 -0.54791962570905184 -0.98793291383059456
1.420570522050784 -0.51916755389505298 -0.97101185617816399
1.5820920925673729 -0.47468406065571678 -0.92882690195600937
1.7322596563936516 -0.41687054219344799 -0.86481402823490328
1.8661200530483808 -0.34515618605011772 -0.77992933847311519
1.9792471086085297 -0.26124020056885078 -0.67751821834676473
2.0692118691487571 -0.16835926684967417 -0.55996491234269319
2.1311339762984947 -0.06836943396274428 -0.43088190603195653
2.1667866449975435 0.035536337642905653 -0.29465260290745576
2.1696484374462206 0.14124553536927531 -0.15523235438115338
2.1446552562201786 0.24569065641440499 -0.017794155387457988
2.0895052337304936 0.34497425572122364 0.11449702993414301
2.0080670880013529 0.4378301422499728 0.2363450720123699
1.9025426098910589 0.52218169091116995 0.34477966534802051
1.7754128748332092 0.5951006062486246 0.43559590153151068
1.6318312508923543 0.65569213040391994 0.50810903781926586
1.4743904207701959 0.70164112740625162 0.55669835018126146
1.3097414042632132 0.73432637314571503 0.58358284170406338
1.1415427742159856 0.75325300114668903 0.58401369304477879
0.97506410563635226 0.75973618081991512 0.56081647659245837
0.81511960413203011 0.75453296658036451 0.51180635615001335
0.66706084353457618 0.74174260469402975 0.43737425438197686
0.53473441866744653 0.72450092392556764 0.34009624669689381
0.42474801573280224 0.71000207447755648 0.21974818909701233
0.33980562174529688 0.70640900128594686 0.080680860831623152
0.27092194329295655 0.71839666145476677 -0.066846398306964011
0.21480648511268419 0.7567774828171242 -0.21479023850484316
0.16422377277755718 0.82745499009892742 -0.35396708933401944
0.1139191773997395 0.92471114481792316 -0.47787048491514361
0.059830852050399008 1.0423055682458517 -0.5828292069956631
3.3181344122057421e-05 1.1762502049484387 -0.66376818009805894
-0.065536564747385728 1.3207565617015367 -0.72105149819800318
-0.13670382919977053 1.4721317762473283 -0.74867608821126475
-0.21245549728101948 1.6247602647828734 -0.75062418588817448
-0.2921995257529153 1.77393303832977 -0.72288472710619311
-0.37434888513559339 1.9148872147381983 -0.6683937115929286
-0.45683815575954417 2.0436076282021682 -0.58733883140619425
-0.53871835945376589 2.1544024906665169 -0.48202781526072414
-0.61757125862214513 2.2459249460552471 -0.35652968593563961
-0.6898958806576212 2.3126997338638549 -0.21248064877726394
-0.75587813800662729 2.3555176767719628 -0.056335768196822983
-0.81184257401354931 2.3692389252510431 0.10914314523072918
-0.85799533772059022 2.355914775621085 0.27728964935142741
-0.89414802819860406 2.3141770480682586 0.44340589850605494
-0.91697298239035585 2.2463908813780646 0.60261876220446775
-0.92792482920139685 2.1546495457530743 0.75062960217140651
-0.9249423910966641 2.040594669263466 0.88171129616393495
-0.91112549546181199 1.9095643132744662 0.99426780575308749
-0.88582023335739946 1.7628881321939753 1.0817540470794278
-0.85219052848893906 1.6071793902463014 1.1456471596848159
-0.8097675206701902 1.4452840454800562 1.1812156521636314
-0.76163278429131642 1.2824396273066814 1.1894648872511313
-0.71114137901659591 1.1221155934905522 1.1691628701977421
-0.65979143772949622 0.96925548750870005 1.1210434563023897
-0.61176902157942337 0.8264195858908574 1.0479253713798706
-0.57075510203038626 0.6981541870180088 0.94980398535231159
-0.53938264870724439 0.5853042131224323 0.83247554006442248
-0.52415995138896898 0.49331666464882529 0.69635882022480022
-0.52978925653062503 0.4193748431084976 0.55015151029379794
-0.569819807499099 0.35662890307369582 0.40393993910976089
-0.63389915896034132 0.29746096817409295 0.26326879303680495
-0.69862194602231198 0.22610957131585593 0.12659834873526932
-0.74704978538033306 0.14389467000045011 -0.011188418048296123
-0.78344749032279903 0.05609696144028252 -0.14864206328000037
-0.81483453835719577 -0.033456017971903486 -0.28562951068905418
-0.84592063080430657 -0.12287075286218899 -0.42260324015525597
-0.87685351475208173 -0.21368502868082778 -0.55918743690761219
-0.90614965030002925 -0.32000824524077609 -0.68529017642265533
-0.9323586178893366 -0.44681842789627318 -0.79291818112951784
-0.95479962707952248 -0.59057831910514269 -0.8786611486781819
-0.97308653179804949 -0.74742899630471649 -0.94103954131279255
-0.9863735367560964 -0.9136507356738568 -0.97558362309336477
