1 0.997357 
2 0.994803 
3 0.994418 
4 0.994925 
5 0.994484 
6 0.991407 
7 0.996386 
8 0.993806 
9 0.991526 
10 0.988818 
11 0.996392 
12 0.991642 
13 0.989133 
14 0.991714 
15 0.994971 
16 0.9888 
17 0.995811 
18 0.994606 
19 0.994537 
20 0.989527 
21 0.986761 
22 0.984504 
23 0.989896 
24 0.986814 
25 0.984735 
26 0.983286 
27 0.992123 
28 0.986906 
29 0.984909 
30 0.983131 
31 0.989264 
32 0.985029 
33 0.983164 
34 0.976984 
35 0.993478 
36 0.996915 
37 0.99347 
38 0.993089 
39 0.988055 
40 0.98605 
41 0.983409 
42 0.982083 
43 0.979285 
44 0.978285 
45 0.973008 
46 0.968983 
47 0.991888 
48 0.991813 
49 0.986814 
50 0.986728 
51 0.983324 
52 0.98324 
53 0.977775 
54 0.976722 
55 0.973991 
56 0.96904 
57 0.961593 
58 0.9875 
59 0.985419 
60 0.983297 
61 0.978699 
62 0.969864 
63 0.967776 
64 0.966442 
65 0.965088 
66 0.963787 
67 0.958383 
68 0.991567 
69 0.986575 
70 0.981153 
71 0.978568 
72 0.97512 
73 0.973926 
74 0.972912 
75 0.968084 
76 0.966574 
77 0.96464 
78 0.963004 
79 0.960519 
80 0.953716 
81 0.991724 
82 0.986407 
83 0.981382 
84 0.979069 
85 0.975216 
86 0.97142 
87 0.969669 
88 0.964534 
89 0.96234 
90 0.960626 
91 0.95362 
92 0.947523 
93 0.996084 
94 0.993062 
95 0.988839 
96 0.983126 
97 0.976462 
98 0.971057 
99 0.965221 
100 0.961801 
101 0.957487 
102 0.955199 
103 0.952959 
104 0.950276 
105 0.946758 
106 0.992734 
107 0.992711 
108 0.987661 
109 0.987649 
110 0.983401 
111 0.979472 
112 0.973642 
113 0.962998 
114 0.959281 
115 0.95048 
116 0.948359 
117 0.944475 
118 0.994529 
119 0.994329 
120 0.990115 
121 0.984808 
122 0.979869 
123 0.976023 
124 0.972234 
125 0.962976 
126 0.961587 
127 0.958318 
128 0.957036 
129 0.954179 
130 0.953011 
131 0.94876 
132 0.947281 
133 0.942467 
134 0.99192 
135 0.991771 
136 0.986975 
137 0.985047 
138 0.983643 
139 0.978456 
140 0.974664 
141 0.972285 
142 0.969903 
143 0.9644 
144 0.962261 
145 0.958671 
146 0.955894 
147 0.953742 
148 0.952794 
149 0.949738 
150 0.947208 
151 0.945354 
152 0.942821 
153 0.939344 
154 0.993672 
155 0.98892 
156 0.984096 
157 0.9805 
158 0.976993 
159 0.974019 
160 0.971966 
161 0.966288 
162 0.959114 
163 0.955791 
164 0.954316 
165 0.949401 
166 0.948253 
167 0.947276 
168 0.946068 
169 0.944768 
170 0.943785 
171 0.942806 
172 0.941573 
173 0.93743 
174 0.990972 
175 0.989697 
176 0.984525 
177 0.978883 
178 0.973474 
179 0.966481 
180 0.962736 
181 0.960653 
182 0.957278 
183 0.952387 
184 0.949748 
185 0.947467 
186 0.944822 
187 0.942866 
188 0.941121 
189 0.940093 
190 0.938231 
191 0.931116 
192 0.996964 
193 0.99507 
194 0.99161 
195 0.984426 
196 0.982364 
197 0.981291 
198 0.9717 
199 0.965249 
200 0.94813 
201 0.945497 
202 0.942351 
203 0.940262 
204 0.938063 
205 0.935241 
206 0.928458 
207 0.996557 
208 0.991998 
209 0.988317 
210 0.988053 
211 0.984759 
212 0.980311 
213 0.975414 
214 0.973626 
215 0.970037 
216 0.964865 
217 0.960645 
218 0.956961 
219 0.951291 
220 0.950253 
221 0.944712 
222 0.943183 
223 0.939892 
224 0.937398 
225 0.935649 
226 0.933187 
227 0.929504 
228 0.922366 
229 0.993186 
230 0.989299 
231 0.985416 
232 0.980732 
233 0.978461 
234 0.976525 
235 0.974263 
236 0.971888 
237 0.967491 
238 0.963904 
239 0.957712 
240 0.952226 
241 0.946777 
242 0.943581 
243 0.940048 
244 0.935302 
245 0.931789 
246 0.929402 
247 0.927312 
248 0.921489 
249 0.996317 
250 0.992282 
251 0.987507 
252 0.982871 
253 0.982805 
254 0.974294 
255 0.974238 
256 0.969115 
257 0.963862 
258 0.958591 
259 0.956012 
260 0.952267 
261 0.946782 
262 0.941791 
263 0.938414 
264 0.936223 
265 0.935362 
266 0.93408 
267 0.931862 
268 0.929463 
269 0.927614 
270 0.926488 
271 0.924383 
272 0.923328 
273 0.917115 
274 0.987832 
275 0.982751 
276 0.977882 
277 0.973326 
278 0.971975 
279 0.966851 
280 0.965102 
281 0.962283 
282 0.955799 
283 0.932648 
284 0.929089 
285 0.925589 
286 0.924053 
287 0.921635 
288 0.919713 
289 0.917013 
290 0.911704 
291 0.997841 
292 0.99407 
293 0.993675 
294 0.988609 
295 0.983835 
296 0.978525 
297 0.973093 
298 0.968078 
299 0.962871 
300 0.959016 
301 0.956164 
302 0.952305 
303 0.946857 
304 0.94135 
305 0.937871 
306 0.932928 
307 0.931873 
308 0.927883 
309 0.924132 
310 0.918981 
311 0.915756 
312 0.908368 
313 0.995625 
314 0.994161 
315 0.989879 
316 0.986896 
317 0.98134 
318 0.979291 
319 0.975375 
320 0.970336 
321 0.968796 
322 0.964823 
323 0.959555 
324 0.958007 
325 0.955653 
326 0.951536 
327 0.946119 
328 0.942582 
329 0.933613 
330 0.931653 
331 0.929208 
332 0.927525 
333 0.926406 
334 0.92309 
335 0.921319 
336 0.920026 
337 0.917128 
338 0.914018 
339 0.912887 
340 0.911834 
341 0.910571 
342 0.995227 
343 0.994138 
344 0.989556 
345 0.981504 
346 0.979609 
347 0.975623 
348 0.971349 
349 0.967875 
350 0.964074 
351 0.9593 
352 0.956001 
353 0.952743 
354 0.944745 
355 0.926123 
356 0.919381 
357 0.908785 
358 0.905709 
359 0.901476 
360 0.989123 
361 0.983668 
362 0.979523 
363 0.974182 
364 0.968793 
365 0.962951 
366 0.957627 
367 0.952466 
368 0.942551 
369 0.937033 
370 0.934518 
371 0.931127 
372 0.929203 
373 0.9258 
374 0.923053 
375 0.920799 
376 0.919037 
377 0.918205 
378 0.915771 
379 0.91265 
380 0.908569 
381 0.90731 
382 0.904402 
383 0.902717 
384 0.897287 
385 0.993679 
386 0.990348 
387 0.988163 
388 0.982666 
389 0.982385 
390 0.977157 
391 0.973662 
392 0.969374 
393 0.966623 
394 0.955441 
395 0.952455 
396 0.949213 
397 0.943333 
398 0.939654 
399 0.938289 
400 0.920758 
401 0.91917 
402 0.915839 
403 0.913766 
404 0.912014 
405 0.908428 
406 0.907338 
407 0.902585 
408 0.900644 
409 0.896452 
410 0.994859 
411 0.98967 
412 0.988074 
413 0.983201 
414 0.983152 
415 0.979209 
416 0.979166 
417 0.973508 
418 0.96848 
419 0.968352 
420 0.964823 
421 0.964706 
422 0.959318 
423 0.954019 
424 0.9485 
425 0.944592 
426 0.940782 
427 0.937469 
428 0.93171 
429 0.930216 
430 0.920926 
431 0.920278 
432 0.917112 
433 0.914843 
434 0.913359 
435 0.909849 
436 0.90758 
437 0.905702 
438 0.901795 
439 0.898595 
440 0.893467 
441 0.990989 
442 0.986223 
443 0.982366 
444 0.973819 
445 0.968829 
446 0.963747 
447 0.960374 
448 0.954767 
449 0.948517 
450 0.945089 
451 0.943311 
452 0.937077 
453 0.929584 
454 0.926068 
455 0.917604 
456 0.914957 
457 0.909659 
458 0.906555 
459 0.901037 
460 0.896672 
461 0.892577 
462 0.994913 
463 0.98982 
464 0.988182 
465 0.98251 
466 0.976638 
467 0.971211 
468 0.967409 
469 0.961643 
470 0.956056 
471 0.95072 
472 0.94575 
473 0.944336 
474 0.940649 
475 0.937148 
476 0.931972 
477 0.928277 
478 0.924413 
479 0.920536 
480 0.916489 
481 0.912011 
482 0.908498 
483 0.905437 
484 0.902851 
485 0.901313 
486 0.899886 
487 0.898827 
488 0.897551 
489 0.89552 
490 0.893842 
491 0.88798 
492 0.997463 
493 0.995667 
494 0.991404 
495 0.98881 
496 0.983575 
497 0.979299 
498 0.974616 
499 0.97159 
500 0.970332 
501 0.965481 
502 0.961044 
503 0.955866 
504 0.954417 
505 0.948991 
506 0.937001 
507 0.925603 
508 0.923314 
509 0.914652 
510 0.907556 
511 0.903627 
512 0.901844 
513 0.8994 
514 0.896537 
515 0.888658 
516 0.990103 
517 0.986744 
518 0.982853 
519 0.976975 
520 0.974007 
521 0.954188 
522 0.924723 
523 0.909895 
524 0.897632 
525 0.895864 
526 0.892328 
527 0.890325 
528 0.889513 
529 0.883636 
530 0.994255 
531 0.992622 
532 0.987377 
533 0.982122 
534 0.981091 
535 0.977185 
536 0.975112 
537 0.969293 
538 0.965771 
539 0.964099 
540 0.961215 
541 0.95555 
542 0.950336 
543 0.942757 
544 0.936143 
545 0.931754 
546 0.92663 
547 0.919798 
548 0.914152 
549 0.908717 
550 0.907262 
551 0.904424 
552 0.899219 
553 0.898198 
554 0.893557 
555 0.885467 
556 0.989963 
557 0.985142 
558 0.980112 
559 0.978679 
560 0.96726 
561 0.962807 
562 0.960559 
563 0.954208 
564 0.942373 
565 0.921266 
566 0.911991 
567 0.904447 
568 0.900882 
569 0.895837 
570 0.891958 
571 0.887869 
572 0.884528 
573 0.877197 
574 0.996489 
575 0.993297 
576 0.985701 
577 0.979546 
578 0.974628 
579 0.971005 
580 0.959382 
581 0.946991 
582 0.922724 
583 0.904314 
584 0.898595 
585 0.892822 
586 0.887538 
587 0.881367 
588 0.877626 
589 0.873852 
590 0.867993 
591 0.993064 
592 0.974862 
593 0.961562 
594 0.903834 
595 0.880849 
596 0.873022 
597 0.870121 
598 0.866521 
599 0.992059 
600 0.986975 
601 0.981017 
602 0.977655 
603 0.962608 
604 0.934202 
605 0.924518 
606 0.906345 
607 0.900262 
608 0.893125 
609 0.888622 
610 0.884433 
611 0.882088 
612 0.877206 
613 0.87606 
614 0.873898 
615 0.8711 
616 0.867345 
617 0.862154 
618 0.993496 
619 0.988004 
620 0.986168 
621 0.982129 
622 0.977511 
623 0.972486 
624 0.967627 
625 0.964518 
626 0.957202 
627 0.952665 
628 0.94577 
629 0.931891 
630 0.925783 
631 0.911546 
632 0.906433 
633 0.903693 
634 0.902681 
635 0.896643 
636 0.891563 
637 0.885014 
638 0.879089 
639 0.876587 
640 0.87232 
641 0.87073 
642 0.864983 
643 0.858748 
644 0.992497 
645 0.989116 
646 0.984969 
647 0.98113 
648 0.977035 
649 0.970228 
650 0.963402 
651 0.954028 
652 0.946343 
653 0.941116 
654 0.938383 
655 0.932397 
656 0.922519 
657 0.914538 
658 0.90432 
659 0.890995 
660 0.88597 
661 0.88333 
662 0.880795 
663 0.877965 
664 0.873746 
665 0.865195 
666 0.86194 
667 0.85946 
668 0.856888 
669 0.9969 
670 0.992193 
671 0.988804 
672 0.977877 
673 0.967856 
674 0.959193 
675 0.933836 
676 0.899814 
677 0.887495 
678 0.876426 
679 0.87327 
680 0.867747 
681 0.863898 
682 0.861054 
683 0.8545 
684 0.995939 
685 0.992199 
686 0.987334 
687 0.983851 
688 0.98246 
689 0.978381 
690 0.97373 
691 0.971951 
692 0.969742 
693 0.965375 
694 0.962415 
695 0.960624 
696 0.953922 
697 0.948893 
698 0.942678 
699 0.936629 
700 0.9336 
701 0.929169 
702 0.92496 
703 0.92262 
704 0.917176 
705 0.914312 
706 0.908826 
707 0.906758 
708 0.900465 
709 0.899057 
710 0.897462 
711 0.896002 
712 0.892092 
713 0.889377 
714 0.886202 
715 0.884511 
716 0.8804 
717 0.877502 
718 0.876167 
719 0.872483 
720 0.871178 
721 0.868477 
722 0.865558 
723 0.863921 
724 0.861471 
725 0.860502 
726 0.857392 
727 0.854118 
728 0.989193 
729 0.979991 
730 0.971261 
731 0.958124 
732 0.885073 
733 0.866351 
734 0.859399 
735 0.854352 
736 0.852711 
737 0.995967 
738 0.993276 
739 0.987621 
740 0.98059 
741 0.94714 
742 0.997042 
743 0.992035 
744 0.988263 
745 0.98546 
746 0.980034 
747 0.974716 
748 0.97052 
749 0.968149 
750 0.962082 
751 0.956486 
752 0.950277 
753 0.945419 
754 0.94444 
755 0.942986 
756 0.932627 
757 0.927446 
758 0.92323 
759 0.913055 
760 0.91143 
761 0.908689 
762 0.906295 
763 0.898501 
764 0.895539 
765 0.887406 
766 0.884088 
767 0.881211 
768 0.879574 
769 0.877308 
770 0.87244 
771 0.867761 
772 0.865138 
773 0.858818 
774 0.85448 
775 0.847189 
776 1 
777 0.9916 
778 0.986771 
779 0.986714 
780 0.981937 
781 0.979242 
782 0.972904 
783 0.969872 
784 0.964307 
785 0.958728 
786 0.954308 
787 0.948064 
788 0.941271 
789 0.938157 
790 0.930118 
791 0.905384 
792 0.891569 
793 0.886878 
794 0.878054 
795 0.867993 
796 0.863547 
797 0.861072 
798 0.854477 
799 0.851565 
800 0.849877 
801 0.84849 
802 0.847941 
803 0.845649 
804 0.993793 
805 0.988232 
806 0.982229 
807 0.976203 
808 0.971234 
809 0.967548 
810 0.963324 
811 0.958202 
812 0.95637 
813 0.950374 
814 0.945186 
815 0.939878 
816 0.932426 
817 0.925802 
818 0.922106 
819 0.915404 
820 0.907766 
821 0.906526 
822 0.9014 
823 0.89431 
824 0.892547 
825 0.887923 
826 0.885524 
827 0.884101 
828 0.879836 
829 0.876114 
830 0.873234 
831 0.871865 
832 0.870844 
833 0.86908 
834 0.866569 
835 0.864805 
836 0.864008 
837 0.862683 
838 0.861891 
839 0.860368 
840 0.856953 
841 0.854311 
842 0.849201 
843 0.845798 
844 0.846434 
845 0.996909 
846 0.992177 
847 0.992028 
848 0.987486 
849 0.984549 
850 0.981664 
851 0.980057 
852 0.977867 
853 0.967442 
854 0.96434 
855 0.962574 
856 0.958598 
857 0.956482 
858 0.951543 
859 0.945838 
860 0.943267 
861 0.939986 
862 0.933807 
863 0.929553 
864 0.926788 
865 0.921629 
866 0.918949 
867 0.908118 
868 0.894345 
869 0.892232 
870 0.888882 
871 0.88472 
872 0.881378 
873 0.879046 
874 0.872704 
875 0.867801 
876 0.861234 
877 0.858479 
878 0.852867 
879 0.848586 
880 0.844515 
881 0.838704 
882 0.988687 
883 0.982738 
884 0.980928 
885 0.975084 
886 0.973114 
887 0.971352 
888 0.968192 
889 0.964923 
890 0.956731 
891 0.95203 
892 0.941458 
893 0.93974 
894 0.935974 
895 0.93361 
896 0.926713 
897 0.920646 
898 0.914262 
899 0.909088 
900 0.905694 
901 0.902602 
902 0.897985 
903 0.895893 
904 0.892209 
905 0.885517 
906 0.879037 
907 0.876187 
908 0.874923 
909 0.873078 
910 0.870932 
911 0.869535 
912 0.867773 
913 0.866561 
914 0.864847 
915 0.862897 
916 0.861839 
917 0.861049 
918 0.858329 
919 0.854831 
920 0.853944 
921 0.852237 
922 0.847164 
923 0.845255 
924 0.841522 
925 0.839526 
926 0.829254 
927 0.994741 
928 0.993455 
929 0.987308 
930 0.973911 
931 0.968157 
932 0.961483 
933 0.955267 
934 0.939986 
935 0.901749 
936 0.877681 
937 0.862495 
938 0.846467 
939 0.840985 
940 0.836736 
941 0.828713 
942 0.994341 
943 0.99013 
944 0.984186 
945 0.983999 
946 0.978112 
947 0.972436 
948 0.966171 
949 0.954449 
950 0.946187 
951 0.937507 
952 0.933685 
953 0.921562 
954 0.911428 
955 0.906285 
956 0.896898 
957 0.893385 
958 0.890442 
959 0.888799 
960 0.886055 
961 0.883252 
962 0.881015 
963 0.877541 
964 0.874274 
965 0.868664 
966 0.867048 
967 0.859628 
968 0.858036 
969 0.854231 
970 0.852107 
971 0.848852 
972 0.846636 
973 0.845792 
974 0.844287 
975 0.843533 
976 0.841994 
977 0.839416 
978 0.837955 
979 0.834511 
980 0.833511 
981 0.832137 
982 0.829684 
983 0.822723 
984 0.998359 
985 0.996284 
986 0.99204 
987 0.985548 
988 0.962597 
989 0.948413 
990 0.9421 
991 0.928968 
992 0.917292 
993 0.91134 
994 0.905608 
995 0.893611 
996 0.870557 
997 0.866766 
998 0.856149 
999 0.844332 
1000 0.837739 
1001 0.834149 
1002 0.829794 
1003 0.828016 
1004 0.819294 
1005 0.992126 
1006 0.987016 
1007 0.983465 
1008 0.97908 
1009 0.977277 
1010 0.964933 
1011 0.95591 
1012 0.949888 
1013 0.945641 
1014 0.938946 
1015 0.929199 
1016 0.924754 
1017 0.920037 
1018 0.913351 
1019 0.907039 
1020 0.903107 
1021 0.896016 
1022 0.892857 
1023 0.882447 
1024 0.874192 
1025 0.868609 
1026 0.864405 
1027 0.859489 
1028 0.855089 
1029 0.853555 
1030 0.849776 
1031 0.847041 
1032 0.844373 
1033 0.83989 
1034 0.835135 
1035 0.832908 
1036 0.830615 
1037 0.823472 
1038 0.817332 
1039 0.99407 
1040 0.992157 
1041 0.992077 
1042 0.987379 
1043 0.980768 
1044 0.974291 
1045 0.973401 
1046 0.967428 
1047 0.961527 
1048 0.959487 
1049 0.953452 
1050 0.945367 
1051 0.931097 
1052 0.923306 
1053 0.915157 
1054 0.911193 
1055 0.908622 
1056 0.904104 
1057 0.897078 
1058 0.888114 
1059 0.875962 
1060 0.874159 
1061 0.872964 
1062 0.865862 
1063 0.861782 
1064 0.855985 
1065 0.848766 
1066 0.844732 
1067 0.839466 
1068 0.834991 
1069 0.833873 
1070 0.830139 
1071 0.824137 
1072 0.815069 
1073 0.992937 
1074 0.992892 
1075 0.991113 
1076 0.985068 
1077 0.979704 
1078 0.966952 
1079 0.960659 
1080 0.951124 
1081 0.943554 
1082 0.93247 
1083 0.923266 
1084 0.919107 
1085 0.90968 
1086 0.90429 
1087 0.887497 
1088 0.880695 
1089 0.866279 
1090 0.854004 
1091 0.848481 
1092 0.842789 
1093 0.833522 
1094 0.827931 
1095 0.823257 
1096 0.818358 
1097 0.815314 
1098 0.808593 
1099 0.994833 
1100 0.99246 
1101 0.986631 
1102 0.981341 
1103 0.978569 
1104 0.962536 
1105 0.953086 
1106 0.935168 
1107 0.932033 
1108 0.905248 
1109 0.871439 
1110 0.863465 
1111 0.846322 
1112 0.829875 
1113 0.82561 
1114 0.819687 
1115 0.815916 
1116 0.812614 
1117 0.806357 
1118 0.994486 
1119 0.99172 
1120 0.989534 
1121 0.987297 
1122 0.987233 
1123 0.981684 
1124 0.97584 
1125 0.971579 
1126 0.964173 
1127 0.95806 
1128 0.953587 
1129 0.94977 
1130 0.944803 
1131 0.943391 
1132 0.939448 
1133 0.935837 
1134 0.930093 
1135 0.926025 
1136 0.920454 
1137 0.908846 
1138 0.902221 
1139 0.90001 
1140 0.897924 
1141 0.895559 
1142 0.889272 
1143 0.88603 
1144 0.880951 
1145 0.877448 
1146 0.874303 
1147 0.870482 
1148 0.867979 
1149 0.866412 
1150 0.862155 
1151 0.858829 
1152 0.855274 
1153 0.850833 
1154 0.849981 
1155 0.847549 
1156 0.843813 
1157 0.840242 
1158 0.834294 
1159 0.826985 
1160 0.82435 
1161 0.822636 
1162 0.821458 
1163 0.820796 
1164 0.8167 
1165 0.815297 
1166 0.812848 
1167 0.810964 
1168 0.806667 
1169 0.799336 
1170 0.994633 
1171 0.992518 
1172 0.989017 
1173 0.985215 
1174 0.980017 
1175 0.97503 
1176 0.972183 
1177 0.967038 
1178 0.963206 
1179 0.956609 
1180 0.952385 
1181 0.948048 
1182 0.945561 
1183 0.941174 
1184 0.928638 
1185 0.921017 
1186 0.917021 
1187 0.912624 
1188 0.907785 
1189 0.902071 
1190 0.891788 
1191 0.886644 
1192 0.880712 
1193 0.876109 
1194 0.873352 
1195 0.866769 
1196 0.861018 
1197 0.858769 
1198 0.856655 
1199 0.85579 
1200 0.853925 
1201 0.851497 
1202 0.84978 
1203 0.848414 
1204 0.842204 
1205 0.837914 
1206 0.836825 
1207 0.836054 
1208 0.832254 
1209 0.828432 
1210 0.823576 
1211 0.820125 
1212 0.817858 
1213 0.816775 
1214 0.814862 
1215 0.811924 
1216 0.808925 
1217 0.805923 
1218 0.804969 
1219 0.803647 
1220 0.798976 
1221 0.795241 
1222 0.997565 
1223 0.995269 
1224 0.995242 
1225 0.98932 
1226 0.983539 
1227 0.978024 
1228 0.9737 
1229 0.969263 
1230 0.962993 
1231 0.959089 
1232 0.952852 
1233 0.948784 
1234 0.946964 
1235 0.940893 
1236 0.938466 
1237 0.933303 
1238 0.927726 
1239 0.919778 
1240 0.918352 
1241 0.914377 
1242 0.908226 
1243 0.902252 
1244 0.900121 
1245 0.895885 
1246 0.886275 
1247 0.882444 
1248 0.87635 
1249 0.875347 
1250 0.871589 
1251 0.86846 
1252 0.863665 
1253 0.856971 
1254 0.853687 
1255 0.851056 
1256 0.849412 
1257 0.845409 
1258 0.839788 
1259 0.832304 
1260 0.825146 
1261 0.818507 
1262 0.81728 
1263 0.812936 
1264 0.811403 
1265 0.80861 
1266 0.807094 
1267 0.803015 
1268 0.801016 
1269 0.799822 
1270 0.798651 
1271 0.794249 
1272 0.994207 
1273 0.98518 
1274 0.978492 
1275 0.977301 
1276 0.971804 
1277 0.969164 
1278 0.964963 
1279 0.958648 
1280 0.951214 
1281 0.946079 
1282 0.939815 
1283 0.933698 
1284 0.925931 
1285 0.918474 
1286 0.917429 
1287 0.910613 
1288 0.90414 
1289 0.903202 
1290 0.898301 
1291 0.890985 
1292 0.888148 
1293 0.885143 
1294 0.877799 
1295 0.875584 
1296 0.871418 
1297 0.862974 
1298 0.858558 
1299 0.856649 
1300 0.853842 
1301 0.851429 
1302 0.837613 
1303 0.827817 
1304 0.82343 
1305 0.819141 
1306 0.817954 
1307 0.812679 
1308 0.808957 
1309 0.807144 
1310 0.80366 
1311 0.802654 
1312 0.80174 
1313 0.798774 
1314 0.797009 
1315 0.794839 
1316 0.792789 
1317 0.78934 
1318 0.782045 
1319 0.998602 
1320 0.99624 
1321 0.990726 
1322 0.967407 
1323 0.886578 
1324 0.858623 
1325 0.836106 
1326 0.825139 
1327 0.816124 
1328 0.792292 
1329 0.787864 
1330 0.785191 
1331 0.783118 
1332 0.780022 
1333 0.777827 
1334 0.773506 
1335 0.992609 
1336 0.990538 
1337 0.985002 
1338 0.978648 
1339 0.972645 
1340 0.966268 
1341 0.963491 
1342 0.955174 
1343 0.952382 
1344 0.943961 
1345 0.934454 
1346 0.92864 
1347 0.922476 
1348 0.918703 
1349 0.914625 
1350 0.905165 
1351 0.898045 
1352 0.892652 
1353 0.889035 
1354 0.883274 
1355 0.879209 
1356 0.873808 
1357 0.869956 
1358 0.861811 
1359 0.856232 
1360 0.852733 
1361 0.848635 
1362 0.847561 
1363 0.84114 
1364 0.837368 
1365 0.836414 
1366 0.832463 
1367 0.830427 
1368 0.828142 
1369 0.826506 
1370 0.824612 
1371 0.822383 
1372 0.82122 
1373 0.819987 
1374 0.818663 
1375 0.817509 
1376 0.813067 
1377 0.808827 
1378 0.804882 
1379 0.801018 
1380 0.797215 
1381 0.794714 
1382 0.791897 
1383 0.78909 
1384 0.787404 
1385 0.785364 
1386 0.782607 
1387 0.780829 
1388 0.779234 
1389 0.777401 
1390 0.776213 
1391 0.775217 
1392 0.765531 
1393 0.993917 
1394 0.988658 
1395 0.983601 
1396 0.981971 
1397 0.976718 
1398 0.970595 
1399 0.965853 
1400 0.962298 
1401 0.957451 
1402 0.951607 
1403 0.946467 
1404 0.937916 
1405 0.933035 
1406 0.927629 
1407 0.919208 
1408 0.91611 
1409 0.906886 
1410 0.899276 
1411 0.892541 
1412 0.876111 
1413 0.866165 
1414 0.858399 
1415 0.851706 
1416 0.847027 
1417 0.843238 
1418 0.834626 
1419 0.829542 
1420 0.825779 
1421 0.817988 
1422 0.80647 
1423 0.798782 
1424 0.796734 
1425 0.793406 
1426 0.790438 
1427 0.786576 
1428 0.783997 
1429 0.781609 
1430 0.777998 
1431 0.770545 
1432 0.768568 
1433 0.7658 
1434 0.758337 
1435 0.996493 
1436 0.992327 
1437 0.986457 
1438 0.980193 
1439 0.97412 
1440 0.968077 
1441 0.966018 
1442 0.958707 
1443 0.954299 
1444 0.950943 
1445 0.938746 
1446 0.932589 
1447 0.921792 
1448 0.909004 
1449 0.895327 
1450 0.878189 
1451 0.874911 
1452 0.872032 
1453 0.865622 
1454 0.861526 
1455 0.858218 
1456 0.847146 
1457 0.843389 
1458 0.834771 
1459 0.831815 
1460 0.830091 
1461 0.823049 
1462 0.818172 
1463 0.812053 
1464 0.80868 
1465 0.804888 
1466 0.801013 
1467 0.792156 
1468 0.788524 
1469 0.786196 
1470 0.781196 
1471 0.775145 
1472 0.771262 
1473 0.767051 
1474 0.764803 
1475 0.760409 
1476 0.752802 
1477 0.993447 
1478 0.991965 
1479 0.987462 
1480 0.985885 
1481 0.980791 
1482 0.977882 
1483 0.973375 
1484 0.969163 
1485 0.96612 
1486 0.963725 
1487 0.960236 
1488 0.953322 
1489 0.948812 
1490 0.945135 
1491 0.942955 
1492 0.937523 
1493 0.935063 
1494 0.930122 
1495 0.926534 
1496 0.924371 
1497 0.919906 
1498 0.912537 
1499 0.90588 
1500 0.901592 
1501 0.893854 
1502 0.892385 
1503 0.89016 
1504 0.884805 
1505 0.882581 
1506 0.880559 
1507 0.877237 
1508 0.872585 
1509 0.864493 
1510 0.85191 
1511 0.848149 
1512 0.840891 
1513 0.836786 
1514 0.831198 
1515 0.82979 
1516 0.827199 
1517 0.824166 
1518 0.818527 
1519 0.81346 
1520 0.808914 
1521 0.808057 
1522 0.805011 
1523 0.802998 
1524 0.801499 
1525 0.798998 
1526 0.797577 
1527 0.788999 
1528 0.786201 
1529 0.783539 
1530 0.780502 
1531 0.77938 
1532 0.777553 
1533 0.776216 
1534 0.774341 
1535 0.770788 
1536 0.768213 
1537 0.766396 
1538 0.764746 
1539 0.763762 
1540 0.758464 
1541 0.75105 
1542 0.747087 
1543 0.998198 
1544 0.995073 
1545 0.992493 
1546 0.987727 
1547 0.983154 
1548 0.98003 
1549 0.974172 
1550 0.971091 
1551 0.964947 
1552 0.958658 
1553 0.954113 
1554 0.949537 
1555 0.943267 
1556 0.93731 
1557 0.929231 
1558 0.926029 
1559 0.921441 
1560 0.915543 
1561 0.91031 
1562 0.903927 
1563 0.895878 
1564 0.890801 
1565 0.884338 
1566 0.879515 
1567 0.874468 
1568 0.866284 
1569 0.863002 
1570 0.860722 
1571 0.856717 
1572 0.85453 
1573 0.852857 
1574 0.850121 
1575 0.844662 
1576 0.843803 
1577 0.840483 
1578 0.836436 
1579 0.833094 
1580 0.828614 
1581 0.826617 
1582 0.824414 
1583 0.817245 
1584 0.812385 
1585 0.810849 
1586 0.806283 
1587 0.803476 
1588 0.801862 
1589 0.80006 
1590 0.798179 
1591 0.795199 
1592 0.793172 
1593 0.786035 
1594 0.783579 
1595 0.781735 
1596 0.780832 
1597 0.780091 
1598 0.77818 
1599 0.77447 
1600 0.771429 
1601 0.770203 
1602 0.769149 
1603 0.768374 
1604 0.767235 
1605 0.766126 
1606 0.76504 
1607 0.76363 
1608 0.758241 
1609 0.75593 
1610 0.754347 
1611 0.752182 
1612 0.748171 
1613 0.743195 
1614 0.972929 
1615 0.957528 
1616 0.875679 
1617 0.825503 
1618 0.764191 
1619 0.752199 
1620 0.74764 
1621 0.743827 
1622 0.739865 
1623 0.738316 
1624 0.73675 
1625 0.733877 
1626 0.731452 
1627 0.727978 
1628 0.726401 
1629 0.723982 
1630 0.716399 
1631 0.998472 
1632 0.996299 
1633 0.993344 
1634 0.987355 
1635 0.981624 
1636 0.975885 
1637 0.968048 
1638 0.960778 
1639 0.954236 
1640 0.944693 
1641 0.942463 
1642 0.937125 
1643 0.933426 
1644 0.928066 
1645 0.922267 
1646 0.918174 
1647 0.906291 
1648 0.897526 
1649 0.887463 
1650 0.883614 
1651 0.881095 
1652 0.877082 
1653 0.873662 
1654 0.868212 
1655 0.864231 
1656 0.85957 
1657 0.857124 
1658 0.851613 
1659 0.847048 
1660 0.835771 
1661 0.83289 
1662 0.830217 
1663 0.826764 
1664 0.814898 
1665 0.809974 
1666 0.806225 
1667 0.800391 
1668 0.796689 
1669 0.794801 
1670 0.793326 
1671 0.789613 
1672 0.786146 
1673 0.781396 
1674 0.780336 
1675 0.776809 
1676 0.771321 
1677 0.768549 
1678 0.766997 
1679 0.761612 
1680 0.759875 
1681 0.757098 
1682 0.753355 
1683 0.750505 
1684 0.749128 
1685 0.746751 
1686 0.746216 
1687 0.745574 
1688 0.742195 
1689 0.739945 
1690 0.73697 
1691 0.735183 
1692 0.732292 
1693 0.731664 
1694 0.729888 
1695 0.728702 
1696 0.724932 
1697 0.723374 
1698 0.720309 
1699 0.717365 
1700 0.715687 
1701 0.710348 
1702 0.708091 
1703 0.704994 
1704 0.702239 
1705 0.699854 
1706 0.698182 
1707 0.692953 
1708 0.99509 
1709 0.995079 
1710 0.992586 
1711 0.989658 
1712 0.98618 
1713 0.985626 
1714 0.982574 
1715 0.979559 
1716 0.974923 
1717 0.974803 
1718 0.972136 
1719 0.966682 
1720 0.964076 
1721 0.962351 
1722 0.958034 
1723 0.951437 
1724 0.950944 
1725 0.944511 
1726 0.937136 
1727 0.932381 
1728 0.926617 
1729 0.922969 
1730 0.909908 
1731 0.9031 
1732 0.890623 
1733 0.88851 
1734 0.887066 
1735 0.880703 
1736 0.875811 
1737 0.871144 
1738 0.866486 
1739 0.863818 
1740 0.860682 
1741 0.856938 
1742 0.854736 
1743 0.84965 
1744 0.844718 
1745 0.843621 
1746 0.840918 
1747 0.829931 
1748 0.828972 
1749 0.827511 
1750 0.824937 
1751 0.822434 
1752 0.817644 
1753 0.813561 
1754 0.808736 
1755 0.804284 
1756 0.802699 
1757 0.802216 
1758 0.800692 
1759 0.798938 
1760 0.791516 
1761 0.783923 
1762 0.783261 
1763 0.779947 
1764 0.776858 
1765 0.770959 
1766 0.76727 
1767 0.764762 
1768 0.763951 
1769 0.759004 
1770 0.755059 
1771 0.751025 
1772 0.748963 
1773 0.745062 
1774 0.740726 
1775 0.73643 
1776 0.731503 
1777 0.729635 
1778 0.726774 
1779 0.723435 
1780 0.721576 
1781 0.720897 
1782 0.719508 
1783 0.71839 
1784 0.71783 
1785 0.716526 
1786 0.713333 
1787 0.711278 
1788 0.710512 
1789 0.708682 
1790 0.708054 
1791 0.707348 
1792 0.706141 
1793 0.702136 
1794 0.700368 
1795 0.698991 
1796 0.695689 
1797 0.693769 
1798 0.692928 
1799 0.689273 
1800 0.998664 
1801 0.99479 
1802 0.994759 
1803 0.989792 
1804 0.987414 
1805 0.981937 
1806 0.977473 
1807 0.973485 
1808 0.96869 
1809 0.965522 
1810 0.962907 
1811 0.957059 
1812 0.951495 
1813 0.947401 
1814 0.94116 
1815 0.928256 
1816 0.922603 
1817 0.918174 
1818 0.910832 
1819 0.907108 
1820 0.900851 
1821 0.889982 
1822 0.888872 
1823 0.884839 
1824 0.882792 
1825 0.877202 
1826 0.871468 
1827 0.866328 
1828 0.862927 
1829 0.858583 
1830 0.857956 
1831 0.856198 
1832 0.851365 
1833 0.849737 
1834 0.847086 
1835 0.844537 
1836 0.843177 
1837 0.837328 
1838 0.832925 
1839 0.831466 
1840 0.828219 
1841 0.812019 
1842 0.806067 
1843 0.799849 
1844 0.792114 
1845 0.785464 
1846 0.777651 
1847 0.768176 
1848 0.756519 
1849 0.75355 
1850 0.74818 
1851 0.743159 
1852 0.739741 
1853 0.732468 
1854 0.729678 
1855 0.727033 
1856 0.724824 
1857 0.723348 
1858 0.71992 
1859 0.718332 
1860 0.709995 
1861 0.707091 
1862 0.706183 
1863 0.702252 
1864 0.697718 
1865 0.696415 
1866 0.694157 
1867 0.691246 
1868 0.685272 
1869 0.997712 
1870 0.993379 
1871 0.988162 
1872 0.982729 
1873 0.981569 
1874 0.979328 
1875 0.97776 
1876 0.972031 
1877 0.969979 
1878 0.964315 
1879 0.959717 
1880 0.954997 
1881 0.947313 
1882 0.935253 
1883 0.922881 
1884 0.916322 
1885 0.909518 
1886 0.901468 
1887 0.896796 
1888 0.89309 
1889 0.886323 
1890 0.878641 
1891 0.870109 
1892 0.863032 
1893 0.85612 
1894 0.845371 
1895 0.838672 
1896 0.830935 
1897 0.823686 
1898 0.814279 
1899 0.808151 
1900 0.801033 
1901 0.787017 
1902 0.760315 
1903 0.742535 
1904 0.736306 
1905 0.727561 
1906 0.721636 
1907 0.71309 
1908 0.70537 
1909 0.701015 
1910 0.700061 
1911 0.697925 
1912 0.69644 
1913 0.6934 
1914 0.691357 
1915 0.686494 
1916 0.679016 
1917 0.99873 
1918 0.995136 
1919 0.994953 
1920 0.989818 
1921 0.985418 
1922 0.982935 
1923 0.977661 
1924 0.975591 
1925 0.97288 
1926 0.968168 
1927 0.96522 
1928 0.962185 
1929 0.955822 
1930 0.950405 
1931 0.94408 
1932 0.940316 
1933 0.933683 
1934 0.930517 
1935 0.921029 
1936 0.908835 
1937 0.903185 
1938 0.899246 
1939 0.889783 
1940 0.886371 
1941 0.872559 
1942 0.860454 
1943 0.856243 
1944 0.851645 
1945 0.846898 
1946 0.840762 
1947 0.837658 
1948 0.832641 
1949 0.823949 
1950 0.820624 
1951 0.814164 
1952 0.808549 
1953 0.799611 
1954 0.787642 
1955 0.773986 
1956 0.759466 
1957 0.747175 
1958 0.73575 
1959 0.730643 
1960 0.722061 
1961 0.717482 
1962 0.70757 
1963 0.702087 
1964 0.699946 
1965 0.69349 
1966 0.688961 
1967 0.683667 
1968 0.681574 
1969 0.673397 
1970 0.997821 
1971 0.993298 
1972 0.988351 
1973 0.988308 
1974 0.982687 
1975 0.981056 
1976 0.979049 
1977 0.978923 
1978 0.976114 
1979 0.971134 
1980 0.965639 
1981 0.964469 
1982 0.963082 
1983 0.948831 
1984 0.942239 
1985 0.93549 
1986 0.92591 
1987 0.911609 
1988 0.904813 
1989 0.894852 
1990 0.87505 
1991 0.863824 
1992 0.851881 
1993 0.847107 
1994 0.841941 
1995 0.825579 
1996 0.816824 
1997 0.805786 
1998 0.79438 
1999 0.78297 
2000 0.76378 
