2.6002060772003381 -0.00012154136295761234 -0.000109116061242522
2.5939773503736738 0.085170837572262528 0.060806825308283248
2.5780469327961133 0.16920539856284267 0.12147215451255562
2.5530830283420101 0.25198150114542794 0.18084329840045518
2.5193578647856079 0.33346133198348271 0.23814072428016048
2.4751472328567132 0.41287573481681095 0.29217672077394996
2.4198523104752825 0.48817589757333762 0.3418430336364579
2.3570760924612864 0.56027839028691206 0.38705179318052835
2.2861433510365483 0.62880529238386185 0.42674591268533019
2.2078044401851957 0.69309621592288428 0.46124100505686139
2.1215156790395744 0.75181256208702663 0.48676761325018941
2.0296988994557976 0.80502001929614531 0.50349505753230905
1.9335609316535902 0.85290027885936015 0.51098086450070257
1.8342611403197835 0.8958231212694181 0.50918163869306476
1.7323632695402487 0.93423950511977671 0.49739494964069558
1.630837201499395 0.96650347921110125 0.47124745278833552
1.5325849196944858 0.9942527277245915 0.43306542712198176
1.4385277583087555 1.0193528421460258 0.38351448475636424
1.3487476283645963 1.0423295396255032 0.32344612871999318
1.2707163115293234 1.0659354104012619 0.24976764626685927
1.2057663343690339 1.0927169524350908 0.16826888341652682
1.1521279099113282 1.1250508523732967 0.082393247289180474
1.1071983525199536 1.162955265440625 -0.0050422269776199636
1.0709023513681815 1.2069580722911746 -0.091630461321826048
1.0431645952106141 1.2601533557325173 -0.17300164933132897
1.0206523457406518 1.3230924399982584 -0.24698474111517402
1.0002262678861045 1.3946660073199855 -0.31324312899329226
0.98134257791268131 1.4703261769026328 -0.3733538111970503
0.961967759297088 1.5517412927673684 -0.42282070719119674
0.93948887585434149 1.6398063058801664 -0.46026210824980091
0.91441045458532566 1.7308379292461411 -0.48892032285537662
0.88669911901932608 1.8227985768145645 -0.50883811801702905
0.85701101087265286 1.9145927574508121 -0.52217427110211623
0.82121615869029352 2.0057947175968724 -0.52440345660326948
0.77997290252515539 2.0954337657034885 -0.51704317984212578
0.73440042629864899 2.1823487844422491 -0.50239432268285789
0.68416903552825481 2.266487678537104 -0.48105513561448865
0.63265375436932592 2.3464502542734822 -0.45254267085265709
0.57500612798849815 2.4196604624562372 -0.41677120730622652
0.50899602459386084 2.4853482385847636 -0.37377008740841283
0.43972589174773713 2.544969902922058 -0.32555665767264491
0.37097553434919739 2.6006650695638638 -0.27270527865834338
0.29602852705261817 2.6446566286900399 -0.21488298583208951
0.21566756738510412 2.6782315441014921 -0.15332879941480357
0.13308396145660986 2.7003201355759501 -0.088804698893910405
0.048384827062108005 2.7137542226613185 -0.022053195246871698
-0.037742757870977584 2.7200880287004261 0.048181217751375814
-0.12436151605367608 2.7104172893362697 0.11797297072173522
-0.21080319392214109 2.6852143213444513 0.18409657891037759
-0.2977324492579112 2.6496655849617832 0.24839185461051994
-0.38324085959574505 2.6045542588931614 0.3128869876307005
-0.46534102001343225 2.5458760597273882 0.37186109304413006
-0.54362578306309728 2.4747716327614184 0.42232831017513695
-0.61787294117733227 2.3932800840599593 0.46479649487906838
-0.68653608802287291 2.3026032980699394 0.49753792929984864
-0.75224081181044633 2.2036662805012068 0.52380108350317933
-0.8120790278234753 2.096758344918948 0.53595316677624583
-0.86290826812257027 1.9874665376756855 0.53174782571280588
-0.908104119406132 1.8764530861626922 0.51516775273190196
-0.94955590386175903 1.7638762433202437 0.48536674184966427
-0.9855135386100482 1.6543972661735391 0.43921815172735673
-1.017064444036671 1.5553371183098224 0.37709195593413153
-1.0470437912227215 1.4687136906214429 0.3025151079397001
-1.0779861095755643 1.3959216073378338 0.21893093407900394
-1.1083063700118498 1.3338196744877957 0.13121613453129735
-1.1443827502742732 1.2870577950914202 0.042425517281180262
-1.1851021129769319 1.2521978043327016 -0.043583973759539936
-1.2314310673097326 1.2245104978655188 -0.12625359338287878
-1.2831968952083241 1.2026910465342147 -0.20503725437612194
-1.3410688787991143 1.1866158201774051 -0.27804474123134154
-1.4075499091215287 1.1741995272203984 -0.34268940913253376
-1.4832715373746401 1.163065302983971 -0.39793976778325896
-1.5637656629488119 1.1527324197612192 -0.44544370352577983
-1.6457154017439377 1.1438587586666029 -0.48887693827042139
-1.7333079727112302 1.1320811212733024 -0.52100991344948822
-1.8247211461945678 1.1168863263995803 -0.54122577195576371
-1.9171489784125897 1.0996440161714276 -0.55381139934609569
-2.0106952063644408 1.0787527208664847 -0.5580259906496472
-2.1055669314586489 1.0552991913984633 -0.55585131978052016
-2.1983002286161528 1.0280143369632664 -0.54262970878598094
-2.285743132693979 0.99324480910855772 -0.51733048289652916
-2.3705004924570492 0.95168936644785873 -0.48491078589293429
-2.4562822206666635 0.9080785552328241 -0.44813521441028653
-2.5371186247362427 0.85979163207985143 -0.40240003794244983
-2.6037903066259975 0.80179032132383998 -0.34705029370807233
-2.663432048576972 0.73862195684460752 -0.28637769347608222
-2.7141748070088405 0.67092063275405145 -0.22054248561852294
-2.7609743494566836 0.59593256687512874 -0.1506075951341313
-2.7956121810509211 0.51537216112836304 -0.07539715763563419
-2.8095880201029737 0.43403239280565487 0.00022520663331792161
-2.8122808972032787 0.34999617131087651 0.075902654188910915
-2.8080370053553865 0.25791950769475369 0.15277155020691874
-2.7881693075686855 0.16513474755173996 0.22943015271379949
-2.7510881379694894 0.076303171792986138 0.30002733718500024
-2.7007027415682865 -0.013034021359163662 0.36389576526355771
-2.6375272364889786 -0.10059318835409987 0.41973180607713129
-2.5641754430611949 -0.18885025283178269 0.47208577810117125
-2.4774698163131514 -0.27411443624416021 0.51190335654871588
-2.3815341377510801 -0.35070150857330257 0.53618358030458424
-2.2795290993339123 -0.42067426786967327 0.54621636122753836
-2.1722315227150801 -0.48770998638043178 0.54479725607237794
-2.0582188167416864 -0.55260015676206209 0.53024538501282059
-1.9487579455514927 -0.60746007079712505 0.49297222799407631
-1.8479463069403397 -0.65438466101650983 0.44003990102306839
-1.7526272040135571 -0.69876268424527666 0.37386276497717236
-1.667432024037466 -0.73916691361250164 0.29546044429628443
-1.6012125613393051 -0.77709141008615279 0.20827817239632951
-1.5529456690177161 -0.81584711004198485 0.11880495722178931
-1.5155511635454677 -0.8570039484534766 0.029020659340044195
-1.4873410592050211 -0.90091110182021306 -0.059355689972230431
-1.4675068321038713 -0.94497961870013802 -0.14482592626605212
-1.4584683631867779 -0.99811002418707295 -0.22275982272729478
-1.4572032549325997 -1.0612988095143405 -0.29251053339266131
-1.4594340703574091 -1.1311575070797601 -0.3558628204046953
-1.4654074549207929 -1.2025406163682022 -0.41462402745608723
-1.4727638507670933 -1.2806956597755299 -0.46377451011824078
-1.4793243373786571 -1.3672951015265999 -0.50005324734984724
-1.4850590288095709 -1.4574976284625072 -0.52728716761828265
-1.4893805814904124 -1.550222153226948 -0.54580690292680933
-1.493152946592859 -1.6449330642380398 -0.55797747278042464
-1.4928248747431518 -1.7405924225144163 -0.55786712785951931
-1.4860797049047871 -1.8360696475601848 -0.54591936284337439
-1.471346423495052 -1.9311602912802917 -0.5240735152299798
-1.4555589734540737 -2.0245559868062819 -0.49547438920709619
-1.4358893652330824 -2.1166795292059422 -0.46001925418021966
-1.4034424333233617 -2.202948322133679 -0.41379934813715691
-1.3623881257550838 -2.2807397325678096 -0.35913313200923519
-1.3177118789327804 -2.3513467222230022 -0.2984877127560015
-1.2688443109995191 -2.4201684051226406 -0.23342028499850068
-1.2074615459993749 -2.4800360694876069 -0.16354625315091917
-1.1371930651652433 -2.5239824936236266 -0.090471474066647808
-1.0635973362183297 -2.5558842031756237 -0.015399390436525506
-0.98584957088391723 -2.5805395535461808 0.061672670523549043
-0.90052646367676414 -2.5959722219569961 0.13965565617985229
-0.81105047581661949 -2.592084037653029 0.21292024550486269
-0.72058652200577999 -2.5745181008690441 0.28116137201265384
-0.62626023970960587 -2.5461868301328376 0.34452183769670952
-0.53045694382364272 -2.5069172929606904 0.40419860189398332
-0.43506894635499344 -2.4538812605777633 0.45410331415845279
-0.3424294567821497 -2.3891672221625493 0.49119954322153592
-0.25261828298019445 -2.3155148512259811 0.51637386827082987
-0.16580764767000747 -2.2347300665319212 0.52986303724860351
-0.080197214627814678 -2.1473267719122022 0.53246269808141944
-0.0011891155911956663 -2.0559621778056041 0.51669080430003167
0.069186283391891423 -1.9659662052530997 0.48434041996837734
0.13450850933759703 -1.879066530719361 0.43763030528590385
0.19566636922462155 -1.7941459280602581 0.37877159257660886
0.25015857417783705 -1.7213945778914146 0.30374381135120182
0.29847756710625173 -1.6656893841144771 0.21918648573848723
0.34531678588141729 -1.625604971939939 0.12935698271200435
0.3922051766666752 -1.5978226417321766 0.037539565803467623
0.43894271593377521 -1.5812965994436274 -0.053654495654044045
0.48886999127918163 -1.5785346981769939 -0.14008421520431605
0.54514311890676215 -1.5877004354223907 -0.21964192346652886
0.60907361290467188 -1.6053298037621857 -0.29166700635376031
0.67585748479808383 -1.628171861508056 -0.35783125509360569
0.74856866663090094 -1.6555244184506375 -0.41327289614795715
0.83059342500058042 -1.6854761990892222 -0.45522126573783595
0.91775855232429471 -1.7160666976132835 -0.4869982882172848
1.0078628581260363 -1.7459690079508454 -0.50863280476859885
1.0996325330796548 -1.7747943384100482 -0.52203455838660817
1.1947368740584583 -1.7981857771119052 -0.52231178575677406
1.2915704921580184 -1.8159888256572287 -0.51118912624415591
1.3882892999038576 -1.8282148133118161 -0.49100815134417503
1.484664628910763 -1.8342431301704401 -0.46248666529020405
1.5777645896093362 -1.8353851856446317 -0.4252106586758177
1.667301527253557 -1.8263483576089392 -0.37983327448244558
1.753208904644878 -1.8063129030167306 -0.32697620916933401
1.834267439417125 -1.7793387899327113 -0.2686454876738949
1.9098207483205809 -1.7474638943688341 -0.20567325362003355
1.9766782155410794 -1.7036786661047505 -0.13883374397400736
2.0357456575533805 -1.6507416363520189 -0.069468250674001863
2.0850150497346718 -1.5897119326448097 0.0012166303619774207
2.1264415525723384 -1.5223134005978456 0.072244722492249794
2.1589290707360185 -1.4488772517958728 0.14325256344805551
2.1782044108100083 -1.3679469052604307 0.21085594075134992
2.1860588934954008 -1.2813989385159639 0.27351018250557446
2.1848533150559213 -1.1908986761584837 0.33177421939922558
2.1738536063667908 -1.0976583378431704 0.38538641292948089
2.1514949256133233 -1.0018963891710135 0.43019332753857875
2.1196676074607552 -0.90514534868052332 0.46552795835132887
2.0795404283381322 -0.80855877619637784 0.49106688497510687
2.0321660576063687 -0.71326025793958236 0.50599823866978122
1.9793561003743902 -0.61938585453565831 0.51089225179599218
1.9212168605698197 -0.52931051005995389 0.50108500926439248
1.8608144558170574 -0.44421321006163028 0.47824312910732281
1.8002798567239462 -0.36373042645312348 0.44367182538414435
1.7416612973117664 -0.28842627594278286 0.39648864029420783
1.6878686362537625 -0.21991581049759032 0.33547415678757375
1.6432497882277515 -0.15820639912869586 0.26236629978544079
1.6093660820132643 -0.10192733135878324 0.18040761278114922
1.5879820154767486 -0.04981332727698002 0.091959165969321119
1.5790236230035153 1.2970666693950232e-05 -1.5337056327012843e-05
1.5879802230400983 0.049846328902322302 -0.091985068166211631
1.6093703722707544 0.10196011460861991 -0.18043096708406103
1.6432688966359708 0.15823879331226967 -0.26238416482310967
1.6878928858103981 0.21995180039154139 -0.33548873362203346
1.7416840140113607 0.28847918085828239 -0.39648365980732658
1.8002931506706403 0.36377781344193139 -0.44368242561335441
1.8608180441497377 0.44427216135702868 -0.47825109377108488
1.9212033355727671 0.52938351275354623 -0.50109563908577814
1.9793223236475055 0.61946826112965303 -0.51089992837328402
2.0321340687039382 0.71333761435850718 -0.50600749543750412
2.0795000511956041 0.80864581469023189 -0.49109068992149296
2.1196174367427671 0.9052332975550903 -0.46555648777940822
2.151473335058117 1.001977729481806 -0.43025032627934556
2.173840802444623 1.0977176001500157 -0.38541791497426853
2.1848810547343018 1.1909273428502487 -0.33178166400962444
2.1861091256288994 1.281401026250917 -0.27347403290240663
2.17828271089172 1.3679771201429525 -0.21081731197099551
2.1589967778979799 1.4489086822851012 -0.14321490763214692
2.1265165663824281 1.5222862113865254 -0.072162090764637019
2.0850781148949751 1.5896702596541368 -0.0011140761954074971
2.0357974008645057 1.6506945464792528 0.069580036396637721
1.9766750500376098 1.7036075195851463 0.13893892096086849
1.9097971412970463 1.747419693748387 0.2057613305264871
1.8342353688420783 1.7793208481198093 0.26871343117750213
1.7531992813445409 1.8062973063817509 0.32704412772024677
1.6673207576204079 1.8262987318493069 0.37990929341943119
1.5777658561641097 1.8352929908415017 0.42527370967545608
1.4846495239133639 1.8341988874787243 0.46255958282311893
1.3882863681987123 1.8281811085263229 0.49109914878720506
1.291573203040485 1.8159238937505926 0.5112422137834236
1.19474863159224 1.798093033249875 0.52233258878024591
1.0996204829668206 1.7747219657971012 0.52209105670543599
1.0078193673003528 1.7459300178224471 0.50872552290517725
0.91773072342594519 1.716028946748799 0.48708392621513313
0.83058383579017603 1.6854296398139681 0.45529926840746437
0.74855558771528519 1.6554714394714014 0.41336886981836424
0.67585033381795967 1.6281141084231603 0.35792331039028741
0.60908144716383927 1.6052781830130241 0.29175352207036037
0.54518289984605195 1.5876572751889326 0.21970728336270501
0.48890131302435447 1.5784696398905651 0.14015493542164728
0.4389698460288014 1.5811966731505545 0.053731712027365201
0.39223949861687546 1.5977025031607617 -0.037463315529020193
0.34536987095192007 1.6254848397332053 -0.12928962782154985
0.29853106052882156 1.665527662548 -0.21913231444028508
0.25021709354560268 1.7212302020720551 -0.30370606677498702
0.19572354731054875 1.7939851643693541 -0.37874284885045156
0.13456302804354531 1.8788827190921347 -0.43762784179799191
0.069265375820007469 1.9657811379203747 -0.48433824581252355
-0.0010406279064129609 2.0557791684852078 -0.51670122557780562
-0.080022895966710639 2.1471691564740349 -0.53251338578654817
-0.16567744855334143 2.2345826361848995 -0.52993696610394736
-0.2524582417222821 2.3153774771846858 -0.51647835029723688
-0.34223727263812598 2.3890658057486815 -0.49136331503392516
-0.43490426082541478 2.4537975776006955 -0.45426758750892071
-0.53032354771799251 2.5068393849920345 -0.40437888713656617
-0.62608521101392689 2.5461306449295069 -0.3446991087927615
-0.72033088257715427 2.5745216046490502 -0.28132252018522852
-0.81080982026666482 2.5921305261322667 -0.21308452155903679
-0.90039599921907854 2.5959939398843273 -0.13983484457296036
-0.98576816110956023 2.5805684154201862 -0.061887872818720026
-1.0634402715380571 2.5559909300386776 0.0151992641320234
-1.1369887681091746 2.5241044473660024 0.090306322387259982
-1.2072723555032638 2.480144580490415 0.16339384164473661
-1.2687379170789885 2.4203406398699974 0.23326530413979027
-1.3176034639383776 2.3515411017541417 0.2983517682327087
-1.3622714604543771 2.280967014737751 0.35902417297187111
-1.4033380716252348 2.2031763423869277 0.41370762964109353
-1.4358216594405047 2.116856894765252 0.45991518648291058
-1.4555032225849502 2.024766245622863 0.49539014724504676
-1.4712872150801912 1.9314117508385691 0.52404574216916666
-1.486092328938684 1.8362711492669415 0.54589390450364994
-1.4928710474309099 1.7407820521026705 0.55784631641515869
-1.4931444536937093 1.6451523865959115 0.55793298648548595
-1.4894085063118778 1.5504084246110164 0.54579024177851421
-1.4851538978893828 1.4576411190279202 0.5272998171021317
-1.4793948360371929 1.367473508825825 0.50009266664404961
-1.4727965316940081 1.2809259920738987 0.46381774909786971
-1.4654126552542217 1.2027445880401288 0.41472449139303896
-1.4594412619144999 1.131276719026669 0.35604361477499019
-1.4572256455310759 1.0614393648920923 0.29264609134082048
-1.4584959759339355 0.9982263107848981 0.22290139697409228
-1.4675243753230145 0.94509728412242411 0.14498217881182962
-1.4873331904809586 0.90102980995102966 0.059522681359281369
-1.5155111109089496 0.85709088658343235 -0.028846811043473874
-1.5528755627879858 0.81592460695098634 -0.11862420810915653
-1.6012139386364623 0.77722431259913438 -0.20807366041638062
-1.6674361814173477 0.73950113222046188 -0.29518617108168338
-1.7524608304914731 0.69901095299531368 -0.37376525832438529
-1.8478795547851439 0.65444281323376841 -0.43998874123731418
-1.948675339057258 0.60748546252773761 -0.49291215546303407
-2.0581347028039185 0.55260497724730984 -0.53016693225376277
-2.1720995859575267 0.48773387197567181 -0.54472686522290881
-2.2793762278561611 0.42079104647168103 -0.54618653296079911
-2.3813954265547066 0.35081698523594457 -0.53616412907477418
-2.4773409092839649 0.27426170172839076 -0.51189398238601613
-2.5640699660838076 0.18898247379684541 -0.47207955985700023
-2.6374161294160001 0.10064737680117761 -0.4197398593529722
-2.7005945805882416 0.013087879163762571 -0.36393179258110736
-2.7510021141553871 -0.076162644665558735 -0.30006246341042214
-2.7881151614885908 -0.16500150869252725 -0.2294709484371158
-2.8079806653725621 -0.25783618839630468 -0.15282832126926202
-2.8122893357072005 -0.34989047686387226 -0.075983278093514114
-2.80958796107927 -0.43390904251356416 -0.00028245652020973271
-2.7955724032835598 -0.51518508503018146 0.075381642976888277
-2.7609215852595592 -0.5957876389322998 0.15059349477583645
-2.7141482221940967 -0.6708106014682309 0.22050618888145779
-2.6634336513734573 -0.73844694263269006 0.28636679060716674
-2.6037538304769496 -0.80163798324250657 0.34703249401655456
-2.5370706868313264 -0.85954952361630699 0.40237931333403471
-2.4562043739962016 -0.90781937356898224 0.44811341192569576
-2.3703587765559191 -0.9515950600629155 0.48483673452544479
-2.2856113309766277 -0.9932113864055867 0.5172442406524852
-2.1982553576394777 -1.0279914174581566 0.54261118041021339
-2.1054925021665838 -1.0553228459922017 0.55583466300972884
-2.0106152245841504 -1.0788403044468176 0.55801117977776005
-1.9171352610101686 -1.0996826085109068 0.55387954420277641
-1.8247078244092121 -1.1168871964750466 0.54124915996439282
-1.7332629281579819 -1.1321232765345592 0.52102944101468329
-1.6456973710878451 -1.1438886932633681 0.48889213218435662
-1.5637689527484491 -1.1527209941799863 0.44547813179369555
-1.4832592851273474 -1.1630675997866069 0.39798226598629211
-1.4075637462373232 -1.1741835549831987 0.34272180419229825
-1.3410911911078691 -1.1865909849863545 0.27807823991653458
-1.283207513826981 -1.2026603979308765 0.20506418572370219
-1.2314053738307464 -1.2244772166723494 0.12629327813162966
-1.185101550126928 -1.2521684353385858 0.043617189061500687
-1.1443735692498951 -1.2870167312309688 -0.042389884798705944
-1.1083079218967264 -1.3337657204105362 -0.13117747433755872
-1.0780011062669805 -1.3958510316324906 -0.21889591085146368
-1.0470649096698474 -1.4686274821160892 -0.30249183822505737
-1.0171023841203579 -1.5552199634878392 -0.37708488798589407
-0.98555352804620688 -1.6542648977775913 -0.43925136030932038
-0.949578971066804 -1.7637958156139453 -0.48538775571871773
-0.90814351639574808 -1.8763580925977168 -0.51518908462545965
-0.86296968908731675 -1.9873495068762537 -0.53183491150811046
-0.81212909101132424 -2.0966514865242241 -0.53606202566872241
-0.75230838669984579 -2.2035650580783677 -0.52393009241400212
-0.68662950966427616 -2.3025138132106888 -0.49763039528213987
-0.61796065776851139 -2.3932082593893744 -0.46493698150896234
-0.54371472383228558 -2.4747176779881102 -0.42249100011062352
-0.46542857302477159 -2.5458270906908029 -0.37201216815231836
-0.38337513107351295 -2.60450323320413 -0.3130194494356266
-0.29788737166426887 -2.6496496072689735 -0.24852733667212173
-0.21090452070891824 -2.6852371503670223 -0.18426957130516794
-0.12447299944389517 -2.7104805427907661 -0.11816419505341601
-0.037901309753628321 -2.7201650059284321 -0.048348160981419953
0.048228507680272981 -2.7138572730762842 0.021899991957702359
0.13294498435217028 -2.7004867840463445 0.088645573145220313
0.21550160137384411 -2.6784507289273836 0.15319410153822408
0.29586899748826712 -2.6448476596675268 0.21476639674240364
0.37084478539936583 -2.6008593748885458 0.27258770596976017
0.43957556743555293 -2.5451918330072472 0.32545672483872351
0.50882207638967036 -2.4855835058672198 0.37369247494420077
0.57486095654581038 -2.419927245618136 0.41672897517054025
0.63252895213903171 -2.346728717864158 0.45251847065578149
0.68401840697883676 -2.2667615488869242 0.48103212074755736
0.73424657198115828 -2.18263322240667 0.50239613457056098
0.77983316433751793 -2.0957154842615262 0.51706389286510723
0.8211147816436557 -2.0060782631246914 0.52445989769050128
0.85691146920933792 -1.9148782632260282 0.52222110014063872
0.88660340465816412 -1.8230863001731177 0.50889736278712872
0.91433273624719547 -1.7311151609200772 0.48902350589039795
0.93942170902116773 -1.6400672349610261 0.46042881135371266
0.96189151829611952 -1.5519970975679522 0.42302631709586025
0.98124174230104744 -1.4705761972585982 0.37358377070548471
1.0001070454832588 -1.3948615441730283 0.31351964379106856
1.020544727392998 -1.3232459634928007 0.24728610224971884
1.0430874814401072 -1.2603088755024363 0.17329921028761353
1.0708598370292863 -1.2071276782130245 0.091934663111679193
1.1071526896837649 -1.1631390675436646 0.0053601675576450515
1.1520278482470543 -1.125198009831186 -0.082080244093381827
1.205621734922762 -1.0928258662691568 -0.16796968453846897
1.2705353901589529 -1.0660217151401172 -0.24948775109910754
1.3485456230216659 -1.0424191921788752 -0.32318302738445065
1.4382928164660624 -1.0194348282838324 -0.38329713729015308
1.532307829677384 -0.99431242017996657 -0.43291480516737452
1.6305285503226949 -0.96655812290039866 -0.4711698427870315
1.7320526855486786 -0.93431023760414189 -0.49733579628168567
1.8339549287999088 -0.89591631490877244 -0.50916874344587615
1.9332561489803441 -0.85298478538316891 -0.51103240667717165
2.0293983256890877 -0.80510992387404268 -0.50358663629645073
2.1212234699818033 -0.75192313086815976 -0.48688130350514641
2.2075324787874244 -0.69323391383707422 -0.46136993140876392
2.2859057789696973 -0.62896396379070141 -0.42692032131760316
2.3568555316624376 -0.56046209611862119 -0.38721823224951019
2.4196686477628977 -0.48837331745611096 -0.34202629147801328
2.4749961426949696 -0.41307835901432322 -0.29238744169852421
2.5192304798168657 -0.33368949906204365 -0.23833840512941659
2.5529889698648551 -0.25221732623022736 -0.18104586817322904
2.5779901156008234 -0.16944574525621403 -0.12168276908349955
2.5939629756601796 -0.085414467003432956 -0.061022913560494649
