-1.7899792677945188 -1.0210748975087576 -0.41229166395771066
-1.730196272474799 -1.0878457391182237 -0.33568660570432496
-1.6624394067912311 -1.1442028674082574 -0.2573941518273673
-1.5876805896581077 -1.188855735314323 -0.17857736957138365
-1.5073595294247488 -1.2217829610530375 -0.1003855729005894
-1.4219709019452063 -1.2430681103564525 -0.024638717429072254
-1.3326730628024579 -1.2532784618046946 0.047847980437976223
-1.2397278611790363 -1.2522580612055993 0.11551778491217282
-1.1441513746413199 -1.2409377050904156 0.17723818161581872
-1.0450985451113781 -1.218355497404972 0.23181008441510065
-0.94464821261477983 -1.1838540686115524 0.27402206580539795
-0.84453787935314906 -1.1449283994134543 0.30499872356370211
-0.74465799049266301 -1.1005537390068034 0.32439563253047399
-0.64583336649582868 -1.04988138714402 0.33217192121229105
-0.55280766827232397 -0.99124115854113959 0.32794817061475806
-0.46359666590841114 -0.93057546000607538 0.31849701224730681
-0.37943559966754248 -0.86468542968071294 0.29941141523871401
-0.30170632137389164 -0.79548085454035544 0.27295579113846546
-0.22637090881573518 -0.72642587553174809 0.24418458501953422
-0.14576843741798462 -0.66381783038972408 0.22036635641254504
-0.060048043536748294 -0.60737968426749533 0.20452992178374707
0.031095661685374941 -0.56016849786344913 0.19609717046834643
0.1265812678138423 -0.52265521456075381 0.19549790701841213
0.22456506486074101 -0.49372141593933283 0.20550916610166914
0.32411232160343939 -0.47392093482973163 0.22459917539793417
0.42299066756758319 -0.45937749247657428 0.25507345106037072
0.5191497036155146 -0.44745555039765045 0.29602722242392754
0.61164362067830791 -0.43843222338127552 0.34644304670229531
0.69943891097183652 -0.43220960463063174 0.40690970627817824
0.77955530955394658 -0.42673107988501074 0.47848176065480219
0.85393197096943718 -0.41858667317863807 0.55640199490003217
0.92044451696167251 -0.410681747559414 0.64207665032946792
0.97734796058088336 -0.40144432994452522 0.73513923660640845
1.0235868112996254 -0.39233663392373208 0.83435247482248098
1.059077101246054 -0.38351342969049507 0.93851881827798167
1.0838122451861281 -0.3738651793113511 1.0462328895352748
1.0982686033950639 -0.36275930885582786 1.1566074728938358
1.1008902213586274 -0.35163171559037987 1.2698710462219962
1.0878150412024428 -0.33939160509954108 1.3823578505448733
1.0636968166907796 -0.32500471109057411 1.4914716282346219
1.0311604249554807 -0.307823073285795 1.6016059177622346
0.98216038313713416 -0.28667756770123359 1.7055735034540689
0.92398589603896841 -0.26486118943968628 1.8004977824373936
0.85701917798038296 -0.24225224593708305 1.8949808359499773
0.77554470585278945 -0.21602252903072369 1.9766094830068954
0.69004914554781127 -0.18875611640513437 2.0486049574949785
0.59484634620517096 -0.15849787998655404 2.1140851387847821
0.4927845049581473 -0.12734535083395823 2.1633616610289095
0.38698740671914722 -0.095502888460180624 2.205074672954872
0.27452347363333829 -0.061834575363630878 2.2305093300258854
0.16399883659449821 -0.028513363863376419 2.2434006908708426
0.049605250345378701 0.0061928014146858503 2.2463248240706513
-0.062709093632658433 0.040241042580227336 2.231469217087426
-0.17327148668926634 0.073849438545708412 2.2085115540532416
-0.28116539985560651 0.1070731302148404 2.1680256434265552
-0.38063194181693438 0.13883187937474645 2.118532491515138
-0.47830480570405293 0.17073580073610031 2.0583560261698257
-0.56469251410418331 0.1989543018259087 1.9823410278316866
-0.64329366491187856 0.22535540464504483 1.9033517209766504
-0.7139764941633916 0.25077286985571628 1.8130168561051918
-0.77076591565569164 0.27545564949449203 1.7150821166734231
-0.81890480031655977 0.29808610112499073 1.6144290702429931
-0.85589577628775038 0.31817158619789371 1.5065527121402063
-0.8780706284309433 0.33425960656594966 1.395361598657282
-0.89050273385382905 0.34978435920738177 1.285006576502904
-0.89106974003866013 0.36474312766292788 1.1736656674484671
-0.87801117764116565 0.37871350775555251 1.0628119270545668
-0.85246888835400036 0.39010382155948775 0.95518273623331895
-0.81726657627435884 0.40190868204585112 0.85192880082505007
-0.7719546742425043 0.41351721044261347 0.75326576614225782
-0.71694261586435282 0.42471845122606727 0.66015207330551451
-0.65230014444221895 0.43543185624358277 0.57374561062006879
-0.57863920701557803 0.44452932608427681 0.49511768771105219
-0.49820690485899105 0.45176471765637366 0.42485181945814326
-0.41221207557009415 0.46197492217324831 0.3636582069367128
-0.32105635413728889 0.47417865685181315 0.31178989575328209
-0.22557591378650876 0.4891584524720119 0.2703752420925134
-0.12724255036152943 0.50664651869885269 0.24097547284919468
-0.029496298594697573 0.53159713214191151 0.22132926566631062
0.066435964500560774 0.56638152199191949 0.21229714065898403
0.15982811457124121 0.60961216897046311 0.21359418425053733
0.24918895342650149 0.66115508892189045 0.22193764717012282
0.33362295992872304 0.71988706263160662 0.23876843164064659
0.4126492029705901 0.78555525346872512 0.26187121171913852
0.48871448908075177 0.8559553590725848 0.2897684095496284
0.57235823652968987 0.9218735277387049 0.30592529088579917
0.65853741387148212 0.98721877611114517 0.31938800884604168
0.75186591007281545 1.0453246010411648 0.31914493528057725
0.84686843467750872 1.0981036477540311 0.3103061680313407
0.94589694691277471 1.1477240778542894 0.29499134799346538
1.0453555287041569 1.1907592233104458 0.26270776168199839
1.1422988569948986 1.2265800146945327 0.21813185308310473
1.2374480881522703 1.2549402628320603 0.16359830715937035
1.3312727169096721 1.2753565345059954 0.10009326654805051
1.4218278208914801 1.2837754993457251 0.027751200668408853
1.5077467546348895 1.2793858459497418 -0.049168485758121813
1.5889935718165 1.2647086720668381 -0.12982867151082861
1.6656014896946136 1.2391712705961804 -0.21330985677063546
1.7372958692659637 1.2020367596845616 -0.29787805334237899
1.8023746668205369 1.1534002872949383 -0.38272474431858022
1.8600530954622472 1.0939013533986575 -0.46602942970143074
1.9110075997414011 1.023656354010267 -0.54586561673284117
1.9535888698758592 0.94353346904116731 -0.62184114999132734
1.9865122340277677 0.8557155819792378 -0.69348959548987243
2.0103661496565928 0.76123577550856703 -0.76017746966232014
2.0252594364593479 0.65984224203324038 -0.81983241695870646
2.0300271504966667 0.55378225229053335 -0.87228326495856168
2.0250245408411591 0.44441000700313554 -0.91746664848259141
2.010623988833411 0.33205614112033666 -0.95274750120703844
1.9866546050237868 0.21909495892174211 -0.97858258983793267
1.9541981854635613 0.10650025724117004 -0.99360073195508203
1.9138003730050557 -0.0039798620847978344 -0.99725784724788957
1.8669282499018831 -0.11071133777564544 -0.98955650623175273
1.8152408211273696 -0.21260018017463334 -0.97026379851871403
1.7604310630025604 -0.30864700252248373 -0.93958993764497201
1.704593935471798 -0.39792496027507035 -0.89859081441656008
1.6482129778688657 -0.48199691009061996 -0.84753787731654484
1.5939717338798483 -0.55532069258458827 -0.78206321212077723
1.5442622219439988 -0.62107084276585411 -0.71053550967799084
1.4995336131885837 -0.67911668948302384 -0.63115211839174923
1.4685992680159374 -0.72518454206081651 -0.54389361281586879
1.4519022368572772 -0.76577354561976096 -0.45384711474049183
1.4425978758142606 -0.80392154269638139 -0.36748052847454787
1.4508967381577893 -0.84662830374665843 -0.2821182454247495
1.4605120119629702 -0.8915504777258132 -0.19663816786507798
1.4795753752101488 -0.94272404974421586 -0.11793162288418309
1.5015764420568984 -1.0106167235487569 -0.046210382172859762
1.5227931470759817 -1.0904052072509964 0.018623082102801641
1.5400823408907973 -1.1798735378125218 0.075451052831702475
1.55106370072877 -1.2771428868648016 0.12347343642043668
1.5556603703048262 -1.3805169538288473 0.16281383291027962
1.5517804994927171 -1.4883570631777372 0.19312149487864172
1.5391531948230917 -1.5977916487847792 0.21481134948820824
1.5200553902926541 -1.709893992240477 0.22680236087612016
1.4903615295541222 -1.8228789751388594 0.23076890130217786
1.4494726055497855 -1.9336040581937575 0.2268614984244442
1.3965127418620757 -2.0400383467360754 0.21627706124288182
1.332217829288284 -2.1392173545145772 0.19898135119596488
1.2580579812882497 -2.2304759812004558 0.17671787277335474
1.174508335675865 -2.3125991003714863 0.14936117723631323
1.0830707037265601 -2.3839473276901537 0.11727360879246897
0.98502534895698435 -2.4440168907707216 0.081915499284772278
0.87932789105136333 -2.493279449321586 0.044490435389064401
0.76853767832551101 -2.526464532807041 0.0035635284302025366
0.65746913461413126 -2.5457441380919708 -0.038055651410980468
0.54564293743792336 -2.5527543624037903 -0.079338793992534809
0.43278903932612955 -2.547422490773668 -0.12064309499748253
0.32131899400169905 -2.5274763759649188 -0.16334638766087595
0.21634729129530178 -2.4946207806717702 -0.20776731053576303
0.11634394559131786 -2.4527118145504945 -0.25178326225546277
0.019962042244781993 -2.398622699610677 -0.29611055478197401
-0.068393095639070214 -2.3311573788313025 -0.33929734179382298
-0.14685896731115111 -2.2558407993061529 -0.38093085185750136
-0.21716937051476098 -2.1739680683718539 -0.42109375715923986
-0.27873978642836117 -2.0823831277250116 -0.46015974543448218
-0.32611761376118281 -1.9823122829973812 -0.49581223473546027
-0.3647687257388334 -1.8821662369277714 -0.52826437319275754
-0.39763159390452735 -1.780848116132155 -0.55883928182769971
-0.42570704519772817 -1.6801229035444671 -0.58757283328501264
-0.45536558049767334 -1.5822069393146236 -0.61638199222483414
-0.48502710963665902 -1.4842575112184171 -0.64517957153610583
-0.51481035601416292 -1.386042115509335 -0.67375993860666106
-0.54556437135104519 -1.2864873274783393 -0.70040072710073753
-0.57907187518258008 -1.1846391129231681 -0.7200789927158705
-0.61607356490415843 -1.0820283034386264 -0.72841179742058992
-0.6556100859791586 -0.98066233894996802 -0.72671814959281056
-0.69737130236774436 -0.88121369512787262 -0.71547887404391608
-0.74086299172743308 -0.78389037997287325 -0.69468650377425623
-0.78513375771950444 -0.68996175711329399 -0.66322836061887924
-0.82922446698094709 -0.59946304563925557 -0.62333532313472551
-0.87260886768200385 -0.51346900823927766 -0.57355868663205012
-0.91455172161639342 -0.43372004188174973 -0.51328085516681166
-0.95531671530141138 -0.36710751623746951 -0.44056984614677613
-0.99608637900700991 -0.31246895827757959 -0.36303808677308719
-1.0412952404775415 -0.27452946511827253 -0.28000713016904771
-1.0879095731211006 -0.24489073756170582 -0.19792713143187063
-1.1466158091813279 -0.22440199785208434 -0.12265620462135206
-1.2150049442474373 -0.2059984323288607 -0.051490685735163147
-1.2883116117166871 -0.19133782590965279 0.016416718437540681
-1.3740682904763502 -0.16980775249893446 0.067945796445211468
-1.4658008805119078 -0.14753876671305602 0.11638432851126959
-1.5626129875208208 -0.11287265814605559 0.14667277557594025
-1.6608609518442223 -0.074110282058502008 0.17104006083198345
-1.760093791035511 -0.026944956314569321 0.18537928584920033
-1.8561065285277083 0.028678774086109117 0.18878774192384601
-1.949121706279092 0.091168487894009317 0.18418644150704294
-2.0391372738347577 0.16135935118609479 0.17186313574923628
-2.1211821209707487 0.24055603689515181 0.14993354177601323
-2.1937056837244882 0.32625785413782488 0.1199573761939615
-2.2565490330204883 0.41797795975540541 0.083539734563338866
-2.3083753281572403 0.51466444349595253 0.041639552844757496
-2.3494731479119011 0.61503829925676778 -0.0055322010071829492
-2.3784318745010791 0.71840336132773186 -0.057712263265855421
-2.3942708695453576 0.82401366103439388 -0.11252261501413481
-2.3963643081961328 0.930606269577954 -0.16929240006042734
-2.384314781483774 1.0360650271412741 -0.22764782432591729
-2.3584267134164056 1.1392571099540183 -0.28500661473510258
-2.3197593586615373 1.2393697902104643 -0.34110726982229822
-2.2680148195155563 1.3347063535299506 -0.39652657562393739
-2.2041573975816924 1.4233339370290909 -0.44853725529027771
-2.1302830166838191 1.5055093976236402 -0.49711148979067848
-2.0453746826370702 1.5802356693122062 -0.54201905848903875
-1.9500853434520025 1.6456852634987107 -0.58236114057273569
-1.8464144770571069 1.6996152452840581 -0.61657004685195071
-1.7377547266380218 1.7427910196770362 -0.6439278038513605
-1.6253536024782456 1.7754699800386538 -0.66475485169396731
-1.5098951975236148 1.7982753642247866 -0.67876411483162225
-1.3910049928987425 1.8102679067266361 -0.68379686136811912
-1.2733664762823729 1.8109764867245335 -0.67760029377288677
-1.1598225362130521 1.8048501297893313 -0.66439710328894763
-1.0463567702880407 1.7898321548940828 -0.64108511065634732
-0.94060263445444081 1.7631826423309782 -0.60293294971584477
-0.84209766822843124 1.7344754835903857 -0.5603677383981468
-0.75049922152945259 1.6997459649180531 -0.50681564372608168
-0.67077819263071892 1.6618254578087717 -0.44287511159681964
-0.59565337310601252 1.6236302044508668 -0.37598182239520628
-0.53979225946391807 1.5845787336342463 -0.29544209049451753
-0.49052333897876194 1.5521256203270861 -0.21278443166410504
-0.45173442047008033 1.5289383943410826 -0.1291061567677807
-0.41654043438944682 1.525373212381808 -0.041706461583022922
-0.3817286687231739 1.5234324372563819 0.048169707094403297
-0.35551774815213222 1.5355363559791231 0.14416648390704626
-0.33272468327334398 1.5441239038255419 0.25199539431417778
-0.32272356590344281 1.5390659123962278 0.36452480077731247
-0.31471169760550416 1.5241572371848842 0.47877104931597358
-0.29838855484883159 1.4952177000345062 0.58911533972115426
-0.27789604908765919 1.4597961989810746 0.69477519486804451
-0.25076587734506689 1.4140098280078115 0.79785182026771295
-0.2164910023284794 1.3586110817579602 0.89071791344061091
-0.17828615529653524 1.2974282399599106 0.98202361047176467
-0.13269336873729626 1.2209962827211052 1.058031317077829
-0.087428578348087913 1.1415771499381819 1.1262054268374133
-0.039550361901101214 1.0505866489200755 1.1826940022157937
0.00656432097300641 0.9547364349082863 1.2236668332061427
0.052802727411815013 0.8535220793929944 1.2573519458384512
0.094118731865240848 0.74560777523537725 1.268810422004605
0.12907289557106236 0.63926169818979406 1.2741866582506307
0.15530879092151473 0.52972075929821072 1.2678412057212953
0.17099870011516638 0.42119673212696784 1.2549241431028857
0.17722657644439305 0.31252474994403812 1.2361996373244188
0.16457548602476335 0.20801083451611713 1.2135075170834202
0.14164344174450919 0.10940122877148684 1.1953375143649518
0.10959334273337393 0.015191514213586409 1.1869924264432703
0.07653050133169674 -0.077975312430940233 1.1889797868698169
0.048383389872049085 -0.17392619141837259 1.2024261561336147
0.033269142679197367 -0.27742567066794804 1.2234269238326316
0.035871960102279159 -0.38485955955216733 1.2393532542232424
0.04442804583287259 -0.49521701548229546 1.2540276225359828
0.070831303933623482 -0.60371534158646767 1.2541645303311686
0.099817366637062796 -0.71261672708977886 1.2522754776173592
0.13979517897855873 -0.81892040694761403 1.2330796470519496
0.18127863494229363 -0.92073473214094759 1.2044625694635336
0.2248806329571455 -1.0200691072766528 1.1614208575099876
0.26771188321163492 -1.1093676248455102 1.104152683891098
0.3112384751700239 -1.1958056440487166 1.0381857036954847
0.35116355210731648 -1.2676557911537756 0.95513767064512989
0.38713204679276436 -1.3325699940685738 0.86856633175641496
0.41691154069381459 -1.3878533842626806 0.77113840460634753
0.4404197465908184 -1.43373036645373 0.66958618897254318
0.45838159901205672 -1.4715551249103431 0.56183112971748639
0.46792355772980537 -1.4969966622512891 0.45128577845112844
0.47337480634739532 -1.5163491912923721 0.33816610010573656
0.47422730327143164 -1.5203144335119751 0.22335377478396778
0.48195621527071059 -1.5146275066934067 0.11266669211779276
0.50276679361837118 -1.4989883126454402 0.011094739134559564
0.52824545814661772 -1.4923439375554111 -0.083839753053605096
0.55642572693638337 -1.4888483658326916 -0.17376919951910508
0.58736973919163427 -1.502702552277831 -0.26045613714649185
0.62523288869500027 -1.5306052205722893 -0.34871087635506487
0.678042721005226 -1.5648844350274804 -0.43133783540009202
0.73751816352803978 -1.6018310773395295 -0.51208082138404332
0.811495800704925 -1.6381625519387568 -0.58322494549840742
0.89436587637629283 -1.6716000006483198 -0.64621966973124312
0.98535945278943793 -1.7037158772869456 -0.70521852340281743
1.0872999537773305 -1.7278044553068446 -0.75016716123676863
1.1934862760655129 -1.7454594394142657 -0.78562089940804769
1.3069732881412734 -1.7576229911539742 -0.81460043313189245
1.4236677985488768 -1.7575241899074268 -0.82924323330329563
1.5390679607098443 -1.7493564958789647 -0.83528043295713916
1.6569040881525174 -1.7328477867765484 -0.83387558220739233
1.7742664615911277 -1.704709057828131 -0.8233438075122016
1.8864807392115179 -1.6649366442298106 -0.80369999516800006
1.9926542274827654 -1.6151517130727018 -0.77737215500173318
2.0924822680418771 -1.555424210373717 -0.74472301788153461
2.1842997190212561 -1.4861849284571131 -0.70618347911409052
2.2663420824809073 -1.4085169273592202 -0.66255531630279196
2.3384228662451547 -1.3237438924360831 -0.61411769268563343
2.3989721725705322 -1.2318899596577007 -0.56155196485010761
2.446604769916187 -1.1355175644858893 -0.50556039865536329
2.4819926222843645 -1.0355324365072365 -0.44729673544057563
2.503766959696387 -0.93223585665528352 -0.38721941142238203
2.5113296171629633 -0.82729936325882913 -0.32713257001296958
2.5048575688194692 -0.72245441833792223 -0.26806470015830419
2.4849030515816533 -0.6202321445694452 -0.20917027445835296
2.4523499823501758 -0.51969829332558903 -0.15464883120017708
2.4072666256077611 -0.42232479447039761 -0.1042920202953052
2.3500112044718358 -0.32989428246785846 -0.058863768006891623
2.2824385381345436 -0.24357091332627906 -0.01925578279827532
2.2060237060026511 -0.16383485045288182 0.013887825662591433
2.1223726516779511 -0.090898295734088821 0.039813898868303541
2.0316505285262632 -0.024703088083132846 0.05760528276246641
1.9343883308855727 0.032402406871551194 0.064299023015695164
1.8362430549032094 0.082130868709145224 0.06207490191045674
1.7370198352794488 0.12637310437742627 0.052204120409500537
1.6370375221716038 0.16085036718829832 0.028429595617669404
1.5402485680560534 0.19040745265972855 -0.0027589290463331528
1.4484130179800108 0.21288992067509113 -0.045959664510258777
1.3657872829325102 0.23121189221552571 -0.10309740933305821
1.2880197794840844 0.24959566513589734 -0.16299248875861011
1.2256980319457544 0.27234765428106145 -0.23450535190897537
1.1678888280209874 0.30126151764652176 -0.31016949052343468
1.1154841608068917 0.33477328507286624 -0.38949714097039806
1.0684110488731116 0.38329557632370975 -0.46636117536309069
1.0231712540552154 0.4501547524166552 -0.53437937980001482
0.9776711320995789 0.52638262050563378 -0.59426459097024653
0.93163344731481057 0.61029114145088159 -0.64587098890572892
0.88437983634848694 0.70121934082176063 -0.68384539824681634
0.8379420533170685 0.79522059533586331 -0.7104227739511858
0.79312996067030628 0.89139992996934758 -0.72876972698299913
0.75040096471400741 0.98997424993636396 -0.73919044310170956
0.71005002918064219 1.09141444320217 -0.74134373026036027
0.67227490912276766 1.1941725752020924 -0.73165593257877426
0.63793685253716692 1.2962787365057649 -0.71144128439338172
0.60860389202874321 1.3956025979184545 -0.68052744836113332
0.58072351836232894 1.4930063732091763 -0.64767296195665758
0.55303293616916127 1.5901817440435588 -0.61439488842971302
0.5253795868263943 1.6872360017783996 -0.58104993701146535
0.49808849275206207 1.7848914646466192 -0.54777459350016133
0.47147560646435394 1.8856085788315426 -0.51417445797385763
0.43923465555185598 1.9883331529315602 -0.47763426529060188
0.39538729998304611 2.0858811613700947 -0.43719695016169652
0.34283097764080772 2.1775143877879541 -0.39427582936219085
0.28102900404426173 2.2663573730885003 -0.34800191554336174
0.20671775406130927 2.3439021786571814 -0.2984965093030047
0.12607019976373143 2.4104149361664033 -0.24810838724147055
0.038343884334168417 2.4691888452263084 -0.19584678995851906
-0.05766145981395808 2.5172619171871369 -0.14208180163090939
-0.15977408649103059 2.551035539635826 -0.090474659664316268
-0.26420019589458799 2.5726831233618306 -0.041141011164924898
-0.37236640307986396 2.5845080723996663 0.0079936254282902686
-0.48359819189744196 2.5824197952543044 0.058737159262931195
-0.59334322263887207 2.5648054506660891 0.10745727023498013
-0.69991808819424206 2.5348194794568761 0.15367199254912428
-0.80332024356045573 2.4925311242969483 0.19820739786379959
-0.90248192330711019 2.4376987553896052 0.24101052437571174
-0.99617140585918362 2.3693908714054039 0.27966291390334896
-1.0814268516500776 2.2891197314857941 0.31151697585253413
-1.1572017795470984 2.2005137105379209 0.33866965306488334
-1.2239516491668485 2.1037394207094802 0.35963565969362316
-1.2803329513409254 1.9995759250037102 0.37373601247605986
-1.325313171251147 1.8901123941442308 0.38049912834210986
-1.3592396348774141 1.778268397602536 0.37835181733898099
-1.3838712884658277 1.6666382855499446 0.36750954963270921
-1.4006046890276578 1.5564780424317042 0.34835380978482838
-1.4102420319798021 1.4482936914276199 0.32010569420508117
-1.4115052329872686 1.343455978164944 0.28188929970819598
-1.4059350572946381 1.2444466324452441 0.23459256335750889
-1.3951108762629827 1.1526154617165791 0.17827026073377636
-1.3790985659166453 1.0709487923969059 0.11216450020069521
-1.3612702183665617 1.0026048471134996 0.038107876529038
-1.3458836475723166 0.94731163705034693 -0.042813349368879247
-1.3358236824158412 0.89989310631462371 -0.1244625530374497
-1.3362363534195159 0.86152749481332092 -0.21210953681727962
-1.3421957172583123 0.82285999338664839 -0.30003983686684876
-1.3601027321359112 0.78795644448028934 -0.38856711520170145
-1.393778826966416 0.74617166543959168 -0.47503390868175449
-1.4384011080715102 0.69629851634323336 -0.55683953702040545
-1.4910321374188362 0.63886663225044582 -0.63442647710480005
-1.549232782346484 0.56836735333238242 -0.69836339497525202
-1.6080802905432192 0.49137317932091146 -0.75233439244308287
-1.6683446502667509 0.40727794834423769 -0.79919380933281015
-1.7273286285398646 0.31399137434530666 -0.83383665440972488
-1.7817429389120096 0.21450064367191801 -0.85679857927236125
-1.8309881288694545 0.10990697976725415 -0.86896835034541875
-1.8738211983154254 0.00095175295450313467 -0.87030391543608832
-1.9087927997927432 -0.11101916271516869 -0.86109525641959139
-1.9346839766997803 -0.224335668804511 -0.84203367979968435
-1.9515772720968094 -0.33751115594874215 -0.81360762193658931
-1.9594763562596778 -0.44927681659385688 -0.77509056901945284
-1.9564472040795979 -0.55875362521991712 -0.72914802678331203
-1.942285781183053 -0.66451570166391294 -0.67732078685041308
-1.9187510708013806 -0.76403719650403168 -0.61791670189812631
-1.8857889966717343 -0.85721680154817304 -0.55312797568029048
-1.8423730489429513 -0.94376197439331588 -0.48485421672347911
