-0.9458361905926812 -0.75290478274535633 -0.034752729950570077
-0.87792672154445006 -0.79093211155140286 -0.012073502362610233
-0.80848198975445529 -0.82339763644942421 0.010165853708271416
-0.73655320906702293 -0.85062314902850367 0.031952351493923475
-0.66181993812178519 -0.87268399070164437 0.053248331755169839
-0.58438388888624082 -0.88795627189932436 0.073899217911493204
-0.51002814032764865 -0.89617445425465703 0.092747710565835556
-0.44239734950383364 -0.90557671480273672 0.11044299436466989
-0.37754107138266602 -0.91941875178946852 0.12786548863539529
-0.31496706943256009 -0.93667285341139483 0.14545150366802423
-0.25467816077819866 -0.95942655522420939 0.16263551907061174
-0.19638583397651718 -0.98536294647572653 0.17910456319041676
-0.14133578657403786 -1.0170278680433886 0.19603463556581077
-0.086494759058206055 -1.0551969051445078 0.21450708378480104
-0.029603659138590178 -1.1016007250628828 0.2325823385673573
0.033102307930181936 -1.1545270236187606 0.23990073570257231
0.099235975327317649 -1.2052562580804724 0.23595441185905588
0.16750634242802726 -1.2522358050525839 0.22544577890519402
0.24028499168424491 -1.2954123785824494 0.20849448682637556
0.31637149205300213 -1.3309360849016707 0.18464651956765277
0.39293485313549381 -1.3581206900373828 0.15634145716353862
0.46972129149282649 -1.37749295995486 0.12430149035599083
0.54675581243831561 -1.3889114163073037 0.088853083543085146
0.62464398085642159 -1.3906029521561805 0.049633686238082522
0.7004106407788222 -1.3814157962262539 0.0086179181024651497
0.77199048679061055 -1.3658048085111794 -0.032212959015342324
0.84049203420420382 -1.3434240777677802 -0.074281744095804014
0.90560203342978363 -1.3120174428316098 -0.11732967849310674
0.96597294610547624 -1.2711478715069457 -0.15954242570858815
1.0205132672084256 -1.223514129375735 -0.19966708088505616
1.0698659224653833 -1.1707870606754349 -0.23621250320129802
1.1141603697200153 -1.1130804990225427 -0.26780508247086565
1.15152195842844 -1.0493230174738117 -0.29427903274617118
1.1810762201014102 -0.9819494717091195 -0.31675920282111458
1.2074130046042302 -0.91579757410180984 -0.33687234292946278
1.2289624898286768 -0.84922686713965145 -0.35392416456009712
1.2453088570939099 -0.78289981197995662 -0.36657225603970012
1.2568327345072472 -0.71828280124124644 -0.37315200248425584
1.2664967562485545 -0.65545691240202164 -0.377158630252871
1.2749247732142404 -0.59365566354685884 -0.38130383661335887
1.2817421353223688 -0.53367425530021495 -0.38352522514904119
1.2855651719785737 -0.47764138606868045 -0.38299405329670733
1.2873383568334364 -0.42357960961425201 -0.38151937405647185
1.2896509423539995 -0.36784841066195495 -0.38120836191090846
1.291459022502603 -0.3111850771493968 -0.38111382178241404
1.2924814297396303 -0.25556167381178208 -0.38092444989786178
1.2925800396477296 -0.20320795625442917 -0.38063018886673983
1.2915950633368913 -0.14896564751175395 -0.37980503733946447
1.2889461363897934 -0.090843743032957003 -0.37835641702666234
1.2845854371535301 -0.031761399073410079 -0.37646572307573811
1.2794732197465888 0.026394003313171432 -0.37509390574986778
1.2720113018522152 0.085025951801376426 -0.37303983207276759
1.2604395704567894 0.14631226610503334 -0.36839408247474381
1.2452262981460609 0.2089995162108641 -0.36141360147221679
1.2267374897795629 0.27216232404702656 -0.35264191079290319
1.2059021005226152 0.33551193844155641 -0.34279234838669781
1.1790283157184709 0.39789209494754246 -0.32953961814564925
1.1455850499614031 0.458490775571609 -0.31238293269920103
1.1073842344325955 0.51686872585759736 -0.29246058501372596
1.0652086739750795 0.57325996277996993 -0.2702567700965337
1.0179121430778135 0.6257860538526907 -0.24504821864228568
0.96493854094897669 0.67186706884741343 -0.21640172306194552
0.90765877438147879 0.7116320010476751 -0.18512352698189746
0.84693138346003383 0.74595593450194497 -0.15173435785100883
0.78295436937497243 0.77241491518146865 -0.11633581718211136
0.71781647178500074 0.78772776086606933 -0.080401597459075491
0.65370093091445525 0.79800301961414444 -0.045359824620878786
0.59103680350040699 0.80735832347691372 -0.011247306746496682
0.53074763370511879 0.82012649968268914 0.023217403997888658
0.47315212429330966 0.83909286526975113 0.058786292870722831
0.41936432223978598 0.86555978058132144 0.096195672259035331
0.36888693326774669 0.89796423895594524 0.13419164991130231
0.32238395341055814 0.93542653387124286 0.17215081479233085
0.28027140219798563 0.97756223161403422 0.21023853278754756
0.2461102080512759 1.0215332714112577 0.25156534872733449
0.21750419360447065 1.0697121370796987 0.29002970989218668
0.190318051066003 1.1242293192770929 0.32236234885980108
0.16321368329695216 1.1822682793889099 0.34952921084973165
0.13655513327280627 1.2428617073592405 0.37103662350763877
0.1085474125493669 1.3064752477760908 0.38620138613358346
0.07884250306170569 1.3714671868368189 0.39638362306435415
0.047754665484143408 1.436418223649278 0.4020877364122033
0.015485414809810326 1.5010453491587659 0.40397143047563422
-0.018708822103590199 1.5651667209833762 0.40062514760208612
-0.054955314306496243 1.6284567102438887 0.39213320785841044
-0.092890803371503808 1.690573556943106 0.37941636581312388
-0.13245886927852088 1.7515455829782012 0.36292183977966064
-0.17382985214071592 1.8115330150935818 0.34303709732319576
-0.21741276394928163 1.8684682249323135 0.31823748535054852
-0.26237528360263007 1.9225316954790825 0.28917414993492818
-0.30881615482627073 1.974453674171752 0.25624297057348133
-0.35702441540886376 2.0246893956961705 0.22000812507886697
-0.40715662475545078 2.0716131805729394 0.17944182892178479
-0.45839531825362845 2.1136284212906418 0.13455524130172966
-0.51045554973502727 2.151242540708922 0.08617740679905414
-0.56339503806021585 2.1847562525792057 0.034491018122538616
-0.61808733414689854 2.2156397478477405 -0.021380604091125438
-0.67348355191374465 2.2393906211775962 -0.081071829013059482
-0.72767850114016019 2.2562277112884339 -0.1425801671640067
-0.78155925257652659 2.2676382512442834 -0.20690586794476865
-0.83555115818131387 2.273684413690146 -0.27443020641749272
-0.88964425521662016 2.272740658846053 -0.34418348639712704
-0.94136357866024678 2.2638618608287522 -0.41420739256923311
-0.99029892493105898 2.2483782840692963 -0.48452550235141312
-1.0370134857506081 2.2264132805594365 -0.55561943540120051
-1.0826969461555274 2.1974098362614356 -0.6285143047830849
-1.1252322263427919 2.1595382202089004 -0.70004265954444533
-1.1633396967530119 2.1156510579687247 -0.76778038330414677
-1.1977670350599181 2.0659302060684546 -0.83316987114763774
-1.2286499751686981 2.0100027564322724 -0.89662361054245043
-1.2555027569531982 1.9466596634436799 -0.95789782179002947
-1.2769013872002559 1.8777686957879478 -1.0137582752940026
-1.2939489182247512 1.806483911972619 -1.0638415645737245
-1.3069154010502078 1.7318075901362193 -1.109500792428268
-1.3151835639946898 1.6520196181656222 -1.1511515163588566
-1.3176815242348616 1.5683443374384962 -1.186417683969812
-1.3161599624492448 1.4846571685758256 -1.2149180316155048
-1.310847362912515 1.4007753298578376 -1.2378147699358792
-1.3013156728162256 1.3161718104917841 -1.2553293869215685
-1.2863541790214204 1.229859529080805 -1.2667467974459397
-1.266825581432272 1.1450346485562857 -1.2708576922825388
-1.2459583694208276 1.0635129012539075 -1.2699782275704132
-1.2224263631961205 0.98379634326840792 -1.2639600006822802
-1.1951802121977391 0.90548311884301835 -1.2524810008383056
-1.1642942923543003 0.83007032479807574 -1.2347337054561787
-1.1325472560280965 0.75878949619098335 -1.2125978993664421
-1.099644933727866 0.69079995441335462 -1.1873047857528778
-1.0646885713284215 0.62588330408704851 -1.1583805639539035
-1.0278882315899027 0.56496009209970821 -1.1243177122212782
-0.99022079729151569 0.50913701492235153 -1.0855498829528112
-0.95212428237551372 0.45645465637073956 -1.0456684261554436
-0.91354367149123583 0.40750228132308497 -1.0031410656991007
-0.87485887195180057 0.36273072112662941 -0.95772169074049629
-0.83650453593108876 0.32291145190885695 -0.90914370587921745
-0.79853749451797318 0.28724578936512435 -0.85837059639690405
-0.76089078607567184 0.25445625860225152 -0.80611738139193245
-0.72360595239032421 0.22518605987270926 -0.75186561495634618
-0.6872146540571431 0.20022140942109326 -0.69564928322816677
-0.65195038234593516 0.18043981610020893 -0.63701640231539369
-0.61743961023014404 0.16374475448630346 -0.57675302754012336
-0.58435271720107906 0.15069287130368206 -0.51486293173086617
-0.55309313598279053 0.14182769395597783 -0.45142657092271055
-0.5246050573641835 0.1382735646844519 -0.38669796450512095
-0.49883723403891522 0.13935825171945557 -0.31952432583701684
-0.47413152064678232 0.14479141720286243 -0.25134703215935916
-0.45363852316230679 0.15484810392671761 -0.18295784176443117
-0.43802968459907771 0.16822058896588063 -0.11482896472971285
-0.43329735583342843 0.18354975651575217 -0.046343448041783003
-0.43777654687597539 0.19579871760919781 0.02392719746235894
-0.44956435443595488 0.2072786593356456 0.094882349099645144
-0.46370344831821037 0.22452517510855227 0.16478337856285347
-0.48295578028813163 0.24860450727859201 0.23119823966307418
-0.51003901535679552 0.27385544049161381 0.2944119875954741
-0.540029283867972 0.29995182979357471 0.356624769587777
-0.566877299402062 0.32423462211838849 0.4224660990824155
-0.58444511267891697 0.34403812068001388 0.49375843063380775
-0.59356732482446051 0.36016773467670149 0.56704027598999562
-0.59582183869900773 0.37290713811700987 0.64064828301704946
-0.59284272836817786 0.38298599670324229 0.71369509369818329
-0.58402278840328081 0.39007019271258497 0.7857452196986594
-0.56798972228494993 0.39341044817097015 0.85520844886116865
-0.54553951250270361 0.39324706675341958 0.92165842094788741
-0.52087975669468745 0.39170193642029072 0.98629975580488594
-0.49275691836686591 0.38807728091287358 1.0478699830848452
-0.46135365827216718 0.38236494097335977 1.1051910944608927
-0.4270500191382991 0.37452580450051537 1.1573587233673157
-0.39125094948671468 0.36528792727725468 1.2070017824449477
-0.35471360954547343 0.35528712065623946 1.255369640184516
-0.3174949208293667 0.34448367927536672 1.301175267267997
-0.28100610537330029 0.33334777408731892 1.3422659579697107
-0.24437707489080249 0.32149654278816331 1.3807777718927776
-0.20625306584362155 0.30872511126531321 1.4205824101031284
-0.16749947574014951 0.29516193440275518 1.4600147202943821
-0.12911569356934127 0.28114752244746199 1.4984603950835242
-0.09238662094210276 0.26697500845472599 1.5357229219716682
-0.053585178413695263 0.2512882298574719 1.5729693951135471
-0.010879734601203318 0.23371960397869043 1.6106434140415038
0.0339487981184243 0.21509390027872088 1.648024340789443
0.07969117404695511 0.19655666144317988 1.6859210986463307
0.12835136283645251 0.17604329788803846 1.7228317542790581
0.18103677980982122 0.15102210426618273 1.7565469693998956
0.23609186529202122 0.12231748757046355 1.7872208873457134
0.2931207959602406 0.090938560842677166 1.8155003011342383
0.3524085931168941 0.057576053234891678 1.8425778355841405
0.41467196130082856 0.020912747336166604 1.8631281143451865
0.47907357276153195 -0.018379360024673497 1.875757957145441
0.54514083470440877 -0.059297837484011934 1.8825259662230389
0.61291805440613067 -0.10213067527852387 1.8844114092201079
0.68171155532207484 -0.14657504353008077 1.8787689469506479
0.74958517655334234 -0.19063655512402994 1.8629729105898045
0.81582445970066508 -0.23393315848524604 1.8384837221773374
0.88001136612042885 -0.27679149729752339 1.8062032905972627
0.94343597393260781 -0.31999446873454063 1.7664479149370964
1.001327527222486 -0.36127863439052055 1.7167402553832674
1.0524571542802568 -0.39872575057375603 1.659934271777133
1.0987416277470068 -0.43256430817712599 1.5966375065758256
1.140376399888462 -0.46271819192356067 1.526788238370036
1.1756175820003918 -0.48793264846289885 1.4501404052868212
1.2029060323589975 -0.50615026840147459 1.3696036929716384
1.2228675558990378 -0.51877146960511156 1.2873642490330202
1.2357473941480017 -0.52685971776513008 1.2035662140510166
1.2410603580671793 -0.53067469756084751 1.1173686485480101
1.2371972888233571 -0.52914133307656996 1.0313379375797771
1.2268755650700398 -0.52410868200556948 0.94849085488835994
1.2103751436911474 -0.51617914370518259 0.86803532653447213
1.187759914679271 -0.50512682359081817 0.79003040083328824
1.1585550843682666 -0.49032293538410898 0.71528219449265096
1.1243965389898973 -0.47287651549689858 0.64523819336434485
1.0876545973731526 -0.45430357556825762 0.57930776479575341
1.0478835868104552 -0.43416180427356277 0.51730753723228406
1.0048128450645961 -0.41227284174470147 0.45993772813988221
0.95903943203712549 -0.3887098758788029 0.4075691448426817
0.91263099713241291 -0.36425008033760098 0.35818560526466831
0.86539398097861819 -0.33975067240048729 0.31186384070714346
0.81648005521124545 -0.32022172419447209 0.27152002826569144
0.76515080191624651 -0.30938553826725745 0.23456458790022969
0.70947728172580782 -0.30140505057480882 0.1890606668255449
0.65371309494549557 -0.29472157652060177 0.13434542031540569
0.59945996125930201 -0.29063032842459796 0.077712234311911876
0.54705650473437761 -0.29057116199059396 0.013628380985507615
0.50106950153697016 -0.29232986242659659 -0.055403128152740871
0.46054747057580697 -0.3009276656198081 -0.12000635428716669
0.42310879457615902 -0.31947772832794258 -0.17888862868394254
0.38666664731176648 -0.34273536025246021 -0.23450604539046579
0.35171988427617218 -0.37103320070882229 -0.2860049457550693
0.31796257945413903 -0.40375121026727312 -0.33293823606136141
0.28363914890854031 -0.43668307173618315 -0.37669816664850264
0.24884832964106521 -0.47274267041641149 -0.41818678927985931
0.21426343662508696 -0.51145757617248422 -0.45818710486018099
0.1816682484605798 -0.55160451525919141 -0.49448767732500831
0.14957283072048319 -0.5944246934406644 -0.52790834142496035
0.11713807552059827 -0.63994683657679707 -0.5596735184468562
0.084807368697869562 -0.68729158827679249 -0.58944627810056427
0.054063871316615685 -0.73486660466895148 -0.61795627227563044
0.023314887902009369 -0.78472234326728585 -0.64377740759528546
-0.00899254123509826 -0.83835351904082933 -0.66653639765283312
-0.04181947564558125 -0.89428762462853228 -0.68673212952339746
-0.074734203543217345 -0.95210435414503358 -0.70501651023794643
-0.10795424092418424 -1.012016178148931 -0.72130007497045467
-0.14248476237664912 -1.0747145430146119 -0.73217526588554227
-0.17815948475878693 -1.1395990109154075 -0.73723086853475173
-0.2143701367932655 -1.2061658909615147 -0.73750563817943471
-0.25053764814395546 -1.2751250108127739 -0.73439723989275985
-0.28762619697292457 -1.3451474831271089 -0.72446151979534712
-0.32488093332138934 -1.4143156495631171 -0.70596384721894179
-0.36132249970886177 -1.4828003496821471 -0.68045941379863983
-0.39693620531280088 -1.5507518815185963 -0.64841708009820886
-0.43287758262945009 -1.6183257908005484 -0.6094804548386008
-0.46776237815736482 -1.6811115849097642 -0.56159216236312626
-0.49988577928946465 -1.7384898464610037 -0.50686341096382537
-0.52925660121785012 -1.7919318509695079 -0.44580577432813162
-0.5562547912635698 -1.8416998804642768 -0.37805489059882857
-0.57988047864824199 -1.8851258201566048 -0.30335186925250124
-0.59880792562501639 -1.9205407169475732 -0.22439679570721469
-0.61358991215121272 -1.9485995183633582 -0.14228140854546148
-0.62458475594791851 -1.9694135154631782 -0.057179094446932061
-0.63202449586221354 -1.9824641416715192 0.032700428588315664
-0.63506311904486945 -1.9843978615152715 0.12383475720109363
-0.63477742720114327 -1.9779888131903456 0.21203830603889867
-0.63126973101015904 -1.9635232643040292 0.29878173529178353
-0.62438689860224772 -1.9406563153371406 0.38396931802736478
-0.61331062949942416 -1.9089029622540443 0.46602291273734708
-0.59816317968942467 -1.8713202420618775 0.54225213335948519
-0.58058126513654595 -1.8300368882893003 0.61331608431822626
-0.56032251473623207 -1.784150764731089 0.67970707878506798
-0.53607617893093384 -1.7330756305521704 0.74040049602971814
-0.50819476068374869 -1.6784848042863125 0.79398298111759014
-0.47981606836597951 -1.6234520060686137 0.84268344313220833
-0.45015619680598851 -1.5672135151759348 0.88636142781665284
-0.41907381042494313 -1.5098535391746883 0.92456589678064816
-0.3865635387609031 -1.4515610394087224 0.95629128888383941
-0.35384483876511408 -1.3932478067075835 0.98334152069862757
-0.32154903507620558 -1.3353324178840857 1.0079918092636608
-0.28932475254177348 -1.2775178843016795 1.029213784599911
-0.25734732817276817 -1.2202373170311032 1.0459343823525298
-0.22579148957703257 -1.1631349363021428 1.0584469061380344
-0.19454379717064682 -1.1054793186555887 1.0693782266909921
-0.1635289056991768 -1.047576898605493 1.0781946110261207
-0.13285269448584364 -0.98981349596193313 1.0843895901147016
-0.10293951786737265 -0.93306988708895 1.0874700846898553
-0.073023365417434205 -0.87581290904575004 1.0871475566297579
-0.042488086555622341 -0.8169893018889568 1.0844247712169064
-0.01189458982251846 -0.7578024125690046 1.0786316730618126
0.018346796646758749 -0.69897810592148479 1.0698176775305539
0.048337163504688821 -0.64047209662402049 1.0566664868296711
0.078726556051622876 -0.58156019255236946 1.0384861994408057
0.10995126948151986 -0.5217932251025803 1.0140800314255625
0.143402024535736 -0.45923671301723767 0.98397871371546086
0.17839211111342793 -0.39238231467418461 0.95540655280578668
0.21349095681697869 -0.3233535188952511 0.93350413424443379
0.24712406255919697 -0.25401801434964261 0.91715151772341208
0.28027264127450108 -0.18492285356778337 0.90514842254938932
0.31596230779713141 -0.11243947963244083 0.89750337252191703
0.34505507876161079 -0.042306993237728435 0.8978343510334752
0.37333769556363144 0.017814326923758061 0.901535129382672
0.40784064336456854 0.076260840569650795 0.90866824804866075
0.44661333622553384 0.13415555586952133 0.91794316363321893
0.48730031433753657 0.18999036427240848 0.92887223235178717
0.53095326960607647 0.24261705141183759 0.94319450271432659
0.58056486652199579 0.29135136913966386 0.96195706209615151
0.63503513315713611 0.33906582250914563 0.98291867663527344
0.69161650561246324 0.38914387003604467 1.0013111678159423
0.74817931577635666 0.44315402060996023 1.0158302229130669
0.80202842274392194 0.501581552515735 1.0248226728369951
0.85287867364866909 0.56302140453054439 1.0289166367876719
0.90119112890918807 0.62734312283652005 1.0286210224167485
0.94752551831939513 0.69485328077406039 1.0242155378425397
0.98975126469153907 0.76548864404183214 1.0140461558850191
1.0267079312741505 0.83742717960981217 0.99849427862484319
1.0591217547365561 0.91036609021696635 0.97834742310856238
1.0872575194509477 0.98436912816415345 0.95373319637119591
1.1112093516780983 1.0599917790050304 0.92422866365804635
1.1283469683162104 1.135114368506827 0.88926828995465412
1.1395689550115482 1.2081995381979331 0.85080422616932871
1.1455885920663649 1.2800080831333922 0.80875793863759116
1.146539256146337 1.3509743225813058 0.76283907474369994
1.1410649532896247 1.419812374272396 0.71280572228743155
1.1294029262375116 1.4846551116387816 0.6604027757318115
1.1126835445348342 1.5458527564157818 0.60627639169451752
1.091104222055131 1.6036518790635215 0.55022451226034264
1.064381705841599 1.6586718504791218 0.49123037072962039
1.0316562096963464 1.7080926710696702 0.43019815835493447
0.99539884028136905 1.7519979609476954 0.3694946710024638
0.95562675447252743 1.7914795250588953 0.30776423435865385
0.91175123869590624 1.8259154200078451 0.24467940919210607
0.86342416315730763 1.8541849117991711 0.1810037100549271
0.81246827009816602 1.8755678161134381 0.11889046319585767
0.76030329526261275 1.8921723783773259 0.059070633159936117
0.70598653043804294 1.9039941411100108 0.00082131165683654861
0.64888853170593019 1.9109934109048639 -0.056263543185059578
0.58954099124895987 1.9118271668474658 -0.11094600535548768
0.52972731785483007 1.9084148024528937 -0.16260342494473048
0.46897010742662798 1.9009007526068691 -0.21187644512107731
0.40710250961966032 1.889232543355631 -0.25882137870960031
0.34396424698914718 1.8728356309350256 -0.30301786446955581
0.2805970305842353 1.8516896409106478 -0.34338796657581472
0.21744068047274021 1.8273545176703963 -0.38059784591667623
0.15393491530875966 1.799418025457395 -0.41489302678215467
0.090177189063293139 1.7677850094480712 -0.44602245904775706
0.026957498950196217 1.7320963772973543 -0.4723592981882988
-0.035397551142430331 1.6937173077076857 -0.49442801347429288
-0.097266631845796633 1.6527373479787508 -0.51249239613646058
-0.15864819860494281 1.6092845494102366 -0.52635654426401213
-0.21946750568046275 1.5633374203935513 -0.53533408690500928
-0.27886193471677512 1.5151158884889717 -0.53757968908166032
-0.33670876314388265 1.4659360590006882 -0.53431057849933261
-0.39315010566974307 1.4162167065499704 -0.52518599585376347
-0.44771785544475307 1.3670220079462909 -0.51016571179843606
-0.4988894338121927 1.3214827384757413 -0.48690376985403117
-0.54782682994377674 1.2825057092650665 -0.45796738576342133
-0.59729129089506905 1.2500842026753141 -0.42675731042657206
-0.64830383890040244 1.2239692369264956 -0.39680002324704311
-0.70307034156537518 1.2037975445162807 -0.37055927131135213
-0.76489986354345885 1.1844172193623146 -0.34975054385784732
-0.83212338391765373 1.1585722036119988 -0.33552232140853688
-0.89991677490862809 1.1255343313942421 -0.32624816977903559
-0.96605212248858396 1.0864372305097372 -0.32039290235033346
-1.0289401027684431 1.0404357331996237 -0.31770071624726948
-1.0873605213204427 0.98912346058236467 -0.3167273156665098
-1.14175516943286 0.93489752526379455 -0.31684217102788437
-1.1922377174529066 0.87796792553597025 -0.3180208287364602
-1.2399331530771178 0.81695708299527137 -0.31977176248064354
-1.2824417646432276 0.7499505293033164 -0.32065473626751329
-1.3198960063775302 0.68010782074404263 -0.320077123929704
-1.3521087113811008 0.60813158716049232 -0.31825551298016286
-1.3792534514217922 0.53390796455288059 -0.31495072248886435
-1.4008772673456664 0.45706933684277473 -0.30964286004597819
-1.4159954233110958 0.37898812643538526 -0.30196029033371308
-1.4263160351443254 0.30190162767981565 -0.29275395909214741
-1.4321277723197146 0.22602394807569598 -0.28281207970579247
-1.4331591577245957 0.15075662055017419 -0.27236990179254317
-1.428659660999295 0.075412485324654277 -0.2611229775298175
-1.4193905471657045 0.00054185176883805863 -0.24879916065347249
-1.405875230390131 -0.073215317989701822 -0.2357574807646958
-1.3880926343014286 -0.14588396033709744 -0.22205251164067927
-1.3657191677090741 -0.21788667500435954 -0.20767215513512308
-1.3371095849822086 -0.28889260093995894 -0.19227584519469679
-1.3037765541956408 -0.3581241376485722 -0.17552427596088274
-1.2662536780186182 -0.42472252150552203 -0.15767942638970292
-1.224540715542215 -0.48870760450812634 -0.13890779812963064
-1.1774580236299368 -0.54939065037768464 -0.11947567872162981
-1.1254522592097802 -0.60616467326884382 -0.099386667998858147
-1.0695133923546336 -0.65908981826293145 -0.078589932795030709
-1.0098150126352459 -0.70794359984773514 -0.05706843164515335
