Component 1 of 1:
-29.220191 -12.703395 5.042061
-29.255001 -13.500398 4.439065
-29.234582 -14.285649 3.820155
-29.164524 -15.058216 3.189079
-29.043339 -15.815691 2.547501
-28.869522 -16.555393 1.897346
-28.647172 -17.276661 1.241315
-28.373472 -17.976236 0.581234
-28.054431 -18.654730 -0.080518
-27.682311 -19.306104 -0.741814
-27.268170 -19.934004 -1.400775
-26.805022 -20.532223 -2.054738
-26.300528 -21.103261 -2.702379
-25.749704 -21.641341 -3.340467
-25.158658 -22.148363 -3.967842
-24.527536 -22.622005 -4.582139
-23.857982 -23.061029 -5.181305
-23.150544 -23.463004 -5.762647
-22.410912 -23.830893 -6.326247
-21.634116 -24.155811 -6.865731
-20.832054 -24.448864 -7.386157
-19.995967 -24.694789 -7.876654
-19.138219 -24.907411 -8.344746
-18.251851 -25.070834 -8.777937
-17.349756 -25.203827 -9.188473
-16.422784 -25.281344 -9.555606
-15.485396 -25.331524 -9.900315
-14.529244 -25.321390 -10.193131
-13.567420 -25.287767 -10.464769
-12.594557 -25.187781 -10.673588
-11.620012 -25.069092 -10.863802
-10.645217 -24.876244 -10.976201
-9.671501 -24.670857 -11.074681
-8.715207 -24.378438 -11.069914
-7.761202 -24.078961 -11.056136
-6.853240 -23.685408 -10.911794
-5.948488 -23.287205 -10.760364
-5.050152 -22.880031 -10.595150
-4.161405 -22.460181 -10.410194
-3.285326 -22.024760 -10.200537
-2.424807 -21.571767 -9.962366
-1.582449 -21.100081 -9.693049
-0.760485 -20.609349 -9.391066
0.039273 -20.099838 -9.055859
0.815444 -19.572255 -8.687662
1.567048 -19.027585 -8.287321
2.293466 -18.466955 -7.856129
2.994383 -17.891529 -7.395709
3.669742 -17.302428 -6.907906
4.319688 -16.700677 -6.394726
4.944538 -16.087174 -5.858283
5.544735 -15.462667 -5.300767
6.120823 -14.827741 -4.724420
6.673418 -14.182815 -4.131517
7.203176 -13.528142 -3.524358
7.710775 -12.863816 -2.905259
8.196883 -12.189780 -2.276542
8.662138 -11.505837 -1.640538
9.107128 -10.811662 -0.999581
9.532368 -10.106827 -0.356009
9.938285 -9.390809 0.287839
10.325201 -8.663022 0.929616
10.693318 -7.922828 1.566972
11.042713 -7.169570 2.197549
11.373322 -6.402590 2.818985
11.684944 -5.621261 3.428910
11.977229 -4.825005 4.024953
12.249688 -4.013328 4.604747
12.501694 -3.185837 5.165930
12.732492 -2.342277 5.706165
12.941217 -1.482548 6.223151
13.126918 -0.606737 6.714649
13.288595 0.284860 7.178520
13.425250 1.191708 7.612777
13.535965 2.113018 8.015667
13.619997 3.047727 8.385771
13.676908 3.994504 8.722148
13.706708 4.951781 9.024506
13.710022 5.917809 9.293385
13.688228 6.890764 9.530343
13.643574 7.868871 9.738089
13.579218 8.850535 9.920550
13.499184 9.834446 10.082823
13.408244 10.819615 10.231014
13.311709 11.805331 10.371968
13.101895 12.783067 10.368429
12.882807 13.758674 10.353229
12.582572 14.705508 10.237618
12.269886 15.646351 10.106763
11.887274 16.544822 9.891412
11.486311 17.429680 9.654087
11.035016 18.271144 9.356936
10.559696 19.088560 9.031408
10.045218 19.861417 8.659858
9.505213 20.601214 8.258441
8.934272 21.295976 7.820949
8.338434 21.949789 7.354510
7.716957 22.556085 6.858329
7.074059 23.117594 6.337340
6.410053 23.629188 5.791930
5.727607 24.090950 5.225195
5.028115 24.499466 4.638743
4.314708 24.857377 4.036179
3.588032 25.157553 3.418215
2.851839 25.407207 2.789169
2.107071 25.599447 2.150075
1.356227 25.735753 1.503780
0.601435 25.815720 0.852699
-0.155178 25.841235 0.199252
-0.911426 25.805851 -0.454122
-1.665381 25.718146 -1.105190
-2.414620 25.572011 -1.751240
-3.157111 25.369991 -2.389950
-3.890741 25.112674 -3.018917
-4.613419 24.800819 -3.635755
-5.323085 24.435354 -4.238105
-6.017712 24.017379 -4.823638
-6.694613 23.546297 -5.389264
-7.353200 23.027347 -5.934252
-7.988516 22.455178 -6.452906
-8.604289 21.843309 -6.949369
-9.189572 21.176702 -7.411054
-9.754460 20.477543 -7.849376
-10.281829 19.725333 -8.244497
-10.788894 18.947639 -8.616113
-11.250587 18.119800 -8.934884
-11.692016 17.272368 -9.229879
-12.078051 16.378853 -9.459368
-12.447952 15.473875 -9.669590
-12.744147 14.526441 -9.790810
-13.029421 13.574077 -9.898636
-13.221447 12.592709 -9.890391
-13.406754 11.610171 -9.873607
-13.497963 10.623351 -9.735886
-13.583286 9.637098 -9.590521
-13.657180 8.652154 -9.430337
-13.714743 7.669562 -9.249029
-13.751935 6.690690 -9.041461
-13.765700 5.717178 -8.803810
-13.753978 4.750814 -8.533581
-13.715615 3.793395 -8.229485
-13.650220 2.846596 -7.891258
-13.557986 1.911888 -7.519446
-13.439512 0.990485 -7.115193
-13.295656 0.083329 -6.680077
-13.127407 -0.808901 -6.215969
-12.935797 -1.685778 -5.724936
-12.721835 -2.547095 -5.209176
-12.486461 -3.392845 -4.670967
-12.230513 -4.223195 -4.112639
-11.954707 -5.038457 -3.536551
-11.659628 -5.839064 -2.945078
-11.345713 -6.625542 -2.340599
-11.013255 -7.398486 -1.725493
-10.662401 -8.158530 -1.102135
-10.293155 -8.906323 -0.472893
-9.905381 -9.642505 0.159874
-9.498819 -10.367680 0.793812
-9.073091 -11.082397 1.426577
-8.627717 -11.787120 2.055827
-8.162132 -12.482220 2.679229
-7.675703 -13.167945 3.294455
-7.167751 -13.844412 3.899183
-6.637574 -14.511590 4.491104
-6.084469 -15.169292 5.067920
-5.507759 -15.817162 5.627357
-4.906817 -16.454680 6.167171
-4.281098 -17.081155 6.685163
-3.630163 -17.695738 7.179197
-2.953720 -18.297436 7.647231
-2.251655 -18.885136 8.087349
-1.524079 -19.457654 8.497824
-0.771383 -20.013792 8.877198
0.005706 -20.552438 9.224394
0.806060 -21.072696 9.538876
1.628094 -21.574054 9.820835
2.469741 -22.056585 10.071409
3.328453 -22.521145 10.292884
4.201266 -22.969542 10.488836
5.084884 -23.404608 10.664164
5.975801 -23.830143 10.824968
6.870390 -24.250703 10.978261
7.807028 -24.597404 11.028338
8.744910 -24.941252 11.074681
9.711146 -25.189608 11.006049
10.679386 -25.425879 10.923963
11.653126 -25.589145 10.765255
12.626078 -25.720737 10.575389
13.594078 -25.801353 10.337718
14.555004 -25.841235 10.063767
15.504740 -25.835079 9.750725
16.441455 -25.787128 9.403863
17.361469 -25.694974 9.022901
18.262480 -25.560115 8.610595
19.142527 -25.384100 8.169531
19.998428 -25.166074 7.700582
20.829416 -24.909092 7.207110
21.629348 -24.608423 6.687763
22.402177 -24.272953 6.149018
23.139179 -23.895403 5.588373
23.844278 -23.483463 5.011153
24.510476 -23.032907 4.416858
25.141374 -22.549977 3.809584
25.729672 -22.030968 3.189455
26.279665 -21.481951 2.560049
26.783819 -20.899780 1.922118
27.247071 -20.290285 1.278692
27.661724 -19.650910 0.631149
28.033294 -18.987180 -0.018053
28.353995 -18.297153 -0.666914
28.629860 -17.585994 -1.313563
28.854886 -16.853086 -1.955632
29.030239 -16.101153 -2.591134
29.157098 -15.332649 -3.218338
29.229658 -14.547979 -3.833993
29.255001 -13.751203 -4.437744
29.227510 -12.943028 -5.026124
29.149063 -12.126061 -5.597560
29.017968 -11.302324 -6.149240
28.836498 -10.474345 -6.679826
28.607021 -9.644352 -7.188306
28.322932 -8.814703 -7.668998
27.994049 -7.987526 -8.124685
27.612857 -7.165844 -8.548493
27.187087 -6.351319 -8.942564
26.712307 -5.547479 -9.300967
26.195477 -4.755450 -9.625938
25.629116 -3.980912 -9.907620
25.028738 -3.220966 -10.156710
24.371937 -2.490866 -10.345343
23.699146 -1.770762 -10.515057
22.948330 -1.113085 -10.576184
22.196009 -0.456905 -10.634845
21.381187 0.119053 -10.568898
20.563403 0.689856 -10.495314
19.716388 1.197298 -10.330765
18.867451 1.698934 -10.158228
18.015008 2.189267 -9.970285
17.158053 2.663379 -9.760570
16.296271 3.117141 -9.524063
15.429994 3.547328 -9.257202
14.560070 3.951636 -8.957808
13.687677 4.328618 -8.624908
12.814152 4.677553 -8.258493
11.940842 4.998305 -7.859288
11.069002 5.291177 -7.428554
10.199730 5.556784 -6.967924
9.333925 5.795950 -6.479293
8.472273 6.009632 -5.964733
7.615235 6.198848 -5.426433
6.763057 6.364635 -4.866662
5.915776 6.508007 -4.287741
5.073237 6.629927 -3.692021
4.235113 6.731279 -3.081875
3.400920 6.812851 -2.459683
2.570044 6.875313 -1.827834
1.741767 6.919210 -1.188715
0.915285 6.944948 -0.544717
0.089739 6.952787 0.101773
-0.735759 6.942838 0.748365
-1.562101 6.915058 1.392666
-2.390156 6.869256 2.032281
-3.220745 6.805091 2.664813
-4.054612 6.722082 3.287859
-4.892402 6.619619 3.899014
-5.734634 6.496971 4.495874
-6.581680 6.353305 5.076041
-7.433742 6.187704 5.637132
-8.290833 5.999193 6.176789
-9.152761 5.786767 6.692702
-10.019116 5.549432 7.182637
-10.889267 5.286252 7.644472
-11.762359 4.996410 8.076262
-12.637334 4.679291 8.476313
-13.512962 4.334571 8.843298
-14.387905 3.962326 9.176390
-15.260804 3.563144 9.475426
-16.130410 3.138229 9.741084
-16.995722 2.689470 9.975044
-17.856147 2.219475 10.180110
-18.711617 1.731542 10.360248
-19.562658 1.229583 10.520539
-20.410365 0.717991 10.667013
-21.256280 0.201500 10.806396
-22.051810 -0.404408 10.809369
-22.842491 -1.016627 10.802208
-23.566063 -1.696196 10.681253
-24.277275 -2.385472 10.542755
-24.923041 -3.116754 10.323178
-25.545189 -3.860261 10.077884
-26.110844 -4.628042 9.776956
-26.644533 -5.406978 9.447530
-27.120820 -6.201856 9.071593
-27.560739 -7.004515 8.668787
-27.945023 -7.815923 8.228347
-28.285220 -8.631799 7.760773
-28.573272 -9.450402 7.263843
-28.813698 -10.269234 6.742505
-29.000126 -11.085823 6.196118
-29.137648 -11.898181 5.629328
