1 61.5707
2 61.5707
3 61.5707
4 61.5707
5 61.5707
6 61.5707
7 61.5707
8 61.5707
9 61.5707
10 61.5707
11 61.5707
12 61.5707
13 61.5707
14 61.5707
15 61.5706
16 61.5706
17 61.5706
18 61.5706
19 61.5706
20 61.5706
21 61.5706
22 61.5706
23 61.5692
24 61.5692
25 61.5692
26 61.5692
27 61.5692
28 61.5692
29 61.5692
30 61.5692
31 61.5692
32 61.5692
33 61.5692
34 61.5692
35 61.5692
36 61.5692
37 61.5692
38 61.5692
39 61.5692
40 61.5692
41 61.5692
42 61.5692
43 61.5692
44 61.5691
45 61.5691
46 61.5691
47 61.5691
48 61.5691
49 61.5691
50 61.5691
51 61.5691
52 61.5691
53 61.5691
54 61.5691
55 61.5691
56 61.5691
57 61.5691
58 61.5691
59 61.5691
60 61.5691
61 61.5691
62 61.5691
63 61.5691
64 61.5691
65 61.5691
66 61.5691
67 61.5691
68 61.5691
69 61.5691
70 61.5691
71 61.5687
72 61.5687
73 61.568
74 61.5671
75 61.5669
76 61.5664
77 61.5661
78 61.5658
79 61.5656
80 61.5654
81 61.5652
82 61.565
83 61.5649
84 61.5648
85 61.5646
86 61.5645
87 61.5644
88 61.5643
89 61.5643
90 61.5642
91 61.5641
92 61.5641
93 61.564
94 61.564
95 61.564
96 61.564
97 61.5639
98 61.5639
99 61.5639
100 61.5639
101 61.5639
102 61.5639
103 61.5639
104 61.5638
105 61.5638
106 61.5638
107 61.5638
108 61.5638
109 61.5638
110 61.5637
111 61.5637
112 61.5637
113 61.5637
114 61.5637
115 61.5637
116 61.5637
117 61.5637
118 61.5637
119 61.5637
120 61.5637
121 61.5637
122 61.5637
123 61.5636
124 61.5636
125 61.5636
126 61.5636
127 61.5636
128 61.5636
129 61.5636
130 61.5636
131 61.5636
132 61.5636
133 61.5636
134 61.5636
135 61.5636
136 61.5636
137 61.5636
138 61.5636
139 61.5636
140 61.5636
141 61.5636
142 61.5636
143 61.5636
144 61.5636
145 61.5636
146 61.5636
147 61.5636
148 61.5635
149 61.5635
150 61.5635
151 61.5635
152 61.5635
153 61.5635
154 61.5635
155 61.5635
156 61.5635
157 61.5635
158 61.5635
159 61.5635
160 61.5635
161 61.5635
162 61.5635
163 61.5635
164 61.5635
165 61.5635
166 61.5635
167 61.5635
168 61.5634
169 61.5634
170 61.5634
171 61.5634
172 61.5634
173 61.5634
174 61.5634
175 61.5634
176 61.5634
177 61.5634
178 61.5634
179 61.5634
180 61.5634
181 61.5634
182 61.5634
183 61.5634
184 61.5634
185 61.5627
186 61.5624
187 61.5624
188 61.5624
189 61.5624
190 61.5624
191 61.5624
192 61.5624
193 61.5624
194 61.5624
195 61.5624
196 61.5624
197 61.5624
198 61.5624
199 61.5624
200 61.5624
201 61.5624
202 61.5624
203 61.5624
204 61.5624
205 61.5624
206 61.5624
207 61.5624
208 61.5624
209 61.5624
210 61.5624
211 61.5624
212 61.5624
213 61.5624
214 61.5624
215 61.5624
216 61.5624
217 61.5624
218 61.5623
219 61.5623
220 61.5623
221 61.5623
222 61.5623
223 61.5623
224 61.5623
225 61.5623
226 61.5623
227 61.5622
228 61.5622
229 61.5622
230 61.5622
231 61.5622
232 61.5622
233 61.5622
234 61.5622
235 61.5622
236 61.5622
237 61.5622
238 61.5622
239 61.5622
240 61.5622
241 61.5622
242 61.5622
243 61.5622
244 61.5622
245 61.5622
246 61.5622
247 61.5622
248 61.5621
249 61.5621
250 61.5621
251 61.5621
252 61.5621
253 61.5621
254 61.5621
255 61.5621
256 61.5621
257 61.5621
258 61.5621
259 61.5621
260 61.5621
261 61.5621
262 61.5621
263 61.5621
264 61.5621
265 61.5621
266 61.5621
267 61.5621
268 61.5621
269 61.5621
270 61.5621
271 61.5621
272 61.5621
273 61.5621
274 61.5621
275 61.5621
276 61.5621
277 61.5621
278 61.5621
279 61.5621
280 61.5621
281 61.5621
282 61.5617
283 61.5615
284 61.5615
285 61.5615
286 61.5615
287 61.5615
288 61.5615
289 61.5615
290 61.5615
291 61.5615
292 61.5615
293 61.5615
294 61.5615
295 61.5615
296 61.5615
297 61.5615
298 61.5615
299 61.5615
300 61.5615
301 61.5615
302 61.5615
303 61.5615
304 61.5615
305 61.5615
306 61.5615
307 61.5615
308 61.5615
309 61.5615
310 61.5615
311 61.5615
312 61.5615
313 61.5615
314 61.5615
315 61.5615
316 61.5615
317 61.5615
318 61.5615
319 61.5615
320 61.5615
321 61.5615
322 61.5615
323 61.5615
324 61.5611
325 61.5611
326 61.5611
327 61.5611
328 61.5611
329 61.5611
330 61.5611
331 61.5611
332 61.5611
333 61.5611
334 61.5611
335 61.5611
336 61.5611
337 61.5611
338 61.5611
339 61.5611
340 61.5611
341 61.5611
342 61.5611
343 61.5611
344 61.5611
345 61.5611
346 61.5611
347 61.5611
348 61.5611
349 61.5611
350 61.5611
351 61.5611
352 61.5611
353 61.5611
354 61.5611
355 61.5611
356 61.5611
357 61.5611
358 61.561
359 61.5594
360 61.5594
361 61.5594
362 61.5594
363 61.5594
364 61.5594
365 61.5593
366 61.5592
367 61.5591
368 61.5572
369 61.5564
370 61.5563
371 61.5562
372 61.5561
373 61.5559
374 61.5558
375 61.5557
376 61.5557
377 61.5555
378 61.5555
379 61.5553
380 61.5552
381 61.5551
382 61.555
383 61.555
384 61.5549
385 61.5548
386 61.5548
387 61.5547
388 61.5547
389 61.5546
390 61.5546
391 61.5545
392 61.5545
393 61.5545
394 61.5544
395 61.5544
396 61.5543
397 61.5543
398 61.5542
399 61.5542
400 61.5542
401 61.5541
402 61.5541
403 61.5541
404 61.5541
405 61.554
406 61.554
407 61.554
408 61.554
409 61.554
410 61.554
411 61.554
412 61.5539
413 61.5539
414 61.5539
415 61.5539
416 61.5539
417 61.5539
418 61.5539
419 61.5539
420 61.5539
421 61.5539
422 61.5539
423 61.5538
424 61.5538
425 61.5538
426 61.5538
427 61.5538
428 61.5538
429 61.5538
430 61.5538
431 61.5538
432 61.5538
433 61.5538
434 61.5538
435 61.5538
436 61.5538
437 61.5538
438 61.5538
439 61.5538
440 61.5538
441 61.5537
442 61.5537
443 61.5537
444 61.5537
445 61.5537
446 61.5537
447 61.5536
448 61.5536
449 61.5536
450 61.5536
451 61.5536
452 61.5536
453 61.5535
454 61.5535
455 61.5535
456 61.5535
457 61.5534
458 61.5534
459 61.5534
460 61.5534
461 61.5534
462 61.5534
463 61.5534
464 61.5534
465 61.5534
466 61.5534
467 61.5534
468 61.5534
469 61.5534
470 61.5534
471 61.5534
472 61.5534
473 61.5534
474 61.5534
475 61.5534
476 61.5534
477 61.5534
478 61.5534
479 61.5534
480 61.5534
481 61.5534
482 61.5534
483 61.5534
484 61.5534
485 61.5534
486 61.5534
487 61.5534
488 61.5533
489 61.5533
490 61.5533
491 61.5533
492 61.5533
493 61.5533
494 61.5533
495 61.5533
496 61.5533
497 61.5533
498 61.5533
499 61.5533
500 61.5533
501 61.5533
502 61.5533
503 61.5533
504 61.5533
505 61.5533
506 61.5533
507 61.5533
508 61.5533
509 61.5533
510 61.5533
511 61.551
512 61.5504
513 61.5504
514 61.5504
515 61.5504
516 61.5504
517 61.5504
518 61.5504
519 61.5504
520 61.5504
521 61.5504
522 61.5504
523 61.5504
524 61.5504
525 61.5504
526 61.5504
527 61.5504
528 61.5504
529 61.5504
530 61.5504
531 61.5503
532 61.5503
533 61.5503
534 61.5503
535 61.5503
536 61.5503
537 61.5503
538 61.5503
539 61.5503
540 61.5503
541 61.5503
542 61.5503
543 61.5503
544 61.5503
545 61.5503
546 61.5503
547 61.5503
548 61.5503
549 61.5503
550 61.5503
551 61.5503
552 61.5503
553 61.5503
554 61.5503
555 61.5503
556 61.5503
557 61.5502
558 61.5502
559 61.5502
560 61.5502
561 61.5502
562 61.5502
563 61.5494
564 61.5494
565 61.5494
566 61.5494
567 61.5494
568 61.5494
569 61.5494
570 61.5494
571 61.5494
572 61.5494
573 61.5494
574 61.5494
575 61.5494
576 61.5494
577 61.5494
578 61.5494
579 61.5494
580 61.5494
581 61.5494
582 61.5494
583 61.5494
584 61.5494
585 61.5494
586 61.5494
587 61.5494
588 61.5493
589 61.5493
590 61.5493
591 61.5493
592 61.5493
593 61.5493
594 61.5493
595 61.5493
596 61.5493
597 61.5493
598 61.5493
599 61.5493
600 61.5493
601 61.5493
602 61.5493
603 61.5493
604 61.5493
605 61.5493
606 61.5493
607 61.5493
608 61.5493
609 61.5493
610 61.5493
611 61.5492
612 61.5492
613 61.5492
614 61.5492
615 61.5492
616 61.5492
617 61.5492
618 61.5492
619 61.5492
620 61.5492
621 61.5492
622 61.5492
623 61.5492
624 61.5492
625 61.5492
626 61.5492
627 61.5492
628 61.5492
629 61.5492
630 61.5492
631 61.5492
632 61.5492
633 61.5491
634 61.5491
635 61.5491
636 61.5491
637 61.5491
638 61.5491
639 61.5491
640 61.5491
641 61.5491
642 61.5491
643 61.5491
644 61.5491
645 61.5491
646 61.5491
647 61.5481
648 61.5481
649 61.5481
650 61.5481
651 61.5481
652 61.5481
653 61.5481
654 61.5481
655 61.5481
656 61.5481
657 61.5481
658 61.5481
659 61.5481
660 61.5481
661 61.5481
662 61.5481
663 61.5481
664 61.5481
665 61.5481
666 61.5481
667 61.5481
668 61.5481
669 61.5481
670 61.5481
671 61.5481
672 61.5481
673 61.5481
674 61.5481
675 61.5481
676 61.5481
677 61.5481
678 61.5481
679 61.5481
680 61.5481
681 61.5481
682 61.5481
683 61.5481
684 61.5481
685 61.5481
686 61.5481
687 61.5481
688 61.5481
689 61.5481
690 61.5481
691 61.5481
692 61.5481
693 61.5481
694 61.5481
695 61.5481
696 61.5481
697 61.5481
698 61.5481
699 61.5481
700 61.5481
701 61.5481
702 61.5481
703 61.5481
704 61.5481
705 61.5481
706 61.5481
707 61.5481
708 61.5481
709 61.5481
710 61.5481
711 61.5481
712 61.5481
713 61.5481
714 61.5481
715 61.5481
716 61.5481
717 61.5481
718 61.5481
719 61.5481
720 61.548
721 61.548
722 61.548
723 61.548
724 61.548
725 61.548
726 61.548
727 61.548
728 61.548
729 61.548
730 61.548
731 61.548
732 61.548
733 61.548
734 61.548
735 61.548
736 61.548
737 61.548
738 61.548
739 61.548
740 61.548
741 61.548
742 61.548
743 61.548
744 61.548
745 61.548
746 61.5479
747 61.5479
748 61.5479
749 61.5479
750 61.5479
751 61.5479
752 61.5479
753 61.5479
754 61.5479
755 61.5479
756 61.5479
757 61.5479
758 61.5479
759 61.5479
760 61.5479
761 61.5478
762 61.5478
763 61.5478
764 61.5478
765 61.5478
766 61.5478
767 61.5478
768 61.5478
769 61.5478
770 61.5478
771 61.5478
772 61.5478
773 61.5478
774 61.5478
775 61.5478
776 61.5478
777 61.5478
778 61.5478
779 61.5478
780 61.5478
781 61.5478
782 61.5478
783 61.5478
784 61.5478
785 61.5478
786 61.5478
787 61.5478
788 61.5478
789 61.5478
790 61.5478
791 61.5478
792 61.5478
793 61.5478
794 61.5478
795 61.5478
796 61.5478
797 61.5478
798 61.5478
799 61.5478
800 61.5478
801 61.5477
802 61.5477
803 61.5477
804 61.5477
805 61.5477
806 61.5477
807 61.5477
808 61.5477
809 61.5477
810 61.5477
811 61.5477
812 61.5477
813 61.5477
814 61.5477
815 61.5477
816 61.5477
817 61.5477
818 61.5477
819 61.5477
820 61.5477
821 61.5477
822 61.5477
823 61.5477
824 61.5477
825 61.5477
826 61.5477
827 61.5476
828 61.5476
829 61.5476
830 61.5476
831 61.5476
832 61.5476
833 61.5476
834 61.5476
835 61.5476
836 61.5476
837 61.5476
838 61.5476
839 61.5476
840 61.5476
841 61.5476
842 61.5476
843 61.5476
844 61.5476
845 61.5476
846 61.5476
847 61.5476
848 61.5476
849 61.5476
850 61.5476
851 61.5476
852 61.5476
853 61.5475
854 61.5475
855 61.5475
856 61.5475
857 61.5475
858 61.5475
859 61.5475
860 61.5475
861 61.5475
862 61.5475
863 61.5475
864 61.5475
865 61.5475
866 61.5475
867 61.5475
868 61.5475
869 61.5475
870 61.5475
871 61.5475
872 61.5475
873 61.5475
874 61.5475
875 61.5475
876 61.5473
877 61.5473
878 61.5473
879 61.5473
880 61.5473
881 61.5473
882 61.5473
883 61.5473
884 61.5473
885 61.5473
886 61.5473
887 61.5473
888 61.5473
889 61.5473
890 61.5473
891 61.5473
892 61.5473
893 61.5473
894 61.5473
895 61.5473
896 61.5473
897 61.5473
898 61.5473
899 61.5473
900 61.5473
901 61.5473
902 61.5473
903 61.5473
904 61.5473
905 61.5473
906 61.5473
907 61.5473
908 61.5473
909 61.5473
910 61.5473
911 61.5473
912 61.5473
913 61.5473
914 61.5473
915 61.5473
916 61.5473
917 61.5473
918 61.5473
919 61.5473
920 61.5473
921 61.5473
922 61.5473
923 61.5471
924 61.5471
925 61.5471
926 61.5471
927 61.5471
928 61.5471
929 61.5471
930 61.5471
931 61.5471
932 61.5471
933 61.5471
934 61.5471
935 61.5471
936 61.5471
937 61.5471
938 61.5471
939 61.5471
940 61.5471
941 61.5471
942 61.5471
943 61.5471
944 61.5471
945 61.5471
946 61.5471
947 61.5471
948 61.5471
949 61.5471
950 61.5471
951 61.5471
952 61.5471
953 61.5471
954 61.5471
955 61.5471
956 61.5471
957 61.5471
958 61.547
959 61.547
960 61.547
961 61.547
962 61.547
963 61.547
964 61.547
965 61.547
966 61.547
967 61.547
968 61.547
969 61.547
970 61.547
971 61.547
972 61.547
973 61.5439
974 61.5439
975 61.5424
976 61.5371
977 61.5366
978 61.5365
979 61.5358
980 61.5352
981 61.5351
982 61.535
983 61.5348
984 61.5344
985 61.5343
986 61.5341
987 61.534
988 61.5339
989 61.5336
990 61.5335
991 61.5333
992 61.5331
993 61.533
994 61.5328
995 61.5327
996 61.5326
997 61.5325
998 61.5323
999 61.5322
1000 61.5321
1001 61.5319
1002 61.5318
1003 61.5316
1004 61.5316
1005 61.5315
1006 61.5315
1007 61.5314
1008 61.5313
1009 61.5312
1010 61.5311
1011 61.531
1012 61.531
1013 61.5309
1014 61.5308
1015 61.5307
1016 61.5306
1017 61.5306
1018 61.5305
1019 61.5305
1020 61.5304
1021 61.5303
1022 61.5302
1023 61.5301
1024 61.5299
1025 61.5298
1026 61.5297
1027 61.5297
1028 61.5296
1029 61.5295
1030 61.5294
1031 61.5294
1032 61.5293
1033 61.5292
1034 61.5292
1035 61.5291
1036 61.5291
1037 61.529
1038 61.529
1039 61.5289
1040 61.5289
1041 61.5288
1042 61.5288
1043 61.5288
1044 61.5287
1045 61.5287
1046 61.5286
1047 61.5286
1048 61.5285
1049 61.5284
1050 61.5284
1051 61.5284
1052 61.5284
1053 61.5283
1054 61.5283
1055 61.5282
1056 61.5282
1057 61.5282
1058 61.5282
1059 61.5282
1060 61.5281
1061 61.5281
1062 61.528
1063 61.528
1064 61.5279
1065 61.5278
1066 61.5277
1067 61.5277
1068 61.5276
1069 61.5276
1070 61.5276
1071 61.5276
1072 61.5276
1073 61.5276
1074 61.5275
1075 61.5275
1076 61.5275
1077 61.5275
1078 61.5275
1079 61.5274
1080 61.5274
1081 61.5274
1082 61.5274
1083 61.5274
1084 61.5274
1085 61.5274
1086 61.5274
1087 61.5274
1088 61.5274
1089 61.5273
1090 61.5273
1091 61.5273
1092 61.5273
1093 61.5273
1094 61.5273
1095 61.5273
1096 61.5273
1097 61.5273
1098 61.5273
1099 61.5273
1100 61.5273
1101 61.5273
1102 61.5273
1103 61.5272
1104 61.5272
1105 61.5272
1106 61.5272
1107 61.5272
1108 61.5272
1109 61.5272
1110 61.5272
1111 61.5272
1112 61.5272
1113 61.5272
1114 61.5272
1115 61.5272
1116 61.5272
1117 61.5272
1118 61.5272
1119 61.5272
1120 61.5272
1121 61.5272
1122 61.5272
1123 61.5272
1124 61.5272
1125 61.5272
1126 61.5271
1127 61.5271
1128 61.5271
1129 61.5271
1130 61.527
1131 61.527
1132 61.527
1133 61.527
1134 61.527
1135 61.527
1136 61.527
1137 61.527
1138 61.527
1139 61.527
1140 61.527
1141 61.5269
1142 61.5269
1143 61.5269
1144 61.5269
1145 61.5269
1146 61.5268
1147 61.5268
1148 61.5268
1149 61.5268
1150 61.5268
1151 61.5268
1152 61.5268
1153 61.5268
1154 61.5268
1155 61.5268
1156 61.5268
1157 61.5267
1158 61.5267
1159 61.5267
1160 61.5262
1161 61.5262
1162 61.5262
1163 61.5262
1164 61.5262
1165 61.5262
1166 61.5262
1167 61.5262
1168 61.5262
1169 61.5262
1170 61.5262
1171 61.5262
1172 61.5262
1173 61.5262
1174 61.5262
1175 61.5262
1176 61.5262
1177 61.5262
1178 61.5258
1179 61.5258
1180 61.5257
1181 61.5257
1182 61.5257
1183 61.5257
1184 61.5257
1185 61.5257
1186 61.5257
1187 61.5257
1188 61.5257
1189 61.5257
1190 61.5257
1191 61.5257
1192 61.5254
1193 61.5253
1194 61.5253
1195 61.5253
1196 61.5253
1197 61.5253
1198 61.5253
1199 61.5244
1200 61.5244
1201 61.5244
1202 61.5244
1203 61.5244
1204 61.5243
1205 61.5243
1206 61.5243
1207 61.5243
1208 61.5243
1209 61.5243
1210 61.5243
1211 61.5243
1212 61.5242
1213 61.5242
1214 61.5242
1215 61.5242
1216 61.5242
1217 61.5242
1218 61.5242
1219 61.5242
1220 61.5241
1221 61.5241
1222 61.524
1223 61.524
1224 61.524
1225 61.5239
1226 61.5239
1227 61.5239
1228 61.5221
1229 61.5218
1230 61.5217
1231 61.5217
1232 61.5216
1233 61.5215
1234 61.5215
1235 61.5215
1236 61.5214
1237 61.5211
1238 61.5211
1239 61.5211
1240 61.5211
1241 61.5211
1242 61.5211
1243 61.5211
1244 61.5211
1245 61.5211
1246 61.5211
1247 61.5211
1248 61.5211
1249 61.5211
1250 61.5211
1251 61.5211
1252 61.5211
1253 61.5211
1254 61.5211
1255 61.5211
1256 61.5211
1257 61.5211
1258 61.5211
1259 61.521
1260 61.521
1261 61.521
1262 61.521
1263 61.521
1264 61.5209
1265 61.5209
1266 61.5209
1267 61.5178
1268 61.5142
1269 61.5138
1270 61.5134
1271 61.513
1272 61.5126
1273 61.5122
1274 61.5119
1275 61.5118
1276 61.5115
1277 61.5114
1278 61.5113
1279 61.5112
1280 61.5111
1281 61.511
1282 61.5109
1283 61.5108
1284 61.5107
1285 61.5107
1286 61.5107
1287 61.5107
1288 61.5107
1289 61.5106
1290 61.5106
1291 61.5106
1292 61.5106
1293 61.5106
1294 61.5105
1295 61.5104
1296 61.5102
1297 61.51
1298 61.51
1299 61.51
1300 61.51
1301 61.51
1302 61.5098
1303 61.5098
1304 61.5098
1305 61.5098
1306 61.5098
1307 61.5098
1308 61.5098
1309 61.5098
1310 61.5097
1311 61.509
1312 61.509
1313 61.509
1314 61.509
1315 61.509
1316 61.509
1317 61.509
1318 61.509
1319 61.509
1320 61.509
1321 61.509
1322 61.509
1323 61.509
1324 61.509
1325 61.509
1326 61.509
1327 61.509
1328 61.509
1329 61.5089
1330 61.5089
1331 61.5074
1332 61.5073
1333 61.5073
1334 61.5073
1335 61.5073
1336 61.5073
1337 61.5072
1338 61.5072
1339 61.5072
1340 61.5072
1341 61.5072
1342 61.5072
1343 61.5072
1344 61.5072
1345 61.5072
1346 61.5072
1347 61.5072
1348 61.5072
1349 61.5072
1350 61.5072
1351 61.5058
1352 61.5057
1353 61.5056
1354 61.5056
1355 61.5053
1356 61.5053
1357 61.5053
1358 61.5052
1359 61.5052
1360 61.5052
1361 61.5052
1362 61.5051
1363 61.5051
1364 61.5047
1365 61.5047
1366 61.5047
1367 61.5047
1368 61.5046
1369 61.5046
1370 61.5046
1371 61.5046
1372 61.5046
1373 61.5046
1374 61.5046
1375 61.5046
1376 61.5044
1377 61.5043
1378 61.5043
1379 61.5043
1380 61.5043
1381 61.5043
1382 61.5043
1383 61.5043
1384 61.5041
1385 61.5041
1386 61.5041
1387 61.5041
1388 61.5041
1389 61.5041
1390 61.5041
1391 61.5041
1392 61.504
1393 61.5039
1394 61.5039
1395 61.5039
1396 61.5039
1397 61.5038
1398 61.5038
1399 61.5038
1400 61.5038
1401 61.5034
1402 61.5034
1403 61.5034
1404 61.5034
1405 61.5034
1406 61.5034
1407 61.5034
1408 61.5034
1409 61.5034
1410 61.5034
1411 61.5034
1412 61.5034
1413 61.5031
1414 61.5031
1415 61.5031
1416 61.5031
1417 61.5031
1418 61.5031
1419 61.5031
1420 61.5031
1421 61.503
1422 61.5028
1423 61.5028
1424 61.5028
1425 61.5028
1426 61.5028
1427 61.5028
1428 61.5028
1429 61.5027
1430 61.5027
1431 61.5022
1432 61.4998
1433 61.4997
1434 61.4991
1435 61.4988
1436 61.4984
1437 61.4983
1438 61.4982
1439 61.4981
1440 61.4979
1441 61.4978
1442 61.4977
1443 61.4976
1444 61.4975
1445 61.4975
1446 61.4974
1447 61.4974
1448 61.4973
1449 61.4972
1450 61.4971
1451 61.497
1452 61.497
1453 61.4969
1454 61.4969
1455 61.4968
1456 61.4968
1457 61.4968
1458 61.4968
1459 61.4967
1460 61.4967
1461 61.4967
1462 61.4967
1463 61.4966
1464 61.4966
1465 61.4966
1466 61.4966
1467 61.4966
1468 61.4965
1469 61.4965
1470 61.4965
1471 61.4965
1472 61.4965
1473 61.4965
1474 61.4964
1475 61.4964
1476 61.4964
1477 61.4964
1478 61.4963
1479 61.4963
1480 61.4961
1481 61.496
1482 61.496
1483 61.4957
1484 61.4957
1485 61.4957
1486 61.4957
1487 61.4949
1488 61.4948
1489 61.4948
1490 61.4948
1491 61.4947
1492 61.4947
1493 61.4947
1494 61.4947
1495 61.4947
1496 61.4947
1497 61.4947
1498 61.4947
1499 61.4947
1500 61.4947
1501 61.4947
1502 61.4947
1503 61.4947
1504 61.4947
1505 61.4947
1506 61.4947
1507 61.4947
1508 61.4947
1509 61.4947
1510 61.4947
1511 61.4947
1512 61.4947
1513 61.4946
1514 61.4946
1515 61.4946
1516 61.4946
1517 61.4945
1518 61.4939
1519 61.4939
1520 61.4939
1521 61.4939
1522 61.4939
1523 61.4939
1524 61.4939
1525 61.4939
1526 61.4939
1527 61.4939
1528 61.4933
1529 61.4932
1530 61.4932
1531 61.4932
1532 61.4932
1533 61.4932
1534 61.4932
1535 61.4932
1536 61.4932
1537 61.4923
1538 61.4923
1539 61.4923
1540 61.4923
1541 61.4923
1542 61.4922
1543 61.4922
1544 61.4922
1545 61.4922
1546 61.4922
1547 61.4921
1548 61.4912
1549 61.4909
1550 61.4909
1551 61.4908
1552 61.4907
1553 61.4907
1554 61.4905
1555 61.4905
1556 61.4905
1557 61.4905
1558 61.4904
1559 61.4904
1560 61.4904
1561 61.49
1562 61.49
1563 61.49
1564 61.49
1565 61.49
1566 61.49
1567 61.49
1568 61.49
1569 61.49
1570 61.49
1571 61.49
1572 61.49
1573 61.49
1574 61.49
1575 61.49
1576 61.4898
1577 61.4898
1578 61.4898
1579 61.4897
1580 61.4897
1581 61.4897
1582 61.4897
1583 61.4882
1584 61.4882
1585 61.4882
1586 61.4882
1587 61.4882
1588 61.4881
1589 61.4881
1590 61.4881
1591 61.488
1592 61.488
1593 61.488
1594 61.488
1595 61.488
1596 61.488
1597 61.488
1598 61.488
1599 61.488
1600 61.488
1601 61.488
1602 61.488
1603 61.4879
1604 61.4879
1605 61.4878
1606 61.4878
1607 61.4877
1608 61.4877
1609 61.4877
1610 61.4877
1611 61.4877
1612 61.4877
1613 61.4877
1614 61.4877
1615 61.4877
1616 61.4877
1617 61.4877
1618 61.4877
1619 61.4877
1620 61.4877
1621 61.4877
1622 61.4877
1623 61.4877
1624 61.4877
1625 61.4866
1626 61.4866
1627 61.4865
1628 61.4865
1629 61.4865
1630 61.4865
1631 61.4865
1632 61.4865
1633 61.4865
1634 61.4865
1635 61.4865
1636 61.4865
1637 61.4865
1638 61.4865
1639 61.4865
1640 61.4865
1641 61.4865
1642 61.4865
1643 61.4865
1644 61.4865
1645 61.4865
1646 61.4865
1647 61.4865
1648 61.4865
1649 61.4865
1650 61.4865
1651 61.4865
1652 61.4865
1653 61.4865
1654 61.4865
1655 61.4865
1656 61.4865
1657 61.4865
1658 61.4865
1659 61.4865
1660 61.4865
1661 61.4865
1662 61.4865
1663 61.4865
1664 61.4865
1665 61.4865
1666 61.4865
1667 61.4865
1668 61.4865
1669 61.4865
1670 61.4865
1671 61.4865
1672 61.4865
1673 61.4864
1674 61.4862
1675 61.4862
1676 61.4861
1677 61.4857
1678 61.4853
1679 61.4849
1680 61.4843
1681 61.484
1682 61.4839
1683 61.4837
1684 61.4836
1685 61.4834
1686 61.4832
1687 61.4831
1688 61.4829
1689 61.4828
1690 61.4827
1691 61.4826
1692 61.4825
1693 61.4824
1694 61.4823
1695 61.4822
1696 61.4822
1697 61.4821
1698 61.482
1699 61.482
1700 61.4819
1701 61.4819
1702 61.4818
1703 61.4818
1704 61.4817
1705 61.4817
1706 61.4817
1707 61.4816
1708 61.4816
1709 61.4816
1710 61.4815
1711 61.4815
1712 61.4815
1713 61.4815
1714 61.4814
1715 61.4814
1716 61.4814
1717 61.4814
1718 61.4814
1719 61.4814
1720 61.4814
1721 61.4814
1722 61.4813
1723 61.4813
1724 61.4813
1725 61.4813
1726 61.4813
1727 61.4813
1728 61.4813
1729 61.4813
1730 61.4813
1731 61.4812
1732 61.4812
1733 61.4812
1734 61.4812
1735 61.4812
1736 61.4812
1737 61.4812
1738 61.4812
1739 61.4812
1740 61.4812
1741 61.4812
1742 61.4812
1743 61.4812
1744 61.4811
1745 61.4811
1746 61.4811
1747 61.4811
1748 61.4811
1749 61.4811
1750 61.4811
1751 61.4811
1752 61.4811
1753 61.4811
1754 61.4811
1755 61.4811
1756 61.4811
1757 61.4811
1758 61.4811
1759 61.4811
1760 61.4811
1761 61.4811
1762 61.4811
1763 61.4811
1764 61.481
1765 61.481
1766 61.481
1767 61.481
1768 61.481
1769 61.481
1770 61.481
1771 61.481
1772 61.481
1773 61.481
1774 61.481
1775 61.481
1776 61.481
1777 61.481
1778 61.481
1779 61.4809
1780 61.4809
1781 61.4809
1782 61.4809
1783 61.4809
1784 61.4809
1785 61.4809
1786 61.4809
1787 61.4809
1788 61.4809
1789 61.4809
1790 61.4809
1791 61.4809
1792 61.4808
1793 61.4808
1794 61.4808
1795 61.4808
1796 61.4808
1797 61.4808
1798 61.4808
1799 61.4808
1800 61.4808
1801 61.4808
1802 61.4808
1803 61.4808
1804 61.4808
1805 61.4808
1806 61.4808
1807 61.4808
1808 61.4808
1809 61.4808
1810 61.4808
1811 61.4808
1812 61.4808
1813 61.4808
1814 61.4808
1815 61.4808
1816 61.4808
1817 61.4808
1818 61.4807
1819 61.4807
1820 61.4807
1821 61.4807
1822 61.4807
1823 61.4807
1824 61.4807
1825 61.4807
1826 61.4806
1827 61.4806
1828 61.4806
1829 61.4806
1830 61.4806
1831 61.4806
1832 61.4806
1833 61.4806
1834 61.4806
1835 61.4806
1836 61.4806
1837 61.4806
1838 61.4805
1839 61.4805
1840 61.4805
1841 61.4805
1842 61.4805
1843 61.4805
1844 61.4805
1845 61.4805
1846 61.4805
1847 61.4805
1848 61.4805
1849 61.4805
1850 61.4804
1851 61.4804
1852 61.4804
1853 61.4804
1854 61.4804
1855 61.4804
1856 61.4804
1857 61.4804
1858 61.4804
1859 61.4804
1860 61.4804
1861 61.4804
1862 61.4804
1863 61.4804
1864 61.4804
1865 61.4804
1866 61.4804
1867 61.4804
1868 61.4804
1869 61.4804
1870 61.4804
1871 61.4804
1872 61.4804
1873 61.4804
1874 61.4804
1875 61.4804
1876 61.4804
1877 61.4804
1878 61.4804
1879 61.4804
1880 61.4804
1881 61.4804
1882 61.4804
1883 61.4804
1884 61.4804
1885 61.4804
1886 61.4804
1887 61.4804
1888 61.4804
1889 61.4804
1890 61.4804
1891 61.4798
1892 61.4798
1893 61.4798
1894 61.4798
1895 61.4798
1896 61.4798
1897 61.4798
1898 61.4798
1899 61.4798
1900 61.4798
1901 61.4798
1902 61.4798
1903 61.4798
1904 61.4798
1905 61.4798
1906 61.4798
1907 61.4798
1908 61.4798
1909 61.4798
1910 61.4798
1911 61.4793
1912 61.4793
1913 61.4793
1914 61.4793
1915 61.4793
1916 61.4793
1917 61.4793
1918 61.4793
1919 61.4793
1920 61.4793
1921 61.4793
1922 61.4793
1923 61.4793
1924 61.4792
1925 61.4792
1926 61.4792
1927 61.4791
1928 61.4791
1929 61.4791
1930 61.4791
1931 61.4791
1932 61.4791
1933 61.4791
1934 61.4791
1935 61.4791
1936 61.4791
1937 61.479
1938 61.479
1939 61.479
1940 61.479
1941 61.479
1942 61.479
1943 61.479
1944 61.479
1945 61.479
1946 61.479
1947 61.479
1948 61.479
1949 61.479
1950 61.479
1951 61.479
1952 61.479
1953 61.479
1954 61.479
1955 61.479
1956 61.479
1957 61.479
1958 61.4787
1959 61.4787
1960 61.4787
1961 61.4787
1962 61.4787
1963 61.4787
1964 61.4787
1965 61.4787
1966 61.4787
1967 61.4787
1968 61.4787
1969 61.4787
1970 61.4787
1971 61.4787
1972 61.4787
1973 61.4787
1974 61.4787
1975 61.4787
1976 61.4787
1977 61.4787
1978 61.4787
1979 61.4787
1980 61.4787
1981 61.4787
1982 61.4787
1983 61.4787
1984 61.4787
1985 61.4787
1986 61.4787
1987 61.4786
1988 61.4786
1989 61.4786
1990 61.4786
1991 61.4786
1992 61.4786
1993 61.4786
1994 61.4786
1995 61.4786
1996 61.4786
1997 61.4786
1998 61.4786
1999 61.4786
2000 61.4786
2001 61.4786
2002 61.4786
2003 61.4786
2004 61.4786
2005 61.4786
2006 61.4784
2007 61.4784
2008 61.4784
2009 61.4784
2010 61.4784
2011 61.4784
2012 61.4784
2013 61.4784
2014 61.4784
2015 61.4784
2016 61.4784
2017 61.4784
2018 61.4784
2019 61.4784
2020 61.4784
2021 61.4784
2022 61.4784
2023 61.4784
2024 61.4784
2025 61.4784
2026 61.4784
2027 61.4784
2028 61.4784
2029 61.4784
2030 61.4784
2031 61.4784
2032 61.4784
2033 61.4784
2034 61.4784
2035 61.4784
2036 61.4784
2037 61.4784
2038 61.4784
2039 61.4784
2040 61.4784
2041 61.4784
2042 61.4784
2043 61.4784
2044 61.4784
2045 61.4784
2046 61.4784
2047 61.4784
2048 61.4783
2049 61.4783
2050 61.4783
2051 61.4783
2052 61.4783
2053 61.4782
2054 61.4782
2055 61.4782
2056 61.4782
2057 61.4782
2058 61.4782
2059 61.4782
2060 61.4782
2061 61.4782
2062 61.4782
2063 61.4782
2064 61.4782
2065 61.4782
2066 61.4782
2067 61.4782
2068 61.4782
2069 61.4782
2070 61.4782
2071 61.4782
2072 61.4782
2073 61.4782
2074 61.4782
2075 61.4782
2076 61.4782
2077 61.4782
2078 61.4782
2079 61.4782
2080 61.4781
2081 61.4781
2082 61.4781
2083 61.4781
2084 61.4781
2085 61.4781
2086 61.4781
2087 61.4781
2088 61.4781
2089 61.4781
2090 61.4781
2091 61.4781
2092 61.4781
2093 61.4781
2094 61.4781
2095 61.4781
2096 61.4781
2097 61.4781
2098 61.4781
2099 61.4781
2100 61.4781
2101 61.4781
2102 61.4781
2103 61.4781
2104 61.4781
2105 61.4781
2106 61.478
2107 61.478
2108 61.478
2109 61.478
2110 61.478
2111 61.478
2112 61.478
2113 61.478
2114 61.478
2115 61.478
2116 61.478
2117 61.478
2118 61.478
2119 61.478
2120 61.478
2121 61.478
2122 61.478
2123 61.478
2124 61.478
2125 61.478
2126 61.478
2127 61.478
2128 61.478
2129 61.478
2130 61.478
2131 61.478
2132 61.478
2133 61.478
2134 61.478
2135 61.478
2136 61.478
2137 61.478
2138 61.478
2139 61.478
2140 61.478
2141 61.478
2142 61.478
2143 61.478
2144 61.478
2145 61.478
2146 61.478
2147 61.478
2148 61.478
2149 61.478
2150 61.478
2151 61.478
2152 61.478
2153 61.478
2154 61.478
2155 61.478
2156 61.478
2157 61.4779
2158 61.4779
2159 61.4779
2160 61.4779
2161 61.4779
2162 61.4779
2163 61.4779
2164 61.4779
2165 61.4779
2166 61.4779
2167 61.4779
2168 61.4779
2169 61.4779
2170 61.4779
2171 61.4779
2172 61.4779
2173 61.4779
2174 61.4779
2175 61.4779
2176 61.4779
2177 61.4779
2178 61.4779
2179 61.4779
2180 61.4776
2181 61.4776
2182 61.4776
2183 61.4776
2184 61.4776
2185 61.4776
2186 61.4776
2187 61.4776
2188 61.4776
2189 61.4776
2190 61.4776
2191 61.4776
2192 61.4776
2193 61.4776
2194 61.4776
2195 61.4775
2196 61.4775
2197 61.4775
2198 61.4775
2199 61.4775
2200 61.4775
2201 61.4775
2202 61.4775
2203 61.4775
2204 61.4775
2205 61.4775
2206 61.4775
2207 61.4774
2208 61.4774
2209 61.4774
2210 61.4774
2211 61.4774
2212 61.4774
2213 61.4774
2214 61.4774
2215 61.4774
2216 61.4774
2217 61.4774
2218 61.4774
2219 61.4774
2220 61.4774
2221 61.4774
2222 61.4774
2223 61.4774
2224 61.4774
2225 61.4774
2226 61.4774
2227 61.4774
2228 61.4774
2229 61.4774
2230 61.4774
2231 61.4774
2232 61.4774
2233 61.4774
2234 61.4774
2235 61.4774
2236 61.4773
2237 61.4773
2238 61.4773
2239 61.4773
2240 61.4773
2241 61.4773
2242 61.4773
2243 61.4773
2244 61.4773
2245 61.4773
2246 61.4773
2247 61.4773
2248 61.4773
2249 61.4773
2250 61.4773
2251 61.4773
2252 61.4773
2253 61.4773
2254 61.4773
2255 61.4773
2256 61.4773
2257 61.4773
2258 61.4773
2259 61.4773
2260 61.4773
2261 61.4773
2262 61.4773
2263 61.4773
2264 61.4773
2265 61.4773
2266 61.4773
2267 61.4773
2268 61.4773
2269 61.4773
2270 61.4773
2271 61.4773
2272 61.4773
2273 61.4773
2274 61.4773
2275 61.4773
2276 61.4773
2277 61.4773
2278 61.4773
2279 61.4773
2280 61.4773
2281 61.4773
2282 61.4773
2283 61.4773
2284 61.4773
2285 61.4773
2286 61.4773
2287 61.4773
2288 61.4773
2289 61.4773
2290 61.4773
2291 61.4773
2292 61.4773
2293 61.4773
2294 61.4773
2295 61.4773
2296 61.4771
2297 61.4771
2298 61.4771
2299 61.4771
2300 61.4771
2301 61.4771
2302 61.4771
2303 61.4771
2304 61.4771
2305 61.4771
2306 61.4771
2307 61.4771
2308 61.4771
2309 61.4771
2310 61.4771
2311 61.4771
2312 61.4771
2313 61.4771
2314 61.4771
2315 61.4771
2316 61.4771
2317 61.4771
2318 61.4771
2319 61.4769
2320 61.4769
2321 61.4769
2322 61.4769
2323 61.4769
2324 61.4769
2325 61.4769
2326 61.4769
2327 61.4769
2328 61.4769
2329 61.4769
2330 61.4769
2331 61.4769
2332 61.4769
2333 61.4769
2334 61.4769
2335 61.4769
2336 61.4769
2337 61.4769
2338 61.4769
2339 61.4769
2340 61.4769
2341 61.4769
2342 61.4769
2343 61.4769
2344 61.4768
2345 61.4768
2346 61.4768
2347 61.4768
2348 61.4768
2349 61.4767
2350 61.4767
2351 61.4767
2352 61.4767
2353 61.4767
2354 61.4767
2355 61.4767
2356 61.4767
2357 61.4767
2358 61.4767
2359 61.4767
2360 61.4767
2361 61.4767
2362 61.4767
2363 61.4767
2364 61.4767
2365 61.4767
2366 61.4767
2367 61.4767
2368 61.4766
2369 61.4766
2370 61.4766
2371 61.4766
2372 61.4766
2373 61.4766
2374 61.4766
2375 61.4766
2376 61.4766
2377 61.4766
2378 61.4766
2379 61.4766
2380 61.4766
2381 61.4766
2382 61.4766
2383 61.4766
2384 61.4766
2385 61.4766
2386 61.4766
2387 61.4766
2388 61.4766
2389 61.4766
2390 61.4766
2391 61.4766
2392 61.4766
2393 61.4766
2394 61.4766
2395 61.4766
2396 61.4766
2397 61.4766
2398 61.4766
2399 61.4766
2400 61.4766
2401 61.4766
2402 61.4766
2403 61.4766
2404 61.4766
2405 61.4766
2406 61.4766
2407 61.4766
2408 61.4766
2409 61.4766
2410 61.4766
2411 61.4766
2412 61.4766
2413 61.4766
2414 61.4766
2415 61.4766
2416 61.4766
2417 61.4766
2418 61.4766
2419 61.4766
2420 61.4766
2421 61.4766
2422 61.4766
2423 61.4766
2424 61.4765
2425 61.4765
2426 61.4765
2427 61.4765
2428 61.4765
2429 61.4765
2430 61.4765
2431 61.4765
2432 61.4765
2433 61.4765
2434 61.4765
2435 61.4765
2436 61.4765
2437 61.4765
2438 61.4765
2439 61.4765
2440 61.4765
2441 61.4765
2442 61.4765
2443 61.4765
2444 61.4765
2445 61.4765
2446 61.4765
2447 61.4765
2448 61.4765
2449 61.4765
2450 61.4765
2451 61.4765
2452 61.4765
2453 61.4765
2454 61.4765
2455 61.4765
2456 61.4765
2457 61.4765
2458 61.4765
2459 61.4765
2460 61.4765
2461 61.4765
2462 61.4765
2463 61.4765
2464 61.4765
2465 61.4765
2466 61.4765
2467 61.4765
2468 61.4765
2469 61.4765
2470 61.4765
2471 61.4765
2472 61.4765
2473 61.4765
2474 61.4764
2475 61.4764
2476 61.4764
2477 61.4764
2478 61.4764
2479 61.4764
2480 61.4764
2481 61.4764
2482 61.4764
2483 61.4764
2484 61.4764
2485 61.4764
2486 61.4764
2487 61.4764
2488 61.4764
2489 61.4764
2490 61.4764
2491 61.4764
2492 61.4764
2493 61.4764
2494 61.4764
2495 61.4764
2496 61.4764
2497 61.4764
2498 61.4764
2499 61.4764
2500 61.4764
2501 61.4764
2502 61.4764
2503 61.4764
2504 61.4764
2505 61.4764
2506 61.4764
2507 61.4764
2508 61.4764
2509 61.4764
2510 61.4764
2511 61.4764
2512 61.4764
2513 61.4764
2514 61.4764
2515 61.4764
2516 61.4764
2517 61.4764
2518 61.4762
2519 61.4762
2520 61.4762
2521 61.4762
2522 61.4762
2523 61.4762
2524 61.4762
2525 61.4762
2526 61.4762
2527 61.4762
2528 61.4762
2529 61.4762
2530 61.4762
2531 61.4762
2532 61.4762
2533 61.4762
2534 61.4762
2535 61.4762
2536 61.4762
2537 61.4762
2538 61.4762
2539 61.4762
2540 61.4762
2541 61.4762
2542 61.4762
2543 61.4762
2544 61.4762
2545 61.4762
2546 61.4762
2547 61.4762
2548 61.4762
2549 61.4762
2550 61.4762
2551 61.4762
2552 61.4762
2553 61.4762
2554 61.4762
2555 61.4762
2556 61.4762
2557 61.4762
2558 61.4762
2559 61.4762
2560 61.4762
2561 61.4762
2562 61.4762
2563 61.4762
2564 61.4762
2565 61.4762
2566 61.4762
2567 61.4762
2568 61.4762
2569 61.4762
2570 61.4762
2571 61.4762
2572 61.4762
2573 61.4762
2574 61.4762
2575 61.4762
2576 61.4762
2577 61.4762
2578 61.4762
2579 61.4762
2580 61.4762
2581 61.4762
2582 61.4762
2583 61.4762
2584 61.4762
2585 61.4762
2586 61.4762
2587 61.4762
2588 61.4762
2589 61.4762
2590 61.4762
2591 61.4762
2592 61.4762
2593 61.4762
2594 61.4761
2595 61.4761
2596 61.4761
2597 61.4761
2598 61.4761
2599 61.4761
2600 61.4761
2601 61.4761
2602 61.4761
2603 61.4761
2604 61.4761
2605 61.4761
2606 61.4761
2607 61.4761
2608 61.4761
2609 61.4761
2610 61.4761
2611 61.4761
2612 61.4761
2613 61.4761
2614 61.4761
2615 61.4761
2616 61.4761
2617 61.4761
2618 61.4761
2619 61.4761
2620 61.4761
2621 61.4761
2622 61.4761
2623 61.4761
2624 61.4761
2625 61.4761
2626 61.4761
2627 61.4761
2628 61.4761
2629 61.476
2630 61.476
2631 61.476
2632 61.476
2633 61.476
2634 61.476
2635 61.476
2636 61.476
2637 61.476
2638 61.476
2639 61.476
2640 61.476
2641 61.476
2642 61.476
2643 61.476
2644 61.476
2645 61.476
2646 61.476
2647 61.476
2648 61.476
2649 61.476
2650 61.476
2651 61.476
2652 61.476
2653 61.476
2654 61.476
2655 61.476
2656 61.476
2657 61.476
2658 61.476
2659 61.476
2660 61.476
2661 61.476
2662 61.476
2663 61.476
2664 61.476
2665 61.476
2666 61.476
2667 61.476
2668 61.476
2669 61.476
2670 61.476
2671 61.476
2672 61.476
2673 61.476
2674 61.476
2675 61.4759
2676 61.4759
2677 61.4759
2678 61.4759
2679 61.4759
2680 61.4759
2681 61.4759
2682 61.4758
2683 61.4758
2684 61.4758
2685 61.4758
2686 61.4758
2687 61.4758
2688 61.4758
2689 61.4758
2690 61.4758
2691 61.4758
2692 61.4758
2693 61.4758
2694 61.4758
2695 61.4758
2696 61.4758
2697 61.4758
2698 61.4758
2699 61.4758
2700 61.4758
2701 61.4758
2702 61.4758
2703 61.4758
2704 61.4758
2705 61.4758
2706 61.4758
2707 61.4758
2708 61.4758
2709 61.4758
2710 61.4758
2711 61.4758
2712 61.4758
2713 61.4758
2714 61.4758
2715 61.4758
2716 61.4758
2717 61.4758
2718 61.4758
2719 61.4758
2720 61.4758
2721 61.4758
2722 61.4758
2723 61.4758
2724 61.4758
2725 61.4758
2726 61.4758
2727 61.4758
2728 61.4758
2729 61.4758
2730 61.4758
2731 61.4758
2732 61.4757
2733 61.4757
2734 61.4757
2735 61.4757
2736 61.4757
2737 61.4757
2738 61.4757
2739 61.4757
2740 61.4757
2741 61.4757
2742 61.4757
2743 61.4757
2744 61.4757
2745 61.4757
2746 61.4757
2747 61.4757
2748 61.4757
2749 61.4757
2750 61.4757
2751 61.4757
2752 61.4757
2753 61.4757
2754 61.4757
2755 61.4757
2756 61.4757
2757 61.4757
2758 61.4757
2759 61.4757
2760 61.4757
2761 61.4757
2762 61.4757
2763 61.4757
2764 61.4757
2765 61.4757
2766 61.4757
2767 61.4757
2768 61.4757
2769 61.4757
2770 61.4757
2771 61.4757
2772 61.4757
2773 61.4757
2774 61.4757
2775 61.4757
2776 61.4757
2777 61.4757
2778 61.4757
2779 61.4757
2780 61.4757
2781 61.475
2782 61.475
2783 61.475
2784 61.475
2785 61.475
2786 61.4749
2787 61.4749
2788 61.4749
2789 61.4749
2790 61.4749
2791 61.4749
2792 61.4749
2793 61.4749
2794 61.4749
2795 61.4748
2796 61.4748
2797 61.4748
2798 61.4748
2799 61.4748
2800 61.4748
2801 61.4748
2802 61.4748
2803 61.4748
2804 61.4748
2805 61.4748
2806 61.4748
2807 61.4748
2808 61.4748
2809 61.4748
2810 61.4748
2811 61.4748
2812 61.4748
2813 61.4748
2814 61.4748
2815 61.4748
2816 61.4748
2817 61.4748
2818 61.4748
2819 61.4748
2820 61.4748
2821 61.4748
2822 61.4748
2823 61.4748
2824 61.4748
2825 61.4748
2826 61.4748
2827 61.4748
2828 61.4748
2829 61.4748
2830 61.4748
2831 61.4748
2832 61.4748
2833 61.4748
2834 61.4748
2835 61.4748
2836 61.4748
2837 61.4748
2838 61.4748
2839 61.4748
2840 61.4748
2841 61.4748
2842 61.4748
2843 61.4748
2844 61.4748
2845 61.4748
2846 61.4748
2847 61.4748
2848 61.4748
2849 61.4748
2850 61.4747
2851 61.4747
2852 61.4747
2853 61.4747
2854 61.4747
2855 61.4747
2856 61.4747
2857 61.4747
2858 61.4747
2859 61.4747
2860 61.4747
2861 61.4747
2862 61.474
2863 61.474
2864 61.474
2865 61.474
2866 61.474
2867 61.474
2868 61.474
2869 61.474
2870 61.474
2871 61.474
2872 61.474
2873 61.474
2874 61.474
2875 61.474
2876 61.474
2877 61.474
2878 61.474
2879 61.474
2880 61.474
2881 61.474
2882 61.474
2883 61.4739
2884 61.4739
2885 61.4739
2886 61.4739
2887 61.4739
2888 61.4739
2889 61.4739
2890 61.4739
2891 61.4739
2892 61.4739
2893 61.4739
2894 61.4739
2895 61.4739
2896 61.4739
2897 61.4739
2898 61.4739
2899 61.4739
2900 61.4739
2901 61.4739
2902 61.4739
2903 61.4739
2904 61.4739
2905 61.4739
2906 61.4739
2907 61.4739
2908 61.4739
2909 61.4739
2910 61.4739
2911 61.4739
2912 61.4739
2913 61.4739
2914 61.4739
2915 61.4739
2916 61.4739
2917 61.4739
2918 61.4739
2919 61.4739
2920 61.4739
2921 61.4739
2922 61.4739
2923 61.4739
2924 61.4739
2925 61.4739
2926 61.4739
2927 61.4739
2928 61.4739
2929 61.4739
2930 61.4739
2931 61.4739
2932 61.4739
2933 61.4739
2934 61.4739
2935 61.4739
2936 61.4739
2937 61.4739
2938 61.4739
2939 61.4739
2940 61.4739
2941 61.4739
2942 61.4739
2943 61.4739
2944 61.4739
2945 61.4739
2946 61.4739
2947 61.4739
2948 61.4739
2949 61.4738
2950 61.4738
2951 61.4738
2952 61.4738
2953 61.4738
2954 61.4738
2955 61.4738
2956 61.4738
2957 61.4738
2958 61.4738
2959 61.4738
2960 61.4738
2961 61.4738
2962 61.4738
2963 61.4738
2964 61.4738
2965 61.4738
2966 61.4738
2967 61.4738
2968 61.4738
2969 61.4738
2970 61.4738
2971 61.4738
2972 61.4738
2973 61.4738
2974 61.4738
2975 61.4738
2976 61.4738
2977 61.4738
2978 61.4738
2979 61.4738
2980 61.4738
2981 61.4738
2982 61.4738
2983 61.4738
2984 61.4738
2985 61.4738
2986 61.4738
2987 61.4738
2988 61.4738
2989 61.4738
2990 61.4738
2991 61.4738
2992 61.4738
2993 61.4738
2994 61.4737
2995 61.4737
2996 61.4737
2997 61.4737
2998 61.4737
2999 61.4737
3000 61.4737
3001 61.4737
3002 61.4737
3003 61.4737
3004 61.4737
3005 61.4737
3006 61.4737
3007 61.4737
3008 61.4737
3009 61.4737
3010 61.4737
3011 61.4737
3012 61.4737
3013 61.4737
3014 61.4737
3015 61.4737
3016 61.4737
3017 61.4737
3018 61.4737
3019 61.4737
3020 61.4737
3021 61.4737
3022 61.4737
3023 61.4737
3024 61.4737
3025 61.4737
3026 61.4737
3027 61.4737
3028 61.4737
3029 61.4737
3030 61.4737
3031 61.4737
3032 61.4737
3033 61.4737
3034 61.4737
3035 61.4737
3036 61.4737
3037 61.4737
3038 61.4737
3039 61.4737
3040 61.4737
3041 61.4737
3042 61.4737
3043 61.4737
3044 61.4737
3045 61.4737
3046 61.4737
3047 61.4737
3048 61.4737
3049 61.4737
3050 61.4737
3051 61.4737
3052 61.4737
3053 61.4737
3054 61.4737
3055 61.4737
3056 61.4737
3057 61.4737
3058 61.4737
3059 61.4737
3060 61.4737
3061 61.4737
3062 61.4737
3063 61.4737
3064 61.4737
3065 61.4737
3066 61.4737
3067 61.4737
3068 61.4737
3069 61.4737
3070 61.4737
3071 61.4737
3072 61.4737
3073 61.4737
3074 61.4737
3075 61.4737
3076 61.4737
3077 61.4737
3078 61.4737
3079 61.4737
3080 61.4737
3081 61.4737
3082 61.4737
3083 61.4737
3084 61.4737
3085 61.4737
3086 61.4737
3087 61.4737
3088 61.4737
3089 61.4737
3090 61.4737
3091 61.4737
3092 61.4737
3093 61.4737
3094 61.4737
3095 61.4736
3096 61.4736
3097 61.4736
3098 61.4736
3099 61.4736
3100 61.4736
3101 61.4736
3102 61.4736
3103 61.4736
3104 61.4736
3105 61.4736
3106 61.4736
3107 61.4736
3108 61.4736
3109 61.4736
3110 61.4736
3111 61.4736
3112 61.4736
3113 61.4736
3114 61.4736
3115 61.4736
3116 61.4736
3117 61.4736
3118 61.4736
3119 61.4736
3120 61.4736
3121 61.4736
3122 61.4736
3123 61.4736
3124 61.4736
3125 61.4736
3126 61.4736
3127 61.4735
3128 61.4735
3129 61.4735
3130 61.4735
3131 61.4735
3132 61.4735
3133 61.4735
3134 61.4735
3135 61.4735
3136 61.4735
3137 61.4735
3138 61.4735
3139 61.4735
3140 61.4735
3141 61.4735
3142 61.4735
3143 61.4735
3144 61.4735
3145 61.4735
3146 61.4735
3147 61.4735
3148 61.4735
3149 61.4735
3150 61.4735
3151 61.4735
3152 61.4735
3153 61.4735
3154 61.4735
3155 61.4735
3156 61.4735
3157 61.4735
3158 61.4735
3159 61.4735
3160 61.4735
3161 61.4735
3162 61.4735
3163 61.4735
3164 61.4735
3165 61.4735
3166 61.4735
3167 61.4735
3168 61.4735
3169 61.4735
3170 61.4735
3171 61.4734
3172 61.4734
3173 61.4734
3174 61.4734
3175 61.4734
3176 61.4734
3177 61.4734
3178 61.4734
3179 61.4734
3180 61.4734
3181 61.4734
3182 61.4734
3183 61.4734
3184 61.4734
3185 61.4734
3186 61.4734
3187 61.4734
3188 61.4734
3189 61.4734
3190 61.4734
3191 61.4734
3192 61.4734
3193 61.4734
3194 61.4734
3195 61.4734
3196 61.4734
3197 61.4734
3198 61.4734
3199 61.4734
3200 61.4734
3201 61.4734
3202 61.4734
3203 61.4734
3204 61.4734
3205 61.4734
3206 61.4734
3207 61.4734
3208 61.4734
3209 61.4734
3210 61.4734
3211 61.4734
3212 61.4734
3213 61.4734
3214 61.4733
3215 61.4733
3216 61.4733
3217 61.4733
3218 61.4733
3219 61.4733
3220 61.4733
3221 61.4733
3222 61.4733
3223 61.4733
3224 61.4733
3225 61.4733
3226 61.4733
3227 61.4733
3228 61.4733
3229 61.4733
3230 61.4733
3231 61.4733
3232 61.4733
3233 61.4733
3234 61.4733
3235 61.4733
3236 61.4733
3237 61.4733
3238 61.4733
3239 61.4733
3240 61.4733
3241 61.4733
3242 61.4733
3243 61.4733
3244 61.4733
3245 61.4733
3246 61.4733
3247 61.4733
3248 61.4733
3249 61.4733
3250 61.4733
3251 61.4733
3252 61.4733
3253 61.4733
3254 61.4733
3255 61.4733
3256 61.4733
3257 61.4733
3258 61.4733
3259 61.4733
3260 61.4733
3261 61.4733
3262 61.4733
3263 61.4733
3264 61.4733
3265 61.4733
3266 61.4733
3267 61.4733
3268 61.4733
3269 61.4733
3270 61.4733
3271 61.4733
3272 61.4733
3273 61.4733
3274 61.4733
3275 61.4733
3276 61.4733
3277 61.4733
3278 61.4733
3279 61.4733
3280 61.4733
3281 61.4733
3282 61.4733
3283 61.4733
3284 61.4733
3285 61.4733
3286 61.4733
3287 61.4733
3288 61.4733
3289 61.4733
3290 61.4733
3291 61.4732
3292 61.4732
3293 61.4732
3294 61.4732
3295 61.4732
3296 61.4732
3297 61.4732
3298 61.4732
3299 61.4732
3300 61.4732
3301 61.4732
3302 61.4732
3303 61.4732
3304 61.4732
3305 61.4732
3306 61.4732
3307 61.4732
3308 61.4732
3309 61.4732
3310 61.4732
3311 61.4732
3312 61.4732
3313 61.4732
3314 61.4732
3315 61.4732
3316 61.4732
3317 61.4732
3318 61.4732
3319 61.4732
3320 61.4732
3321 61.4732
3322 61.4732
3323 61.4732
3324 61.4732
3325 61.4732
3326 61.4732
3327 61.4732
3328 61.4732
3329 61.4732
3330 61.4732
3331 61.4732
3332 61.4732
3333 61.4732
3334 61.4732
3335 61.4732
3336 61.4732
3337 61.4732
3338 61.4732
3339 61.4732
3340 61.4732
3341 61.4732
3342 61.4732
3343 61.4732
3344 61.4732
3345 61.4732
3346 61.4732
3347 61.4732
3348 61.4732
3349 61.4732
3350 61.4732
3351 61.4732
3352 61.4732
3353 61.4732
3354 61.4732
3355 61.4732
3356 61.4732
3357 61.4732
3358 61.4732
3359 61.4732
3360 61.4732
3361 61.4732
3362 61.4732
3363 61.4732
3364 61.4732
3365 61.4732
3366 61.4732
3367 61.4732
3368 61.4732
3369 61.4732
3370 61.4732
3371 61.4732
3372 61.4732
3373 61.4731
3374 61.4731
3375 61.4731
3376 61.4731
3377 61.4731
3378 61.4731
3379 61.4731
3380 61.4731
3381 61.4731
3382 61.4731
3383 61.4731
3384 61.4731
3385 61.4731
3386 61.4731
3387 61.4731
3388 61.4731
3389 61.4731
3390 61.4731
3391 61.4731
3392 61.4731
3393 61.4731
3394 61.4731
3395 61.4731
3396 61.4731
3397 61.4731
3398 61.4731
3399 61.4731
3400 61.4731
3401 61.4731
3402 61.4731
