1 0.354636 
2 0.353757 
3 0.352777 
4 0.352355 
5 0.351361 
6 0.350383 
7 0.349543 
8 0.348677 
9 0.347199 
10 0.362919 
11 0.997635 
12 0.994815 
13 0.993007 
14 0.989477 
15 0.985817 
16 0.98311 
17 0.981943 
18 0.978405 
19 0.974341 
20 0.971451 
21 0.967927 
22 0.964573 
23 0.963596 
24 0.960399 
25 0.955554 
26 0.950373 
27 0.941875 
28 0.930876 
29 0.924344 
30 0.917215 
31 0.90527 
32 0.893492 
33 0.879633 
34 0.85582 
35 0.842777 
36 0.818409 
37 0.801181 
38 0.787705 
39 0.774595 
40 0.753375 
41 0.736885 
42 0.72075 
43 0.696167 
44 0.679604 
45 0.654522 
46 0.650183 
47 0.643964 
48 0.626242 
49 0.613153 
50 0.593974 
51 0.580427 
52 0.562577 
53 0.539425 
54 0.531558 
55 0.524544 
56 0.518533 
57 0.509163 
58 0.501983 
59 0.496023 
60 0.49211 
61 0.487383 
62 0.48304 
63 0.480788 
64 0.479076 
65 0.476647 
66 0.473526 
67 0.457005 
68 0.454455 
69 0.445047 
70 0.436363 
71 0.435358 
72 0.432961 
73 0.421631 
74 0.41783 
75 0.413414 
76 0.40424 
77 0.399804 
78 0.392874 
79 0.391281 
80 0.389284 
81 0.372906 
82 0.370012 
83 0.369165 
84 0.367919 
85 0.365715 
86 0.364338 
87 0.363662 
88 0.362171 
89 0.358797 
90 0.357938 
91 0.356727 
92 0.355267 
93 0.354631 
94 0.353794 
95 0.35257 
96 0.351547 
97 0.35081 
98 0.348902 
99 0.364239 
100 0.996773 
101 0.993504 
102 0.992422 
103 0.989245 
104 0.985866 
105 0.982628 
106 0.979399 
107 0.976545 
108 0.973664 
109 0.969891 
110 0.966759 
111 0.965216 
112 0.961451 
113 0.957438 
114 0.952061 
115 0.947813 
116 0.944481 
117 0.939731 
118 0.935768 
119 0.93424 
120 0.926011 
121 0.913312 
122 0.890307 
123 0.871183 
124 0.858819 
125 0.836333 
126 0.828811 
127 0.812463 
128 0.797263 
129 0.790964 
130 0.775395 
131 0.760341 
132 0.749221 
133 0.724733 
134 0.706619 
135 0.686325 
136 0.665373 
137 0.645946 
138 0.624106 
139 0.613417 
140 0.601371 
141 0.581217 
142 0.57715 
143 0.560735 
144 0.556175 
145 0.544994 
146 0.537842 
147 0.52373 
148 0.517133 
149 0.512092 
150 0.505939 
151 0.49582 
152 0.489487 
153 0.473849 
154 0.471095 
155 0.464097 
156 0.454599 
157 0.450336 
158 0.438077 
159 0.433894 
160 0.428193 
161 0.423633 
162 0.421812 
163 0.409942 
164 0.407059 
165 0.395443 
166 0.392477 
167 0.389098 
168 0.381898 
169 0.376349 
170 0.373142 
171 0.37108 
172 0.369431 
173 0.367577 
174 0.366149 
175 0.364632 
176 0.363509 
177 0.363011 
178 0.36178 
179 0.360383 
180 0.359662 
181 0.357792 
182 0.357238 
183 0.356068 
184 0.354904 
185 0.354659 
186 0.354132 
187 0.353117 
188 0.351396 
189 0.350129 
190 0.557811 
191 0.99706 
192 0.994101 
193 0.991793 
194 0.990319 
195 0.986876 
196 0.983692 
197 0.982502 
198 0.977303 
199 0.971645 
200 0.96082 
201 0.951957 
202 0.93701 
203 0.925857 
204 0.91782 
205 0.889499 
206 0.826579 
207 0.753366 
208 0.711445 
209 0.676511 
210 0.64627 
211 0.608536 
212 0.56622 
213 0.545022 
214 0.537212 
215 0.51063 
216 0.506448 
217 0.482773 
218 0.464529 
219 0.448785 
220 0.419495 
221 0.406516 
222 0.398063 
223 0.390474 
224 0.382783 
225 0.375275 
226 0.372515 
227 0.369835 
228 0.368031 
229 0.36336 
230 0.360752 
231 0.361364 
232 0.399762 
233 0.995277 
234 0.992391 
235 0.97957 
236 0.946566 
237 0.749724 
238 0.611838 
239 0.528413 
240 0.457277 
241 0.435013 
242 0.3987 
243 0.38453 
244 0.379058 
245 0.375222 
246 0.373598 
247 0.412434 
248 0.996987 
249 0.993158 
250 0.990077 
251 0.982536 
252 0.978437 
253 0.974331 
254 0.959399 
255 0.949724 
256 0.864086 
257 0.786537 
258 0.697238 
259 0.608378 
260 0.558422 
261 0.53401 
262 0.510342 
263 0.493159 
264 0.476679 
265 0.449768 
266 0.432403 
267 0.418072 
268 0.403067 
269 0.400122 
270 0.39607 
271 0.392113 
272 0.390618 
273 0.392735 
274 0.996777 
275 0.993901 
276 0.992084 
277 0.988826 
278 0.984051 
279 0.980427 
280 0.976959 
281 0.973061 
282 0.969666 
283 0.967045 
284 0.963004 
285 0.958444 
286 0.94436 
287 0.905013 
288 0.867634 
289 0.819866 
290 0.773924 
291 0.72449 
292 0.663792 
293 0.622782 
294 0.596522 
295 0.579668 
296 0.548512 
297 0.53005 
298 0.497045 
299 0.480796 
300 0.463631 
301 0.451042 
302 0.443799 
303 0.43472 
304 0.42484 
305 0.419523 
306 0.415678 
307 0.412592 
308 0.407659 
309 0.40498 
310 0.40199 
311 0.40034 
312 0.398863 
313 0.397143 
314 0.396286 
315 0.394539 
316 0.393665 
317 0.474712 
318 0.997973 
319 0.995299 
320 0.97286 
321 0.942239 
322 0.621469 
323 0.510789 
324 0.450957 
325 0.41814 
326 0.407703 
327 0.404796 
328 0.405164 
329 0.414671 
330 0.997042 
331 0.994119 
332 0.994096 
333 0.992394 
334 0.988674 
335 0.984945 
336 0.983189 
337 0.981951 
338 0.978195 
339 0.975926 
340 0.974652 
341 0.971548 
342 0.968217 
343 0.965699 
344 0.963142 
345 0.959434 
346 0.955695 
347 0.953398 
348 0.94961 
349 0.947349 
350 0.946103 
351 0.943535 
352 0.939778 
353 0.936068 
354 0.935116 
355 0.926895 
356 0.924029 
357 0.920998 
358 0.917222 
359 0.915957 
360 0.913752 
361 0.911085 
362 0.908552 
363 0.906203 
364 0.902453 
365 0.896344 
366 0.894693 
367 0.89293 
368 0.89114 
369 0.889503 
370 0.885838 
371 0.883365 
372 0.881269 
373 0.876872 
374 0.869036 
375 0.864875 
376 0.857097 
377 0.851005 
378 0.843819 
379 0.835359 
380 0.832097 
381 0.820649 
382 0.810396 
383 0.809132 
384 0.803755 
385 0.80079 
386 0.795814 
387 0.79385 
388 0.79031 
389 0.789104 
390 0.783181 
391 0.778645 
392 0.771271 
393 0.767519 
394 0.762335 
395 0.754494 
396 0.751491 
397 0.74758 
398 0.736141 
399 0.727033 
400 0.711075 
401 0.703911 
402 0.699957 
403 0.697114 
404 0.693963 
405 0.688645 
406 0.684708 
407 0.675923 
408 0.663655 
409 0.660808 
410 0.658367 
411 0.655526 
412 0.649769 
413 0.645351 
414 0.641856 
415 0.637245 
416 0.629665 
417 0.62542 
418 0.620088 
419 0.614741 
420 0.608954 
421 0.600469 
422 0.593947 
423 0.590681 
424 0.583055 
425 0.577667 
426 0.572599 
427 0.567247 
428 0.565146 
429 0.557186 
430 0.55618 
431 0.550175 
432 0.546069 
433 0.542293 
434 0.530136 
435 0.524789 
436 0.523082 
437 0.516034 
438 0.513404 
439 0.505184 
440 0.500894 
441 0.499423 
442 0.498283 
443 0.496215 
444 0.48999 
445 0.483989 
446 0.482823 
447 0.480257 
448 0.479236 
449 0.476672 
450 0.473416 
451 0.472346 
452 0.470765 
453 0.469991 
454 0.466338 
455 0.464611 
456 0.463528 
457 0.458015 
458 0.454409 
459 0.453302 
460 0.449459 
461 0.448678 
462 0.448074 
463 0.446067 
464 0.442843 
465 0.440094 
466 0.437739 
467 0.435207 
468 0.434747 
469 0.433684 
470 0.431536 
471 0.430795 
472 0.429827 
473 0.427589 
474 0.427174 
475 0.42646 
476 0.424886 
477 0.42294 
478 0.421906 
479 0.421156 
480 0.420636 
481 0.419855 
482 0.41844 
483 0.417598 
484 0.41647 
485 0.414558 
486 0.416735 
487 0.414866 
488 0.626027 
489 1 
490 1 
491 0.997289 
492 0.994176 
493 0.991831 
494 0.98968 
495 0.987269 
496 0.985589 
497 0.982285 
498 0.979768 
499 0.976372 
500 0.973201 
501 0.970029 
502 0.967305 
503 0.964873 
504 0.961379 
505 0.958271 
506 0.957205 
507 0.952952 
508 0.949191 
509 0.946031 
510 0.942945 
511 0.939909 
512 0.936694 
513 0.925734 
514 0.921745 
515 0.917053 
516 0.914356 
517 0.9118 
518 0.908098 
519 0.898163 
520 0.888838 
521 0.886041 
522 0.880955 
523 0.869066 
524 0.863269 
525 0.851829 
526 0.841586 
527 0.839088 
528 0.82901 
529 0.824793 
530 0.814341 
531 0.811276 
532 0.801864 
533 0.793339 
534 0.784179 
535 0.780256 
536 0.775274 
537 0.768333 
538 0.759767 
539 0.756507 
540 0.75028 
541 0.738342 
542 0.73266 
543 0.729125 
544 0.719743 
545 0.71405 
546 0.708847 
547 0.699664 
548 0.696221 
549 0.687465 
550 0.68394 
551 0.671238 
552 0.668691 
553 0.660364 
554 0.652851 
555 0.64187 
556 0.638927 
557 0.635612 
558 0.633905 
559 0.628193 
560 0.623743 
561 0.621949 
562 0.618127 
563 0.614159 
564 0.608694 
565 0.605895 
566 0.602537 
567 0.596573 
568 0.593941 
569 0.591204 
570 0.58757 
571 0.582149 
572 0.573362 
573 0.570217 
574 0.565642 
575 0.564368 
576 0.563179 
577 0.561828 
578 0.559404 
579 0.557209 
580 0.55177 
581 0.550042 
582 0.548036 
583 0.547315 
584 0.542956 
585 0.541592 
586 0.540367 
587 0.538884 
588 0.530292 
589 0.52912 
590 0.521836 
591 0.514258 
592 0.512332 
593 0.51034 
594 0.505497 
595 0.503583 
596 0.502191 
597 0.497308 
598 0.49649 
599 0.494675 
600 0.493797 
601 0.485476 
602 0.478648 
603 0.477672 
604 0.474091 
605 0.468143 
606 0.464406 
607 0.462813 
608 0.461673 
609 0.46104 
610 0.459793 
611 0.456776 
612 0.455058 
613 0.452269 
614 0.449996 
615 0.448676 
616 0.447539 
617 0.446257 
618 0.445558 
619 0.444362 
620 0.443377 
621 0.442101 
622 0.441135 
623 0.440582 
624 0.43978 
625 0.438932 
626 0.438303 
627 0.437113 
628 0.43624 
629 0.435355 
630 0.435108 
631 0.432317 
632 0.431 
633 0.429156 
634 0.427983 
635 0.427326 
636 0.42731 
637 0.465419 
638 0.996748 
639 0.99329 
640 0.990584 
641 0.98741 
642 0.984686 
643 0.981612 
644 0.978555 
645 0.976761 
646 0.975802 
647 0.973408 
648 0.971188 
649 0.970068 
650 0.967047 
651 0.96397 
652 0.960455 
653 0.958961 
654 0.956074 
655 0.953215 
656 0.950938 
657 0.941837 
658 0.877003 
659 0.829133 
660 0.783195 
661 0.744031 
662 0.709936 
663 0.674951 
664 0.639539 
665 0.61986 
666 0.597009 
667 0.569399 
668 0.558172 
669 0.544196 
670 0.525357 
671 0.516125 
672 0.505107 
673 0.494112 
674 0.482008 
675 0.469754 
676 0.461501 
677 0.452435 
678 0.445908 
679 0.442776 
680 0.440419 
681 0.438304 
682 0.4369 
683 0.434942 
684 0.43429 
685 0.433491 
686 0.432731 
687 0.432668 
688 0.432046 
689 0.431845 
690 0.445479 
691 0.997197 
692 0.993755 
693 0.993679 
694 0.990495 
695 0.988111 
696 0.98523 
697 0.975124 
698 0.958259 
699 0.875835 
700 0.705527 
701 0.596312 
702 0.552066 
703 0.514238 
704 0.474614 
705 0.451619 
706 0.443336 
707 0.439394 
708 0.436836 
709 0.436519 
710 0.454231 
711 0.997579 
712 0.995314 
713 0.991952 
714 0.988702 
715 0.987136 
716 0.981544 
717 0.976482 
718 0.974292 
719 0.971756 
720 0.968887 
721 0.966301 
722 0.960556 
723 0.951846 
724 0.908199 
725 0.820447 
726 0.789859 
727 0.724242 
728 0.669054 
729 0.617744 
730 0.58931 
731 0.571046 
732 0.551053 
733 0.538201 
734 0.520056 
735 0.50783 
736 0.50124 
737 0.484561 
738 0.471761 
739 0.463768 
740 0.456733 
741 0.452888 
742 0.449486 
743 0.447818 
744 0.446183 
745 0.444233 
746 0.444188 
747 0.441908 
748 0.457691 
749 1 
750 0.997249 
751 0.994214 
752 0.992001 
753 0.990422 
754 0.987821 
755 0.984868 
756 0.982007 
757 0.980656 
758 0.976965 
759 0.973514 
760 0.970054 
761 0.968498 
762 0.967021 
763 0.965979 
764 0.962996 
765 0.959829 
766 0.957229 
767 0.953944 
768 0.950679 
769 0.94528 
770 0.941626 
771 0.940392 
772 0.930984 
773 0.926012 
774 0.919276 
775 0.916606 
776 0.912671 
777 0.905513 
778 0.898095 
779 0.890293 
780 0.885277 
781 0.880175 
782 0.875918 
783 0.872353 
784 0.867845 
785 0.860877 
786 0.853773 
787 0.850227 
788 0.842284 
789 0.838643 
790 0.837294 
791 0.833407 
792 0.830911 
793 0.822355 
794 0.815657 
795 0.808452 
796 0.806971 
797 0.805062 
798 0.798589 
799 0.790716 
800 0.785977 
801 0.775469 
802 0.772357 
803 0.767627 
804 0.764377 
805 0.756108 
806 0.751215 
807 0.747892 
808 0.740752 
809 0.738551 
810 0.73487 
811 0.73212 
812 0.72376 
813 0.718127 
814 0.715865 
815 0.712213 
816 0.707425 
817 0.703514 
818 0.697521 
819 0.694359 
820 0.688246 
821 0.679432 
822 0.675836 
823 0.672559 
824 0.659435 
825 0.654396 
826 0.644445 
827 0.642835 
828 0.626389 
829 0.623602 
830 0.619106 
831 0.617039 
832 0.61089 
833 0.60707 
834 0.603567 
835 0.600368 
836 0.598307 
837 0.593647 
838 0.592163 
839 0.588086 
840 0.583829 
841 0.581408 
842 0.579087 
843 0.577287 
844 0.575761 
845 0.571706 
846 0.568484 
847 0.566543 
848 0.564167 
849 0.562034 
850 0.560291 
851 0.558519 
852 0.557379 
853 0.553359 
854 0.54936 
855 0.547472 
856 0.545362 
857 0.543383 
858 0.527678 
859 0.525735 
860 0.519434 
861 0.517854 
862 0.51598 
863 0.506356 
864 0.501177 
865 0.49993 
866 0.49516 
867 0.493322 
868 0.49175 
869 0.489921 
870 0.488058 
871 0.482453 
872 0.478527 
873 0.475646 
874 0.472782 
875 0.472346 
876 0.471515 
877 0.469447 
878 0.46623 
879 0.464276 
880 0.46314 
881 0.460766 
882 0.459947 
883 0.459247 
884 0.458589 
885 0.45824 
886 0.455476 
887 0.453463 
888 0.452258 
889 0.451506 
890 0.450497 
891 0.450085 
892 0.449669 
893 0.449625 
894 0.449005 
895 0.447822 
896 0.447231 
897 0.446461 
898 0.445977 
899 0.668384 
900 0.994646 
901 0.992198 
902 0.98684 
903 0.982974 
904 0.977355 
905 0.974408 
906 0.972911 
907 0.9678 
908 0.962066 
909 0.947418 
910 0.93825 
911 0.928908 
912 0.913828 
913 0.889813 
914 0.857369 
915 0.819252 
916 0.792968 
917 0.765332 
918 0.738031 
919 0.719797 
920 0.701286 
921 0.669887 
922 0.647609 
923 0.632892 
924 0.619355 
925 0.600088 
926 0.586826 
927 0.577354 
928 0.57356 
929 0.559538 
930 0.551076 
931 0.541366 
932 0.536058 
933 0.524561 
934 0.518992 
935 0.509868 
936 0.502501 
937 0.496105 
938 0.488613 
939 0.481619 
940 0.477695 
941 0.473166 
942 0.469591 
943 0.46738 
944 0.465674 
945 0.464131 
946 0.462467 
947 0.461644 
948 0.46151 
949 0.460651 
950 0.45901 
951 0.457218 
952 0.455826 
953 0.484082 
954 0.997126 
955 0.994548 
956 0.991381 
957 0.988391 
958 0.985366 
959 0.981931 
960 0.979035 
961 0.976362 
962 0.972446 
963 0.96942 
964 0.96587 
965 0.960821 
966 0.952758 
967 0.941649 
968 0.893819 
969 0.822711 
970 0.787903 
971 0.753234 
972 0.711578 
973 0.671714 
974 0.62969 
975 0.601439 
976 0.584591 
977 0.565975 
978 0.553903 
979 0.534145 
980 0.52028 
981 0.510973 
982 0.498305 
983 0.487938 
984 0.481466 
985 0.477083 
986 0.473064 
987 0.469389 
988 0.466288 
989 0.465687 
990 0.464922 
991 0.463668 
992 0.462664 
993 0.462055 
994 0.461188 
995 0.460511 
996 0.459832 
997 0.459517 
998 0.526379 
999 0.994703 
1000 0.991737 
1001 0.98884 
1002 0.986248 
1003 0.983189 
1004 0.981244 
1005 0.978271 
1006 0.974182 
1007 0.97283 
1008 0.97074 
1009 0.967755 
1010 0.966751 
1011 0.963971 
1012 0.961088 
1013 0.958259 
1014 0.954367 
1015 0.950756 
1016 0.941302 
1017 0.939424 
1018 0.934738 
1019 0.925155 
1020 0.915736 
1021 0.910422 
1022 0.90436 
1023 0.896441 
1024 0.893063 
1025 0.889636 
1026 0.88033 
1027 0.873876 
1028 0.869799 
1029 0.857277 
1030 0.845769 
1031 0.834087 
1032 0.83089 
1033 0.819881 
1034 0.808712 
1035 0.799069 
1036 0.791556 
1037 0.785121 
1038 0.776741 
1039 0.767348 
1040 0.755161 
1041 0.751174 
1042 0.742802 
1043 0.73668 
1044 0.72749 
1045 0.723795 
1046 0.716752 
1047 0.710956 
1048 0.698964 
1049 0.690663 
1050 0.681374 
1051 0.676011 
1052 0.666876 
1053 0.655327 
1054 0.646448 
1055 0.645094 
1056 0.637688 
1057 0.633126 
1058 0.626955 
1059 0.625447 
1060 0.619361 
1061 0.613836 
1062 0.608151 
1063 0.604959 
1064 0.59811 
1065 0.589728 
1066 0.58583 
1067 0.582341 
1068 0.575056 
1069 0.57223 
1070 0.567496 
1071 0.564862 
1072 0.563269 
1073 0.560249 
1074 0.555327 
1075 0.552521 
1076 0.548424 
1077 0.545469 
1078 0.54311 
1079 0.536506 
1080 0.533094 
1081 0.529267 
1082 0.527363 
1083 0.52322 
1084 0.51982 
1085 0.514008 
1086 0.511144 
1087 0.503153 
1088 0.501039 
1089 0.499064 
1090 0.496245 
1091 0.494531 
1092 0.492917 
1093 0.491065 
1094 0.486216 
1095 0.484288 
1096 0.481625 
1097 0.480363 
1098 0.479336 
1099 0.478106 
1100 0.477001 
1101 0.475531 
1102 0.474423 
1103 0.473793 
1104 0.472346 
1105 0.471181 
1106 0.470533 
1107 0.469761 
1108 0.469643 
1109 0.46908 
1110 0.465607 
1111 0.465181 
1112 0.465022 
1113 0.773065 
1114 0.992193 
1115 0.99484 
1116 0.991078 
1117 0.98897 
1118 0.983408 
1119 0.967203 
1120 0.956502 
1121 0.925819 
1122 0.890979 
1123 0.871292 
1124 0.846904 
1125 0.817429 
1126 0.769962 
1127 0.737181 
1128 0.710168 
1129 0.687068 
1130 0.664327 
1131 0.635916 
1132 0.620293 
1133 0.607845 
1134 0.599308 
1135 0.586642 
1136 0.5732 
1137 0.565638 
1138 0.55655 
1139 0.548263 
1140 0.536821 
1141 0.527307 
1142 0.516264 
1143 0.506939 
1144 0.496647 
1145 0.49092 
1146 0.484472 
1147 0.482427 
1148 0.480661 
1149 0.479813 
1150 0.479797 
1151 0.479104 
1152 0.509018 
1153 1 
1154 0.997001 
1155 0.993902 
1156 0.990077 
1157 0.98847 
1158 0.986118 
1159 0.985129 
1160 0.979736 
1161 0.970853 
1162 0.95638 
1163 0.944165 
1164 0.935816 
1165 0.90509 
1166 0.875323 
1167 0.838594 
1168 0.805724 
1169 0.771094 
1170 0.750331 
1171 0.715342 
1172 0.692617 
1173 0.662001 
1174 0.6423 
1175 0.627562 
1176 0.612 
1177 0.603575 
1178 0.591058 
1179 0.581244 
1180 0.560579 
1181 0.544167 
1182 0.535964 
1183 0.533457 
1184 0.523047 
1185 0.516208 
1186 0.512094 
1187 0.505623 
1188 0.500622 
1189 0.496429 
1190 0.493508 
1191 0.49102 
1192 0.488207 
1193 0.486131 
1194 0.485333 
1195 0.484912 
1196 0.483715 
1197 0.482873 
1198 0.482472 
1199 0.482438 
1200 0.481434 
1201 0.543258 
1202 0.994381 
1203 0.985481 
1204 0.975853 
1205 0.967497 
1206 0.929776 
1207 0.81545 
1208 0.725177 
1209 0.646908 
1210 0.616376 
1211 0.593686 
1212 0.571589 
1213 0.557053 
1214 0.532226 
1215 0.517115 
1216 0.500612 
1217 0.492799 
1218 0.48854 
1219 0.485779 
1220 0.484194 
1221 0.483414 
1222 0.483389 
1223 0.48305 
1224 0.486047 
1225 0.996775 
1226 0.996736 
1227 0.993412 
1228 0.990283 
1229 0.989288 
1230 0.987051 
1231 0.983987 
1232 0.981279 
1233 0.978 
1234 0.975381 
1235 0.97112 
1236 0.96496 
1237 0.961597 
1238 0.958313 
1239 0.954964 
1240 0.952551 
1241 0.951381 
1242 0.946795 
1243 0.943402 
1244 0.940315 
1245 0.933536 
1246 0.931274 
1247 0.924372 
1248 0.921337 
1249 0.917982 
1250 0.914519 
1251 0.911429 
1252 0.908366 
1253 0.905956 
1254 0.90361 
1255 0.89944 
1256 0.893807 
1257 0.889924 
1258 0.886008 
1259 0.878645 
1260 0.875594 
1261 0.864939 
1262 0.862294 
1263 0.856126 
1264 0.84917 
1265 0.841909 
1266 0.833301 
1267 0.8278 
1268 0.822309 
1269 0.817015 
1270 0.811756 
1271 0.805515 
1272 0.801935 
1273 0.79521 
1274 0.788339 
1275 0.784461 
1276 0.778095 
1277 0.77179 
1278 0.761826 
1279 0.758019 
1280 0.753304 
1281 0.745096 
1282 0.7435 
1283 0.740464 
1284 0.734048 
1285 0.730239 
1286 0.726739 
1287 0.721504 
1288 0.716041 
1289 0.70945 
1290 0.705326 
1291 0.701003 
1292 0.695888 
1293 0.692423 
1294 0.688435 
1295 0.685701 
1296 0.681701 
1297 0.677927 
1298 0.674558 
1299 0.671084 
1300 0.664581 
1301 0.661955 
1302 0.658154 
1303 0.65231 
1304 0.648803 
1305 0.645084 
1306 0.641776 
1307 0.63682 
1308 0.63229 
1309 0.630312 
1310 0.629107 
1311 0.626334 
1312 0.625136 
1313 0.62452 
1314 0.623837 
1315 0.62134 
1316 0.618058 
1317 0.616837 
1318 0.614794 
1319 0.611504 
1320 0.603266 
1321 0.593565 
1322 0.590158 
1323 0.584185 
1324 0.581968 
1325 0.57269 
1326 0.571253 
1327 0.567995 
1328 0.560023 
1329 0.555357 
1330 0.553683 
1331 0.549021 
1332 0.547177 
1333 0.545893 
1334 0.545472 
1335 0.544424 
1336 0.543779 
1337 0.539999 
1338 0.538071 
1339 0.531083 
1340 0.529658 
1341 0.524403 
1342 0.521337 
1343 0.520332 
1344 0.51747 
1345 0.516869 
1346 0.5151 
1347 0.51139 
1348 0.510494 
1349 0.509817 
1350 0.507419 
1351 0.506986 
1352 0.505863 
1353 0.504685 
1354 0.504412 
1355 0.503843 
1356 0.502798 
1357 0.502178 
1358 0.501641 
1359 0.500135 
1360 0.499704 
1361 0.497756 
1362 0.496483 
1363 0.496081 
1364 0.495723 
1365 0.495042 
1366 0.494423 
1367 0.493842 
1368 0.492929 
1369 0.491176 
1370 0.489999 
1371 0.489617 
1372 0.488951 
1373 0.488489 
1374 0.487655 
1375 0.487242 
1376 0.486929 
1377 0.486216 
1378 0.485976 
1379 0.485391 
1380 0.485082 
1381 0.484337 
1382 0.484316 
1383 0.532174 
1384 0.483752 
1385 0.483411 
1386 0.994866 
1387 0.993522 
1388 0.990984 
1389 0.987804 
1390 0.984901 
1391 0.982028 
1392 0.979316 
1393 0.978337 
1394 0.97522 
1395 0.973066 
1396 0.971081 
1397 0.968726 
1398 0.967639 
1399 0.964631 
1400 0.961115 
1401 0.958256 
1402 0.955864 
1403 0.952736 
1404 0.946818 
1405 0.942016 
1406 0.936619 
1407 0.924575 
1408 0.918787 
1409 0.916063 
1410 0.89707 
1411 0.886125 
1412 0.876505 
1413 0.849688 
1414 0.834173 
1415 0.818094 
1416 0.789647 
1417 0.760391 
1418 0.736121 
1419 0.721853 
1420 0.698968 
1421 0.682853 
1422 0.664611 
1423 0.652413 
1424 0.637114 
1425 0.621563 
1426 0.608592 
1427 0.599449 
1428 0.585315 
1429 0.582168 
1430 0.57029 
1431 0.55713 
1432 0.539161 
1433 0.530327 
1434 0.52226 
1435 0.515097 
1436 0.5059 
1437 0.502086 
1438 0.499669 
1439 0.497154 
1440 0.495588 
1441 0.494088 
1442 0.493856 
1443 0.491591 
1444 0.490613 
1445 0.489413 
1446 0.488123 
1447 0.487264 
1448 0.486737 
1449 0.486282 
1450 0.484891 
1451 0.484098 
1452 0.496725 
1453 0.483821 
1454 0.994751 
1455 0.994735 
1456 0.991918 
1457 0.988651 
1458 0.984688 
1459 0.983181 
1460 0.980601 
1461 0.977876 
1462 0.974368 
1463 0.971024 
1464 0.969122 
1465 0.966721 
1466 0.963734 
1467 0.962501 
1468 0.951082 
1469 0.94445 
1470 0.939576 
1471 0.936461 
1472 0.932242 
1473 0.927945 
1474 0.925492 
1475 0.919754 
1476 0.916578 
1477 0.907081 
1478 0.901184 
1479 0.890469 
1480 0.876716 
1481 0.871608 
1482 0.863262 
1483 0.852642 
1484 0.846852 
1485 0.840957 
1486 0.834046 
1487 0.829726 
1488 0.814795 
1489 0.809117 
1490 0.796905 
1491 0.789285 
1492 0.777003 
1493 0.770006 
1494 0.761769 
1495 0.752371 
1496 0.748762 
1497 0.736109 
1498 0.729826 
1499 0.714465 
1500 0.707751 
1501 0.701608 
1502 0.696523 
1503 0.689583 
1504 0.68452 
1505 0.676953 
1506 0.6724 
1507 0.665607 
1508 0.655434 
1509 0.650587 
1510 0.642144 
1511 0.637578 
1512 0.634875 
1513 0.626059 
1514 0.619684 
1515 0.615345 
1516 0.612064 
1517 0.603192 
1518 0.601172 
1519 0.600234 
1520 0.596803 
1521 0.595656 
1522 0.592468 
1523 0.581763 
1524 0.576467 
1525 0.574152 
1526 0.572638 
1527 0.566238 
1528 0.560124 
1529 0.554781 
1530 0.552572 
1531 0.54843 
1532 0.535679 
1533 0.533524 
1534 0.531966 
1535 0.529759 
1536 0.525828 
1537 0.524997 
1538 0.520498 
1539 0.518714 
1540 0.516868 
1541 0.51431 
1542 0.511424 
1543 0.509909 
1544 0.508393 
1545 0.506587 
1546 0.506059 
1547 0.502591 
1548 0.499757 
1549 0.497758 
1550 0.497623 
1551 0.496505 
1552 0.495751 
1553 0.495007 
1554 0.493308 
1555 0.493038 
1556 0.492883 
1557 0.491386 
1558 0.490487 
1559 0.489726 
1560 0.488495 
1561 0.488146 
1562 0.487532 
1563 0.487042 
1564 0.486823 
1565 0.486687 
1566 0.486079 
1567 0.485909 
1568 0.485354 
1569 0.484859 
1570 0.484601 
1571 0.484478 
1572 0.721959 
1573 0.997517 
1574 0.994962 
1575 0.992121 
1576 0.9896 
1577 0.987196 
1578 0.984899 
1579 0.981868 
1580 0.976635 
1581 0.970848 
1582 0.967774 
1583 0.962461 
1584 0.955188 
1585 0.941182 
1586 0.936901 
1587 0.92436 
1588 0.886932 
1589 0.852198 
1590 0.805538 
1591 0.765348 
1592 0.745054 
1593 0.711083 
1594 0.680136 
1595 0.660491 
1596 0.629041 
1597 0.612067 
1598 0.593067 
1599 0.584702 
1600 0.576114 
1601 0.564331 
1602 0.554301 
1603 0.542772 
1604 0.537215 
1605 0.530905 
1606 0.521047 
1607 0.5161 
1608 0.508731 
1609 0.504392 
1610 0.500035 
1611 0.496321 
1612 0.494813 
1613 0.493619 
1614 0.491674 
1615 0.490161 
1616 0.489652 
1617 0.488659 
1618 0.48837 
1619 0.486179 
1620 0.486075 
1621 0.485387 
1622 0.485015 
1623 0.483877 
1624 0.483993 
1625 0.483196 
1626 0.483046 
1627 0.526302 
1628 0.997597 
1629 0.994872 
1630 0.991799 
1631 0.988691 
1632 0.986046 
1633 0.983278 
1634 0.980326 
1635 0.978526 
1636 0.975657 
1637 0.973441 
1638 0.970064 
1639 0.966879 
1640 0.960767 
1641 0.957303 
1642 0.9553 
1643 0.952042 
1644 0.950867 
1645 0.947568 
1646 0.945499 
1647 0.936762 
1648 0.934726 
1649 0.931273 
1650 0.928116 
1651 0.926274 
1652 0.924219 
1653 0.92144 
1654 0.918474 
1655 0.914961 
1656 0.904679 
1657 0.899308 
1658 0.895752 
1659 0.89339 
1660 0.888596 
1661 0.887373 
1662 0.885478 
1663 0.881983 
1664 0.877302 
1665 0.870543 
1666 0.859906 
1667 0.852426 
1668 0.849244 
1669 0.845772 
1670 0.844177 
1671 0.84147 
1672 0.837704 
1673 0.830125 
1674 0.826008 
1675 0.821393 
1676 0.806175 
1677 0.802536 
1678 0.795144 
1679 0.793033 
1680 0.789156 
1681 0.780152 
1682 0.776419 
1683 0.769744 
1684 0.758502 
1685 0.74842 
1686 0.745439 
1687 0.740375 
1688 0.735299 
1689 0.730174 
1690 0.726513 
1691 0.720279 
1692 0.71892 
1693 0.716406 
1694 0.711548 
1695 0.70883 
1696 0.700332 
1697 0.698932 
1698 0.692527 
1699 0.68569 
1700 0.683611 
1701 0.676201 
1702 0.672338 
1703 0.66841 
1704 0.662937 
1705 0.659646 
1706 0.65755 
1707 0.651305 
1708 0.649335 
1709 0.644066 
1710 0.642769 
1711 0.638284 
1712 0.634741 
1713 0.631843 
1714 0.629045 
1715 0.625253 
1716 0.62307 
1717 0.61855 
1718 0.617107 
1719 0.614787 
1720 0.612391 
1721 0.611508 
1722 0.610305 
1723 0.607022 
1724 0.605635 
1725 0.604774 
1726 0.603665 
1727 0.602329 
1728 0.600359 
1729 0.598886 
1730 0.598458 
1731 0.597297 
1732 0.596521 
1733 0.594775 
1734 0.583434 
1735 0.578998 
1736 0.572098 
1737 0.565631 
1738 0.564317 
1739 0.560362 
1740 0.554749 
1741 0.554012 
1742 0.553169 
1743 0.552928 
1744 0.548951 
1745 0.544505 
1746 0.543061 
1747 0.541729 
1748 0.541284 
1749 0.540947 
1750 0.536518 
1751 0.533911 
1752 0.531796 
1753 0.524302 
1754 0.522019 
1755 0.521042 
1756 0.519708 
1757 0.51696 
1758 0.515661 
1759 0.514403 
1760 0.513675 
1761 0.512632 
1762 0.510845 
1763 0.507604 
1764 0.507013 
1765 0.506689 
1766 0.506019 
1767 0.505654 
1768 0.503064 
1769 0.501867 
1770 0.500684 
1771 0.499562 
1772 0.498119 
1773 0.496332 
1774 0.495186 
1775 0.494649 
1776 0.493446 
1777 0.49289 
1778 0.49242 
1779 0.491761 
1780 0.491036 
1781 0.490613 
1782 0.485714 
1783 0.484965 
1784 0.484669 
1785 0.48409 
1786 0.483709 
1787 0.483427 
1788 0.482393 
1789 0.482481 
1790 0.481531 
1791 0.647062 
1792 0.481088 
1793 0.479931 
1794 0.548927 
1795 0.996412 
1796 0.994396 
1797 0.991796 
1798 0.988557 
1799 0.985559 
1800 0.982617 
1801 0.979672 
1802 0.977824 
1803 0.970249 
1804 0.963555 
1805 0.956007 
1806 0.950502 
1807 0.939881 
1808 0.934483 
1809 0.925226 
1810 0.92253 
1811 0.906971 
1812 0.900358 
1813 0.890937 
1814 0.885425 
1815 0.883579 
1816 0.877952 
1817 0.868632 
1818 0.861241 
1819 0.852601 
1820 0.845589 
1821 0.834931 
1822 0.830846 
1823 0.819191 
1824 0.807449 
1825 0.788298 
1826 0.782126 
