-0.048530059836448647 -1.7647551252649165 -0.7196308462862403
0.0086349214343420383 -1.7963831133069681 -0.73766422665486664
0.067793628790953464 -1.8250626185061678 -0.75359823565737682
0.12879177526931435 -1.85071365654963 -0.76736603426054806
0.19142982446866402 -1.8733408095983264 -0.77884889526767709
0.25565168420480772 -1.8925948857857944 -0.78731156488588283
0.32112340141478357 -1.9082152594741997 -0.79257891929790514
0.38736586926339972 -1.9206409189503746 -0.79538704346484423
0.4541821057502361 -1.9298261095968541 -0.79577277468639696
0.52133713775907531 -1.9358419625153727 -0.79380206404577225
0.58857535195265431 -1.9374232189202019 -0.78854106118046574
0.65556971219491544 -1.9354884227912375 -0.78078494797962039
0.72208606203160053 -1.9303042457227035 -0.77059399606437851
0.78793900303672748 -1.9220183372764863 -0.75796036762848418
0.8527777443228951 -1.9103778774979272 -0.74250969071427764
0.91601025237572575 -1.8949833115182002 -0.72383002594031054
0.97765651959776412 -1.8766182846491417 -0.70262344195784099
1.0375829918672401 -1.8554155589089723 -0.67905679081892811
1.0957863892486277 -1.8315471665574818 -0.65332732921845849
1.1510595079823771 -1.8039486979687871 -0.62472515292696651
1.2035404177060796 -1.7734174588262541 -0.59392869744115162
1.2533267511329174 -1.7403107185714142 -0.56122304962345182
1.3004265382500397 -1.7047872200392946 -0.52673236696504866
1.3442408738942015 -1.6666077469530873 -0.4902916383512837
1.3838247578268106 -1.6257117443890972 -0.45192992763449191
1.419695693262244 -1.5827921448999489 -0.41219401414373175
1.4519615848565426 -1.5380251596702641 -0.37122079750994963
1.4808748184411282 -1.4914761952121098 -0.32904808531185631
1.5044572360854036 -1.4428952157177439 -0.28559548579484856
1.5234171612043617 -1.3931268012161142 -0.24149998744389156
1.5381597183481901 -1.3423384870115622 -0.19686070873393807
1.5488836097572101 -1.2905825546489658 -0.15170207839445693
1.5545819697351386 -1.2379063348737886 -0.10615445244629723
1.5547785487729966 -1.1849158609966917 -0.060796724528350561
1.5500879718787117 -1.1323444285495015 -0.016203213724508281
1.5427393154407363 -1.0804433927591566 0.027631510285648045
1.5343540277102348 -1.0290011868319127 0.071079489181918296
1.5258413696647337 -0.97777412854528578 0.11449935978060778
1.5173042038742148 -0.92661375531336587 0.15799351412164991
1.5087293676360249 -0.87550840583940448 0.20155343340480358
1.5001053744051835 -0.82445317498109205 0.24517274789155213
1.4914214539451247 -0.77344759839247279 0.28885213681228256
1.4826545305187135 -0.72249428084633338 0.33258436981268202
1.4737887944855308 -0.67158475959916897 0.37635150784708876
1.4648125169020132 -0.62071367163090452 0.42014659710422769
1.455721082783233 -0.56987346955300555 0.46396841416496498
1.446475026502227 -0.51907099516451061 0.50781053046208069
1.4372801030731008 -0.46846095844415386 0.55185764459518427
1.4275014368617824 -0.41764534150563076 0.59548436447267805
1.4158586220899001 -0.36583948386921294 0.6374827667311046
1.4015670636626838 -0.31249087422276034 0.67700964464049718
1.3835561485815044 -0.25752935856160258 0.71290513472484385
1.3624690485382991 -0.2017185887847579 0.7456735944607179
1.338590524397165 -0.14526379415232249 0.77532600869660495
1.3122085221941908 -0.088180603154947232 0.80190583271751026
1.2828849719917783 -0.030676766055766067 0.82479962777999316
1.2505938224493938 0.026747466921662494 0.84357031606955524
1.21588283807325 0.083874086424406316 0.85861931813377323
1.1788407364821614 0.14051953426011879 0.87011695052152693
1.139430306997788 0.1964368283647504 0.87854613755924305
1.0974075817053868 0.25105879681782711 0.88209615904907879
1.0535100585429438 0.3041320658008913 0.88144108396498444
1.0079831166604372 0.35565953050099641 0.87702389317626839
0.96098072939770629 0.40552273784934695 0.86887723456490107
0.9127104937631737 0.4538338052328989 0.85681679231543528
0.86303782218904435 0.49916942182520441 0.8398706480892113
0.81286105535408704 0.54193575161821494 0.81912729596255507
0.76232046068610204 0.58235372035715449 0.79469261654795864
0.71150658396224542 0.62047745972664203 0.7666451140061441
0.66071175394758597 0.65547594367040918 0.73423312471854085
0.61059362848988341 0.68692513584336623 0.69769141507288379
0.56137575628679537 0.71521160633153713 0.65770786196909936
0.5132585207053002 0.74041866063311634 0.61432134292041252
0.46633310002769612 0.76272262684589309 0.56740687279073321
0.42205632278920352 0.7807919849529148 0.51607905452147973
0.38075354813884443 0.79533995499037669 0.46165139955600587
0.34269274722495224 0.80676097979726424 0.40427810887307186
0.30792667905288468 0.81555381344351419 0.34413949295119345
0.27770974748269173 0.82180882528033394 0.280680109751694
0.25457415203024319 0.82648394436819539 0.21435608020103786
0.23814288220020927 0.83167440496293821 0.14684877275424119
0.22768571754416481 0.83868070830022967 0.078636017700853197
0.22411404964536216 0.84990954586395062 0.011182758846676112
0.22153056384099043 0.86337349458850299 -0.054853018171298923
0.22062750701221037 0.88087257995480772 -0.11928115828266171
0.21993312457355943 0.90377106268458818 -0.18109593877815089
0.21835963453520799 0.93165663415968303 -0.24043972484414777
0.21530604508624532 0.96413975265819285 -0.29695431729069566
0.20988180211315913 1.0011475252983566 -0.35036795813334376
0.20218004979102774 1.0412415589899922 -0.40142063575602466
0.19208990174212223 1.0837901726690593 -0.44991230515227693
0.17954325347667613 1.1282230327007032 -0.49561739402918831
0.1638091585037165 1.1748476808678054 -0.53778579537076088
0.14486947988341445 1.2231724461020737 -0.5769948456398265
0.12313685773089145 1.2726469934447515 -0.61344930453992286
0.098817487986148533 1.3228645507506769 -0.64705221156708381
0.072118618294328113 1.3733602160162393 -0.67757699592613918
0.0419942717655458 1.4242813216970662 -0.7040842792698655
0.0091333144818281364 1.4755416218998045 -0.72735105809517764
-0.026107228712052594 1.526507570143085 -0.74747666739333496
-0.063466585674650244 1.5767635463711829 -0.76471465821088425
-0.10334702699546908 1.6260541245421691 -0.77827212771532228
-0.14596951475074355 1.6743154256693242 -0.78793580114366779
-0.19079644010232147 1.7214207566768456 -0.79425101749518412
-0.23749044656034676 1.7671187462986391 -0.79736403344563689
-0.28536328466263061 1.811278306088836 -0.79771610007893146
-0.33542143582548117 1.8529284714546475 -0.79377784717876698
-0.38721706451082666 1.892501160655784 -0.78605152725767635
-0.44019555446615055 1.9297674018310715 -0.77519508719240049
-0.49433272827550789 1.9647340199670851 -0.76179099036261377
-0.5492676113192827 1.997191379259726 -0.74519743603193722
-0.60461511390663913 2.0263786875423127 -0.72439800854336489
-0.66042330098822144 2.0523545133667938 -0.70053375202386714
-0.71673713727772681 2.0752278940403897 -0.67417489686805843
-0.77330125400164096 2.0954328002878135 -0.64569012490743316
-0.82940929977059674 2.1116448198317772 -0.61366387183914006
-0.88476847366588995 2.1238420389763557 -0.578571576303054
-0.93939721765866324 2.1324692020602769 -0.54125066700517011
-0.99329993874211875 2.1377202317258823 -0.50209501221508923
-1.0467382083058581 2.1392713641532088 -0.46121233402264272
-1.0984930467092131 2.1361252740456589 -0.41765119675661405
-1.1480936040841381 2.1291511332479738 -0.37204343326407646
-1.1956022463259064 2.1187878351639817 -0.32489521135522448
-1.2412810538388952 2.1053922846169129 -0.27655270219855455
-1.2840418423076172 2.0876675457598894 -0.22696226200325997
-1.323951679594938 2.0654992429875434 -0.17683714368145337
-1.3615216475092609 2.0395024722661366 -0.1264115989610996
-1.3967823156182504 2.0099578373335305 -0.075686141556999584
-1.4292541885602283 1.9772736644649851 -0.024453473280320624
-1.4572867322781569 1.9407081795727068 0.026646982572869744
-1.4815046481964369 1.901016426429446 0.077031707406038777
-1.5024443528303524 1.8584879224962145 0.12659196182816296
-1.5205112248333856 1.8132010516852155 0.17532871664693295
-1.5345029958686089 1.7645485695031402 0.2227266151124036
-1.5438913479972223 1.7135318125071077 0.26849684429551046
-1.549453636757756 1.660737124495977 0.31241435192306877
-1.5515727684801128 1.6060750909161561 0.35433144364254349
-1.550537722777676 1.5492647955474776 0.39421451313634442
-1.5446796862793686 1.4907472142376796 0.43129106306222564
-1.5349344195094017 1.4314090016405696 0.46545576137072003
-1.5217521005865613 1.3712225023811042 0.49688576959402125
-1.5053346398124476 1.3101489545531211 0.52571538997455391
-1.4846532632146412 1.248799617614013 0.5512419781203699
-1.4603321559242073 1.1876120362780429 0.57277799192371681
-1.4329469373209098 1.1267146619638166 0.59089967400536747
-1.4026599545791352 1.0662796032837036 0.60578585899512749
-1.369471516882063 1.0064660320909813 0.61741811083920639
-1.3331423706013568 0.94781373152369586 0.62404114579232328
-1.2945032495013444 0.89066417269152021 0.62683994466858739
-1.2538292554787052 0.83499170561079039 0.62608220106689061
-1.21129567865416 0.78082349694414888 0.62172798035983157
-1.1669662528744058 0.72858392682349438 0.61286327784212069
-1.1211805827708849 0.67884779228603331 0.5995088435447089
-1.0744855927257242 0.6314466703216115 0.58236029142648771
-1.0270523280836372 0.58638920681445394 0.56151201056807587
-0.978967607634327 0.54366385629610081 0.53704569064703844
-0.93073617076924275 0.5045743253502929 0.50754219414410406
-0.88306829132151543 0.46834495482467059 0.47439933575590459
-0.83617745544035038 0.43483315149914098 0.43766699038343082
-0.79048258647290148 0.40397435144652527 0.39730839059940409
-0.74714635597426304 0.37593727056662768 0.35248128365838077
-0.7075105604470685 0.35079834864491771 0.30294986389251422
-0.67206751986449254 0.32794268754672901 0.24948531430297877
-0.64084286010638836 0.30731734493623447 0.19259836715666673
-0.61371586363580055 0.28899713867360022 0.13277390224034863
-0.59084157656058001 0.27356994258050527 0.070441416580080213
-0.5713833824581388 0.26043408739646395 0.006774487811201612
-0.55409736365296647 0.2449480385015117 -0.056690893184575097
-0.53533925485636236 0.2288032139147953 -0.11936399649494397
-0.51273430856863389 0.212325726940746 -0.18051954167702033
-0.48501973194234793 0.19439098509350922 -0.23891144200089903
-0.45173718708346999 0.17542667946640048 -0.29390753166575884
-0.41428706795836545 0.1551846201452447 -0.34578297310314077
-0.37325968924303321 0.13330769985833879 -0.39441959837358331
-0.3295044978530155 0.10819841514031106 -0.43933969137026119
-0.28574376532049317 0.078977751124924181 -0.48197906778389815
-0.24227709888884216 0.046985651211199402 -0.52293956173006706
-0.19924541017572772 0.012210369645016608 -0.56216746021904418
-0.15694809730692499 -0.025915831941327697 -0.59921390737556435
-0.1159468490562105 -0.068213685584822673 -0.63289063028490844
-0.075269170962093679 -0.11289181298857094 -0.66348103195176067
-0.034885666556527986 -0.15953655685767626 -0.69147194079907159
0.0049507685291981587 -0.20847992614938105 -0.71639310538632994
0.043522976580310686 -0.26057025113476151 -0.73622635859006824
0.081854675001862859 -0.31415193965371202 -0.75113168443406964
0.12045759144742543 -0.36849234484417759 -0.76146355407010791
0.15945652688478767 -0.42328689559372851 -0.76696977836948155
0.19829158387369331 -0.47854411034900618 -0.76644550138305789
0.23666006424453614 -0.53364441440349564 -0.7593943895374532
0.27423976713055676 -0.58833413436530091 -0.74711987582111927
0.31076807137151458 -0.64232410480393809 -0.72956232644077845
0.34606653738571463 -0.69535280967761648 -0.70703866576655938
0.37951908540825746 -0.74623140065725602 -0.67774061729349866
0.41094617887558543 -0.79554290521208959 -0.64397743368353766
0.44010483701596587 -0.84304826028781976 -0.60590737478479006
0.46673705327552506 -0.88850251246829459 -0.56368487582595173
0.48949746965491758 -0.93078175886829151 -0.516259845107087
0.50764646008608016 -0.97037909763569818 -0.46488694421814308
0.52136440515158033 -1.0076009743135843 -0.41072463815332477
0.52864517305231551 -1.0421842719148389 -0.35384988321401128
0.52986695071751566 -1.0750886313744419 -0.29569039366902328
0.52518768559608475 -1.1114906118059007 -0.239707582322994
0.51882810424391013 -1.1500441200191052 -0.1852619195081498
0.51050050049432594 -1.1927352270419702 -0.13444001435165423
0.49910494121244076 -1.2358098061023568 -0.085466856275230957
0.48102909959492857 -1.278204666709883 -0.038038323907577817
0.45752040704228147 -1.3191931115034843 0.008514906292565072
0.42974181069361905 -1.3586608119532118 0.054198380499187696
0.3983552252548076 -1.3963767190062497 0.098915970933807745
0.3630180553636474 -1.4315213376178548 0.1425873850048478
0.32346723822600681 -1.4638999849069698 0.18487757001942906
0.28074098174479495 -1.493755659129502 0.22604832320798235
0.23511047919845882 -1.520836480190241 0.26596391167902605
0.18694014891610514 -1.5451082748624723 0.30455533541010671
0.13580425231293008 -1.5657672941295269 0.34142311034985545
0.082139704765098798 -1.5830340506725686 0.3766366308107722
0.026477980916039999 -1.597010418002474 0.41029870675944929
-0.030773093724829843 -1.6077539971272106 0.44242603470954645
-0.089505085551732241 -1.6151948690150448 0.47272502558565166
-0.14978156572451226 -1.6180581303111001 0.5008880363139514
-0.21113635562241456 -1.617193044878791 0.52699492240322432
-0.27332071817794529 -1.6129391672857429 0.55088538005111509
-0.33608726998724298 -1.6059286952752467 0.57269415346493557
-0.39909794124443415 -1.5949821739064092 0.59218586841382115
-0.46227394751808887 -1.5800133833190952 0.60865058775793113
-0.5253760457953035 -1.5616651887307837 0.62238434949745458
-0.58809216065422509 -1.5401067179652865 0.6336467210041109
-0.6501620933332285 -1.515586989502248 0.64308854864740361
-0.71092641122391842 -1.4868311322013268 0.64942463247277449
-0.77035826281497166 -1.4547208729190586 0.65263040569491604
-0.82844040517227746 -1.4198595278623227 0.65294223921712291
-0.88508187460052634 -1.3824614805882474 0.65049895315093831
-0.94018012173322441 -1.3426023009753485 0.64526716538634743
-0.99256135738997497 -1.2996565960584827 0.63621501437644445
-1.0422699098448835 -1.254312243593217 0.62412112642624396
-1.0893998838424681 -1.2068451843361145 0.60939059024998998
-1.1340541161384423 -1.1574234705360729 0.59225872432707016
-1.1755021968779009 -1.1058646853155027 0.57229210194548297
-1.2127798913565231 -1.0524032104718115 0.54923705780434107
-1.2462674344053322 -0.9976162025330827 0.52365133382376916
-1.2761883896031321 -0.94172857548507938 0.49576258207095442
-1.3029478756383102 -0.88478449462196818 0.46574438263116674
-1.3239760545896908 -0.82734916837126393 0.4328679268571754
-1.3403971146260232 -0.77052790114388547 0.39853446881506738
-1.3550839133294534 -0.71407115792400133 0.36383197567628883
-1.3693170302101683 -0.65765685935494589 0.32907969088597339
-1.3833365572425069 -0.60120529378771559 0.29431631121079094
-1.3971288079418189 -0.54470946968695622 0.25954493145178914
-1.4107431236438663 -0.48818008318560707 0.22476747099043309
-1.4242143982221747 -0.43162226569749279 0.18998294493561585
-1.4375595943874644 -0.37503936500742735 0.15519131608974251
-1.4507839954302724 -0.31843068364168348 0.12039264773175089
-1.4639147924932592 -0.26179994213423596 0.085587110625877941
-1.4769826849232417 -0.20515457311932661 0.050774300696586269
-1.49000491662196 -0.14849912544900845 0.015955284401503102
-1.5037705858680752 -0.092687597290208187 -0.018957795001914017
-1.5171340795664543 -0.037571553640958752 -0.053431727282327958
-1.528279674112764 0.018096276628458891 -0.086832751665738409
-1.5359734240430662 0.075211121548265231 -0.11882501629469254
-1.5406833754807854 0.13326643377224986 -0.1496507984164151
-1.5417778418886863 0.19237366927986596 -0.17873035911196822
-1.5388444423152545 0.25296751113203697 -0.20533655330490957
-1.5323490728536928 0.31439033406892292 -0.2300838272867472
-1.5225616803726061 0.37598647554226744 -0.25344558998787986
-1.5101140329584404 0.43759794103498478 -0.27557395120239858
-1.4926226461617442 0.49908573071557411 -0.29520179901464427
-1.470653669614115 0.55998157488860656 -0.31283966134373925
-1.4450620401642051 0.61999564339958779 -0.32880286449414686
-1.416380238389588 0.67923475504535702 -0.34305875361172677
-1.3838712374048596 0.73726095722054652 -0.35510021566273492
-1.3469304202435286 0.79334088154574423 -0.36415048532203875
-1.3063943585265188 0.84741383337414888 -0.37054281961679941
-1.2628231351101893 0.899543651624926 -0.3745567280776731
-1.2167716507039552 0.95024289134088757 -0.37672533357106297
-1.1670572444125202 0.99778394720555741 -0.37482252316246117
-1.1145875631099649 1.0419571996122921 -0.36900686641663916
-1.0601122599632247 1.0834466012794448 -0.35982680773739484
-1.0038286911492948 1.1227855908492976 -0.3475593916246939
-0.94526970624054674 1.1589538713661571 -0.3311810175922093
-0.88550475704555198 1.1907785688911654 -0.30881895671483089
-0.82578553945869215 1.2185796432982248 -0.28032939734437867
-0.76831648768150052 1.242729179743759 -0.2447787737731823
-0.71334492927837401 1.2643750148605664 -0.20386890357888415
-0.6643107394564689 1.2866645044784071 -0.15745907222247035
-0.6217320196657663 1.3117471741766875 -0.10918335499133518
-0.58348741386670666 1.3411347651805674 -0.061602724072132492
-0.54865013167910359 1.3737546320685405 -0.015905224347012734
-0.51709449305012456 1.409424610583174 0.025940855424635381
-0.48177873174530361 1.4481621488045537 0.060864020439536592
-0.44178658984422081 1.4882792090549228 0.091035778786532337
-0.39852400575646513 1.5279534141462034 0.11757308316884117
-0.35278823982651708 1.5668068350816107 0.14105827939328602
-0.30335136208474217 1.6035471763192597 0.16090210209614941
-0.2503873669528317 1.6378286202507732 0.17745128352023504
-0.19480118453068759 1.6695091271035438 0.19128131426196526
-0.13712517174066396 1.698606538988042 0.20276755382290168
-0.077804739198172823 1.7251718902531472 0.21215370464238686
-0.016011388267743697 1.74728218761003 0.2187451325346218
0.047720878171878013 1.7651538227174737 0.22301389812114025
0.11263748904903464 1.7794041551954891 0.22547723611880449
0.17836482263885189 1.7906305103938016 0.22645972673339909
0.2448640511020205 1.7975954152802678 0.22523723874395951
0.31186191226356225 1.7992656388423087 0.22207550171522261
0.37897142171921372 1.79639812005289 0.21755551359571718
0.44592007905838932 1.7895989622232031 0.2117788138051776
0.51256122506894919 1.7800892329349098 0.20429080661273136
0.57819616061280577 1.7647662750490833 0.1957099866704865
0.64240779112204416 1.744061886908403 0.186169209917741
0.70514929344131261 1.7194387148012051 0.17548319509764881
0.76653886930676007 1.6915932234931688 0.16369078319215608
0.82628987488495464 1.6598062216920526 0.15128421857752589
0.88301780276369735 1.6228261445796186 0.13829640907755325
0.93678936016687464 1.5819013527169588 0.1246131864892744
0.98794804175886519 1.5377764888292402 0.11020060218124124
1.0368561867919766 1.4908089772327031 0.095091647549800692
1.0818805179825675 1.4396140822207282 0.080080433804228773
1.1224543356631105 1.3851069799473927 0.064499074180495872
1.1590647779700782 1.3281309203425133 0.048366462391702059
1.1919594210135382 1.2687278904991957 0.03222965267877486
1.2213960189121973 1.2068475862474952 0.016208095942896281
1.2451278608381022 1.1425068251072115 0.00027125368245917506
1.2636498623068348 1.07680592169627 -0.015357715074914589
1.2776248956420351 1.0099216031010554 -0.030550596942751713
1.2877233152535028 0.94191252275448467 -0.0453103703867817
1.2927282890810976 0.87284483884558617 -0.059321568387170759
1.2919980828632949 0.80364302100703022 -0.072223955566061607
1.2863887359927282 0.73471405606453122 -0.084057641316005807
1.2762900583543071 0.66613501349948845 -0.094853965985867483
1.2621699914529123 0.59767570227658973 -0.10487685846304118
1.2421181155777921 0.53049042113525458 -0.11302263276550006
1.2174328746094845 0.46523350638099431 -0.11925810256390944
1.1887122514756066 0.40161499449234517 -0.12373670483192269
1.1562182267778776 0.33962765612197782 -0.12649645830725514
1.1196109798255867 0.27965951579883025 -0.12710153371061611
1.0787470959697345 0.22284586372703274 -0.12483249411601204
1.0347398455745618 0.16912283828141533 -0.11999734095365686
0.98799500602924872 0.11822257706494019 -0.11260993774861421
0.9386682666970968 0.070114559296984569 -0.10250372818864273
0.88679233606344077 0.025948018353337585 -0.088529039050458933
0.83364160701830026 -0.014222316553891695 -0.070291434445236542
0.78003572314233838 -0.051137139080804764 -0.047618582432725418
0.72718461214839492 -0.083822645622733352 -0.018022227396157268
0.67639884887281787 -0.11312786351457048 0.017878847792675824
0.62652182544600032 -0.13912726373949963 0.057269064968533248
0.57511030450438838 -0.16248490650447217 0.096055625157590974
0.52135201908140982 -0.18259309668484414 0.13293308990292124
0.46660841984588652 -0.20148323047609162 0.16756008775477915
0.41116093859714525 -0.22297120368760653 0.19880167664867088
0.35518340707127311 -0.24745789449695793 0.22688933333874889
0.29929403530935828 -0.27513290210036545 0.25245244429998615
0.24375848958169868 -0.30518358208402308 0.2764529365084768
0.1887619497748671 -0.33748093655737144 0.29901426565276074
0.13524598214726016 -0.37370490100350606 0.31919079068394335
0.0817254973378225 -0.41192138064332168 0.33502673834089652
0.027523851173795681 -0.45119880490571068 0.34402205014806475
-0.027531385428830771 -0.49063356352606585 0.34452022659153142
-0.082602392081359624 -0.52958690579018974 0.33587449043763162
-0.13634680728029308 -0.56650550820196488 0.3164880496708134
-0.18804758951342723 -0.60085277748599708 0.28878831944982258
-0.23663659070600299 -0.63281134145109275 0.25321308511216262
-0.28079276807813019 -0.66288840021970008 0.21021928033653098
-0.31891754126846716 -0.69191281225521928 0.1603970606969578
-0.35003400024362524 -0.72198296311381671 0.10674853472186595
-0.37815276716995261 -0.75385031461709595 0.053010294480725112
-0.40408602473470184 -0.78835399995501365 -0.00072089970071242612
-0.42684939454543597 -0.82907460360548546 -0.051583616719023256
-0.44793119385857344 -0.87477940080432182 -0.099170947358346889
-0.46374786520457506 -0.92511482513894949 -0.14408471410286922
-0.47519079967866962 -0.97715264175588767 -0.18785486900491027
-0.4816880630485601 -1.030780320098823 -0.23069158139433527
-0.48351400163271741 -1.0855448457115435 -0.27276486236733255
-0.47929189409353884 -1.1410941350902302 -0.31349004911381789
-0.47070804412485845 -1.1965167919115938 -0.35312970419537215
-0.45772552972997205 -1.2516241676739608 -0.39180802203302079
-0.4406204966364195 -1.3062370107171746 -0.4295596287863323
-0.41883545452375165 -1.3601275302925706 -0.46608645553907457
-0.39216517307733645 -1.412795789811025 -0.50084600368988141
-0.36170920866877065 -1.4639535954788372 -0.53431707085478575
-0.32739646333896705 -1.5135179368009972 -0.56625250288237639
-0.28970129008360523 -1.5615889603294399 -0.59665530191250549
-0.24768647255876206 -1.6072827164233454 -0.62490449891440003
-0.2021135378251859 -1.650222316901808 -0.65148109446433977
-0.15365990783297817 -1.6909104632818861 -0.67616048021888475
-0.10244980292720796 -1.7291926641559969 -0.69887787056177608
