-30.920614 -13.130001999999999 5.6998819999999997
-30.957963865827914 -14.016776587305413 5.007938063699096
-30.936912526557425 -14.891166554921638 4.2997366117682541
-30.857578964611935 -15.750763706136743 3.5776916837554649
-30.720264270736148 -16.593220150270458 2.8442331271904555
-30.525441034554035 -17.416255480324978 2.1018005875238011
-30.273747077542321 -18.217660422448251 1.3528351099416496
-29.965980081096628 -18.995302507290141 0.59977403956513076
-29.603084875801294 -19.747124809595832 -0.15495684425350675
-29.186147896183904 -20.471153231401122 -0.90894259404692024
-28.716391859888336 -21.165493908725779 -1.6597875208010211
-28.195161051987718 -21.828333601526527 -2.4051126189483369
-27.623926805161993 -22.457942740993953 -3.1425615899028392
-27.004274293525178 -23.052674832441163 -3.8697970570091602
-26.337903661797089 -23.610967561983248 -4.5845040084912405
-25.626629192515143 -24.131345289831444 -5.2843911132543635
-24.87237800457082 -24.612425369623121 -5.9671891069916967
-24.07719089647647 -25.052917646422163 -6.6306570409797594
-23.243226148170269 -25.451637298048706 -7.2725844503993526
-22.372759096719911 -25.807510407632257 -7.890796773563439
-21.468183980169357 -26.119581388568928 -8.4831651253465807
-20.532012524215194 -26.387025918157519 -9.0476124662904667
-19.566875196637923 -26.609162028005457 -9.5821305014213305
-18.575511791879752 -26.785456311632608 -10.0847860910318
-17.560767767356424 -26.915536728870698 -10.553739228830819
-16.525581567193594 -26.999194708926691 -10.987252735150184
-15.472973870559628 -27.03639375232412 -11.383707095010317
-14.406031309121884 -27.027263103190286 -11.74160752161394
-13.327890991107608 -26.972098045652832 -12.059589469851714
-12.241725031347851 -26.871347686168324 -12.336419513989688
-11.150727451558303 -26.725605222663205 -12.570993985721996
-10.058103900907081 -26.535589568722603 -12.762329735173193
-8.9670642228159583 -26.302136038483745 -12.909547911805445
-7.8808219786513076 -26.026181858530737 -13.011862008393759
-6.8025984242403226 -25.708754188272362 -13.068558562640481
-5.7356276051311728 -25.350976039989835 -13.07898307459371
-4.6831661010019854 -24.954068275538038 -13.042523054178528
-3.6484973419980138 -24.519374683697208 -12.958606092399016
-2.6349336332676527 -24.048387091605051 -12.826700901192181
-1.6458048260676079 -23.542788209389037 -12.646331005687838
-0.68443104130316024 -23.004499529379643 -12.417104684229516
0.24591807263603815 -22.435724486749976 -12.138745039491655
1.142094897269988 -21.838996089779403 -11.811146761094905
2.0011584690010964 -21.217200406249422 -11.434426707411427
2.8204849117126312 -20.573589229175152 -11.008977734104446
3.5978894755666238 -19.911755154125132 -10.535526714646704
4.3317547098115456 -19.235579198830891 -10.015174672990263
5.0211491983414467 -18.549136970389455 -9.4494263326559302
5.6659295289494258 -17.856575936509618 -8.8401996140382284
6.2668102204079004 -17.161963871007998 -8.189817302726933
6.825389981046321 -16.469120093792334 -7.5009791114785074
7.3441313572435476 -15.781440492029176 -6.7767226509767005
7.8262847707852137 -15.101728641139445 -6.020373138885339
8.2757708069384144 -14.432052948970059 -5.2354891542204847
8.6970155216017648 -13.773628934373663 -4.4258113850460612
9.0947609102589801 -13.126740645440677 -3.5952196512566355
9.4738474875038179 -12.490700221370981 -2.7476966174944946
9.8390065017323636 -11.863862291489797 -1.8872995760312676
10.194639650401358 -11.243666698495048 -1.0181431815646813
10.544634977776672 -10.626733783659395 -0.14438830450147488
10.892197746085714 -10.008992734515395 0.72976654808294139
11.239713507547831 -9.3858392986799526 1.6000901475990119
11.588657758966125 -8.7523237781566454 2.4623235866985507
11.939542324636296 -8.1033631200348459 3.3121943927231281
12.291899685265228 -7.4339562426498214 4.1454342334325878
12.64432506728053 -6.7394042167804127 4.9578030992166831
12.99454684536801 -6.0155157086852098 5.7451268886340339
13.339544418444193 -5.2587929966790705 6.5033453208213157
13.67569472169895 -4.4665836184118142 7.2285722998652862
13.998948174950895 -3.6371813632035335 7.9171542785503677
14.305010731235619 -2.7698814906143459 8.5657388177124503
14.589533271236554 -1.8649790153032726 9.1713319693401587
14.848288637424799 -0.92371679155526043 9.7313455949716623
15.077328070459517 0.051810389967029677 10.243626335281657
15.273101665563606 1.058783265592758 10.706467705870816
15.432546667651417 2.0938044344797779 11.118599169643492
15.553132937669288 3.153049530776677 11.479158243401315
15.632872990824511 4.2324113046590277 11.787644949884289
15.670305798050768 5.3276233970764038 12.043875289228986
15.664450915616783 6.4343640901172003 12.247924046448917
15.614748429465399 7.5483325994885622 12.400073276786832
15.520995198425101 8.6653000908253297 12.500770639677125
15.383280699108701 9.7811400971525213 12.550592690029415
15.201926421863506 10.891841388036941 12.550218748634082
14.977435789105343 11.993508875967832 12.500419141842062
14.710457851124396 13.082358646840127 12.402049038670929
14.401756998547178 14.154709118718889 12.256047705707211
14.052198587471116 15.206974038962075 12.063444438069116
13.662739430016483 16.235657555458911 11.825367186131983
13.234428070972344 17.237353834109513 11.543049330187237
12.768405062121696 18.208749265448432 11.217836566274945
12.265908257176214 19.146629241285694 10.851191731300437
11.728278612900448 20.047887063701513 10.44469536565637
11.156966461549233 20.909538550431272 10.000049961808225
10.55353139588699 21.728736396774764 9.519081220655325
9.9196454328897907 22.502781760476346 9.0037252316782919
9.2570858271835341 23.22913608368335 8.4560272229516222
8.5677332560354387 23.905436143256939 7.8781347510774609
7.853564813942528 24.529504209094704 7.272287879273521
7.1166439365509886 25.099355821489471 6.6408100853739027
6.3591092946256822 25.613206557261844 5.9860997432465712
5.5831650810896525 26.069474461322585 5.3106172359792305
4.7910697263173567 26.466782633737413 4.6168758518977171
3.9851235393581037 26.803957237724045 3.9074327747357667
3.1676605741896156 27.080020498755726 3.1848759712321399
2.3410378463979189 27.294190543046881 2.4518203626153383
1.5076304063725188 27.445871569531466 1.7108960203205115
0.66982255256980139 27.534650141310543 0.96474600038837088
-0.16999501180202004 27.56028716601088 0.21601895182483344
-1.0094296278880734 27.522717347121919 -0.53263352076769566
-1.8460903995792872 27.422045327974196 -1.2785597109761833
-2.6775891925265869 27.258543567071285 -2.0191124746723585
-3.5015465786691129 27.032660471077243 -2.7516505221515839
-4.3155947236996308 26.745017598753993 -3.473542201705007
-5.1173822212544477 26.396419989381592 -4.1821721247150192
-5.9045819437377274 25.987861688383887 -4.8749462631482201
-6.6748980616304845 25.520530014722816 -5.54929996634276
-7.4260787280761722 24.995814953070454 -6.2027063274030967
-8.155922865764957 24.415308581945304 -6.8326884567117059
-8.8622961203197441 23.780810410460841 -7.4368291090127698
-9.5431377907803423 23.094321106901653 -8.0127835594122239
-10.19647767784185 22.35804641184049 -8.5582947834490497
-10.820443455848796 21.574380082780721 -9.0711974927192696
-11.413268622650204 20.745900687285552 -9.5494391614170553
-11.973300468694235 19.875352712404201 -9.991078081490631
-12.499002875042903 18.965635671870732 -10.394297360219291
-12.988954620500987 18.019784036819718 -10.757402575028689
-13.44184649156812 17.040953480019969 -11.078825432143958
-13.85647825826282 16.032406856308356 -11.35711790513011
-14.231747306719315 14.997501507341156 -11.590947062115639
-14.566644448881515 13.939682492095292 -11.779080926111249
-14.860249476796776 12.862482329534146 -11.920385137610293
-15.11172878077709 11.76952246202274 -12.013805122162358
-15.320348380544816 10.664523719411017 -12.058363217148953
-15.485491700268749 9.5513168165684981 -12.05315000131155
-15.606689819922254 8.4338536908642645 -11.997332856957762
-15.683666383892014 7.3162144325518774 -11.890166104394597
-15.716400814895316 6.2026042050489956 -11.731019723138138
-15.705189941723825 5.0973349037803777 -11.519406376023847
-15.650723908842835 4.0047839153546736 -11.2550368055829
-15.554158075027733 2.9293280258321732 -10.937870171978936
-15.417176176986793 1.8752500766850611 -10.568167045925147
-15.242023060687723 0.8466160584663871 -10.146553144719064
-15.031524308008631 -0.15286669484785598 -9.6740599619530805
-14.789056255063947 -1.1200045507321188 -9.1521597530929171
-14.518477665932217 -2.0522747341152408 -8.5827854196724296
-14.224026104971053 -2.9479648895398132 -7.9683207238595912
-13.910166415624609 -3.8062873592755508 -7.3115815705060623
-13.581419804562632 -4.6274506211839981 -6.6157721153475944
-13.242164867769404 -5.4126784106426227 -5.8844306301365759
-12.89644540972485 -6.1641807805632043 -5.1213697124064828
-12.547774193570794 -6.8850701536869563 -4.3306173770052174
-12.198966849214242 -7.5792241519818138 -3.5163518116628261
-11.85199566413471 -8.251121123190563 -2.6828578189299237
-11.507895841964407 -8.9056415304154086 -1.8344789324263542
-11.166699975890678 -9.547853755150939 -0.97558523735319658
-10.827428257401548 -10.182796453283601 -0.11054609233129953
-10.488122863202973 -10.815272775081491 0.75628498305871372
-10.145927048726954 -11.449646406926647 1.620589706483115
-9.7972049388082407 -12.089668720209218 2.4780945644787589
-9.4376981949998857 -12.738335577331039 3.3245790655165575
-9.0627203833756482 -13.397768871063418 4.1558964751682321
-8.6673561746362289 -14.069143726689422 4.9679873933825958
-8.2466868447798145 -14.75265745368449 5.7569072309417546
-7.796005701109582 -15.447540755145328 6.5188596536016918
-7.3110203473259725 -16.152113566005749 7.250237686706658
-6.7880331433927141 -16.863885728419266 7.9476701318837577
-6.2240742173446133 -17.579685006283377 8.6080706354122274
-5.6170022302710318 -18.295823857150904 9.2286798257568634
-4.9655460055962299 -19.008265713417725 9.8071073177976231
-4.2693048261377875 -19.712806981791914 10.341351428493482
-3.5286966361973828 -20.405232366654829 10.829811785655524
-2.744879860875812 -21.081460888533449 11.271278836198798
-1.9196471745038308 -21.737653876525776 11.664914019651739
-1.0553004188295705 -22.370287109994504 12.01020626127241
-0.15453689641376278 -22.97619572369366 12.306932828479924
0.77966597371562796 -23.552582225907354 12.555106951715249
1.7441503535666039 -24.096997561635046 12.754928349967184
2.7356538126035197 -24.607311654116497 12.906741242825696
3.7508706252076327 -25.081666828404945 13.010994241590664
4.7864902384502503 -25.51843242436124 13.068217319225612
5.8392203807328578 -25.916162980038035 13.078998797628163
6.9057983414419519 -26.27355881045111 13.043981894161245
7.9829922229494317 -26.589438881346034 12.963859888519044
9.0675957805420992 -26.86272701590611 12.839380920553731
10.156423251974331 -27.092442051149852 12.671357410029957
11.246303576501655 -27.277700782380762 12.460677361946251
12.334077758193823 -27.417720358052957 12.208313190517197
13.416599031488118 -27.511835325406341 11.915335889896314
14.490735700350671 -27.559507039957953 11.582915602638458
15.553381031972149 -27.560337862679592 11.212335774568501
16.601461128511552 -27.51407895942263 10.804986790027666
17.631949942787553 -27.42064146111548 10.362372998330796
18.641880718361758 -27.280101440367517 9.8861033063242143
19.62835996053278 -27.092697761776066 9.3778879900562337
20.588579711164737 -26.858832165321921 8.8395303874503082
21.519829167706643 -26.579068479683823 8.2729172205600552
22.419502794448306 -26.254117478742266 7.680011056611411
23.285108355154414 -25.884838326297871 7.0628375119788327
24.114270089998488 -25.472221050383336 6.4234778132364605
24.90473398563292 -25.017382941821683 5.7640599588511119
25.654367598773668 -24.5215583313087 5.0867491426042113
26.36116132295189 -23.986089518889013 4.3937425913357977
27.02322656539295 -23.412420522164911 3.6872614869693274
27.638797261729398 -22.80208714844839 2.9695514521595241
28.206226769650463 -22.156717518080502 2.242871782218339
28.723987396966901 -21.478021920093742 1.5094977286637412
29.190673594326647 -20.767793207135572 0.77171715206044211
29.604998231648374 -20.027899820481863 0.031829593491799812
29.965798953978286 -19.260287610115068 -0.70785599517533326
30.272037809015387 -18.466976724590534 -1.4450233679426603
30.52280758348871 -17.650057738733032 -2.1773468675379912
30.717334208436466 -16.811693683823627 -2.9024982946838707
30.854986429076114 -15.954113781717934 -3.6181432671173943
30.935281938872816 -15.079615870329581 -4.321950651035106
30.957892220970681 -14.190559189932939 -5.0115921780230703
30.922653874948818 -13.289362598312858 -5.684749689809351
30.829575225271793 -12.378501014807291 -6.3391236187877178
30.678847701174792 -11.460495593935176 -6.9724360097795159
30.470849155272138 -10.53791015879964 -7.5824439304702471
30.206154956322596 -9.6133397965871303 -8.1669464518661865
29.885540748685248 -8.6894034728885217 -8.72379867722589
29.509987894761828 -7.7687305226779664 -9.2509203093623711
29.080681598956343 -6.8539517738262328 -9.7463105047614
28.599011879656427 -5.9476843654301383 -10.208055930639913
28.066565507679716 -5.0525223770932977 -10.634343086069224
27.48511853710221 -4.1710247190546896 -11.02346500795956
26.856622036234025 -3.3057086392661761 -11.373828427321241
26.183186107416464 -2.459043891102815 -11.683952412887505
25.467068372755286 -1.6334482694516519 -11.952468769827522
24.710650991615793 -0.83129448715691756 -12.178113552222573
23.916435728702133 -0.054909693369277535 -12.359723044662861
23.087028717081463 0.69341362415683094 -12.496211716876768
22.225143360716469 1.4114118858280091 -12.586570608874283
21.333606385407315 2.0968469645466929 -12.629846317218696
20.415373996225608 2.7475073110495045 -12.625138171140041
19.473555980523699 3.361219942742117 -12.571594609504599
18.511446213825309 3.9358770132834247 -12.468421021531087
17.532554099590872 4.4694783662444353 -12.314895791571818
16.540632694765442 4.9601962797170023 -12.11040262372034
15.539692138743344 5.406453758969108 -11.85447032638141
14.533996148428926 5.8070264239819567 -11.546824810485161
13.528026990167138 6.1611476216737593 -11.187446715489902
12.526420176383738 6.4686219519997188 -10.776628395210869
11.533860548251972 6.7299315901086079 -10.315031908023336
10.554944300904449 6.946315017648085 -9.8037291438182272
9.5940143498156711 7.1198175908258188 -9.2442285771652983
8.654975703694884 7.2533032232658012 -8.6384894512075245
7.7411146795763015 7.3504084823544353 -7.9889031679921922
6.8549230079272956 7.4154511680070954 -7.2982732590309416
5.9979605661676096 7.4532882584038358 -6.5697665839442951
5.1707488761634854 7.4691276056779534 -5.8068704022129225
4.3727238459821312 7.4683230047304665 -5.0133350409187374
3.6022317632020537 7.4561351825962863 -4.1931286765320728
2.8565839404895064 7.4375054060479009 -3.3503896135357198
2.1321490495557458 7.4168340087666218 -2.4893930466931549
1.4244936286767174 7.3977826232521986 -1.61451579666599
0.72854422749575365 7.3831097227517821 -0.73021428095633012
0.038783387591059815 7.3745528674010981 0.15900288116094952
-0.65054900567365448 7.3727493040257395 1.0485916156553974
-1.3452403136177078 7.3772117355192135 1.9339924037877343
-2.0508840388968061 7.3863532199230155 2.8106529711181936
-2.7726749823510421 7.3975633650968087 3.6740430800229804
-3.5151992281897004 7.4073246480757886 4.5196865106971869
-4.2822711339865673 7.4113735163928647 5.3431757285759494
-5.0767597659574806 7.4048946319646136 6.1402299788213259
-5.9004968321397619 7.3827418538132257 6.9067255007457931
-6.7542147049087786 7.3396587849131638 7.6387484925336873
-7.6375386799518914 7.2705064369435108 8.3326532564477667
-8.5490318135980825 7.1704760250187327 8.9851258081396601
-9.4862985702052089 7.0352655306010377 9.5932332226755914
-10.446124014148527 6.8612245384163906 10.154472657298111
-11.424648228739793 6.6454438935951643 10.666794305191495
-12.417551233876805 6.3858080788725848 11.128613505830909
-13.420235592673162 6.0809835576892741 11.538796473612859
-14.42799515438457 5.7303827027247172 11.896628396215943
-15.436154150713929 5.3340833893658637 12.201761775436216
-16.440170289681209 4.8927385933591534 12.45417141506946
-17.43570768599513 4.407470322361239 12.654082605659058
-18.418669662980228 3.8797646805354145 12.801924561437451
-19.385212807656121 3.3113854259582305 12.898280013572981
-20.331733344959403 2.7042874148936207 12.943844676283522
-21.254847375132822 2.0605589609722852 12.939407934621597
-22.151363486185762 1.3823746517376965 12.885829232822518
-23.018254831127564 0.67196309212394389 12.784041055778927
-23.852640728638228 -0.068406100444731624 12.635044751591826
-24.651769094333016 -0.83643405961072259 12.439920642796078
-25.413010079688686 -1.6297921058841378 12.199833307131877
-26.133854910572403 -2.4461206213878848 11.916042021618017
-26.811921143851002 -3.2830255643075343 11.589907745363016
-27.444960671537579 -4.1380767598108434 11.222898283229778
-28.030869833937068 -5.0088054805749946 10.816585892915549
-28.567702847150276 -5.8927070959794356 10.372653077268899
-29.053679530214485 -6.787244765470799 9.8928849958611433
-29.487197581009649 -7.6898527059463246 9.3791635772161221
-29.866837254114415 -8.5979474213144442 8.8334652123314736
-30.191367469869412 -9.5089329806402247 8.2578483577645976
-30.459752976716356 -10.420211479942898 7.654449361973608
-30.671153409215808 -11.329192392878561 7.0254712171555695
-30.824922906080111 -12.233304085949403 6.3731773717599172
