4.4275348993875134 0.038924100725843923 -0.12434986545418787
4.4314900348745496 0.38396425519478017 0.22597095693348099
4.3182220326318976 0.7386870344702684 0.47063479009676074
4.1265665505406091 1.0682867060186501 0.70347390673581323
3.8651701379367109 1.361741800861632 0.91316988352113293
3.5415375363510204 1.6068412860158288 1.0943420688318732
3.1649163998168137 1.793170830468638 1.2376894396713189
2.7483986548375072 1.9112283834589352 1.3294699417080622
2.3115126956037804 1.957225026947492 1.3541916470173518
1.8817806674113604 1.9336385514820336 1.297528260073685
1.4866687598875763 1.8621949695175193 1.1577832883337578
1.1463356892898053 1.7716167908213987 0.93864199572321594
0.86958225676165113 1.7017278810204519 0.65265991541285684
0.63903401247890379 1.6730557955942509 0.33181596571632321
0.44904607741711072 1.7063257582568159 -0.010777605344495046
0.27955112978891233 1.7954992782894335 -0.35336539388710653
0.11549554308821572 1.9603294478748192 -0.67301728483141365
-0.067903666032989113 2.1834000699080742 -0.95467241787676815
-0.29617806470611463 2.4515782647029858 -1.172267442928385
-0.58240778252602188 2.7348635069444001 -1.3098657166125631
-0.9269158671333364 2.9956305434989128 -1.3574081428642781
-1.3138153824975629 3.2034077118858302 -1.3236519201024313
-1.724201971961544 3.3396538511659832 -1.2216919486079509
-2.1387972334248087 3.3961600966666445 -1.0663905991072158
-2.5413162919585934 3.3713441734410079 -0.87299877950115312
-2.9190228679513068 3.2690537319917441 -0.65568991157909351
-3.259163747161884 3.0973069165102065 -0.41886520792379239
-3.5491464085810276 2.8629187063473664 -0.16745833348058017
-3.778959463294282 2.5741726763619006 0.090192083040268101
-3.941125086759719 2.2409699201037605 0.34563159992892006
-4.0299820042655892 1.8741348710369676 0.59055506474681596
-4.0415917330013844 1.4852329380155387 0.81601907005334717
-3.9737309887670316 1.0873394748342742 1.0131717234685613
-3.8268773065544832 0.6954025146516899 1.172467317946021
-3.6064496304349047 0.3244437019097306 1.2838483078672087
-3.3231144929699239 -0.011577386304057871 1.3362609218586814
-2.997145737814626 -0.30136819459411479 1.3136604059682593
-2.6624930230881696 -0.54486797637202822 1.2079470891488675
-2.3496874283802072 -0.75007237754940681 1.02613115164089
-2.0776264242129874 -0.9309648524855324 0.78428119371891203
-1.8539504348176257 -1.0978672084132373 0.49579087167884039
-1.676940134361989 -1.2556430082736765 0.17506287908254592
-1.5234542869178518 -1.4420895026126874 -0.13859624625063038
-1.3911885470579499 -1.6738754418300104 -0.43276473969940404
-1.2664644072482611 -1.9472988740594497 -0.69883043592997984
-1.1572974342077116 -2.2335642195101393 -0.95926823343639334
-1.0667299288842249 -2.5523118607152839 -1.1932331503390454
-0.97176879161814833 -2.9197732085966188 -1.3700651824608352
-0.84096138262248754 -3.3253542081937404 -1.4542049277301194
-0.65320189089373071 -3.7324250238209071 -1.4345724272071045
-0.40074164979613752 -4.0953107072729633 -1.307945930295433
-0.093871740423982775 -4.3714571626657888 -1.093243842056784
0.24615294288168457 -4.5367776558279544 -0.81844363227907824
0.59546044140747845 -4.5801595202990395 -0.51162204792326904
0.93213221810490476 -4.5055085705451505 -0.20401009733128819
1.244596974008727 -4.3311381197140983 0.080029036471167256
1.5234711962028153 -4.0727414287583033 0.31892353904630194
1.7695076154696332 -3.7630628435870022 0.51001283885929349
1.9850618284933819 -3.4184555850295815 0.65721386907660995
2.1733778319736592 -3.0516584401581621 0.77060692439999212
2.3339935983411024 -2.6656245322511198 0.85404402074280505
2.4647073535084409 -2.2601525990275406 0.90101773683092756
2.5488762482726615 -1.8384519362554046 0.89906504085014438
2.589150325831 -1.4188820644720475 0.83708573958637678
2.5984864642258461 -1.0169478830781511 0.71360819882477589
2.5863526467659894 -0.63870333253682288 0.53693532664648402
2.5506456944356821 -0.28608372796516035 0.32138775871128961
2.5064657947459401 0.037522544877079053 0.080123013501298204
2.4944961843668265 0.36195356109890942 -0.1536466058679401
2.5079081077889667 0.7066256912935136 -0.3630820006239307
2.5323450365242959 1.0804659419879137 -0.53115232797902645
2.5456952979087903 1.4875524980971939 -0.63821360281198747
2.5140873447745564 1.9167768790744177 -0.66963804340423316
2.4156835410745812 2.3430026670061692 -0.63078729884644069
2.2380589149601899 2.7384260063779911 -0.53232086560299774
1.982885971570614 3.0780210289422398 -0.39514367572461462
1.6642581512535259 3.3460168222144606 -0.24053656685896493
1.3043567236451872 3.5432508469305897 -0.086248235367177239
0.92118270647733769 3.6833438899518791 0.071982633012063105
0.51698920621477762 3.7523269442178195 0.24081209346293356
0.1022418920607096 3.7299188728786481 0.40970239901096989
-0.30458807062611337 3.6066077798857825 0.55734108211656397
-0.68194225956117904 3.3894909233316635 0.66022328092223503
-1.015151113050182 3.1020863927372258 0.7002390430640888
-1.2959263615511216 2.7738274055358034 0.66565176458334518
-1.5312053936078582 2.4378099577314716 0.56384317387508875
-1.7367923241250829 2.118552075837933 0.40445882372696973
-1.9379490547693758 1.8248281887145936 0.21006148510418021
-2.1451553325240869 1.5430760564975956 0.0052770036483507027
-2.3608836404167248 1.2648465376370253 -0.19709788095838104
-2.5875205500361265 0.98335097421527407 -0.38430128056149399
-2.8311131598605281 0.68839771732028077 -0.53621921087579882
-3.0824268818642775 0.36373648131684433 -0.63276115406988398
-3.3124862608292167 -0.00081851733574141161 -0.66167469766917597
-3.4926823906649989 -0.40009119287314632 -0.6275961130082971
-3.5972935763096219 -0.81491328930489204 -0.54328683840358105
-3.6562926439341159 -1.2277080670919946 -0.43223866141385375
-3.6701652933847884 -1.6396501278542766 -0.28197230231459375
-3.6175211801408005 -2.0403210300391708 -0.084019178322937774
-3.4724510825312507 -2.4054349334969012 0.15649471859672934
-3.2233623623307621 -2.7011875257303681 0.41417633078980998
-2.8889000879916669 -2.9086290865599866 0.65610029992740748
-2.4984565044449365 -3.0245701883842289 0.85619508871386296
-2.0876145814833986 -3.0665899025074026 1.0115434801276406
-1.6727737890377865 -3.0552879188127946 1.142428658205471
-1.2528481661310926 -2.9822254134082362 1.238981301912679
-0.83706669246057475 -2.8484071972829752 1.272631320665677
-0.44905615456725495 -2.66415534920423 1.2110447843114112
-0.1093783852874681 -2.4625030068888392 1.0575584729635172
0.17813937482429393 -2.267619890832798 0.83047596711899385
0.41353371702588931 -2.0927047830930823 0.54683188420989848
0.61653419685140665 -1.9477376753137683 0.22933743952868516
0.83419957627600039 -1.8233622315108318 -0.085099909344487717
1.0720599099650487 -1.7192726842293482 -0.3898293388640594
1.3438004877790344 -1.6429778455440405 -0.67345802764089502
1.6529689026243337 -1.5856153502685333 -0.92177277162614368
1.9965209115080094 -1.5625778763238325 -1.1358248294681679
2.3861007327889676 -1.5576500842044652 -1.2864842619363954
2.8137226338801349 -1.5344956540019701 -1.3467234995669626
3.2498227511331801 -1.4563568619085152 -1.3028427233133983
3.6520740985814499 -1.3027312007052199 -1.1641558224807829
3.9874790629466115 -1.0765110171917243 -0.95606070640123608
4.2369606448071071 -0.79260300018800489 -0.70427580844199
4.397084994565315 -0.47072357683194466 -0.42964851274146554
4.4564602896401313 -0.073685629117278661 -0.12672821117108468
4.1939271590829499 0.32501419013407562 -0.098559761767140763
3.9689493445447601 0.66918894299139886 -0.074031690747653353
3.746873362024536 1.0117572737978771 -0.047870078483366468
3.5278137756032573 1.3511441262834105 -0.02036842182911305
3.3281895593454953 1.6931315370748541 0.043641712088881818
3.1211313797248885 2.033638605657043 0.19600329818137083
2.8365987395745069 2.3365760360660452 0.35569550440245817
2.4837971759269593 2.5700932374457648 0.50092883100147156
2.0787516979863758 2.7214919035319616 0.61039499762205474
1.6457962191371909 2.789755269839266 0.66352496887442858
1.2134202400905056 2.7890128333774293 0.64642500075735698
0.80406106657931486 2.7507800135365441 0.55557779751521819
0.42382434121339285 2.7074589139532077 0.40454215370629865
0.060809674381614207 2.6716325954259723 0.22095817746717658
-0.29771515350036198 2.6380914796523185 0.025294736760913566
-0.65601584782787636 2.5988718798687684 -0.1706845793876906
-1.0167234676628527 2.5572102166970203 -0.35808715261102847
-1.3925497065608046 2.5181520455806914 -0.51775898452496028
-1.7946698463252884 2.4710236657452316 -0.62362238917744028
-2.2160519138415196 2.3900047275115219 -0.65770052842670179
-2.6308872589356387 2.2468473960057196 -0.62062410447148275
-3.0092262083608903 2.0300870240584667 -0.52611322463606791
-3.3262539792777215 1.7433370312637779 -0.39268352460233574
-3.5705457932957017 1.4020654883212349 -0.24023754831236707
-3.7401536325033118 1.0216035750910524 -0.083111123970648293
-3.8334948475873576 0.61629197971297511 0.075705018829785073
-3.8457555936664081 0.19796066116490998 0.23103131777551833
-3.7716059780411131 -0.21865130941831681 0.37628716043756305
-3.6114152637420198 -0.61867252864727973 0.49502104953291198
-3.3773333466019966 -0.98782296277913562 0.55894926402628076
-3.1018455149079203 -1.3196011375508809 0.55107082279499819
-2.8173202657282213 -1.6187869214349122 0.47352180912361086
-2.5378092609292984 -1.8996549155665754 0.3550585741516305
-2.2545836846154224 -2.1748431792339065 0.23347530095973179
-1.9535505548304921 -2.448201518670722 0.12604483197837885
-1.6208033892994875 -2.6895994934453187 0.01173974213103776
-1.2739548123679196 -2.8872356778528068 -0.12472142425843524
-0.92592757280637472 -3.0623002917931021 -0.27379476044918605
-0.56714160995252838 -3.222370330105893 -0.42512535129983858
-0.18695386103304029 -3.3502485248345915 -0.5600060203993017
0.20879977673287239 -3.4559699684292569 -0.66337012308638277
0.62452586071175298 -3.5386626219996535 -0.71702820326900796
1.0533115126074211 -3.584616024626484 -0.70477442119437017
1.4836552457673644 -3.5875671578732136 -0.64412131252207006
1.904311017914301 -3.5388481120823641 -0.53055104070062353
2.3006084624867245 -3.4355972987562873 -0.36754687228708449
2.6602197290387672 -3.2767673004401936 -0.16440599446622498
2.9727741437060939 -3.0636179308867608 0.065775150024333248
3.2327699284042066 -2.8021235258810901 0.31067190443922821
3.4358646460830551 -2.4954727491189139 0.56205908100786006
3.5642896300284912 -2.1449770239691497 0.81171604341704418
3.6079687831056186 -1.7617284996150211 1.0432343698728115
3.5632260312524004 -1.3592549122536823 1.2400023347012852
3.4272221813721995 -0.95632026103873058 1.3846782076699766
3.2076094149726191 -0.57646544925634025 1.4642241037064241
2.919108967716221 -0.24250393940866685 1.4655296275185821
2.5896043624928939 0.026497109244419795 1.3792787527395085
2.2611741319846104 0.22612938104274793 1.2027825941635282
1.9734638491281544 0.37816094619337259 0.95211019555721255
1.7426840161168977 0.50848094060172166 0.65012543321110017
1.586960320662024 0.63727964073747434 0.3094488289998038
1.4924315671395589 0.78162687177460255 -0.043506395167240253
1.4686512086226891 0.96266892177601127 -0.39133011005371121
1.4924941931820348 1.1901258612108629 -0.71668934420317099
1.5479081541478559 1.485028757946683 -0.98942935830315781
1.6007043796487554 1.842540002703869 -1.1949187929266611
1.6200855567991437 2.2491938012905583 -1.3191551906214365
1.5835032075501654 2.6803757663132139 -1.359985104218508
1.4746037496470938 3.1043436506519613 -1.3203082607530952
1.2988055883593639 3.4979947899388639 -1.2193272275742739
1.0572888555695632 3.8403530340044623 -1.0689298967732339
0.76561971560152031 4.1209760082769655 -0.88153747573758867
0.43580181618849628 4.3305710774747324 -0.66417252165064988
0.082002014488850583 4.4645553269685792 -0.42531595506495151
-0.28401232391229103 4.5203154987535701 -0.17316588054970403
-0.65030292758412678 4.4963977087334426 0.084351455113375301
-1.0044949300110093 4.3935450852806994 0.33963795657079054
-1.3351651825435076 4.2145989992752311 0.5843886193008887
-1.6303943978604645 3.9642677025803499 0.81013666700275666
-1.8797757775360397 3.650311622125018 1.0099590503303668
-2.0720274475647802 3.2800330215317599 1.1727432263550139
-2.1957600187676278 2.8670147731611646 1.2909273213661356
-2.2432357108862613 2.4295077825928395 1.3500567575202436
-2.2202210947944931 1.9913688042385493 1.3395590545805212
-2.1376991965151748 1.5767734186329911 1.2488415378944799
-2.0200549453039636 1.2109887957681671 1.0731347783271439
-1.9036334306153682 0.90821420888485116 0.82281851995961586
-1.8204759179756247 0.66238541016446484 0.52031483572879145
-1.7871368322415619 0.46213715469708039 0.18574396354491668
-1.8219895494244054 0.29029872378758281 -0.16021352030569755
-1.9238778578331259 0.12844214203089988 -0.49975563431279957
-2.0973161704600121 -0.042849849266551138 -0.81056674101686954
-2.328468508793772 -0.23909377575234039 -1.0802404851756207
-2.6023061730834893 -0.4883910409572173 -1.2770497003387373
-2.8774922997280243 -0.80446214345022482 -1.3871604770662911
-3.1082649008950578 -1.183871988937877 -1.4050293849492108
-3.2613339392605405 -1.6019934030842862 -1.3372327024433619
-3.3250006824872664 -2.028792111807328 -1.1997434299731315
-3.2976267735425653 -2.4399494480597306 -1.0072302834716969
-3.1813804518159303 -2.8143218693550143 -0.77533702115616265
-2.9828678456339688 -3.1376183873626751 -0.52314924646552163
-2.7083516779720349 -3.397161976383273 -0.27103475814934813
-2.3743200610775488 -3.5882088414347733 -0.037834797622001426
-1.9997044489806552 -3.7129918019282147 0.16683404362363527
-1.6005419342972855 -3.7751526329679668 0.34869400475970846
-1.179641895758909 -3.7654827702023126 0.49933032665911209
-0.75113840707149748 -3.6686696205884335 0.58019880486873809
-0.34639341363505483 -3.5114858027020572 0.57223590187450235
0.024376543883105867 -3.3407709423906269 0.4854232307352892
0.37563309493237229 -3.1857464247190963 0.35140924723113592
0.73091282127452395 -3.0413220061718471 0.21016049074153445
1.0991381328399679 -2.8778480738628436 0.09356779613411173
1.4630962349468997 -2.6638455551585012 0.023133885178824379
1.7971185478492346 -2.3974142527530238 -0.020525732177204794
2.0891248579291704 -2.0954166014758036 -0.071988608123586442
2.3564820000743394 -1.783847891735884 -0.14583952543774512
2.6019488930733341 -1.4643266207109669 -0.24752354087032016
2.8328331642492377 -1.1381454691849979 -0.36114589798836616
3.0535436932189537 -0.79612020185817178 -0.45605427695392348
3.2642268619460002 -0.42856067371002815 -0.49787994592165924
3.4350230622387374 -0.029332333295132268 -0.46784716346044314
3.5375201119082602 0.38994190549689189 -0.38091312110364889
3.5574048043193209 0.81481413889479504 -0.26251804168137999
3.4977621420180629 1.2231765921273696 -0.12854785488219617
3.3921469907227504 1.6131623775483277 -0.051753177203867455
3.2919175070700755 2.007405018097308 -0.039117388198453396
3.1914769673447836 2.4038513632304088 -0.029256905846420041
3.0910364276194882 2.8002977083635225 -0.019396423494386354
2.9940328373745699 3.2569914891652592 -0.027708681784123938
2.7056133076278059 3.5645151251605416 0.20126757505774173
2.3632818300440475 3.725942358830884 0.45731802267210853
1.9927451128075384 3.8112076251457641 0.69268999279549814
1.6014239705837425 3.8196465698050592 0.90722516283724419
1.2033567573846815 3.7478406277815206 1.097168676674086
0.81252577966543438 3.5916653248926855 1.2465925023005697
0.44478712761883293 3.3610230503175176 1.3406620237222195
0.11593477516993984 3.0668819341683067 1.364268746120058
-0.15596246381534984 2.7327044412741861 1.3001853299087722
-0.36869740249618504 2.3968937025738803 1.1498998430568683
-0.531131091589367 2.0917762648007403 0.92169404703429436
-0.65997952562268636 1.8447637710671931 0.62992732531744244
-0.78613635858056541 1.6636516652831252 0.3030992128119549
-0.93382142188823303 1.5479979959291068 -0.0398245048413325
-1.1192376165739446 1.4867821310916798 -0.37835606939916311
-1.3549252716729037 1.4701870905516625 -0.69469187263086951
-1.6512697296373311 1.4815584645581057 -0.96685251761140467
-2.0079045691502797 1.4944658549147585 -1.1765696263707122
-2.4127505202686788 1.4751690898297214 -1.3064568105771666
-2.8380140744553484 1.3984877508224565 -1.353840400948614
-3.253475520503494 1.2545374871568602 -1.3249267177974453
-3.6344294486233255 1.0454814311801843 -1.2320799643752518
-3.9626776079249346 0.77864401986502996 -1.0886889789615704
-4.2268643006236886 0.46757777925935684 -0.9042724707427936
-4.4199066845572785 0.12452599778526369 -0.68794441267845075
-4.5353942831650773 -0.23845958124909569 -0.44820017813342949
-4.5712470898027142 -0.60528492966397929 -0.19332694532190703
-4.5381370197252204 -0.95871376953176235 0.079679029422747544
-4.4299861467774573 -1.2903348417781926 0.36676976786085419
-4.2397951925501465 -1.5884322133329869 0.65356980066252912
-3.9668983601789138 -1.8380475577530953 0.92280255878389272
-3.6169889380631428 -2.0235167635441846 1.1547269808627474
-3.2046543437532415 -2.1274942973237905 1.3254483687471097
-2.7592067338566988 -2.1447129516418224 1.4066528658113071
-2.3232757709719207 -2.0940480695666248 1.3769480749687772
-1.9289940293427335 -2.0268233283915058 1.2461322150874909
-1.5822206916213908 -1.9879127605571241 1.0426452718341324
-1.2678786304161243 -1.999438597688231 0.80001303913884581
-0.97134705076500483 -2.0402132079504898 0.53262541778958861
-0.69311400125741884 -2.0873159197962856 0.24339080508361993
-0.44584316906468885 -2.1442774737735535 -0.067646950762148994
-0.2010840018074922 -2.2330896442255423 -0.37695522509672225
0.091175088539884278 -2.3366652737020228 -0.64713927369848612
0.43057792182855709 -2.4441985784629585 -0.86252520348986128
0.81455723978739125 -2.5423081459881063 -1.0099361738696129
1.2327540847271217 -2.6116064060256243 -1.0819800412677285
1.6629782601556695 -2.630797105295243 -1.0764884467037836
2.0894884746738569 -2.6087567862233167 -1.0282426849796766
2.5102803821387671 -2.5441663084497756 -0.93397841553000271
2.9092303830451463 -2.420217959527196 -0.78276424398227373
3.2628698413287531 -2.2267646216521695 -0.58091024392649537
3.5448970829045043 -1.9588005750109574 -0.34273945520386745
3.7299942510694826 -1.6233215770950991 -0.090538032264519952
3.8033448830282639 -1.2409874338199782 0.1462690755638644
3.7785767141851601 -0.84015600131493939 0.34279951772668543
3.6834639950942791 -0.44058044899231785 0.49122990312316334
3.5428716872728727 -0.047886149704313041 0.59941576519695727
3.3509459868921776 0.33556978233177448 0.67486835783974308
3.0880311722548623 0.68313467817881712 0.69420196601799877
2.7912642744331575 0.98803765581079961 0.65037757699092147
2.4864422087144353 1.2546644780602905 0.54271444949936953
2.1947823151464014 1.4972342675397701 0.38358466630195098
1.9190338345822378 1.7311617434174111 0.19397958006655194
1.6511899154187277 1.9630185874810737 -0.0083495099961737648
1.3869333495993008 2.1963019707479212 -0.21144522137792601
1.1252803751275049 2.4403433004440571 -0.40325334696671539
0.85511881999264472 2.7063905103870507 -0.56108068256532595
0.55460953072330088 2.9838987162667481 -0.66102088943556303
0.21112110139483586 3.2436015565600846 -0.69297493273108735
-0.1745899813509833 3.4528854629224179 -0.65163850936602952
-0.58915635473207129 3.5830391655221825 -0.54758184020513834
-1.0127731680951146 3.6159737187709866 -0.39949156559490101
-1.4231693194009811 3.5476722012090929 -0.22996431385350674
-1.8032977281912164 3.3912641404749908 -0.060706036499800928
-2.1480407934915049 3.1688719798139 0.097595487640264558
-2.4562531391037656 2.8917356687058544 0.24730194060653829
-2.7101040961130121 2.5562462347811055 0.3941008438545911
-2.8890905932810047 2.1664640568208355 0.52327665135738743
-2.9838745286858961 1.7401548910405005 0.61541180857638089
-2.9971963427348278 1.2998760790410464 0.6518567561884584
-2.9448229710667819 0.87158056490820612 0.61692851725070641
-2.8596401549027974 0.47175095769909792 0.5137238025963452
-2.7664357332101353 0.10288547750549545 0.35516464851719393
-2.6832202405816861 -0.24296274223835748 0.15991390541532152
-2.6175395298756965 -0.57492773653644302 -0.057499158267786177
-2.5747307703322155 -0.90917200341082494 -0.28728623377549845
-2.5140247252004611 -1.2601447652625297 -0.50058470828590673
-2.4331266858007812 -1.6259706478036942 -0.68027578782645315
-2.3358909326384341 -2.0095709819471179 -0.81323005700090845
-2.2155536299259158 -2.4036281617957229 -0.89614775804982894
-2.072986349795555 -2.801153017302449 -0.93805072755658259
-1.8981526022400246 -3.1970388248398351 -0.92723254320134052
-1.6780236483566917 -3.5742816349196227 -0.85108564488458305
-1.4057481771631226 -3.9008100682521398 -0.70632666802524968
-1.0963744365611425 -4.1540047028330918 -0.5124512015213436
-0.772634731997633 -4.3526801040855441 -0.28413642056306815
-0.43152509407436662 -4.4803001249641916 -0.012191875224668854
-0.082875286943129012 -4.5003048687768175 0.29296128521836362
0.2535424844940799 -4.3949526102127257 0.59892470569280054
0.55714789077686877 -4.167746792901772 0.86771239032527581
0.8113307643795129 -3.8419303578204231 1.0668951133178459
1.007480874434947 -3.4527142290334623 1.1754055133223063
1.1510346051951224 -3.0402006376277892 1.1871105401692235
1.2615799529417138 -2.6389928623745433 1.1138246939851169
1.3671177707760804 -2.2582889693170345 0.99459561757009474
1.4707732132059002 -1.8878047197182264 0.84626006330853731
1.5479463720211146 -1.5375504420631614 0.64503222181482855
1.6140991925433827 -1.2341408559070752 0.386468545965509
1.693542947980071 -0.98160013669492086 0.088768970482857132
1.7958587579433929 -0.77714432083537555 -0.23425493479082263
1.9471588052861748 -0.59863655603235855 -0.55597558042734518
2.1529608459848197 -0.39763256405908942 -0.84009650893184273
2.4032174925853003 -0.16373170333522077 -1.0678104384596543
2.6797832331093989 0.11142353962501117 -1.2240447991811163
2.9543744239179546 0.43144878787507557 -1.3008368110760429
3.1966471579768165 0.79396430800372553 -1.3025539385027627
3.3790465771663345 1.1898262467235254 -1.2371070739047358
3.4892684617588778 1.60061796663419 -1.1165875330788426
3.5269072414888347 2.0110596799387155 -0.95254510072643517
3.4892902655352449 2.4072952392420008 -0.75173536414765751
3.3783679802272273 2.7743604957127896 -0.52250025580469406
3.1946953241863487 3.106478624148735 -0.2732765302035714
3.1060035862145208 3.0838879735772018 -0.036899667028119365
3.2845404704092438 2.7275175112698493 -0.082419974530376902
3.4491133464653108 2.35304379187468 -0.076060995892369823
3.6136862225213662 1.978570072479537 -0.069702017254363188
3.7782590985774327 1.6040963530843677 -0.063343038616356095
3.9428319746334997 1.2296226336891984 -0.05698405997834903
4.1074048506895657 0.85514891429402895 -0.050625081340341938
4.2719777267456331 0.48067519489886001 -0.044266102702334859
