4.4156233781313787 0.038165471426946346 -0.1182960665574654
4.415928000231105 0.39686443597235943 0.20317089817394013
4.2945436332733191 0.76309647696084049 0.42109339231153492
4.0913847791952085 1.0989376379823754 0.62569493499061068
3.8190919620559218 1.3920288794597362 0.80561030280324475
3.4890266762224194 1.630508011596854 0.95640424516655442
3.1153396063518533 1.8056110216769543 1.0703741863468144
2.7155931714313786 1.9119353473973779 1.1382478925345871
2.3098621050169923 1.9517030648550762 1.1526603869720777
1.9167287224355878 1.9317564896801951 1.1088281652968091
1.5484324473040725 1.8701209110672703 1.0072104713039187
1.21360912210584 1.7845517916992941 0.84339089891938734
0.91936953311664826 1.7075681063648569 0.60742988382217999
0.66204534131348214 1.6681017028010148 0.3168838754367303
0.44663951195992679 1.7013657860581048 -0.010419103735460025
0.25720246450871864 1.8071403547139848 -0.3371148826066781
0.07781980372160989 1.9967065618327291 -0.62416150708203411
-0.11651508865887053 2.2332738192123522 -0.85434366890037727
-0.34313143436440419 2.491976426016282 -1.0162049722365081
-0.61034221310006398 2.7494476856668619 -1.1156877059459562
-0.92436517074051072 2.985791174045497 -1.1534422764277443
-1.2819023493756283 3.1821069535032609 -1.1330611349255986
-1.672269391993396 3.3196871700947503 -1.0577194625158584
-2.0794916815579003 3.3848772797754956 -0.93376571511389272
-2.4857731878535443 3.3696199158271867 -0.77126496465503536
-2.873838725757476 3.273276224536759 -0.58322908500891124
-3.2273030715323654 3.1019660325036429 -0.37452582031244419
-3.5305010232302356 2.8617884569029521 -0.14980376201199408
-3.7700992825839768 2.5618501521890864 0.082019155946620695
-3.9363314828166116 2.2144911294999687 0.31126117342308601
-4.0229170390953906 1.8339618587662585 0.52845416906834575
-4.0271856920099083 1.4355886020753237 0.72412300211529668
-3.9500196713692661 1.035637837151089 0.88998126940204692
-3.7964993224792223 0.65089485965271576 1.0184568906265399
-3.5771485818084114 0.29594260049539078 1.1032571293906215
-3.3071961835578785 -0.017524646086047313 1.1388104920898496
-3.007293155386332 -0.28351050505519493 1.1180898211503818
-2.7004830486089344 -0.50966716181753424 1.0394565819880768
-2.4015214059058607 -0.70819299500275235 0.90353518504173835
-2.1233875033481331 -0.89192180542009369 0.71091841475681838
-1.8802141876919303 -1.0692377903274002 0.46208267237515749
-1.6816687085798927 -1.2418415693963782 0.16502356677377858
-1.5124728742495448 -1.4473018175354757 -0.12978820312694508
-1.370978975495152 -1.7012171161015635 -0.39826779432534765
-1.2413462905538311 -1.9946533618093345 -0.63556622620477277
-1.1310049333411645 -2.2989968401164247 -0.86177459218928143
-1.0423420989583396 -2.6211670538110639 -1.0467457560521396
-0.95216492759965132 -2.9629198445571645 -1.175232541395405
-0.83518351734739604 -3.3230275474866238 -1.2394667838703133
-0.671055889387701 -3.690612995417347 -1.2358689058439298
-0.44329889573736975 -4.0382643638768885 -1.1503827326355358
-0.14966670858464276 -4.3240259689883214 -0.98212963645028439
0.19319608231336943 -4.5095246361550494 -0.74696027092333861
0.55795871467366531 -4.5690360353645811 -0.47031128970859276
0.91434727411020411 -4.4984522021356792 -0.18729184799900186
1.2428366933174013 -4.3178728011081207 0.07177778777279907
1.5301099189303871 -4.0501503954450939 0.28317784119357081
1.7781523503228951 -3.7340663650822083 0.44638938449443666
1.9919646978715013 -3.3877035640692936 0.56876768171843672
2.1770711525568864 -3.0226711962364243 0.66176043199502255
2.333505738800187 -2.6422849561953949 0.72903990556230358
2.4593009726590656 -2.2482002629762694 0.76556774335345901
2.5399393714846132 -1.8438701089331007 0.76283716222631037
2.5798349333417518 -1.4427163978454778 0.71383635476286245
2.5909943984308366 -1.051991519517256 0.6160762697597989
2.5812637501657898 -0.67317462743770629 0.47085197021614245
2.5464214541958792 -0.310114388143233 0.28596220087564284
2.5001256346270373 0.030535683572650869 0.071279206851062427
2.4877050443048412 0.37255052389807208 -0.13749668999543199
2.5023921726004144 0.72934286450545494 -0.31876991344318262
2.5265451778005765 1.1045089881086287 -0.45773112763550872
2.5380217711846824 1.5001347605570989 -0.54337988747165344
2.5069114755770974 1.9119764506449806 -0.56924711805938488
2.4129565274296461 2.3247110187767941 -0.53931532085392986
2.2409030737991595 2.7152337126144843 -0.45859156241272742
1.9884281853682688 3.057140612900235 -0.34199046285617229
1.668239325626337 3.3299323055812944 -0.20799183281631325
1.3041077310231055 3.5309065900895327 -0.073720020451557622
0.91523879661163088 3.6730577036703065 0.064176823367115568
0.5043774010613753 3.7416765415325717 0.21180943134908686
0.084726497789987976 3.7158363226060511 0.35852808161242433
-0.32122297706298519 3.5885259731542458 0.4837607626808087
-0.69048474297774476 3.3721155379629693 0.56751197782636698
-1.0111845919485722 3.0935701983744774 0.59780167633390768
-1.2811357501217089 2.7788802780926058 0.56883924848489997
-1.5111156466121349 2.4527983113596976 0.48672386728901362
-1.7171509936225542 2.1333943965967848 0.3545858455659191
-1.9235651595811385 1.8307729758364104 0.18657568346864989
-2.1386196207791421 1.53771453692203 0.0058614332801409531
-2.3624580192352229 1.2490838505968493 -0.17230558831371451
-2.5948006620767927 0.9607028866389592 -0.33350642925407314
-2.8376411796561811 0.66579970217366591 -0.45965105892060026
-3.0810923460146626 0.34931240952289622 -0.53823548425053636
-3.3024340939792345 -0.0023240761265448107 -0.56316936722126909
-3.4785900482469403 -0.38972964026267753 -0.53746773682808513
-3.5835516204186972 -0.79867499447172652 -0.46880078082087634
-3.6439525919218076 -1.2101008948997694 -0.37661061321399136
-3.6595894746211073 -1.6244994193844697 -0.24955458870564584
-3.6068278059578347 -2.0331870079670935 -0.076931624923623251
-3.4555169851917107 -2.4090097972127276 0.13829140635863441
-3.1934057446333002 -2.7111051311232472 0.36963638892326472
-2.8457048558842875 -2.9164341521613992 0.58159389348933777
-2.4494209614956661 -3.0248998801409663 0.7499552777535845
-2.0388005016758384 -3.0600762202385909 0.87795928073902252
-1.627826172687038 -3.0431187901427723 0.9848541407991046
-1.2224994681206476 -2.967380476802044 1.0592117991132863
-0.83728878489565584 -2.8406938085076701 1.080592353612611
-0.48482739429687355 -2.6746451813128762 1.0336239001809633
-0.16515375466238907 -2.4893092815198505 0.9216042425837685
0.1237303807522917 -2.298364091628097 0.74601379196048034
0.37536866240850653 -2.1138007270755872 0.50604223229175704
0.59834907390643832 -1.953182540748611 0.21475796387451618
0.8367963800126581 -1.8162403643167921 -0.080554908805581943
1.0980347738478076 -1.7051528793113198 -0.36264947546441811
1.3924295757608491 -1.6280689252054379 -0.61459106292237453
1.7166582925302383 -1.5749909328032201 -0.8232147533450378
2.0592643812843416 -1.5569518508823526 -0.99053014500218539
2.4213232062692414 -1.5522718423467272 -1.1003693260276068
2.8047026806636608 -1.5315842348279665 -1.1480935549627855
3.2038218275357266 -1.4654099438078694 -1.1242580991082549
3.5928066492400084 -1.3281828873197397 -1.0231531211041938
3.9356051223247133 -1.112638301192368 -0.85421011104152433
4.2012062692957342 -0.82843607838509825 -0.63642302258622363
4.3760079542314383 -0.49630434814804336 -0.39032253189322369
4.4459809002834971 -0.083574534507061121 -0.10979943805698798
4.1854195491569408 0.31826082630325725 -0.083790383112510566
3.9603467395905225 0.66276519666856781 -0.062899618727261297
3.7381410437032256 1.0055354120169346 -0.040495941523402378
3.5188688608470535 1.3451726079525523 -0.016833890614204761
3.3182070349606856 1.6888462176800534 0.038239124042700655
3.1068208612912551 2.0347515775153022 0.17124951617508441
2.8170240002755 2.3395474186884555 0.31015621096946927
2.4610332952022178 2.5708629141930612 0.43430504086039123
2.0595506592987158 2.7173240565491001 0.52481266069936539
1.6389040562828667 2.7818151147547181 0.56646539966983933
1.2235251706669266 2.7812522794007624 0.55161615550472309
0.82651259966081647 2.745020945736043 0.47868898350366779
0.4466531211660959 2.701840664110617 0.35374241148024577
0.074713615927781668 2.6647836960188194 0.19558627627681224
-0.29602254247689225 2.6299022409172479 0.023721609002304214
-0.66659034876526024 2.5891446417336526 -0.14859563381215879
-1.0370469131060636 2.5462930171577045 -0.31081840564855795
-1.4143631724945178 2.5067553840348422 -0.44401059435353762
-1.8057213131430836 2.4598773579854973 -0.52956323849463827
-2.2102329792519231 2.3816226783138967 -0.55828664786681548
-2.6123329065308334 2.2443211448904776 -0.53030360697029144
-2.9863648713617947 2.0335588537299238 -0.45324475164510769
-3.3056389394830732 1.7494425585398896 -0.34032570925483668
-3.5543680204803225 1.4065471815013673 -0.20868868545231969
-3.7274116697565596 1.0218428788304883 -0.07209500127065914
-3.8221162058866542 0.61116306663365549 0.066121929271951249
-3.8333829715499044 0.1879098195301338 0.20096472840999885
-3.7565743127421003 -0.23114116068370685 0.32583744842916101
-3.5949374797646789 -0.62808056777858035 0.42522467546664811
-3.3650434314077122 -0.98776767424361644 0.47599678998426265
-3.0989060489835674 -1.3082065834482259 0.46808397598656459
-2.8214243759126427 -1.6008441175756163 0.40435421438434377
-2.5419338593428167 -1.8823404603502194 0.30448083068166293
-2.2552612787000315 -2.1614257931097716 0.19960661228910834
-1.9517514129312894 -2.4377710965473258 0.10693480305740415
-1.6166907442536058 -2.6814029037699787 0.0085449045323279151
-1.2648872704210641 -2.8818676152524603 -0.10964598430029918
-0.91012478745227043 -3.0598496006445939 -0.2391789267348664
-0.5455108027034139 -3.221089956344994 -0.36972420383609211
-0.16363529227132273 -3.3477683902721913 -0.48374728554395102
0.22679696579719241 -3.4507644286210994 -0.56884066607549266
0.62910271748210378 -3.5300387151978501 -0.61258798272842874
1.0436591120608525 -3.5746980214737762 -0.60381666332245654
1.4638003062196554 -3.5789847385013158 -0.55586390040413658
1.8795054702242604 -3.5331906968319693 -0.46319450863746769
2.2784417963515216 -3.4319130894221987 -0.32546638087933094
2.6466060283755217 -3.2712340074556172 -0.14833802064505025
2.9695851974850687 -3.050756575083565 0.056707737962688708
3.2378584335445995 -2.7768212104780723 0.27697239865336243
3.4437025323162298 -2.4542884682554118 0.50307252638305477
3.5670763449175666 -2.0878958368832525 0.72469422762255931
3.5993066003653418 -1.6947472856087342 0.92368513418798248
3.5416540152192333 -1.2942593753854301 1.0842859236367195
3.3990882724266114 -0.90783009764802214 1.1944459408025585
3.1867414378849008 -0.55600732786152396 1.2493069376165118
2.9224585958411957 -0.25351948034717031 1.245699768130311
2.627755896150159 -0.0080138285013124991 1.1830562783772396
2.3247717547253011 0.18386870825837515 1.0578129753933574
2.0358290050000298 0.34024037048166034 0.8664484058654417
1.7815695219951284 0.47896161634476853 0.61258316244963651
1.5975534157241453 0.61969658525188021 0.29847968841357636
1.4874225285641181 0.78194046302083708 -0.042523564972570746
1.4654905737356136 0.98919720079064333 -0.37453527287877914
1.4980062611328995 1.245112155946396 -0.66371296167468263
1.5551963379541129 1.5541820501539179 -0.88148333672221824
1.6008355848447704 1.9012042924755777 -1.033482910299123
1.6138423673815259 2.2764696323995328 -1.1235014853835394
1.5796051634290642 2.6703128187522336 -1.1563189490575105
1.4816048259135219 3.066730635650913 -1.1304183272330559
1.3194231863474108 3.4480044074723044 -1.0544541484760737
1.0890929566083263 3.7905086417392457 -0.93403200695294852
0.80253857126663397 4.0791390012052489 -0.77763132619785746
0.4706762783893777 4.3000431568150006 -0.59048429684481385
0.10805825780753053 4.4443118507531185 -0.37991274913443568
-0.27135341897502385 4.5060271037607524 -0.15429836420294299
-0.65261753323060367 4.4819163875436763 0.077490826319505157
-1.0201498468436088 4.3726978523430162 0.30665084080575367
-1.3596119430155205 4.1830048993910411 0.52379325176366598
-1.6573266474085178 3.9208358522674778 0.72011736093583223
-1.9024403712843996 3.5981861001229336 0.88878338331870388
-2.0850470128290426 3.2269040740087314 1.0208064763509612
-2.197384513569892 2.8242851845613917 1.1116952141595946
-2.2371758348573718 2.4105410992898424 1.1527428191476865
-2.2150546803065558 2.0055228679391108 1.1409594134733303
-2.1425681817995161 1.6241324134425383 1.0729297572630658
-2.0365010523624449 1.2769345488692569 0.94423314950095505
-1.9206506959381762 0.96899407539973181 0.74974505924770052
-1.8260105318275577 0.70080292110788722 0.49079164117516377
-1.7815554852940005 0.47366230259464426 0.17934569401706468
-1.8206566574534317 0.27834388064702281 -0.1546176437991556
-1.9438122995227771 0.097218223791104758 -0.47393030609388587
-2.1409275322076398 -0.089100516395054896 -0.74458373850691639
-2.3791244931514171 -0.29310838625562485 -0.9570121623118113
-2.6347357353148873 -0.53376054160890229 -1.0997167830428176
-2.8813916313095205 -0.82347751748211784 -1.1808551979798168
-3.0922757151378191 -1.1672946766891554 -1.1994440183087813
-3.2419436416066012 -1.5554110878836032 -1.1544479759107558
-3.3141393621193638 -1.9664353684945413 -1.0504993797400168
-3.2993001133217672 -2.3770961067499798 -0.89397458218926718
-3.192269382108246 -2.7627804990651788 -0.69496871001435134
-2.9954553027753086 -3.1024154412560017 -0.47080044778985491
-2.7149622809367533 -3.3764816269532361 -0.24350410179071055
-2.370929872149147 -3.5762720925334386 -0.034432151887674595
-1.9867859534319501 -3.7041604801767303 0.14607353528542227
-1.580733251665364 -3.7656135678627067 0.30376079727187616
-1.1600586506561175 -3.7530800919124863 0.43013990122186413
-0.74349320707725752 -3.6565763329058618 0.49322195754278697
-0.35574833904322989 -3.5055726242562653 0.48395839443180882
0.0043016100121123224 -3.3401898847478355 0.41296328091344692
0.35596985212936666 -3.1846753488548871 0.30076369513957874
0.71792782035622316 -3.0374593085194097 0.17870772026436541
1.0919702764835977 -2.8720100237556205 0.077541205711620001
1.4577830069662439 -2.6574647390099981 0.017212944535869759
1.7917633055067517 -2.3913389367434705 -0.019847951301995272
2.0840869689089652 -2.0890954315456325 -0.063619040438318689
2.352912199055285 -1.7756447808927349 -0.12679057203459362
2.6008429748742552 -1.4524453981269014 -0.21424830338781325
2.8332657352546864 -1.1232223147698623 -0.31117863903245901
3.0517679867451584 -0.78339697758975235 -0.39009654837113245
3.2566334571050279 -0.42504735822483775 -0.42448976233552155
3.4235161819492337 -0.036120705256345434 -0.4006323713847631
3.5263546463855229 0.37825177479280025 -0.32822090686680033
3.5479375185328053 0.80349816543692976 -0.22710977709763872
3.4884765851770965 1.2166268410416361 -0.11068304589001482
3.3821676842710517 1.6097361769413916 -0.044026580182286862
3.2817728724200732 2.0046783831899022 -0.032755659060853558
3.1813191608557703 2.4011517276141192 -0.024128005364405129
3.0808654492914629 2.79762507203835 -0.015500351667956411
2.9838711229745489 3.2502631071035704 -0.024082323613299088
2.6874587851442291 3.5610600658316143 0.18108148885358963
2.3305286665407343 3.724190796601782 0.4110156079595797
1.9473593237572178 3.8056846464855654 0.61810241552031098
1.5478834417833576 3.8058992753392302 0.80324392897296104
1.1493249314413965 3.7241536901030061 0.96214053563276025
0.76904196768676747 3.5622049016862252 1.0804985215244247
0.42199511048119959 3.3364763694909305 1.149347363447617
0.12011897569775354 3.0624912316527575 1.1622273995401178
-0.12867297454374896 2.759432639648888 1.112884829942703
-0.3308660221539873 2.4493772434653889 1.0035318706835048
-0.49499428625135583 2.1496053183291224 0.83131962629758305
-0.63197566877083267 1.8836395416608285 0.58892847787039593
-0.7686731946733989 1.6750688320738505 0.29063440444652716
-0.9336892219680144 1.5413115737248382 -0.038159088355656123
-1.1453947458301903 1.476841974727658 -0.35967329158085282
-1.4093241362183169 1.4649643742597702 -0.64126249923042489
-1.7203557785531816 1.4779865163518582 -0.86119427689164263
-2.0669065861767564 1.4862437086517197 -1.0177064556774387
-2.4407505975499766 1.4637676101103996 -1.1128636103490517
-2.8303684841731074 1.3924629676348981 -1.1511446222942581
-3.2189750961306345 1.2614679400172977 -1.1340805409407142
-3.5872192796632008 1.0673263129694655 -1.0655203976191181
-3.9150427616114065 0.81220414098148519 -0.95212861257009929
-4.1868491492470357 0.50634640016722432 -0.79940261426709247
-4.3909423802287559 0.16091827849412668 -0.61380936684517362
-4.5163345902276166 -0.21123638358809058 -0.40295105738579617
-4.5573504461981136 -0.59200519852533318 -0.17538870121520389
-4.5231081756643956 -0.96211568618335386 0.071725292378448102
-4.4060435666170017 -1.3094717252401407 0.33354436185476155
-4.1998105811790056 -1.6174396374075029 0.59270003882470534
-3.9088275268379884 -1.8672446687918232 0.82882988823433434
-3.5479997457817771 -2.0424989300681622 1.0213110165891581
-3.1435625981268953 -2.1308187978382667 1.1502193205556512
-2.7324989178901187 -2.1380506676050555 1.2002815537953959
-2.3463731790157087 -2.0908722470112577 1.1707541444378762
-1.9906824976696229 -2.0303721555815093 1.0762212508817235
-1.6545666758106343 -1.9871291326152685 0.92370074946145164
-1.3284646014295705 -1.9895526204916627 0.72307986192701479
-1.0119349426684809 -2.028024391083902 0.48790387391227152
-0.71101165509235065 -2.0774727148021843 0.22584993378499529
-0.4397939689887021 -2.1397366512453133 -0.063877695406258581
-0.17227837171331944 -2.2371384135065537 -0.34824969658585564
0.13664566033620013 -2.3455644176739687 -0.58112755284263218
0.47880856708000419 -2.4514726973186129 -0.75443936630129405
0.84864013819356954 -2.5429374426311231 -0.86730397864385689
1.241349203048747 -2.6061448789957429 -0.92259725488841393
1.649762833335507 -2.6244562892135335 -0.91960418377750519
2.0617950264438405 -2.6049336020386611 -0.88314686094657635
2.4709963014314229 -2.5460069340229459 -0.81030983844208848
2.8670056530918151 -2.4294651451106284 -0.68838682138030305
3.2280212616854023 -2.2405075689716321 -0.51739413874002194
3.5225062459042102 -1.9700507208277513 -0.30774179211304825
3.7173779706524379 -1.6248572179672738 -0.081476469139236299
3.7932026944983175 -1.2308406948406767 0.12973128924376254
3.7660013844127036 -0.82293022279259664 0.30038550193862013
3.6683982951227212 -0.42255190416661736 0.42538242248326069
3.5269592343598695 -0.033120569871096697 0.51487942451846547
3.337037169821035 0.34221585541471544 0.57596044787372869
3.0822378207631678 0.67768136785024502 0.59018545545952605
2.796842217875886 0.97209423335662992 0.55449178389451259
2.4997694505743571 1.2334544164960815 0.46768783124333396
2.2070240383192807 1.4773055029163706 0.33516077269785716
1.923524893940818 1.7174683603345648 0.17132143443951653
1.6455372262192645 1.9578828925452592 -0.0068251456437078382
1.3713016253306984 2.2001831596392352 -0.18565326980702598
1.1027357583381847 2.4513078750538759 -0.35087614028962966
0.83234975488982821 2.7169589274144204 -0.48113791118958499
0.53965475475194769 2.9852450541070996 -0.56129627470937338
0.21002586480344176 3.2336817039054946 -0.58807917365421414
-0.16143628351486033 3.4370644518064579 -0.55682687610247805
-0.56795996234802426 3.5684736363166252 -0.47215901008665973
-0.99164951507648547 3.6056719740578633 -0.34655302934599991
-1.4076182626425697 3.5398091476544482 -0.19928850819536179
-1.7943765340431996 3.3824130990835006 -0.051320270668840103
-2.1441529770917782 3.1569238891428379 0.086490568931540238
-2.4552776337851587 2.8757142813902621 0.21632527395186565
-2.7093968493769323 2.5360050342891114 0.34300530052506945
-2.8854766078222824 2.1451596255752365 0.45244422189724731
-2.9762547797900911 1.7245322720258194 0.52787372049473724
-2.9880277845303929 1.297676039099257 0.5556748780934001
-2.9382017862400303 0.88524014705897536 0.52626396151220534
-2.8563535557890152 0.49497293968397094 0.44243306303535224
-2.7634379697746296 0.12506426210576552 0.31032888316291635
-2.6774896009077724 -0.2306958270304543 0.14163434213398504
-2.6086929348082988 -0.57772490100700724 -0.051142726086337735
-2.5634614659991102 -0.92774605408750377 -0.25551761874612727
-2.4995797662900157 -1.2892862258041926 -0.44036029778470254
-2.4167446798686929 -1.6575120426667682 -0.59032658875388577
-2.319894734799961 -2.0341840645751001 -0.69788361279446953
-2.2019732641949066 -2.4163190737028342 -0.76479948819342092
-2.0642674286162066 -2.7987988280478446 -0.79981381828220033
-1.8981028812118237 -3.1773754201093927 -0.79444973936162278
-1.689120314481495 -3.5423594532583893 -0.73773633326953403
-1.4249177182550434 -3.8676297566860014 -0.62155581641793467
-1.115023006118564 -4.1271770491004354 -0.45761973846251075
-0.78340470703772369 -4.3340632220029924 -0.25827880913543738
-0.42792144312407349 -4.4679565817108502 -0.013403293245697086
-0.061044152323604384 -4.4850282990123578 0.26663475145501292
0.28914356725103851 -4.3650935110638951 0.54377520372792965
0.59427962972744686 -4.120805771237646 0.77491360978398238
0.8370324223621961 -3.7907052905043566 0.93154562931329321
1.0157957022046182 -3.4190989571631825 1.0061247742616384
1.1448333296275233 -3.0402707296674301 1.0071238382483672
1.2477238752237629 -2.6676591191235053 0.94879661661615633
1.3501660024920017 -2.2986155984710721 0.85423807888887804
1.4537031176441522 -1.9331273282323831 0.735393882597839
1.5330123257351238 -1.58163593541335 0.57323756830564965
1.6015915629931763 -1.262762858322636 0.35334798356423441
1.6860275587876683 -0.9867682906812133 0.082693999039270522
1.8009291590640755 -0.76088973194504173 -0.2224620669302371
1.9730623865998471 -0.5653203757052051 -0.51830259129553258
2.1948546415759331 -0.35212786739073598 -0.7581255456125704
2.444744237259417 -0.11710117648899021 -0.93449558397318822
2.7040561582048328 0.1453252193804207 -1.0493804949088512
2.955871724508603 0.44226379731085386 -1.1068947668556011
3.1817936168757113 0.77848112113796664 -1.1111795527878923
3.358996397977756 1.1519383265167464 -1.0639825869897501
3.4729146128762851 1.5494534093195012 -0.97016072102354334
3.5184345768020808 1.9564081803213023 -0.83634255361634036
3.4886334925782436 2.3579286103728849 -0.66643864741157643
3.3815819463530983 2.7367047580154131 -0.46651184688015418
3.1968984717874425 3.0817347958100192 -0.24906487727964735
3.0947888521207743 3.086007382114035 -0.028527811993877782
3.273601858667496 2.7229433964959426 -0.068904951613747906
3.4381903567794585 2.3484547412491761 -0.063809954178246003
3.6027788548914095 1.9739660860024357 -0.058714956742744455
3.7673673530033716 1.5994774307556694 -0.053619959307242532
3.9319558511153341 1.2249887755089026 -0.048524961871740629
4.0965443492272957 0.85050012026213584 -0.043429964436238713
4.2611328473392582 0.47601146501536962 -0.038334967000736811
