Component 1 of 1:
-29.220205 -12.703398 5.040732
-29.255015 -13.500401 4.437736
-29.234595 -14.285653 3.818826
-29.164538 -15.058220 3.187749
-29.043353 -15.815695 2.546171
-28.869535 -16.555398 1.896015
-28.647186 -17.276666 1.239984
-28.373485 -17.976242 0.579902
-28.054444 -18.654736 -0.081851
-27.682323 -19.306110 -0.743147
-27.268182 -19.934011 -1.402108
-26.805034 -20.532230 -2.056072
-26.300540 -21.103269 -2.703714
-25.749715 -21.641349 -3.341801
-25.158669 -22.148371 -3.969178
-24.527546 -22.622013 -4.583475
-23.857992 -23.061037 -5.182641
-23.150553 -23.463012 -5.763983
-22.410920 -23.830901 -6.327583
-21.634123 -24.155818 -6.867068
-20.832060 -24.448871 -7.387494
-19.995973 -24.694796 -7.877991
-19.138224 -24.907417 -8.346083
-18.251855 -25.070841 -8.779274
-17.349759 -25.203833 -9.189810
-16.422787 -25.281350 -9.556944
-15.485398 -25.331530 -9.901652
-14.529246 -25.321396 -10.194469
-13.567420 -25.287773 -10.466107
-12.594558 -25.187787 -10.674926
-11.620012 -25.069098 -10.865141
-10.645217 -24.876250 -10.977541
-9.671500 -24.670863 -11.076021
-8.715206 -24.378444 -11.071253
-7.761201 -24.078967 -11.057476
-6.855919 -23.681587 -10.907280
-5.950637 -23.284207 -10.757085
-5.094874 -22.828188 -10.512716
-4.240278 -22.371022 -10.266413
-3.433055 -21.873058 -9.949514
-2.625832 -21.375094 -9.632616
-1.842601 -20.859687 -9.284902
-1.086677 -20.326244 -8.905398
-0.335616 -19.789757 -8.520575
0.370170 -19.226775 -8.090537
1.075956 -18.663794 -7.660500
1.769846 -18.094296 -7.219830
2.418257 -17.501073 -6.742689
3.066668 -16.907850 -6.265549
3.699878 -16.306983 -5.777692
4.295518 -15.687610 -5.266226
4.886132 -15.065766 -4.751945
5.454043 -14.432835 -4.225750
5.999318 -13.788807 -3.689184
6.529432 -13.137281 -3.146507
7.032294 -12.472043 -2.594603
7.522724 -11.800411 -2.039275
7.987833 -11.115447 -1.478460
8.436693 -10.421649 -0.915277
8.863467 -9.715457 -0.350311
9.270351 -8.997645 0.214669
9.658244 -8.268341 0.778292
10.025981 -7.526418 1.338945
10.375128 -6.772500 1.895459
10.705362 -6.006076 2.446403
11.017769 -5.227634 2.990860
11.311466 -4.436386 3.527213
11.587105 -3.632650 4.054500
11.844727 -2.816390 4.571560
12.081403 -1.985572 5.075273
12.312168 -1.150673 5.574980
12.510528 -0.293550 6.050367
12.692594 0.574498 6.512263
12.874661 1.442546 6.974158
13.016036 2.336821 7.398762
13.144537 3.238976 7.810619
13.273039 4.141132 8.222476
13.355264 5.069493 8.584947
13.431865 6.000783 8.941091
13.471718 6.949608 9.254373
13.511570 7.898432 9.567654
13.486351 8.870672 9.800277
13.459591 9.843338 10.030939
13.432559 10.816078 10.261256
13.279253 11.801910 10.329336
13.119428 12.787259 10.389074
12.864252 13.752282 10.328927
12.600800 14.714399 10.258503
12.256776 15.638050 10.089626
11.896290 16.551548 9.900858
11.479362 17.423589 9.644506
11.039976 18.276173 9.361458
10.555502 19.083752 9.025151
10.047922 19.864975 8.661689
9.503486 20.598669 8.255094
8.935136 21.297413 7.820620
8.337638 21.948311 7.352255
7.717756 22.557778 6.857922
7.073336 23.115858 6.335170
6.410058 23.629197 5.790602
5.727612 24.090959 5.223867
5.028119 24.499475 4.637414
4.314250 24.855370 4.034314
3.588419 25.159611 3.417333
2.851841 25.407214 2.787838
2.107073 25.599455 2.148744
1.356228 25.735760 1.502449
0.601435 25.815727 0.851367
-0.155178 25.841242 0.197919
-0.911426 25.805858 -0.455456
-1.665382 25.718153 -1.106524
-2.414622 25.572018 -1.752574
-3.157113 25.369998 -2.391286
-3.890744 25.112682 -3.020253
-4.613422 24.800827 -3.637092
-5.323089 24.435362 -4.239442
-6.017717 24.017388 -4.824975
-6.694618 23.546306 -5.390602
-7.353206 23.027356 -5.935591
-7.988522 22.455187 -6.454245
-8.604295 21.843317 -6.950709
-9.189579 21.176710 -7.412394
-9.754467 20.477550 -7.850716
-10.281836 19.725340 -8.245838
-10.788901 18.947646 -8.617454
-11.250595 18.119806 -8.936225
-11.692024 17.272373 -9.231221
-12.078059 16.378858 -9.460710
-12.447960 15.473880 -9.670931
-12.744155 14.526445 -9.792152
-13.029429 13.574081 -9.899978
-13.221202 12.592669 -9.891412
-13.406761 11.610173 -9.874949
-13.461732 10.628904 -9.690227
-13.516702 9.647634 -9.505504
-13.563544 8.667997 -9.310265
-13.521593 7.717092 -9.003625
-13.479641 6.766187 -8.696985
-13.437690 5.815282 -8.390345
-13.363935 4.879179 -8.046436
-13.259974 3.958982 -7.669031
-13.151403 3.041352 -7.286710
-13.001911 2.147916 -6.863122
-12.852419 1.254480 -6.439533
-12.685508 0.371975 -5.999842
-12.487654 -0.490399 -5.533822
-12.284479 -1.349253 -5.063620
-12.057286 -2.192009 -4.575614
-11.818691 -3.027058 -4.079866
-11.553380 -3.843995 -3.567764
-11.278606 -4.654546 -3.050551
-10.980352 -5.449334 -2.522005
-10.670411 -6.236360 -1.988590
-10.334605 -7.006518 -1.446256
-9.985232 -7.768060 -0.900367
-9.615620 -8.517015 -0.350408
-9.227421 -9.254771 0.201884
-8.818158 -9.980289 0.755176
-8.390589 -10.695560 1.307964
-7.941765 -11.399350 1.858638
-7.474788 -12.093647 2.406264
-6.986068 -12.776898 2.948783
-6.479859 -13.451465 3.486110
-5.951672 -14.115319 4.015561
-5.406049 -14.770779 4.537743
-4.838697 -15.415850 5.049599
-4.249084 -16.050280 5.549455
-3.654748 -16.682432 6.046603
-3.023967 -17.296919 6.520439
-2.384436 -17.907081 6.988098
-1.719938 -18.504647 7.436827
-1.039070 -19.093688 7.872087
-0.337288 -19.671446 8.288860
0.384103 -20.238132 8.686934
1.136558 -20.786020 9.052489
1.890397 -21.333024 9.416511
2.644685 -21.879741 9.780036
3.459902 -22.382706 10.067174
4.284481 -22.877855 10.340896
5.109059 -23.373004 10.614617
5.991024 -23.809471 10.792483
6.872988 -24.245938 10.970348
7.808691 -24.594760 11.023185
8.744394 -24.943581 11.076021
9.710804 -25.190963 11.006295
10.679397 -25.424879 10.921622
11.653126 -25.589152 10.763930
12.626078 -25.720745 10.574063
13.594078 -25.801360 10.336391
14.555005 -25.841242 10.062439
15.504741 -25.835086 9.749397
16.441457 -25.787135 9.402535
17.361472 -25.694980 9.021573
18.262484 -25.560121 8.609267
19.142531 -25.384107 8.168202
19.998433 -25.166081 7.699253
20.829422 -24.909099 7.205781
21.629354 -24.608431 6.686433
22.402184 -24.272961 6.147689
23.139188 -23.895411 5.587043
23.844287 -23.483471 5.009823
24.510486 -23.032915 4.415528
25.141385 -22.549985 3.808253
25.729683 -22.030976 3.188124
26.279676 -21.481959 2.558718
26.783832 -20.899788 1.920786
27.247083 -20.290293 1.277360
27.661737 -19.650917 0.629816
28.033307 -18.987187 -0.019386
28.354008 -18.297159 -0.668248
28.629873 -17.586000 -1.314898
28.854899 -16.853091 -1.956967
29.030253 -16.101158 -2.592469
29.157112 -15.332653 -3.219674
29.229672 -14.547983 -3.835329
29.255015 -13.751207 -4.439081
29.227523 -12.943031 -5.027462
29.149077 -12.126063 -5.598898
29.017981 -11.302325 -6.150578
28.836511 -10.474346 -6.681165
28.607034 -9.644352 -7.189645
28.322944 -8.814702 -7.670338
27.994061 -7.987525 -8.126025
27.612869 -7.165843 -8.549834
27.187098 -6.351317 -8.943905
26.712317 -5.547477 -9.302308
26.195487 -4.755447 -9.627279
25.629126 -3.980909 -9.908962
25.028747 -3.220962 -10.158052
24.371946 -2.490862 -10.346685
23.699154 -1.770757 -10.516399
22.948136 -1.113281 -10.577196
22.196015 -0.456901 -10.636186
21.381193 0.119058 -10.570240
20.563409 0.689860 -10.496655
19.698223 1.095500 -10.201811
18.833037 1.501141 -9.906968
17.967852 1.906781 -9.612124
17.102666 2.312421 -9.317281
16.237480 2.718061 -9.022437
15.371191 3.076726 -8.674724
14.506147 3.402184 -8.292911
13.641396 3.722784 -7.906357
12.780185 4.000921 -7.480967
11.918973 4.279059 -7.055576
11.059944 4.536721 -6.613221
10.204237 4.766354 -6.149491
9.349403 4.988936 -5.680751
8.498545 5.180240 -5.191408
7.648597 5.364328 -4.697747
6.801853 5.522858 -4.189912
5.956361 5.671065 -3.676902
5.114250 5.789526 -3.150743
4.273210 5.897397 -2.620633
3.434122 5.984281 -2.083620
2.596462 6.053015 -1.541769
1.760081 6.101029 -0.995725
0.924458 6.131461 -0.447258
0.089310 6.140848 0.102710
-0.745868 6.130563 0.652603
-1.581511 6.100772 1.201075
-2.417959 6.052649 1.747022
-3.255843 5.982424 2.288337
-4.094861 5.898075 2.825875
-4.936263 5.788948 3.355152
-5.778936 5.668033 3.879834
-6.624571 5.522071 4.393251
-7.472498 5.358051 4.897352
-8.321159 5.188259 5.398308
-9.174497 4.983531 5.877786
-10.029807 4.764023 6.347113
-10.885117 4.544515 6.816439
-11.745599 4.284492 7.254570
-12.607024 4.016452 7.685964
-13.471391 3.720735 8.092685
-14.336037 3.422039 8.496631
-15.203737 3.080838 8.858126
-16.071977 2.725338 9.204313
-16.940218 2.369839 9.550501
-17.808458 2.014339 9.896688
-18.672183 1.572011 10.138195
-19.533551 1.115175 10.360487
-20.394918 0.658339 10.582779
-21.256286 0.201504 10.805072
-22.051636 -0.404642 10.807665
-22.842498 -1.016623 10.800884
-23.566071 -1.696192 10.679929
-24.277283 -2.385468 10.541431
-24.923050 -3.116751 10.321854
-25.545199 -3.860258 10.076560
-26.110854 -4.628039 9.775631
-26.644543 -5.406976 9.446206
-27.120831 -6.201854 9.070268
-27.560750 -7.004513 8.667462
-27.945035 -7.815922 8.227021
-28.285232 -8.631799 7.759447
-28.573285 -9.450403 7.262517
-28.813711 -10.269234 6.741179
-29.000140 -11.085825 6.194790
-29.137662 -11.898183 5.628000
