1 71.636
2 71.636
3 71.636
4 71.636
5 71.636
6 71.6359
7 71.6359
8 71.6359
9 71.6359
10 71.6359
11 71.6359
12 71.6359
13 71.6359
14 71.6359
15 71.6359
16 71.6359
17 71.6359
18 71.6359
19 71.6359
20 71.6359
21 71.6358
22 71.6358
23 71.6358
24 71.6358
25 71.6358
26 71.6358
27 71.6358
28 71.6358
29 71.6358
30 71.6358
31 71.6358
32 71.6358
33 71.6358
34 71.6358
35 71.6358
36 71.6358
37 71.6358
38 71.6358
39 71.6358
40 71.6358
41 71.6358
42 71.6358
43 71.6357
44 71.6357
45 71.6357
46 71.6357
47 71.6357
48 71.6357
49 71.6357
50 71.6357
51 71.6357
52 71.6357
53 71.6357
54 71.6357
55 71.6357
56 71.6357
57 71.6357
58 71.6357
59 71.6357
60 71.6357
61 71.6357
62 71.6357
63 71.6357
64 71.6357
65 71.6357
66 71.6357
67 71.6357
68 71.6357
69 71.6357
70 71.6356
71 71.6356
72 71.6356
73 71.6356
74 71.6356
75 71.6356
76 71.6356
77 71.6356
78 71.6356
79 71.6356
80 71.6356
81 71.6356
82 71.6356
83 71.6356
84 71.6356
85 71.6356
86 71.6356
87 71.6356
88 71.6356
89 71.6356
90 71.6356
91 71.6355
92 71.6355
93 71.6358
