1.7826060423101266 -0.019996399102997886 -0.037224740740399248
1.8239510362952305 0.059535507396468831 0.037985057727378854
1.8156830925477472 0.12098700945035787 0.07142569956420225
1.8025062687169309 0.18166986711370703 0.1044952546163041
1.7844223663488441 0.24128156589707137 0.13697022963218053
1.7616410351142164 0.29947891927275427 0.16867330710884643
1.7342811088981747 0.35601384432167965 0.19940065076364474
1.7025431873951182 0.41056481532895128 0.22899409438549856
1.6667047288869661 0.46290275381808332 0.25726478737614322
1.6269588496759142 0.51283849573768081 0.2840332646371958
1.5835863955231775 0.560107410616555 0.30922428928921825
1.5369320158568567 0.60458905840407218 0.33259907510868936
1.4872760196224486 0.64617529893766967 0.35406041956614465
1.4349040893623159 0.68474055357782637 0.37355857361381217
1.3801159056000933 0.72019387639425192 0.39098565360097953
1.323279154684792 0.75249234635397666 0.40627513431916545
1.2646776821597434 0.78166892213139583 0.41930040650365846
1.204525560772935 0.8076581784335487 0.43007555087816085
1.1431410608455577 0.83045291111342778 0.43853259039221526
1.0808165136506342 0.85016752119102323 0.44467415825956874
1.0177662421391809 0.86684872895275566 0.4485144883082583
0.95421484944467372 0.88052398894514994 0.45000012311002074
0.89040987131183547 0.89125578950066242 0.44909351631952465
0.82653853308121938 0.89915617021846406 0.44573401175795635
0.76273674531394386 0.90427786376941477 0.43992797557508734
0.69919558147397554 0.90668818729545653 0.43164163679101808
0.6361382738645458 0.9064599700729653 0.42082182379601796
0.57375060484047036 0.90372415754450275 0.40735883720923244
0.51222900552186434 0.89849595117540393 0.39114951860368147
0.45178606080538231 0.89092630538685935 0.37205351170518047
0.39263461458375931 0.88118591308720262 0.35000918573732837
0.33509616537455611 0.86939926339311324 0.32477742618268707
0.27951324666152888 0.85570208807703541 0.29613259010778542
0.22619261861195594 0.84057612101687196 0.26399105396313999
0.17582660396757094 0.82429806349069612 0.22788793043732361
0.1290252709917703 0.80776092648935394 0.18762912551684474
0.086796348297063605 0.79248498048476013 0.14268683356180545
0.049561655696902407 0.78120883330769808 0.092866880139305441
0.014557181367929051 0.77596811879512828 0.04018746672549605
-0.020860108762379925 0.77516903792787795 -0.013071469102449907
-0.055763527435564036 0.77808206187294948 -0.066033995982180876
-0.090926612099895415 0.78654941235038844 -0.11665512634331272
-0.12958735462583368 0.79988972507619216 -0.1627340680903239
-0.17294727097938431 0.8155559008364982 -0.20418488994298803
-0.22028275234915309 0.83173093928830999 -0.24167040139414514
-0.2708608720340353 0.84730538397489841 -0.27543626669580823
-0.32405352757777917 0.86172499631404353 -0.30575801300759015
-0.37943473646573112 0.87462699391452026 -0.33280773729463153
-0.43676746219976081 0.88560748276526069 -0.35670775793017795
-0.49566311344009584 0.89461231141927755 -0.37770936244399739
-0.55589973402318515 0.90149592361074349 -0.39588931634413299
-0.61731336286258742 0.90592940779900588 -0.41129956196026712
-0.67968072154407988 0.90794325687022281 -0.42405749123517639
-0.74282368884762995 0.90741604233088347 -0.43426404218765891
-0.80651579314120392 0.90421143522871306 -0.44197313235580216
-0.87055191870863124 0.89824379127913201 -0.44721513963137155
-0.93476819152007673 0.88943653275640233 -0.44997951330327596
-0.99901084117784511 0.87768152918670606 -0.45023960192286966
-1.0629821832058526 0.86285792841335485 -0.4481241131084025
-1.1264839724402382 0.84495898078142062 -0.44353762329912538
-1.1892978622287387 0.82385972636371818 -0.43654132964962178
-1.2510515913344231 0.79948331362725178 -0.4272073737026082
-1.3114878439754523 0.77184335705849572 -0.41547034761695401
-1.3703618805901996 0.74092838067689415 -0.40133837515728665
-1.4273289815234418 0.70670494019990049 -0.38493879678150394
-1.4820392867871823 0.66921459234762526 -0.36627639542749491
-1.5341705089993687 0.62849262264285821 -0.34550239345521577
-1.5833657812735604 0.5846393639574996 -0.32267958563824667
-1.6292600955931016 0.53778045555180531 -0.29789671748458557
-1.6715407794112018 0.48809651315689845 -0.27131015672552838
-1.7099227508598531 0.43577783771494549 -0.24308191824265962
-1.744133731796996 0.38102708965732479 -0.21344053117867481
-1.7739096094121463 0.32413053469982017 -0.18248614091302778
-1.7990177852344587 0.26534120921860549 -0.1504945049518705
-1.8192986779571581 0.20500962508021292 -0.11754590189636563
-1.834552530306502 0.14340983527920123 -0.083960987625213951
-1.8447279574167406 0.080901520523893586 -0.049906273236448827
-1.8496909173409011 0.017839219998009553 -0.015568884143816658
-1.8494688307058549 -0.04540902228841534 0.018897112229262127
-1.8439825281933933 -0.10850156117574372 0.053268056222441448
-1.8333252141434155 -0.17105661939474803 0.087371684021939872
-1.8175058496740506 -0.23274503650680362 0.12103009447091338
-1.7966756577349778 -0.29312131442865197 0.15403759544858411
-1.7709510634558363 -0.35208239126893193 0.18607673011168219
-1.7404018452413774 -0.40908411274966638 0.21717618875355449
-1.7054522232116258 -0.46384943301695181 0.24685446323961599
-1.6662904629316517 -0.51626612846266884 0.27503113483542724
-1.6231368512702713 -0.5659791021698134 0.30168641005889685
-1.576392067348332 -0.61281799038385742 0.32646109995018951
-1.5263640399633618 -0.65666235636822134 0.34923623034902501
-1.4733285329542773 -0.69738654867874594 0.36995767422063347
-1.417621567919038 -0.73482691660226518 0.38853856987011703
-1.3596455961496916 -0.76894243431356957 0.40481472049058526
-1.2997468241822283 -0.79971437796191225 0.41872000227119649
-1.2382329698963002 -0.82716489951783212 0.43019992402156443
-1.17535296245343 -0.85126152763337803 0.43921402909110718
-1.1114055825910543 -0.87202850703541912 0.44579580440769873
-1.0467779572563198 -0.88950923324478104 0.44990548242461303
-0.98169188502204463 -0.90385474417238842 0.45145399708869721
-0.91635807655516399 -0.91502339958026069 0.45050893971329603
-0.85111037061984196 -0.92315774623193347 0.44690697773872651
-0.78608751075697814 -0.92835365912230994 0.44072673456160982
-0.72149983469273937 -0.93072035300953881 0.43197589765332361
-0.65758669974904438 -0.93035541389136223 0.42061850514507848
-0.59459948522940864 -0.92740484867798878 0.40658488791968955
-0.53272538594948382 -0.9219847791043384 0.38977184026475475
-0.47216446432084269 -0.91418431764720076 0.37010976471579904
-0.41315823817115149 -0.90426244087429486 0.34757850656797323
-0.35599782500826982 -0.89237026559118571 0.32199871416133902
-0.30105346965951585 -0.87865818018695518 0.29320397706002571
-0.24863289735209829 -0.86363280857458002 0.26112892661573833
-0.19927735811132238 -0.84766805035927051 0.22555400882070431
-0.15367583500840201 -0.83158360204616699 0.18640279282422548
-0.11271195768939371 -0.81676872829199432 0.14361841756030538
-0.076692788064693429 -0.80529878313643899 0.096877017125717835
-0.043069415100796954 -0.79925643607828833 0.046478242683597799
-0.0085161730343639164 -0.7978873300558178 -0.0056028629942087935
0.026019956032046682 -0.7998397911874876 -0.057647995353074598
0.060272934207719522 -0.80685788069331987 -0.1082572720958726
0.098052142061361702 -0.81943533536076762 -0.15548964310001406
0.14123704373239057 -0.83505768369038524 -0.19854557361742073
0.18895848679847208 -0.85153210982432881 -0.23762991832435762
0.24027450433722636 -0.86756438712033679 -0.27287148321217519
0.29448950075941044 -0.88243430883066154 -0.30442079236369207
0.35107352506324874 -0.89575546592381039 -0.33252958359306928
0.40969024579186131 -0.90707039036278825 -0.35725857801311306
0.46992894620927816 -0.91630805659358938 -0.37884958469577013
0.53153734574578493 -0.92327665211918897 -0.39746477496442434
0.59426404697704993 -0.92775854104496835 -0.4131514538426016
0.65786413254377907 -0.92969065543902729 -0.42603739045004335
0.72215118658923816 -0.92897960832462168 -0.43622252304864001
0.78689448016066754 -0.92549797108495946 -0.44379367365682426
0.8518460826647688 -0.91917613740811166 -0.4487971648224342
0.91680264310164106 -0.90995244044411627 -0.45125866061285769
0.98164751818322082 -0.89771337205412471 -0.4511106448160816
1.0460347489252924 -0.88234638007184596 -0.44855892985704476
1.1097649081045211 -0.86393693277814732 -0.44351538848483635
1.1726639722579391 -0.84232887620455366 -0.43608096128914092
1.2343501930362968 -0.81750295681743868 -0.42630575341618399
1.2945638050020163 -0.78945980079213551 -0.41416856068828761
1.3530553114679202 -0.7582116233064774 -0.39973717796723451
1.4095340574581339 -0.72377378336275622 -0.38307413643618549
1.4636936836759873 -0.68616250763180842 -0.36422578856473353
1.5151651631017036 -0.64542918643379776 -0.34335967156614006
1.5636396551449201 -0.6017412609740479 -0.32055951658866094
1.6088583232992995 -0.55521571763684041 -0.29586996821444345
1.6505312927798188 -0.50596277744163176 -0.26944691480145389
1.6883091829547257 -0.4541685416634258 -0.24157895960811687
1.7219659334819288 -0.40015627967990131 -0.21228986687951656
1.7513275983993295 -0.3440563593358178 -0.18171927824946954
1.7760530900652134 -0.28611367885677846 -0.15025514350851396
1.7960229866526314 -0.22682328537010432 -0.11783789145675756
1.8111394778926495 -0.1663017627851972 -0.08487731709271501
1.821285819450333 -0.10497173483786226 -0.051491344231862024
1.815905479853875 -0.018508892233515262 -0.0097909716530797768
1.7457200791676704 0.04485779095781503 -0.014311856101485887
1.6963155581420737 0.0912369215922752 -0.016119014628304749
1.6505216815268577 0.13778722626568649 -0.015676255221145706
1.6047278049116418 0.18433753093909772 -0.015233495813986662
1.558933928296427 0.23088783561250775 -0.014790736406827629
1.513140051681211 0.27743814028591901 -0.014347976999668584
1.4673461750659962 0.32398844495932899 -0.013905217592509551
1.4215522984507802 0.37053874963274025 -0.013462458185350508
1.3757584218355641 0.41708905430615156 -0.013019698778191462
1.3299645452203492 0.4636393589795616 -0.012576939371032429
1.2841706686051333 0.5101896636529728 -0.012134179963873388
1.2383767919899185 0.55673996832638284 -0.011691420556714356
1.1925829153747025 0.60329027299979399 -0.011248661149555311
1.1467890387594863 0.64984057767320547 -0.010805901742396266
1.1009951621442715 0.69639088234661528 -0.010363142335237234
1.0552012855290556 0.74294118702002654 -0.0099203829280781908
1.0094074089138396 0.7894914916934378 -0.0094776235209191456
0.96361353229862468 0.83604179636684783 -0.0090348641137601125
0.91781965568340862 0.8825921010402592 -0.008592104706601069
0.8720257790681939 0.92914240571366913 -0.008149345299442036
0.82623190245297784 0.9756927103870805 -0.0077065858922829916
0.78043802583776167 1.0222430150604915 -0.0072638264851239481
0.73464414922254706 1.0687933197339017 -0.0068210670779649167
0.68885027260733089 1.1153436244073129 -0.0063783076708058706
0.64305639599211617 1.1618939290807226 -0.005935548263646841
0.59726251937690022 1.2084442337541343 -0.0054927888564877958
0.55146864276168417 1.2549945384275452 -0.0050500294493287514
0.50567476614646922 1.3015448431009555 -0.0046072700421697184
0.45988088953125317 1.3480951477743663 -0.0041645106350106749
0.41408701291603722 1.3946454524477776 -0.0037217512278516305
0.36829313630082233 1.441195757121188 -0.0032789918206925978
0.32249925968560633 1.4877460617945988 -0.0028362324135335539
0.2767053830703915 1.5342963664680096 -0.0023934730063745204
0.23091150645517547 1.5808466711414209 -0.0019507135992154767
0.18511762983995944 1.6273969758148317 -0.0015079541920564328
0.13932375322474455 1.6739472804882416 -0.0010651947848973995
0.093529876609528537 1.7204975851616533 -0.00062243537773835553
0.044170412013022992 1.7873073099823729 -0.010013437393424918
-0.037548282401736965 1.8250283112022108 0.014274336819014988
-0.10766738611585 1.8210442467811125 0.052015875707698361
-0.16895596536045818 1.8106893786052676 0.085398904848351206
-0.22942981236279411 1.7953634974781201 0.11835976699011298
-0.28864628178353169 1.7751960690229414 0.15074793442394621
-0.34650987264294686 1.7503155816238398 0.18217291486138307
-0.402532872600599 1.7208180355190268 0.21276910015777503
-0.45646286615720488 1.6869841050372001 0.24201312756688179
-0.50816183272013327 1.649061754967295 0.26983549972163906
-0.55730924174091023 1.6072487651198206 0.29622778933527621
-0.60371758192434466 1.5618993452054726 0.32086910342233144
-0.64728147612146858 1.513318451115659 0.34362662287115031
-0.68789134733196244 1.4617606913955665 0.36444235106179129
-0.72538596536205568 1.4075197928829541 0.38323084708577237
-0.75970260069984008 1.3509732984670357 0.39985080597288064
-0.7908323416406583 1.2924341040991747 0.41422035656585604
-0.81876690149839138 1.2321776221169132 0.42629385949926274
-0.84348528904282993 1.1704498488538033 0.43601781917898941
-0.86498430494413237 1.1075216651228668 0.44339829709899614
-0.88329306414303788 1.043766208357098 0.44838776421087528
-0.89855685403144236 0.9793535478005686 0.45089652323257545
-0.91069080101225364 0.91450035689675613 0.45099359555596313
-0.91986274026311965 0.84954273770949551 0.44851687228369275
-0.92609295418085047 0.78457653216983558 0.4434581917444414
-0.92946870075514387 0.71982194771592733 0.43582055515268181
-0.9300724721572784 0.65553735235305199 0.42556727918401271
-0.92804472726386233 0.59194700517490317 0.41260665937849617
-0.92345968753316088 0.52923321688423164 0.3968344121029293
-0.91638826302325715 0.46765188225095811 0.37812581992385064
-0.90705228317033471 0.40745199253540615 0.35643068821791873
-0.89563825765636773 0.34888812806448044 0.33158554670987078
-0.88222453399896095 0.29238192397519741 0.30335140236035135
-0.86728558645664999 0.23825819628669856 0.27166766467557579
-0.8511883159139737 0.18707195008795569 0.23627726830056772
-0.8346982272641903 0.13952873682962597 0.19704338281428518
-0.81914104866743198 0.096576002293463373 0.15381184765637371
-0.80672479248352702 0.058997234141309973 0.10643694157337497
-0.7999144338850358 0.024794953206216552 0.055745322074114645
-0.79806582439848228 -0.0097551032650272929 0.0036517049310998391
-0.79949253057324787 -0.044257390302672117 -0.048401895736327159
-0.80572263158414004 -0.077849724057286684 -0.09869720081819966
-0.81736253311027096 -0.11401051596596079 -0.14529253758072735
-0.83225158438722202 -0.15518134803568329 -0.18792413155823925
-0.84834077419896592 -0.20096737590891928 -0.22691491520806167
-0.86427262192479204 -0.2504756646977751 -0.26232517926033982
-0.87924277302221565 -0.30302857686902146 -0.29423748232737074
-0.89288275574946718 -0.35808276939638994 -0.32287770531541221
-0.90467243269095365 -0.41533738424950362 -0.34829220304073777
-0.91449606272416184 -0.47441608692178172 -0.37066439176222304
-0.92218809715173355 -0.53503377234857585 -0.39017175012830346
-0.92748973153068581 -0.59695128816370224 -0.40682547870096158
-0.93030934049534553 -0.65997723896306071 -0.42069661076004405
-0.93054084092833689 -0.72390069102107568 -0.43191338062481777
-0.92804197033829161 -0.78847459941852593 -0.4405215673213454
-0.92271393874937679 -0.85347320924256731 -0.44655657617790273
-0.91447227602901249 -0.91867846530030628 -0.45004091983243566
-0.90322525403762888 -0.98400063435064211 -0.45086718439738654
-0.88874904400182708 -1.0490476687278791 -0.44921791367156055
-0.8711452114202094 -1.1135909206778076 -0.44500202449122983
-0.85026590732433571 -1.177469282388091 -0.43830018951618827
-0.82605430056882034 -1.2402659509103042 -0.42918818666361019
-0.79850362844645462 -1.3016922767884633 -0.41761132092537323
-0.76762395110308479 -1.3614928269159052 -0.40361587889904155
-0.73341269302408763 -1.4193600944824767 -0.38726491224118953
-0.69587959733959304 -1.4749572003394746 -0.3686145725185766
-0.65506803852304507 -1.5278614469805705 -0.34782303435709877
-0.61115217290437762 -1.5777600575543711 -0.32499354670258446
-0.56424360731575951 -1.6243875055625789 -0.30015677054594891
-0.5144548838010724 -1.6674021177049041 -0.27347064092026768
-0.4619894211601715 -1.7064201161211381 -0.24525918210723716
-0.407172723436384 -1.7412313540450581 -0.21554242889510497
-0.35015486887052172 -1.7716048928547967 -0.18444913573169563
-0.29117775443796523 -1.7972489014526016 -0.15240619356408006
-0.23072280763266603 -1.8179483574953483 -0.11936449326075789
-0.1690038629879215 -1.8336042374279522 -0.085712550217908343
-0.10643910664886322 -1.8440984073701787 -0.051591595681653682
-0.043348438377997234 -1.8494092530545236 -0.017229774074890201
0.019888720683167604 -1.8494778361935431 0.017232714170359337
0.082931024760904748 -1.8443368114112326 0.051572418708367401
0.14541305674858401 -1.8339985970589514 0.085600823716006705
0.20698829349471418 -1.8185658734504555 0.11915014124135087
0.26725788705145065 -1.7981129957262718 0.15206861488310858
0.32599981181626064 -1.7728429086066688 0.1839942046508746
0.38282461742615159 -1.7428879811224864 0.21491697705298304
0.43747847174821652 -1.708515998226563 0.24449029664627861
0.48972037602338914 -1.6699969536283112 0.27261702358805423
0.53930497378083586 -1.6275592257148981 0.29913170719022869
0.58604857523263509 -1.5815421655826407 0.32382601514814752
0.62979694307465217 -1.532291230433438 0.34654314008065951
0.67045861590278122 -1.4800646794058974 0.36720576595497612
0.7078008995925047 -1.4251933520888707 0.38579141270809753
0.74189009102885861 -1.3681465240596364 0.40206147317621388
0.77267508113855754 -1.3092053443774492 0.41605618787573839
0.80018483989729117 -1.2487087506773564 0.42766096096605993
0.82442020018240181 -1.1869040438113019 0.43686101728189314
0.84538120738284861 -1.1240554924007298 0.44372304863174444
0.86314181468131546 -1.0605410188200568 0.44817896402581997
0.87784513705799916 -0.99657195354050587 0.45015979706333037
0.88946294548447324 -0.93233652406361844 0.44977015508557616
0.89814674409485618 -0.86815249395211602 0.44686926173137137
0.90400714910235092 -0.80415648543491636 0.44150073704023629
0.90710512774200847 -0.74051527171394271 0.43366622218134349
0.90754138116993899 -0.67743001607649089 0.42333929815974369
0.90543779568695026 -0.61512899705101254 0.410468955527726
0.90093542911288826 -0.55377569874245636 0.39495215986946669
0.89401357939878645 -0.4935875385275903 0.37670741155362913
0.88494875248077842 -0.43477897304764146 0.35562294622955642
0.87392104659197645 -0.37754754838862226 0.33162728823771831
0.86098207136872629 -0.32226485339452859 0.3044715510223151
0.84654626159757174 -0.26916723218875016 0.27405356191934321
0.83097566387075827 -0.21870074954173258 0.24018681611510395
0.81482664211215294 -0.17149979233222867 0.20259078976036421
0.79924136652457911 -0.12827908570908791 0.16100981331544745
0.78603867009702999 -0.089735526762231677 0.11479882375387948
0.77779787507810405 -0.054611939217017041 0.064054137260725411
0.77504116907055276 -0.019644291639104638 0.011062977000130298
0.77597320965153627 0.015778843653976804 -0.042186612787403363
0.78142441574125454 0.050827528294633564 -0.09480885298682093
0.79287959972184785 0.088234515798615465 -0.14449242763516421
0.80820503836039725 0.13061893896263854 -0.18931469925730304
0.8247471793598018 0.17753286489656164 -0.22946257912934395
0.84101095910718138 0.22798529016043317 -0.26547694309113806
0.85614071300230621 0.28133445402574231 -0.29758841745625375
0.86979807650717933 0.33698012022920509 -0.3261482835545842
0.88154025893683619 0.39458256283793036 -0.35131015801452281
0.89123909615040686 0.45379227161923213 -0.37330230681287008
0.89875471154554276 0.51429950083112985 -0.39235641356088519
0.90389911903820508 0.57586492674974488 -0.40853055499486257
0.90658589042210858 0.63829701324847377 -0.42194423526515112
0.90673912847465998 0.70141693350773737 -0.43272312644958044
0.90424555551146679 0.76501076479115604 -0.4409698743305851
0.89903224390594116 0.82886097099188005 -0.44673344995285041
0.89103166302671433 0.8927763609752325 -0.45004498914565461
0.88020034805042957 0.95663343732122974 -0.45089496663549888
0.8663997639930443 1.020223124642649 -0.44935891817527868
0.84959328289928493 1.0832811540877192 -0.44546988875073629
0.82976154526279178 1.1456300229516261 -0.43923534664368313
0.80680957639691941 1.2070241501274639 -0.43068762750678563
0.78069029766842923 1.2671708098216348 -0.41985520460362047
0.75138645318179964 1.32577236867813 -0.40676773538507693
0.71893727528120843 1.3825880675069069 -0.39139583318992271
0.6833160690643495 1.4373176209341745 -0.37387454477244314
0.64458527273590405 1.4896135588643626 -0.35428683105758152
0.6028296736745874 1.5391609064133407 -0.33273638608187556
0.55819387287044198 1.5856956386239975 -0.30926795706517818
0.5107684793115832 1.628927780972762 -0.28399578730153952
0.46069394943803643 1.668508941178974 -0.25714919602629627
0.40822806972013836 1.7041822175360846 -0.22880376217907442
0.35355526891658717 1.735727636547054 -0.19913864715541041
0.29692332413930478 1.7628750899033276 -0.16834940438704307
0.23863531070407779 1.7854503729003621 -0.13660689189591763
0.17895715993953248 1.8033068308268714 -0.10407813660078659
0.11822258385194707 1.8162526051991312 -0.070996079181666671
0.037716670423792398 1.8229955533346689 -0.023507608901310571
0.081405766855783185 1.7439080504112074 -0.0024793381474902433
0.13378921972823166 1.7094870847665602 -0.014677274136198336
0.17959309842592258 1.6629457601337205 -0.014316496707623139
0.22539697712361101 1.6164044355008835 -0.013955719279047962
0.27120085582129944 1.5698631108680461 -0.01359494185047278
0.31700473451899036 1.523321786235206 -0.013234164421897584
0.36280861321667879 1.4767804616023694 -0.012873386993322404
0.40861249191436722 1.430239136969532 -0.012512609564747224
0.45441637061205808 1.3836978123366919 -0.012151832136172028
0.50022024930974651 1.3371564877038549 -0.01179105470759685
0.54602412800743494 1.2906151630710174 -0.011430277279021671
0.59182800670512348 1.2440738384381804 -0.011069499850446493
0.63763188540281435 1.1975325138053408 -0.010708722421871293
0.68343576410050277 1.1509911891725033 -0.010347944993296115
0.7292396427981912 1.1044498645396661 -0.0099871675647209366
0.77504352149588207 1.0579085399068262 -0.0096263901361457391
0.82084740019357039 1.011367215273989 -0.0092656127075705589
0.86665127889125892 0.96482589064115198 -0.0089048352789953822
0.91245515758895002 0.9182845660083121 -0.0085440578504201812
0.95825903628663833 0.87174324137547476 -0.0081832804218450027
1.0040629149843268 0.82520191674263754 -0.007822502993269826
1.0498667936820176 0.77866059210979788 -0.0074617255646946276
1.0956706723797063 0.73211926747696054 -0.0071009481361194483
1.1414745510773947 0.68557794284412332 -0.0067401707075442699
1.1872784297750829 0.6390366182112861 -0.0063793932789690906
1.2330823084727738 0.59249529357844621 -0.0060186158503938922
1.2788861871704624 0.54595396894560921 -0.0056578384218187146
1.3246900658681506 0.49941264431277183 -0.0052970609932435353
1.3704939445658417 0.45287131967993205 -0.0049362835646683369
1.4162978232635299 0.40632999504709499 -0.0045755061360931593
1.4621017019612184 0.35978867041425761 -0.00421472870751798
1.5079055806589095 0.31324734578141777 -0.0038539512789427816
1.5537094593565979 0.26670602114858072 -0.0034931738503676032
1.5995133380542861 0.22016469651574336 -0.0031323964217924239
1.6453172167519772 0.17362337188290355 -0.0027716189932172255
1.6911210954496658 0.12708204725006644 -0.0024108415646420479
1.736924974147354 0.080540722617229138 -0.0020500641360668686
