1.7445373047431159 -0.0023423577916982519 0.0055582239275087314
1.7442087255762166 0.051307395212565596 0.041241622279599661
1.7376220565633269 0.10589977998380001 0.076175436478464587
1.7268596362934947 0.15998565219284505 0.11082892003925324
1.7118859275004574 0.21334762302967294 0.14500479926425702
1.6928188881163224 0.26575599816464179 0.17857837355047518
1.6697205559681627 0.31701161034321584 0.2113515817570957
1.6426731168087196 0.36687934208778067 0.24318653722533959
1.6118306478602948 0.41517984281691422 0.27393848218879535
1.5773061209797048 0.46174007125449945 0.30338074086636202
1.5392407102318255 0.50632153468175156 0.33143801098856152
1.4978119560186494 0.54881290889581413 0.3579029036369048
1.4532081539176889 0.58907219641912378 0.38259018811027307
1.4056308709236409 0.62693167521875537 0.40539138569233557
1.3552698410372832 0.66225103648470895 0.42614238800035298
1.3023591970503903 0.69492359269719994 0.44474472540886384
1.2471411936994004 0.72490558428049301 0.46098056538899002
1.1898509072114833 0.75204938484203487 0.47474634661221921
1.1307226287352667 0.77625671673544949 0.48590287911580005
1.0700501406453913 0.79753539400454043 0.49434609394890583
1.0081197302770171 0.81585671864064913 0.50001303251932294
0.94520247788985379 0.83118116005058562 0.50278398470085328
0.88157954339800304 0.84350227331772254 0.50255365045715705
0.81755452992554367 0.85287293367403216 0.49918253703758048
0.7534282436002655 0.85930969822796943 0.49263299241554304
0.68950109586049291 0.86286475666256646 0.48285970103493414
0.62607742553220413 0.86361265579571878 0.46980379125605848
0.56348746328281829 0.86170165118309805 0.45336438318274092
0.5020651057567409 0.8571869439459282 0.43347462085959665
0.44213701334585986 0.85028117874907005 0.41005935700712459
0.3840171367122765 0.84122336437538481 0.38314802891918109
0.32812667869061107 0.83021254845250436 0.35259724639325218
0.27483957203277615 0.81750278701457202 0.31833832221468583
0.22448874361093313 0.80364811546111969 0.28040502278835366
0.17776804270707083 0.78903121207636107 0.2384915221266308
0.13514475747192639 0.77465410447046168 0.19253296312181256
0.097391209849157945 0.76204845266529508 0.14220300768462385
0.064268041425276479 0.75352320798985184 0.087637400180258757
0.03283351212757965 0.75038493675108309 0.030877283162469783
0.0010435869576890244 0.75101095209860302 -0.026009445379913582
-0.03042544550157239 0.75502099743772833 -0.08295450934029254
-0.063217701528935882 0.76447911224268927 -0.13907224210982322
-0.10070999269048139 0.77903635694910145 -0.19182478907976933
-0.14354380377879636 0.79610663137414761 -0.23986978915483373
-0.19072201966921667 0.8137575360422602 -0.28346446461284458
-0.24165135320976236 0.83089536826591892 -0.32286363228144971
-0.29578966616156854 0.84693453935448626 -0.35828931085829618
-0.35278893274776368 0.86141307056852012 -0.38981132887396158
-0.41227771471559449 0.87385436398824867 -0.41743450057578579
-0.4737808733533122 0.8841388521007737 -0.4413459543953932
-0.53706246152588843 0.89195508454587435 -0.46151635753408565
-0.60173191964503114 0.89696639185498728 -0.47796366115923178
-0.66737695096020477 0.89920042454135618 -0.49082457878481101
-0.73369726089746057 0.89844091607673826 -0.50019519567372173
-0.80034594806891057 0.89457893683410639 -0.50613541337973977
-0.86698685161362787 0.88755883256626023 -0.50869463220966415
-0.93329076035019498 0.87732756014538016 -0.50793236075797543
-0.99892575770379621 0.86383083277880113 -0.50398349119251018
-1.0635610506239705 0.84706287974597083 -0.4970070118321952
-1.1268956227021791 0.82707906698077127 -0.48701746698039772
-1.1886241416758723 0.80382549294405847 -0.47425880636960177
-1.2484168862390599 0.7774061300325078 -0.45878128335236107
-1.3060018193226453 0.74794956867288009 -0.44069626745080387
-1.3611264069927866 0.71549855751757241 -0.42021944607327888
-1.4135103690722661 0.68014234749381242 -0.39751534394035687
-1.4628994336562313 0.64203323916112387 -0.37271539310034035
-1.5090691911068921 0.60129540600855336 -0.3460480772787618
-1.5517670051628418 0.55812680066143083 -0.31760247081100018
-1.5908147519106648 0.51270170854515928 -0.28760680903824948
-1.6260673146495417 0.46523038543773387 -0.25626526980391212
-1.6573814542661318 0.41589868217358145 -0.22378025676605012
-1.6846195488455655 0.36494570606022775 -0.19033276847927449
-1.7076689334288979 0.31261360099663393 -0.15605753555048277
-1.7264640260473652 0.25912968094421696 -0.12119392824258104
-1.7409421257104858 0.20476267337236315 -0.085835435400802934
-1.7510637616699025 0.14967019596501879 -0.050284954577038854
-1.75684071922711 0.094218153420932677 -0.014598514068851215
-1.7582337403828561 0.038639131136698951 0.021057481085841875
-1.7553188964097715 -0.016816327819500737 0.056553233366889478
-1.7480645497066076 -0.071921301214729422 0.091704091630473161
-1.7365986823560047 -0.12640624991371679 0.12640413331510436
-1.7209290734931739 -0.18000965269620833 0.16050773087482986
-1.7011834042125666 -0.23261904441123027 0.19385026897429014
-1.6774355322559846 -0.2840156499798594 0.22613624015144096
-1.6497524554895526 -0.33376099554332528 0.25747832435014428
-1.6183792660527503 -0.38203212569992717 0.28747889580012659
-1.5834832752007688 -0.42847546733443087 0.31605106074073469
-1.5451880142213155 -0.47281803175956205 0.34319468894269123
-1.5036681132204088 -0.51512149673568031 0.36859553981980825
-1.4591396729158828 -0.55520908599514995 0.39212990402057413
-1.4118184583525213 -0.59288384303868913 0.41371326693181015
-1.3618953433192125 -0.6280167106917387 0.43325127712024425
-1.3095921984145253 -0.66059590594034312 0.4505635080405318
-1.2551480131007942 -0.69054874130325328 0.46553979000951323
-1.1988125438699786 -0.71780715744530366 0.47805720032106125
-1.140819548771129 -0.74224677578682718 0.48800587498178732
-1.0814357090280442 -0.76382565923727574 0.49537123139499595
-1.0208856585239388 -0.78256996827076053 0.50006088435754381
-0.95945985562784553 -0.79851196684065706 0.50189930721877196
-0.89742018447488126 -0.81152939740542185 0.50089957802961882
-0.83503553226828364 -0.82172494627735582 0.49682083840221458
-0.77258845853026026 -0.82911833832987181 0.48971755041034093
-0.71035230185815268 -0.83377694483803955 0.47957285230651764
-0.6486063958394761 -0.83577242912830696 0.46632238813955484
-0.58765001328717514 -0.8352321965722217 0.44986858304645944
-0.52782296681227658 -0.83225659650542061 0.43012653480724805
-0.46939068869570177 -0.82696083750538041 0.40707488783074397
-0.41261870491922414 -0.81962594474435191 0.38072367768842258
-0.35795941578278312 -0.8104166275383855 0.35096574692289051
-0.30573439460213192 -0.79954384621881003 0.31769687683829712
-0.25623844599040901 -0.78754301297799501 0.28091399483558788
-0.21004333969003233 -0.77481388148651686 0.24047257721621113
-0.16764685524600767 -0.76219355009306966 0.19619647353459299
-0.12969838334294823 -0.75106442400493434 0.14779032374214066
-0.096000086404679913 -0.74339002265209886 0.094850707195209896
-0.06391465044110331 -0.74084812818823587 0.038488072861599783
-0.031033517645722458 -0.74234780240400722 -0.018407208471149131
0.0016984832332587185 -0.74688273120125903 -0.075123777927800603
0.035443920884510094 -0.75666775504810346 -0.13177519821487921
0.074197395752610473 -0.77217616285120183 -0.18556168273570547
0.11859994407111914 -0.79037013587040206 -0.23414151228924401
0.16717736789252444 -0.8089359913332087 -0.27771354336117521
0.21925832611787946 -0.82679352124607175 -0.31677616371855466
0.27435693111167253 -0.84335227601382001 -0.35160966057206167
0.33206734419907952 -0.8582021622837156 -0.382445652146499
0.3920750131338302 -0.87088614804271713 -0.40929739691004025
0.45388401928604671 -0.88131003475794556 -0.43239269062460112
0.51722400910909239 -0.88917411228221133 -0.45181496201792976
0.58175868003988385 -0.8942487997256009 -0.46758265995749887
0.64710918067999079 -0.8964704710656709 -0.47984462700127989
0.71296413150507099 -0.89570372668115505 -0.48871070931906324
0.77899911789511667 -0.89183487203970258 -0.49429057441555596
0.84489618924124477 -0.88483244663556604 -0.49664162848959587
0.91034596684456803 -0.87465127276223431 -0.49580742515217996
0.97504309445180315 -0.86123263272505268 -0.49190351205746163
1.0386703707238969 -0.84461026983500187 -0.48520446508400117
1.1009701078035083 -0.82490991001598835 -0.47566297531659629
1.1616727468713783 -0.8020243223528486 -0.46356037009001438
1.2204737985396168 -0.77608121375636252 -0.44893196630566612
1.277132695527325 -0.74718678474751765 -0.43190218899935062
1.3314360421444149 -0.7154320422771463 -0.41266314253804015
1.3831398124822893 -0.68090790971250892 -0.39134248984256065
1.4320254313530794 -0.64370567413694291 -0.36810400788487196
1.477883249867872 -0.60396882266228047 -0.34314123681239289
1.5205297829768807 -0.56192756159950807 -0.31653773765975923
1.5598065583491783 -0.51770152179255147 -0.28845357403567184
1.5955682870852224 -0.4713955752236042 -0.25911650170700107
1.6276441637009496 -0.4232399812301626 -0.22870653692031331
1.6559372985028007 -0.37352773760184121 -0.1972428512473072
1.6803523870175978 -0.32229470847725666 -0.16498990073013364
1.7007184029798175 -0.26980621680787154 -0.1321592436311014
1.7170525382005699 -0.2164066480850228 -0.098676518647419734
1.7293181840870069 -0.16208954343571019 -0.064967666586355693
1.7374521923978665 -0.10724980559193276 -0.031022431641289601
1.7294387101222914 -0.049681181205959546 -0.0031994786797143789
1.6838484923906079 -0.010994818898562825 -0.0093512804525891381
1.6397514347819644 0.035535684787702498 -0.010302217622454571
1.5956609453717649 0.083764794862641906 -0.010174258822492604
1.5515153558440893 0.1319397012314808 -0.010046191446956645
1.5073135973265523 0.18005935238936854 -0.0099180112298790559
1.4630546322845435 0.22812272765955702 -0.0097897139818486269
1.4187374549626657 0.27612883762765111 -0.0096612955915975525
1.3743610918132478 0.32407672456317216 -0.0095327520275548892
1.3299246019117934 0.37196546282824117 -0.0094040793393660848
1.2854270773591978 0.41979415927326519 -0.0092752736593779469
1.2408676436705894 0.46756195361946662 -0.0091463312040885973
1.1962454601506651 0.51526801882810291 -0.0090172482755619277
1.1515597202553538 0.56291156145627208 -0.008888021262805983
1.1068096519397095 0.61049182199913643 -0.0087586466431149382
1.0619945179918757 0.65800807521846427 -0.0086291209833740581
1.0171136163530068 0.70545963045736471 -0.0084994409413272909
0.97216628042304398 0.75284583194107846 -0.0083696032668070675
0.92715187935220789 0.80016605906374105 -0.0082396048029258137
0.88206981831810827 0.84741972666099941 -0.0081094424872288247
0.83691953878838465 0.89460628526836716 -0.0079791133528081329
0.79170051876874503 0.94172522136525461 -0.0078486145293769089
0.74641227303634916 0.98877605760454268 -0.0077179432443041278
0.70105435335841759 1.0357583530276493 -0.0075870968236090826
0.65562634869599501 1.0826717032649911 -0.0074560726929154371
0.6101278853928066 1.1295157407217535 -0.0073248683783645333
0.56455862734910056 1.1762901347489327 -0.007193481507487544
0.51891827618045139 1.2229945917995417 -0.0070619098100363374
0.47320657136142996 1.2696288555699557 -0.0069301511187726348
0.4274232903540981 1.3161927071263286 -0.0067982033702152517
0.38156824872128681 1.3626859650160195 -0.0066660646053452524
0.33564130022459504 1.4091084853640079 -0.0065337329702686402
0.28964233690707697 1.4554601619542469 -0.0064012067168364986
0.2435712891605977 1.5017409262959149 -0.0062684842032223404
0.19742812577780003 1.5479507476745535 -0.0061355638944564266
0.15121285398869269 1.5940896331880552 -0.0060024443629170029
0.10492551948181558 1.6401576277674907 -0.0058691242887781887
0.058566206409980601 1.6861548141827698 -0.005735602460414423
0.011754108527594453 1.7322361589773885 -0.0054600978004216679
-0.041384982500370399 1.7450451153571955 0.01842358160475855
-0.096906177986845615 1.7399759030862101 0.052399576529144384
-0.15190859895817591 1.7308119943403235 0.086087233862359377
-0.20628717724554094 1.7175271555406284 0.11943517772435588
-0.25973902663876236 1.7001858773834218 0.15240346119057974
-0.31223646380003911 1.678855925999998 0.18459052174628063
-0.36336138900259962 1.6535793036189324 0.21616679310367765
-0.41299381084137687 1.6244473338278898 0.24676599899063612
-0.46102173310390315 1.5916142171210725 0.27621890508694191
-0.50714080904008196 1.5551897326283854 0.30453574341452361
-0.55119572905819558 1.5153276252374215 0.33148579551337143
-0.59306838265113404 1.4721976809822959 0.35688154792528332
-0.63261671139881437 1.4259761514233102 0.38058862165879553
-0.6696431405947908 1.3768310487238096 0.40250050846718721
-0.70402331854061928 1.3249781087141534 0.42245873157781294
-0.73567008190911276 1.2706409088716941 0.44029935242557555
-0.76449762965740753 1.2140530032571668 0.45589201699323395
-0.79040399528826055 1.1554324768300241 0.46908184776028561
-0.81328739441114029 1.0950230427329894 0.47977075201064745
-0.8330664128586287 1.0331096634994714 0.48789301370103422
-0.84981909083779739 0.96996573549398513 0.4932203707486742
-0.86339031683884637 0.90584411587528635 0.49576497591486129
-0.87385715940840214 0.84105955423381218 0.49531626061736062
-0.88119896846479673 0.77588933681552086 0.49174014565754093
-0.88544892585588442 0.71064598138869728 0.48499392109437495
-0.88665888586799713 0.64564272123432276 0.47503393982770276
-0.88496510465839084 0.58119586772860998 0.4617548059044142
-0.88047403051185436 0.51761783025063146 0.44505355835861621
-0.87326194332887241 0.45526998594189944 0.42480260837167721
-0.86357241552714648 0.39447111115757433 0.40098776244939044
-0.85167403156575583 0.33552382779784407 0.37352285201326585
-0.83767665559169502 0.27890068185468964 0.34220226450780611
-0.82206817656962261 0.22489566530090613 0.30702374147999023
-0.80523348327282762 0.1739638343227512 0.26776185099199729
-0.78783039744745187 0.12659649635501302 0.22416870145146053
-0.77101390798042313 0.08349480924189645 0.17579408745374575
-0.75700830307253009 0.045761878009130119 0.12246988535095928
-0.74854609981086406 0.012284172730123111 0.066225100968744455
-0.7449715825115435 -0.020593815287791695 0.0097384339598906196
-0.74429877560275459 -0.053562536793645588 -0.046906800407795747
-0.7478818169041459 -0.085990398749854646 -0.10310901708072848
-0.75667280951022875 -0.1206599895364347 -0.156047324462875
-0.76875727598572952 -0.15988129784256405 -0.20443447507635884
-0.78211984696854175 -0.20352504230423701 -0.24858421249089219
-0.79542935289854166 -0.25090967614249182 -0.28880295939782225
-0.80788547299796265 -0.30153430672211912 -0.32527391518918941
-0.81909422091590922 -0.35483829734053274 -0.35816535262514099
-0.82851097089344938 -0.41054164718423358 -0.38747311661689171
-0.83596901148312464 -0.46827977095990414 -0.41332736031444783
-0.84128173767099645 -0.52762033931393182 -0.43584054206484585
-0.84417372399540125 -0.58829718600246428 -0.45499754580489532
-0.84453652717499983 -0.65002716986642384 -0.47083646859153416
-0.84227789343116366 -0.71246391146946086 -0.48348661695490114
-0.83728023370143512 -0.77531121143878323 -0.49301933508778789
-0.82947736119597693 -0.83829133026725955 -0.49949865175715774
-0.81883191572912406 -0.90112423903001038 -0.50298159360064076
-0.80534831851686639 -0.96351425280530101 -0.50340799813077064
-0.78885203298090079 -1.0251933047274759 -0.5010423702587844
-0.76951043516967377 -1.0859221451063612 -0.49584294397825912
-0.74731938068116011 -1.1453979817083635 -0.48799564150896541
-0.72224746417120722 -1.2034022050660447 -0.47762073194894472
-0.69436706052832287 -1.2596770626473943 -0.46472394565637681
-0.66378536974100721 -1.3139878276861254 -0.4494291961823873
-0.63058282156492917 -1.3661044791081873 -0.43186511473835493
-0.59484143099657016 -1.4157917666021027 -0.41214100305116735
-0.55657680968168344 -1.4628253262502007 -0.39042058109825462
-0.51593735029430299 -1.5070420598425862 -0.36681536437863327
-0.47312877639084827 -1.5482315552768058 -0.34140010755664857
-0.42828137897804042 -1.5861793180663653 -0.31432711595021068
-0.38138022407647232 -1.6207299859305802 -0.28586144337548491
-0.33270864070341133 -1.6517625862652467 -0.25600721456194558
-0.28255996721575038 -1.6790843669628663 -0.22487203192929153
-0.23083065349268753 -1.7025912113770811 -0.19284192717689125
-0.17791172129413438 -1.7221020424943765 -0.15977752814701815
-0.12398708055118432 -1.7375322289563626 -0.12599039144833143
-0.069226930126802977 -1.7488015319756971 -0.091592438224545547
-0.013865897930177618 -1.7558785802789378 -0.056759859862838422
0.041846731336698112 -1.758686444575623 -0.021588492322861474
0.09765928819625086 -1.757211182642112 0.01376586598405387
0.15333818287974277 -1.7513997775676549 0.049157102430049837
0.20870195158017696 -1.7412735873433567 0.08440095594785689
0.26331626218983484 -1.7268127865907306 0.11950510049765808
0.31708128978595895 -1.7080724398024136 0.15411273137556056
0.36972204449082824 -1.6850913282229598 0.18817703485102821
0.42094649494743686 -1.6579249806332927 0.22147322192582364
0.47060302341828342 -1.6267024875303822 0.25381093448597108
0.51842405147612236 -1.591532227875311 0.28505647030474807
0.56418646691500063 -1.5525472361423325 0.31499651502945403
0.60767490143070946 -1.5099222214006809 0.34345691350179769
0.64884680931579453 -1.4638279290078398 0.37016093516723081
0.68734355211043607 -1.4144280485676406 0.39506593864073097
0.7230344131042642 -1.3620049102944405 0.4179114327976805
0.75581713810137674 -1.3067987523904465 0.43855355858562606
0.78559466923032728 -1.2490901542357804 0.45683794300411862
0.81230459045000025 -1.1891200105887876 0.47254831803868841
0.83581931146103539 -1.127161593321707 0.4855574550037513
0.85600470635048531 -1.0635550180333477 0.49582922885082453
0.87294726316825177 -0.99860411177732689 0.50309922702851195
0.88656116854362865 -0.93259887948502207 0.50735785928837196
0.89684079921589177 -0.86589135893934943 0.50842918171658036
0.90386030829132125 -0.79881084843679018 0.50617707493674946
0.90765507085449282 -0.73168753468357894 0.500532385578629
0.90828895333940818 -0.66486845459418764 0.49144009486422557
0.90585293180626569 -0.59870730083078827 0.47884682661510158
0.90057752288557191 -0.53351487575347212 0.46263479037235705
0.89246668883834035 -0.46967074488317007 0.4427208078237248
0.8817930571946303 -0.4076071485174273 0.41901656039737584
0.8689005512829695 -0.34756922983066085 0.39153463822619422
0.85391834812295353 -0.29004371532430651 0.3600913808619427
0.83733540639876936 -0.23540205929823571 0.32470755351335073
0.81962025851879394 -0.18397827613851581 0.285286471626928
0.80135965805454956 -0.13633590594454253 0.24160205335724003
0.78368487831632427 -0.093068056252336495 0.19340973346103371
0.76856327432287885 -0.055234407530772217 0.14055218604070441
0.75866165393684937 -0.022274072552670138 0.084545683890924289
0.75416179911621573 0.0093335020617979769 0.027902442064936691
0.75298653832830342 0.041273423073822341 -0.028723381614702104
0.75550357573956872 0.072785389206604073 -0.085087206501367987
0.76319696777875168 0.10577789153584971 -0.13901252112809273
0.7747735926603484 0.14317031239745232 -0.18877668188721874
0.78810685223160581 0.18539692919058057 -0.23434940309033661
0.80168968606780888 0.23172309199881735 -0.27601151935845958
0.81453616395084838 0.28160596749842765 -0.31385309811521223
0.82620472575056469 0.3344375553426604 -0.34805043990156564
0.83617017547722305 0.38983467326193355 -0.37861582335044608
0.84418711998928675 0.44742310243055844 -0.4056230647934127
0.85005851647682862 0.50676761682934468 -0.42921013784153794
0.85353639007645377 0.56755035331054882 -0.44936451494759949
0.85447351270605365 0.62946359210503888 -0.46612105827394762
0.85276959233316973 0.69216904393142509 -0.47956398481299839
0.84830439016938952 0.75534050375463613 -0.48979932698001127
0.84100751892607195 0.81868010287259896 -0.49688672572311388
0.83083281447351587 0.88189812477905405 -0.5008711163390317
0.81778881166802786 0.94469913842651976 -0.50177612386571091
0.80180262921004675 1.0067864085264744 -0.49974864198008551
0.7828942856238208 1.0679017802850082 -0.49488126117728698
0.7611328889154102 1.1277715952698584 -0.48726095828124422
0.73651632068847006 1.1861184184765059 -0.47700546908627883
0.70907764333545964 1.2426928602871672 -0.46421418628922756
0.67887729876450897 1.2972506773079377 -0.44898509754325339
0.64605944255797665 1.349546711002811 -0.43139274937493172
0.61067747795341387 1.3993518717458957 -0.41165560417134156
0.57282970450499193 1.4464604059109436 -0.38988552425716166
0.5326325073851117 1.4906775660898748 -0.3662263542677911
0.49027754484838848 1.5318223743297241 -0.34077599387948904
0.4459047978253935 1.5696964759370364 -0.3137090403733504
0.39959298995646575 1.6041376807427445 -0.28522143751096302
0.35156911880292674 1.6350066165381159 -0.25538546715118687
0.30201356750696717 1.6621725589358252 -0.22440285390123921
0.25107721223909263 1.685495414746025 -0.19242246665131399
0.19897637945245805 1.7048907135550353 -0.15958219672313678
0.14593035825680875 1.7202781273651238 -0.12603900691037889
0.09211722261381794 1.7315325624158522 -0.091952646573789917
0.029686498042731796 1.747866485748125 -0.058683729214948646
0.020974843127053749 1.7005687923859565 -0.019088317972036209
0.076560386762108121 1.6530918723711179 -0.021888306584099362
0.1240631515500013 1.6082270653175419 -0.021084336457180271
0.17151082705206119 1.5633080445788559 -0.020280260614874923
0.21890234456510294 1.5183337584618135 -0.019476074718278415
0.26623666671783919 1.4733031861069059 -0.018671774504295902
0.31351278791223242 1.4282153379227096 -0.017867355787249389
0.36072973475195708 1.3830692560074964 -0.017062814460450888
0.40788656645776866 1.337864014558011 -0.016258146497742147
0.45498237526964747 1.2925987202652305 -0.015453347955000071
0.50201628683559629 1.2472725126969428 -0.01464841497160688
0.54898746058689651 1.2018845646670542 -0.013843343771885373
0.59589509009972796 1.1564340825914392 -0.013038130666498053
0.64273840344298738 1.1109203068302484 -0.012232772053810233
0.68951666351221719 1.0653425120164899 -0.011427264421215871
0.7362291683494735 1.0197000073708224 -0.010621604346426594
0.78287525144903869 0.97399213700241627 -0.0098157884987230132
0.82945428204888638 0.92821828019574926 -0.0090098136401675754
0.87596566540774534 0.88237785168327476 -0.0082036766267792535
0.92240884306768245 0.83647030190384053 -0.0073973744096693626
0.96878329310213007 0.79049511724673649 -0.0065909040361376656
1.0150885303492174 0.74445182028132628 -0.0057842626507291998
1.0613241066303429 0.69833996997215475 -0.0049774474962511368
1.1074896109539278 0.65215916187942735 -0.0041704559147488331
1.1535846697042262 0.60590902834483207 -0.0033632853484416546
1.1996089468151589 0.55958923866259536 -0.0025559333406175739
1.2455621439290765 0.51319949923573627 -0.0017483975364867073
1.2914440005404286 0.4667395537174156 -0.00094067568399285712
1.3372542941242407 0.4202091831373807 -0.00013276563458361717
1.3829928402493614 0.37360820601342454 0.00067533465606159989
1.4286594926764729 0.32693647844779883 0.0014836271273462852
1.4742541434407643 0.28019389420858754 0.0022921136131136563
1.5197767229192676 0.23338038479598061 0.0031007958410462569
1.5652271998828464 0.18649591949340172 0.0039096754321088969
1.6106055815327709 0.13954050540351215 0.0047187539000342798
1.6559119135218794 0.092514187469048353 0.0055280326508519093
1.7011462799603467 0.045417048478461869 0.0063375129824608401
