1.767718908555072 0.01312421625153895 -0.026930816579081095
1.7565540603420178 0.076097799739023766 0.0034441424829447041
1.7511162805614269 0.13286937405014781 0.036771293543429361
1.7416336118169864 0.18922505864337158 0.070036052161230627
1.7280332730440393 0.24495543833442185 0.10308184986055577
1.7103906375699502 0.29982488118568351 0.13581272884048273
1.6887251215092869 0.35363821544661211 0.16806760595534592
1.6630599146474854 0.40615829721269481 0.19973181509353366
1.6335195170091363 0.45714419483714452 0.23067157564036717
1.600153071006581 0.50645070280201043 0.26068848768789571
1.5630506036008336 0.55380018978995538 0.28970683546673542
1.5223847119214953 0.59897557618264297 0.31752126667377445
1.4782758933192366 0.64184806780249926 0.34394459333708821
1.4308826912998267 0.68223100536864456 0.36886213962461106
1.3803668226488075 0.71992524464177476 0.39208927546794564
1.3269757650629126 0.75472214431798057 0.41351191419733718
1.2709302421129254 0.78656231078210626 0.43290695797083101
1.2124067376428767 0.81532145680609647 0.45013775090991065
1.151669907404133 0.84078906505304907 0.46502513316400135
1.0890281787115463 0.86290305046371973 0.4774016575215605
1.0247601616711264 0.88164106825570465 0.48718243372187964
0.95914824535174548 0.89694307519803285 0.49423299683952182
0.89251260396367094 0.90874537374965614 0.49842515644021107
0.82516729155013191 0.91708623341663087 0.49956232082428714
0.75742022535854781 0.92198714569438445 0.49752634661976081
0.68960632121838206 0.92348394585707438 0.4922374450383189
0.62207215705891772 0.9216213582455105 0.48362550772776747
0.55512705569900089 0.9165790585461554 0.47154946774622042
0.48911586265009699 0.90841815477607957 0.45587739822998358
0.42445906922022691 0.89731793649030234 0.436461146571476
0.36141367821224535 0.88355709949340511 0.41328861559117824
0.3002990695164019 0.8673814295115726 0.38614190170067164
0.24164848434878999 0.84900121354320213 0.35483830735399902
0.18556114189662176 0.82896880271527551 0.31932396714166666
0.13260439589013245 0.80764900232006698 0.27906023647306138
0.083187320214328536 0.78586802611049444 0.23370797889595932
0.038217996941189519 0.76522770003958429 0.18257164589239078
-0.00079918765514255807 0.74896323237824414 0.12684085647008445
-0.035996616228775147 0.73898009762437689 0.070445280610184569
-0.071146265988496382 0.73307404907469187 0.014595664028946404
-0.1062841824318366 0.73001006275618752 -0.041404514281372269
-0.14091417834781853 0.73106539957263472 -0.094756820846812875
-0.17718657265018464 0.73557217607907854 -0.14276765673214825
-0.21708683397562598 0.74173065964890084 -0.18607241555872081
-0.26061082232316635 0.74818462347272463 -0.22564132240122098
-0.30711104718476812 0.75388853878639339 -0.26176416424465193
-0.35599177802989579 0.75830522240728837 -0.2947034977348047
-0.40659232601475293 0.76114059010480228 -0.32453586337637869
-0.45880561892217742 0.76200505294183107 -0.35135214567288375
-0.51227320519415565 0.76084997750591121 -0.37538392491719746
-0.56634408579163353 0.75771226209228326 -0.39665408783595618
-0.6210372819894634 0.75226996962141512 -0.41522375875495132
-0.67621241112950536 0.74456333262593677 -0.431187843921709
-0.73141506050132443 0.73468301847889705 -0.44466106273462186
-0.786478636118495 0.72256497365827088 -0.4557871626770682
-0.84123926539232774 0.70821739841220643 -0.4646685258557941
-0.89551900074971535 0.69171604290237221 -0.47131875215068914
-0.94915550963571094 0.673125433534429 -0.47567188733198412
-1.0020440891409856 0.65236603936747917 -0.47800559664964903
-1.0540246751070874 0.62960869784709816 -0.47824580060284683
-1.104917333793251 0.60495643950610822 -0.47645544652486543
-1.1547239800987983 0.57821855490980933 -0.47285916938872818
-1.2033179423757037 0.54948688859703576 -0.4673184917751545
-1.2505025723045 0.51900470904449669 -0.4597771313153603
-1.2962264938308805 0.48672259824117403 -0.45043987875286323
-1.3403570458898555 0.45266996494300138 -0.43922217237221328
-1.3828154579348768 0.41685542891497451 -0.42625601786765277
-1.4235320561675504 0.37925783382056033 -0.41159771399463463
-1.4622665950558251 0.3399144157039643 -0.39510478731337451
-1.4988657845926823 0.29885936818434877 -0.37680210987518797
-1.5331895730703384 0.25621234487857469 -0.35672655680440346
-1.5651723754442251 0.2118404497067401 -0.33508987935133472
-1.5946125101401143 0.16592456456767668 -0.31179634152036378
-1.6213028509100891 0.11833904074295103 -0.28700913413662532
-1.6451335076928684 0.069404814575016793 -0.26063374982085713
-1.6657781724951577 0.019187648208640828 -0.23276015613008694
-1.683206699339415 -0.032511058935604242 -0.20365428786884338
-1.697127244173704 -0.0854928065442907 -0.17333937526791937
-1.7074567862934771 -0.13948845818009048 -0.14182876796459407
-1.7139570370732105 -0.19432668995853192 -0.10923422267224457
-1.7164459610481331 -0.24987704819345791 -0.075681929538620976
-1.7148068323956012 -0.3060354788661202 -0.041355179981228757
-1.7088114362885876 -0.36176850642356995 -0.0059045360886990899
-1.698605638142114 -0.41768526464914169 0.029985374184854117
-1.6837536210991888 -0.47348701708799756 0.066251341555903981
-1.6641115818385501 -0.52772788939453463 0.10313654042153828
-1.6397342278353622 -0.58131403424525885 0.13977715149702022
-1.610626722644815 -0.63373518285253161 0.17620337123118771
-1.5769075647441875 -0.68401581327965044 0.21248738957974853
-1.5385754477751328 -0.73221997989646337 0.24812040082213888
-1.4956799426180474 -0.77838431385349716 0.28267814512224543
-1.4483676878780971 -0.821996841391885 0.31604834921318903
-1.3968699127547468 -0.86254748624269306 0.3480529596022835
-1.341380485134317 -0.89980160375308016 0.37833001202727934
-1.282192022823232 -0.93372443196425758 0.4066530525370195
-1.2194904068570986 -0.96423975630231651 0.43264864073162573
-1.1535269578468572 -0.9910666920146457 0.45584886395813601
-1.0848278286941351 -1.013680107978769 0.47640033415449706
-1.0137053381569197 -1.0322913424476399 0.49386280242529274
-0.94046289307625108 -1.0468604462368538 0.5081800161599721
-0.86556972393028686 -1.0571124535121625 0.51913227703508202
-0.7894706063059902 -1.0630678675520238 0.52610503548501719
-0.71265714917242506 -1.0647523970923269 0.5289980954548601
-0.63558852107531816 -1.0621837365454141 0.52781642113985017
-0.55869250241031376 -1.0554472038156231 0.52252011227041262
-0.48229405239163436 -1.0448378004713903 0.51284754019083945
-0.40713038827073711 -1.0303330926416541 0.49844643155477669
-0.33368957852116332 -1.0121684875550758 0.47938318421172094
-0.26192463864623006 -0.99086637491298235 0.45555159046922972
-0.19280031897348351 -0.9663904063261316 0.42665065204584246
-0.12671082609878789 -0.93923836445350284 0.39267010091601923
-0.063802756093490481 -0.90985097548837091 0.35330689373660773
-0.0046668405365425381 -0.87849066326467906 0.30836761641773835
0.0498201766325303 -0.84589134134762001 0.2573667188541478
0.09488359563950724 -0.81518239792545 0.20125945914868543
0.12808437142734505 -0.79156577455456367 0.14456057720389257
0.1571589120010233 -0.7751326245451039 0.0884959358244541
0.18690120480148575 -0.76156847230554525 0.031497501358016426
0.21196102279032786 -0.74975214449767613 -0.023583723914593704
0.23229782791070086 -0.74194831555396656 -0.074967995284769579
0.25509680711811783 -0.73952458631181484 -0.12453764500529253
0.28385261262055639 -0.74120901620368329 -0.17246144544246816
0.31780981533572517 -0.74488864628653328 -0.21815943801470083
0.35627416517254118 -0.74917277509351121 -0.26136356510953035
0.39829569971640466 -0.75349725598389294 -0.30198705206958987
0.44363634275605868 -0.75710699481589894 -0.33984425655781375
0.49209866079950026 -0.7596129171299576 -0.37477073224531188
0.54293131752184942 -0.76097091996157062 -0.40681913894359839
0.59595607856673516 -0.76075616894184528 -0.43586373204999829
0.65097034549174537 -0.75869482479106687 -0.46175376760849957
0.70755537344519015 -0.75474511783968823 -0.48443625721937567
0.76539333292873812 -0.74870847070152446 -0.50395050146415477
0.82422042174337373 -0.74040441444414984 -0.52036674303760888
0.88375164016301588 -0.72980178446302246 -0.53371109412807427
0.94362564792118298 -0.7168655898967452 -0.54352061266864238
1.0036077582361409 -0.70119831786128339 -0.55010328338928993
1.0633991579282012 -0.68299356566367242 -0.55342780078775744
1.1225769705111199 -0.66236667965980744 -0.55348603549914244
1.1810102275071581 -0.63901553799649125 -0.55052753890732031
1.2383308320801831 -0.61295753893886706 -0.54441090908355294
1.2942060537280524 -0.58430165187572281 -0.53518691834885534
1.3483890666115659 -0.5531261272783502 -0.52300063801467034
1.4005306425683919 -0.5195357558029069 -0.50786607649028515
1.4503772084390576 -0.4833773312265035 -0.48999417754524704
1.4977362670833814 -0.4446540029518764 -0.46952997545556124
1.5422475942724887 -0.40372791152887733 -0.44645897590148115
1.5835911012871751 -0.36084383295494937 -0.42090130221221755
1.6216439893075623 -0.31564915752350409 -0.3932560586706319
1.6561670064176754 -0.26840939008393827 -0.36352942390337323
1.6868987464987688 -0.21985574972236349 -0.33176541860342373
1.7136832618383542 -0.16932700216786539 -0.29849562255475043
1.7361953418430278 -0.11749765227471543 -0.26353528993601444
1.7543210515592287 -0.064755079823482886 -0.22726155505725651
1.7680044276601252 -0.0108983366498141 -0.18992965856087296
1.8372345616647119 0.031723152991679299 -0.12075965833770501
1.8318675887936668 0.12488630799097557 -0.058202202703530576
1.7775958941415189 0.17154027813761552 -0.050640302147110572
1.7232913584971452 0.20970121634089278 -0.048472881439827482
1.669262323440152 0.24813317307467239 -0.046306003610414356
1.6155141333324718 0.28684140586320039 -0.044139689988709457
1.5620519758471469 0.32583101809023218 -0.041973961521768674
1.5088808797611704 0.36510695682772831 -0.0398088387659312
1.4560057128128889 0.40467401072809739 -0.037644341879051586
1.4034311796247896 0.4445368079807267 -0.035480490612902683
1.3511618196924025 0.48469981433357334 -0.033317304305750528
1.2992020054400735 0.52516733118054026 -0.031154801875104353
1.2475559403443321 0.56594349371532571 -0.028993001810644868
1.1962276571255177 0.60703226915245279 -0.026831922167331667
1.1452210160083662 0.6484374550161065 -0.024671580558693961
1.0945397030521715 0.69016267749743365 -0.022511994150305522
1.0441872285511453 0.73221138988090539 -0.020353179653446438
0.9941669255055875 0.77458687104031099 -0.018195153318954636
0.94448194816440434 0.81729222400496493 -0.016037930931268055
0.89513527063953091 0.86033037459664774 -0.01388152780266008
0.84612968559278501 0.90370407013777543 -0.011725958767670687
0.79746780299561171 0.94741587823131301 -0.0095712381777338876
0.7491520489622191 0.99146818561284611 -0.0074173798960048814
0.70118466465651352 1.0358631970752792 -0.0052643972923872616
0.6535677052732547 1.0806029344665447 -0.0031123032387625595
0.60630303909383332 1.1256892357606985 -0.00096111010442424707
0.55939234661699266 1.1711237542027768 0.0011891702482837304
0.51283711976486701 1.216907957527706 0.0033385264681206174
0.46663866116460939 1.2630431272536025 0.0054869477188949521
0.42079808350589776 1.3095303580497117 0.0076344236832009606
0.37531630897458268 1.3563705571792317 0.0097809445659438801
0.33019406876267721 1.4035644440172583 0.011926501097653669
0.28543190265489654 1.4511125496440354 0.014071084537585885
0.24103015869192837 1.4990152165136652 0.016214686676607946
0.19698899291054545 1.5472725981984445 0.018357299839871295
0.15330836916071083 1.5958846592089095 0.0204989168892671
0.10998805899973198 1.6448511748896988 0.022639531225665876
0.0670276416635356 1.6941717313912803 0.024779136790939963
0.026331148380103142 1.7430714959961517 0.026208828198069033
-0.02182108336769753 1.7584412623776355 0.052180550218218602
-0.074517349650039616 1.7536243794888828 0.090683411601381395
-0.12743445645631554 1.7441976960202461 0.12925265124172503
-0.17967268413294082 1.7302542218873467 0.16726800820958515
-0.23102240346014127 1.7118489448349821 0.20464741783708346
-0.28132089576397257 1.689100154186471 0.24089883454330638
-0.33007157019520239 1.6620840962161223 0.27612706583459629
-0.37738142078358716 1.6308840881912143 0.3098994924729242
-0.42287400750960369 1.5958130619204582 0.3420009811570946
-0.46625433896084933 1.5570110297470765 0.37239206938963509
-0.50754357885101864 1.5146335559430493 0.40076979694219861
-0.54657024307472302 1.4689594030489466 0.42691864849762828
-0.58311571569398868 1.420266004806189 0.45068868266267997
-0.61703013349424973 1.368783613664017 0.47194290690468488
-0.64830757432502406 1.3147738951966788 0.49049001869504411
-0.67688510747581065 1.2585433780540032 0.50616533825981858
-0.70267153879951461 1.2003998528488586 0.51883338855377403
-0.72556755700744313 1.1406616767307334 0.52836805646094331
-0.74553521705906856 1.0796725459263783 0.53474644973819307
-0.76269406345776303 1.0176739661352334 0.53783538437838352
-0.77703900287199257 0.95507003897713394 0.53749987127939225
-0.78847719419982731 0.89216102813663711 0.53377933678377198
-0.79724057058112852 0.82925495195848264 0.5264018293382916
-0.80327295676294252 0.76676620478167001 0.51546871217617451
-0.80673397280961945 0.70500363710231706 0.50105233515795589
-0.80779090244614804 0.64426520224512407 0.48310047081661506
-0.80663049910660978 0.58491089085389925 0.46154519801324695
-0.80333895191228166 0.52735707237425833 0.43639362329853731
-0.79816652759042328 0.47189717282263766 0.40770269068791393
-0.79149883453543901 0.41879556932362638 0.37557023168754294
-0.78350531453225958 0.36864931922537325 0.33995615785159111
-0.77453192009470773 0.32178409383700596 0.30091293853664081
-0.76527588097200439 0.27850377739947957 0.25859289403960473
-0.75630255946728941 0.2396126697965873 0.21298496259521843
-0.74889974865854991 0.20575840471427836 0.16418551700061421
-0.7449969405340916 0.17765356444081892 0.11246310129229481
-0.74637218680997197 0.15317504066813675 0.057935140794150075
-0.75285611888404713 0.12698943209146102 0.0005776291075847101
-0.76226044728793263 0.097931402765635403 -0.057556141692663314
-0.77498026669225628 0.069365902268079704 -0.11490208934250862
-0.79459952312872173 0.037705932426801148 -0.17219327158795586
-0.82078752229970975 -0.003461215619025293 -0.22747607609082571
-0.84905502062718119 -0.05270765815197348 -0.27753883501828075
-0.87677543886431386 -0.10657286518096365 -0.32212084786035089
-0.90315018696541705 -0.16434502895108533 -0.36165874247931978
-0.92779480250929836 -0.22548445123864397 -0.39630113234298375
-0.95025910281151993 -0.28978572030835703 -0.42626003362884174
-0.97003978051403505 -0.3568584706932092 -0.45147907135290516
-0.98713286535312905 -0.42587545218051892 -0.47221970554106696
-1.0010158778546501 -0.49683168160532076 -0.48852066159149482
-1.0114391767842552 -0.5692535165569953 -0.50029349698679215
-1.0183868360480499 -0.64247487425894068 -0.50784816446532144
-1.0215899350525832 -0.71618309960279247 -0.51135680310123588
-1.0209185749276224 -0.78997321502382634 -0.5107968690128406
-1.0163535295110835 -0.86337136514012236 -0.50624865343267078
-1.0078181074826109 -0.93594541394926678 -0.49771987771848464
-0.99508263836088773 -1.0073262416791486 -0.48566428245990911
-0.97844258090077862 -1.0769488456643428 -0.47030959189292781
-0.95811313558788469 -1.1444671878585608 -0.45166231059017509
-0.93368490376273683 -1.2096259437596513 -0.43023137911904624
-0.90563947605055906 -1.2718645745337223 -0.40583361660809947
-0.87420248078218221 -1.3308989316613822 -0.37884325950169578
-0.83942322732669838 -1.3865154207640042 -0.34966219597920134
-0.80138063453358854 -1.4383778878278224 -0.31846295613534947
-0.7602179665351636 -1.4862353839756772 -0.28558090216211213
-0.71643507741517998 -1.5298591938816228 -0.25126118004442893
-0.67049844429992522 -1.5690583563263698 -0.21561748312032969
-0.62229701209548982 -1.6036915378780505 -0.17904772351871143
-0.57190399612164911 -1.6337260686868702 -0.142040451579344
-0.52025028811237273 -1.6590167495828059 -0.10455943044832139
-0.46767810868253279 -1.6795195489599637 -0.066701520227481104
-0.41355997129157496 -1.6953016449228886 -0.029260860890912368
-0.35915545614800926 -1.706192984587553 0.0080042961407890151
-0.30472142467675756 -1.7124464685791829 0.044950815882979389
-0.24995189943771692 -1.7143341481628052 0.080908437182346055
-0.19571735468663778 -1.7118804264745391 0.1161433669102835
-0.14209653944287551 -1.7052628085170238 0.15038446642407435
-0.089410394531293375 -1.6945927980599342 0.18357982033124326
-0.037712377099668487 -1.680087587964902 0.2154959161903818
0.01273625978229026 -1.6619228397194994 0.24606244846583952
0.061474549263548978 -1.6403394383255434 0.27532679394659137
0.10889368222992774 -1.6154673952220793 0.30295581633527269
0.15487825719175366 -1.5876186948822673 0.32878619552488569
0.19889996582258007 -1.5569291864703021 0.35300059999107364
0.24147118627280839 -1.523667788315155 0.37526159093413303
0.2821821158528337 -1.4880916972087115 0.39571595486873584
0.32104098650870838 -1.4502729503255356 0.41420084311785271
0.35819890157232392 -1.4104426547108453 0.43064012258765433
0.39373052825284094 -1.3687524685865946 0.44496402647745592
0.42716728120043346 -1.3254749592435848 0.45727105629289411
0.45862820816971195 -1.280718636899087 0.46761851522796821
0.48861761181124597 -1.2345816339935456 0.4758089124106793
0.51684194112246962 -1.1872531544337144 0.48198681612827854
0.54337405845322007 -1.1387979185167043 0.48595834371607588
0.56799698065533544 -1.0894336962062998 0.48779860031662003
0.5906741826591636 -1.0393109666951257 0.48770628582513953
0.61170275830159271 -0.98836758255979118 0.48544368994965376
0.6309601784837926 -0.93682597619466768 0.48097718561868236
0.64824639400416695 -0.88485639624745482 0.47442483463091822
0.66378678843949024 -0.8324799909087951 0.4654997510367338
0.67748532925609006 -0.77988343402871407 0.45435765385131621
0.68926595972351912 -0.7272260315712713 0.44100372032344609
0.69916055728644777 -0.67462754110723333 0.42537014410880825
0.70724611455379305 -0.62220956070268529 0.40731756700041755
0.71343383963795137 -0.57038861957061671 0.38677995973722495
0.71767167007660904 -0.51933947632606015 0.36371892928986194
0.7202699359384902 -0.46898911606536287 0.33800997960633611
0.72118468247035705 -0.4199700961723779 0.30969105228787769
0.72044922871559791 -0.37257558856748563 0.278573983509392
0.71846095640458396 -0.32683203060963228 0.24458288120294183
0.71547693602716256 -0.28354789438144468 0.20765831887902142
0.71205512437019136 -0.2432824141386436 0.16752356941542484
0.70929948627939254 -0.20664855616567951 0.12384605974410717
0.70843268354354261 -0.17315172231354659 0.075393490899056281
0.7109627990571088 -0.14000351260382926 0.020908156611449225
0.71736191507416991 -0.10544846889779647 -0.036582486009713817
0.72670603108280796 -0.071098385617069132 -0.093754198044591716
0.74098534362053647 -0.03611100700033848 -0.15192312136173508
0.76256288028508024 0.0045763304754445344 -0.20997332884485465
0.7887580806918717 0.052439100958372592 -0.26295161405209122
0.8158213494321096 0.10477473922639266 -0.30928175292071863
0.84217133721672743 0.16050293665863993 -0.34989977302336212
0.86716930950564852 0.21934706617534253 -0.38534073242433281
0.890419614806369 0.2809235817329635 -0.41608280422655053
0.91138954344268708 0.34508858737954029 -0.44225683037701186
0.92990609949038627 0.41124998027603343 -0.46411365947016925
0.94562821641036809 0.47920471627870193 -0.48186513802685338
0.95825266359496419 0.54870678642348414 -0.49547531514465781
0.96764329529948534 0.61926747399815207 -0.5051248483649039
0.97360562444789356 0.69054056370410333 -0.51101790454266804
0.97596237026099442 0.76220046212047854 -0.51325895295894508
0.97464667559911566 0.83387534504153926 -0.51187961672612969
0.96960927237323624 0.9051774181521931 -0.50695778175412887
0.96074562741010938 0.97578086143816956 -0.49869615566935727
0.94798148208943189 1.0453145221564051 -0.48733080385636129
0.93147396353317657 1.1133759443785385 -0.47293443857987039
0.91116316454128943 1.1796884762386859 -0.45568298688920589
0.88701387759387829 1.2439082863343129 -0.43574334544349308
0.85919960299508424 1.3056555742807734 -0.41325942743728722
0.82792171586428798 1.364591858738434 -0.38840564774386827
0.79324258579718698 1.4205216905690041 -0.36145944352391091
0.75522386878277492 1.4731824822334838 -0.33269578310968823
0.71419260319367062 1.5222605970378504 -0.30222154140320018
0.67042142383860637 1.5675509042279425 -0.2702639745594721
0.62407179022558779 1.6088952322172538 -0.23700864845341618
0.57517367186581436 1.6461488760563423 -0.20275530193755315
0.52420114521977401 1.6790994407846842 -0.16767331168220895
0.47146630398125233 1.7076853546750184 -0.13191685488156579
0.41703764947677258 1.7318325006630788 -0.095767745337749635
0.36133920456188895 1.7514452767074489 -0.059367410515009225
0.30466793689968985 1.7665583966812815 -0.022899371077906582
0.24719855588756001 1.7771047385569094 0.013463805399767688
0.18928851329381385 1.7831764923956328 0.049534259249804424
0.17168568507429519 1.7389685610049836 0.091292275738271284
0.21736493151918695 1.8307508379729396 -0.010940657252870297
0.2142525183470507 1.7888872658144419 0.0059577331093782493
0.25155399941073531 1.7339631288496196 0.0048363297767157164
0.28913092690357156 1.6793100603103595 0.0037143978671217229
0.32698864434149844 1.6249333186628823 0.0025919156860719425
0.36513233858096772 1.5708380082047144 0.0014688619180922866
0.40356703761213741 1.5170290768930097 0.0003452156347924821
0.44229760841664933 1.4635113142363876 -0.00077904369726725423
0.48132875489074223 1.410289349251109 -0.0019039362088780554
0.52066501583448355 1.3573676484823221 -0.0030294816206556888
0.56031076300787552 1.3047505140910696 -0.0041556992356888874
0.60027019925451053 1.2524420820078266 -0.0052826079323636758
0.6405473566935036 1.2004463201531967 -0.0064102261573673481
0.68114609498034151 1.1487670267264618 -0.0075385719188736898
0.72207009963732838 1.0974078285625652 -0.0086676627799127416
0.76332288045419749 1.0463721795581984 -0.0097975158519262202
0.80490776995950686 0.99566335916753967 -0.010928147788511356
0.84682792196340417 0.94528447096818646 -0.012059574779355792
0.8890863101722607 0.89523844129785446 -0.013191812544364483
0.93168572687571016 0.8455280179623359 -0.014324876327981179
0.97462878170660716 0.79615576901516727 -0.015458780893706926
1.0179179004743213 0.74712408160951427 -0.016593540518816324
1.0615553240718305 0.69843516092268265 -0.017729168989273878
1.1055431074570417 0.65009102915363082 -0.018865679594852643
1.1498831187086853 0.60209352459391807 -0.020003085124455776
1.1945770381571719 0.55444430077239648 -0.021141397861643263
1.23962635759072 0.50714482567400465 -0.022280629580364846
1.2850323795370933 0.46019638103291832 -0.023420791540901341
1.3307962166211855 0.41360006170038838 -0.024561894486014622
1.3769187909987166 0.36735677508748121 -0.025703948637307957
1.4234008338662947 0.32146724068291982 -0.02684696369179862
1.4702428850479889 0.27593198964627208 -0.027990948818702559
1.5174452926586077 0.2307513644766184 -0.029135912656432807
1.5650082128438476 0.18592551875682334 -0.030281863309813247
1.6129316095973771 0.14145441697356681 -0.031428808347507248
1.6612152546549706 0.097337834413197474 -0.032576754799662648
1.7098587274657684 0.053575357133440513 -0.033725709155774546
