1.7630044175220296 -0.0084963401894888602 -0.015787453775344084
1.7798431474283689 0.056034558986267607 0.038120811241681415
1.7728933106116262 0.11277565263294531 0.073936134433071454
1.7616123349570179 0.16896572144362829 0.10947241015115933
1.7459617510761645 0.22438151053125643 0.14453220976774192
1.7260706552311207 0.27876769366764209 0.17897931833768671
1.7019955426267424 0.33192894900363318 0.21262096788212909
1.673830662073708 0.38360539885338185 0.24531021911318912
1.6417398351221557 0.43360590718546227 0.27689298763072684
1.6058310749214093 0.48175858704295649 0.30714872100149626
1.5662618083842577 0.52780443552892797 0.33599386303128653
1.5232283300618648 0.57161855038842724 0.36320597825332696
1.4769241225517942 0.61305560936432313 0.38860284628738823
1.4275551519390119 0.65194470097409529 0.41207666577304281
1.3753284560296795 0.68813531557020369 0.43345619316423117
1.3205061633971451 0.72151087239771117 0.45263375197459449
1.2633306716290713 0.75203306422940064 0.46939149297714955
1.2040326092098241 0.77955604917531329 0.48362974375540202
1.1428857192862036 0.80397158693671056 0.4951992704501787
1.0802175587809213 0.82528728565469245 0.50399491915186168
1.0163084224914452 0.84348479133572052 0.50995772420469299
0.95143250559969028 0.85853111161334317 0.51296638942063033
0.88589305278893582 0.87042507646055001 0.51291385810304846
0.82000711425256412 0.87922850929995611 0.50966187626613357
0.75408329043612099 0.88496679441174608 0.50317671545880582
0.6884310204532097 0.8877030860054832 0.49341453643213723
0.62336687795793533 0.88752471591133364 0.48031831814199821
0.55921165376156334 0.88459301906341103 0.4637851947730795
0.49630346004666703 0.87897451391487402 0.44374823446601247
0.43499761373739976 0.87090164935989156 0.42014408339459625
0.37558505358200611 0.86062587632810383 0.39299875277817203
0.31846093124739627 0.84835655612820282 0.36215314461346448
0.26404121541238357 0.83437304845930493 0.32756224807814094
0.21260836684306356 0.81923813210276364 0.2892420050907098
0.16484789705293393 0.80335239702046368 0.24687470858604435
0.12124899229960784 0.78774848772733241 0.20044734072867407
0.082626427740294439 0.77399761519278121 0.14975668332695974
0.048952596796261183 0.76444308690821616 0.095348501507628386
0.017277710569921362 0.76025762425503429 0.039299224853154971
-0.014771040962526211 0.7597112680758078 -0.016850547122939402
-0.046434200950285692 0.7622355949281916 -0.072976306485366224
-0.078689598628467056 0.76967076542829371 -0.1279427969936188
-0.11478967284823391 0.78189950458858659 -0.17971226945605678
-0.15600716913484905 0.79680140686139822 -0.22734208453582341
-0.20167053267093102 0.81255837281401222 -0.2709647459362759
-0.25115319334542441 0.82799791739731143 -0.31070620418380468
-0.30388616043662853 0.84248027876663778 -0.34673589116138631
-0.35947059173285945 0.85556369037085611 -0.37911342107585116
-0.41759443940321106 0.8667360799690198 -0.40780305139999323
-0.47779789111642135 0.87585423676774732 -0.43297568993508301
-0.53980246409788291 0.88269260332819066 -0.45462471436809487
-0.60328442297483853 0.88685728832618138 -0.47272359773351308
-0.66786379653970662 0.88834148864086449 -0.48736864162586369
-0.73323155360346526 0.88698685946540545 -0.49865625311183581
-0.79906249379969985 0.88265730985769597 -0.50664954898715797
-0.86504316279910176 0.8752814256598267 -0.51139493595606555
-0.93086550661069478 0.86481042102388805 -0.5129221442305838
-0.99620903035951169 0.85119349971753455 -0.51129805404150519
-1.0607622708572211 0.83438047569688378 -0.50670959258733905
-1.1242373735570468 0.81443446596583668 -0.49913778738771236
-1.1863343601124285 0.79131644788458133 -0.48877621830364887
-1.2467512927689608 0.76504599443830978 -0.47572038611797257
-1.305206904579469 0.73573883301414067 -0.46002016788411387
-1.3614393772710112 0.70347152069309438 -0.44182658963005839
-1.4151873462946547 0.66829138959826673 -0.42131980407106517
-1.4661789963494216 0.6303258092413655 -0.39859051688551644
-1.5141900185028474 0.58967228715080577 -0.37385532248647407
-1.5589739446326407 0.54648371425259401 -0.34720322290300754
-1.6002945906444961 0.50092569408047938 -0.31880160024037579
-1.637974645144161 0.45318847297557036 -0.28883507349126397
-1.6718499425299385 0.40345505065164794 -0.25748617639443272
-1.7017754257687967 0.35190359945823668 -0.22495778569153055
-1.7275984804885705 0.29878399611138384 -0.19135287137340309
-1.7492048125202659 0.24428304814657489 -0.15691913376777367
-1.766511352706412 0.18869331523002175 -0.1217219792265461
-1.7794088732389159 0.1321870855403933 -0.086051720709695217
-1.787895336257092 0.075045180821217847 -0.050014722072805565
-1.7918775690861177 0.017522370226140976 -0.013767407358901437
-1.7914006766650872 -0.04010668656286745 0.022570298085137525
-1.7863923279217735 -0.097601982764889628 0.058811593561967135
-1.7769289889906004 -0.15468683286863211 0.094829365339982236
-1.7629957869055901 -0.21111262949781845 0.13046496870520954
-1.7446727764631456 -0.26656638279615941 0.16560944184610982
-1.7220384293993998 -0.32098365919292321 0.19990591226758511
-1.6950877290510515 -0.37390175000933401 0.23341970780146459
-1.664047970987595 -0.42517663132424677 0.26580321475144292
-1.6290659395833553 -0.47467413785955825 0.29685818775236084
-1.5902612882317426 -0.52206336377820983 0.32658125199657423
-1.5478389031962392 -0.56721561450319824 0.35468415902751499
-1.5020033077144999 -0.60998400288021259 0.38097498346535824
-1.4529597492203286 -0.65020252873602813 0.40531569398052436
-1.400924276847938 -0.68767026691551691 0.42759641916489793
-1.3461623924127448 -0.72229156444906539 0.44761973008982253
-1.2889435374235951 -0.75396769008181763 0.46523136598781489
-1.2295394735420708 -0.78264395271698717 0.48029233803435628
-1.1681969030982762 -0.80820510284583791 0.49265452568657131
-1.1052287668310383 -0.83057319380646533 0.50224075759625997
-1.0409499943620732 -0.84970844255644751 0.50898548234037821
-0.97566474111127399 -0.86568474337972268 0.51268220582697954
-0.90964976624245431 -0.87840227139959037 0.51333951282966006
-0.84325023246814967 -0.88793023600739673 0.51071547140887485
-0.77680626623788906 -0.89430604195774654 0.50479904348030424
-0.7106402384523981 -0.89761533358299028 0.49557681465356029
-0.64507303968318219 -0.89794868618360557 0.48300384615007436
-0.58043895876999563 -0.89545691986439635 0.46700035915485499
-0.51707299040290688 -0.89028616167347552 0.44746983296035436
-0.45533677996534472 -0.88256943996882897 0.42438552973037325
-0.39553881153402393 -0.8726217629271048 0.39779274768868866
-0.33803361981881619 -0.86066322642372428 0.36757673541407082
-0.28326862236939432 -0.84692794460967014 0.33366798753753607
-0.23155691243667911 -0.83199541416750045 0.29611214629751315
-0.18341093541652134 -0.81630443983947776 0.25478293157216986
-0.13939577617865659 -0.80071113301592056 0.2096436544282462
-0.10023956250299118 -0.78660401140002845 0.16065120957677137
-0.066262352867827362 -0.77601089654747568 0.10800101305918219
-0.035102316852705595 -0.77063335323220561 0.052927862747006477
-0.0034897123536099528 -0.76938995384364328 -0.0027551479156825093
0.028107454044735136 -0.77090583050211248 -0.058427248175026487
0.059550673004805585 -0.77677901993956189 -0.11358394531371359
0.094336553576932602 -0.78792285767941905 -0.16641202074417905
0.13450725993156043 -0.80242233088673354 -0.21547312231891505
0.17948968664646525 -0.81820228228630831 -0.26053483109485065
0.22853183669515265 -0.83392611567531805 -0.30166772861115021
0.28105836613297308 -0.84879368621968776 -0.33894353280807987
0.33656647421764257 -0.8623446251287884 -0.37251334476528991
0.39473670179256626 -0.87402793159995207 -0.40231151628573969
0.4550924577088441 -0.88366358893554053 -0.42845629768519145
0.5173100717892094 -0.89099661254236573 -0.45103893135552653
0.58106204674914763 -0.89573298573543447 -0.47002730018739358
0.64597211499487894 -0.89774842726794446 -0.48549413965659893
0.71171416611764482 -0.89691396436754645 -0.49751506021159514
0.77795197211859468 -0.89308309362265537 -0.50618015613442924
0.84436057774257767 -0.88618129854745897 -0.5115443931649194
0.91063438962525256 -0.87615301317132832 -0.51364318142291154
0.97643151788158078 -0.86293364638570413 -0.51246726750520688
1.0414022355885633 -0.84646824601814841 -0.50830432242876944
1.1052837777247257 -0.82689029752317289 -0.50110770082037259
1.1677772889052973 -0.80412297896046192 -0.49110137314774394
1.2285760366560885 -0.7782102151651894 -0.4783665365984428
1.2873860925945382 -0.74924545294893952 -0.46297944057322998
1.343957315236936 -0.71732353991001918 -0.44510962966146522
1.3980376049979453 -0.68252834407416951 -0.42488970549483673
1.4493642151165733 -0.64495549159537069 -0.40246028769380049
1.4976897700818124 -0.60470597550459881 -0.3780319957440359
1.5428121262995693 -0.56197930002211172 -0.35170744665785353
1.5845286199681605 -0.51694135945359709 -0.32361776796717778
1.6226492398055268 -0.46972797425609902 -0.29398105838823435
1.6569902109116159 -0.42048682556585659 -0.26303462798728255
1.6874192042494514 -0.36952440813654952 -0.23080264542067735
1.7138150505258487 -0.31698423559129985 -0.19750952780371211
1.7359883286540909 -0.26300442151016545 -0.16344538993930482
1.7538900246294402 -0.20802204845299382 -0.12853298754207002
1.767474650403825 -0.15209160464667582 -0.093199718487578631
1.7766781606911872 -0.095532661571604616 -0.05748725709788511
1.7768025536236058 -0.028138361374550447 -0.018292669775792903
1.7245309283806252 0.025999158206882006 -0.017015200121041043
1.6772042129909492 0.072450734691425253 -0.017498186630031852
1.6314108965702177 0.11900113492224676 -0.017010105594551524
1.5856175801494863 0.16555153515306822 -0.016522024559071195
1.5398242637287558 0.2121019353838885 -0.016033943523590877
1.4940309473080244 0.25865233561470996 -0.015545862488110551
1.448237630887294 0.3052027358455302 -0.015057781452630235
1.4024443144665626 0.35175313607635167 -0.014569700417149906
1.356650998045831 0.39830353630717319 -0.014081619381669576
1.3108576816251005 0.44485393653799349 -0.01359353834618926
1.2650643652043692 0.49140433676881495 -0.013105457310708933
1.2192710487836389 0.53795473699963514 -0.012617376275228619
1.1734777323629073 0.5845051372304565 -0.012129295239748291
1.1276844159421757 0.63105553746127818 -0.011641214204267961
1.0818910995214455 0.67760593769209831 -0.011153133168787646
1.0360977831007139 0.72415633792291978 -0.010665052133307318
0.99030446667998229 0.77070673815374136 -0.010176971097826989
0.94451115025925203 0.8172571383845616 -0.0096888900623466733
0.89871783383852044 0.86380753861538317 -0.009200809026866345
0.85292451741779018 0.91035793884620331 -0.0087127279913860288
0.8071312009970586 0.95690833907702488 -0.0082246469559057005
0.76133788457632701 1.0034587393078462 -0.0077365659204253721
0.71554456815559675 1.0500091395386666 -0.0072484848849450577
0.66975125173486516 1.0965595397694878 -0.0067604038494647276
0.62395793531413501 1.1431099400003082 -0.006272322813984414
0.57816461889340343 1.1896603402311299 -0.0057842417785040857
0.53237130247267195 1.2362107404619511 -0.0052961607430237565
0.48657798605194147 1.2827611406927715 -0.0048080797075434412
0.44078466963120999 1.3293115409235927 -0.0043199986720631129
0.39499135321047846 1.3758619411544144 -0.0038319176365827837
0.34919803678974803 1.4224123413852348 -0.0033438366011024684
0.30340472036901656 1.468962741616056 -0.00285575556562214
0.25761140394828619 1.5155131418468768 -0.002367674530141823
0.21181808752755463 1.562063542077698 -0.0018795934946614951
0.16602477110682309 1.6086139423085193 -0.0013915124591811667
0.12023145468609271 1.6551643425393396 -0.00090343142370085067
0.074438138265361192 1.7017147427701613 -0.00041535038822052223
0.027153249481900454 1.7569750130665369 -0.0041803252234265918
-0.037093038094945296 1.7807410552244383 0.021268834133160136
-0.097559623432527137 1.776469734264793 0.058867684075082333
-0.1541011368879063 1.767118329409497 0.09457264874520302
-0.21000784851636553 1.7533806584823091 0.12989933374333903
-0.26495679207926037 1.7353239351995731 0.1647862125844925
-0.31890252115090301 1.713023190762585 0.19880637237258689
-0.3713974380958468 1.6865249168934859 0.23211976601405149
-0.42232094624842487 1.6559408177416963 0.26431296955915956
-0.47151072597104626 1.6214612685566743 0.29520570098095911
-0.51865906222130731 1.5832033776648879 0.3248010822128744
-0.56362129397988903 1.5413455515097985 0.35283201799157621
-0.60626097441587523 1.4960945063575077 0.37909777327346728
-0.64642187901969617 1.4476492527854181 0.40346225781893735
-0.68390542039854851 1.3962064546522663 0.42580538222107589
-0.71859931314479053 1.3420213016248512 0.44594915350296666
-0.75042001474765152 1.2853522806770665 0.46372567947568089
-0.77928416015386681 1.2264544554422216 0.47900366352413026
-0.80508950032662641 1.1655784293272604 0.49163260013052978
-0.82774351140126856 1.1030176366936648 0.50152891091512608
-0.84720993754260099 1.0390825782175788 0.50860705074550561
-0.86355981076885135 0.97406636836585347 0.51266273933929829
-0.87665348266412702 0.90824684982729353 0.51371656055114268
-0.88661119856719606 0.84196368596107185 0.51153886863594
-0.8934100317180087 0.77553112529056578 0.5060558020672713
-0.89712167692341138 0.70928890301597225 0.49725815640276144
-0.89783756739553566 0.64356238058250703 0.48510528890699212
-0.89571937407752933 0.57868084833426825 0.46950372916257632
-0.8908779219008327 0.51496954577789333 0.45037569299336344
-0.88344662125384565 0.45280914976699393 0.42765193974741805
-0.87372379906722286 0.39252495172423113 0.40136288711588031
-0.86195926637552689 0.33444203605804174 0.37141704976393208
-0.8483418241267795 0.27904160352834445 0.3376987235356384
-0.83343592158721247 0.22663317572567895 0.3002741858747226
-0.81768321030181423 0.17773963403686943 0.25898310482382386
-0.80192869173759096 0.13293757188484767 0.21375965536945424
-0.78753652155714948 0.092989810903436082 0.16452928801788405
-0.77658008196854456 0.058377092117305227 0.11159319583229442
-0.77091444397457365 0.026967060812759319 0.056398950548509741
-0.76950211496661725 -0.0046457119028874005 0.00071257708158808182
-0.77080796667201423 -0.036233772231646977 -0.054959572124753345
-0.77637197172233063 -0.067395209914056869 -0.10998293067444209
-0.78714652807087537 -0.1015217154041636 -0.16251959793721263
-0.8013455120508981 -0.1408774839770911 -0.2113645927622862
-0.81696239968877638 -0.18506989345636377 -0.25634875445161709
-0.83264079758526743 -0.23336527236852767 -0.29752491564764788
-0.84753826374730878 -0.28520604187894438 -0.33493137940132423
-0.86122201134450616 -0.34007971531757464 -0.36870308288910164
-0.87309890024373216 -0.39768442857699371 -0.3987739316903236
-0.88296716962546351 -0.45756010990422746 -0.42522806319248074
-0.89059294486877749 -0.51936360226899159 -0.4481789355315538
-0.89566030832449539 -0.58278676853153932 -0.46756968938505322
-0.89803403585531427 -0.64746262622447759 -0.48342880714745745
-0.89757933840756055 -0.71305183110206538 -0.49588227125165163
-0.89414735801254275 -0.77922844189063167 -0.50497873556012207
-0.88765038867719803 -0.8456639537765217 -0.51076898737977205
-0.87802259558458173 -0.91204638372289859 -0.51329315027838796
-0.86521889926975737 -0.97805651846552999 -0.51252882678175093
-0.84910198564601158 -1.0433149442741927 -0.50873879037333725
-0.82983716935166929 -1.1075438240208695 -0.5018831508147289
-0.80734915245120198 -1.1704527453627889 -0.49218126665447387
-0.78166282355930305 -1.2317240752073513 -0.47972264679093896
-0.75287270878902546 -1.2910495689465922 -0.46456053438507455
-0.72107595016325721 -1.3481733009564421 -0.44685832445143325
-0.68634433723994193 -1.4028330276972931 -0.42675349751309949
-0.64876791776668286 -1.4547581178106657 -0.40439296378326756
-0.60844802037758472 -1.5036719544823507 -0.37997275349580512
-0.56559325172291686 -1.5493791225683764 -0.35361760431267086
-0.52036010559811341 -1.5916705452389701 -0.32544867123716681
-0.47288296579955169 -1.6303290206917125 -0.29568449449376066
-0.42332378455840558 -1.6651623736692578 -0.26457697448518736
-0.37199103052442073 -1.6960502834818967 -0.2321498734461408
-0.31903267723593176 -1.7228331977908335 -0.19862183019591934
-0.26459104250212218 -1.7453721173968137 -0.16430911929175621
-0.20907795326128417 -1.7635383416335033 -0.12913479914613793
-0.15261834210668077 -1.7773012519811688 -0.093491725254132615
-0.095525998612433966 -1.786595107149882 -0.057444445383915771
-0.038028870925271324 -1.7914248860510971 -0.021197583094164658
0.019588975517349366 -1.7917461706142515 0.015149346156246591
0.077087107944213695 -1.7875881113478962 0.051411798879702389
0.13420240185241031 -1.7789421720285206 0.087442270483922363
0.19068216773203212 -1.76587537645708 0.12308832353513752
0.24621435987418261 -1.7484042459342968 0.15827813673591248
0.30067367035955123 -1.7266454985350528 0.19266802889329601
0.35372531740552426 -1.7006641262547748 0.22625201373740977
0.40519230061166556 -1.6705843866754937 0.25875114723690801
0.45486392212267857 -1.636577314514057 0.29003357670576119
0.50251653242989702 -1.598759468142152 0.31994995908827417
0.54797744890486044 -1.5573167016046265 0.34829177822426699
0.59107730708484518 -1.5124507402876586 0.37488983977404605
0.63169213343719355 -1.4643612063516609 0.39954579528951467
0.66954004143662971 -1.4132433433233782 0.42222279715381883
0.70461129664238775 -1.3594000011812484 0.44265048596206452
0.73677337091204187 -1.3030823300630598 0.46075041591452892
0.76597533640158 -1.2445518939564018 0.47635401707241887
0.79212961226971013 -1.1840653834071895 0.48931043108729849
0.81513087295338327 -1.1219114023693564 0.4995673432396866
0.83495416566178882 -1.0583915334291603 0.50703766823832142
0.85166034789028899 -0.99380683996354835 0.51151615028523867
0.86515374856921423 -0.92843585439702869 0.51303261354594687
0.87550533926185892 -0.86260158257482555 0.51138436750842298
0.88277323889109727 -0.79662157714600779 0.50652069527709864
0.88699140228412887 -0.73080107844621423 0.49840450234024353
0.88824519201416186 -0.66545593559274663 0.4869922999818494
0.8866572378919324 -0.600908800115871 0.47222525158078954
0.88240442639196914 -0.53747415536369503 0.45400579961514725
0.8755071578916207 -0.47550307597397079 0.43228042788443843
0.86630278259786653 -0.41535023478785393 0.40699616534525329
0.85505309783722816 -0.35730159901642689 0.37817059123981017
0.84190422981976298 -0.30181173952459933 0.34564626293979217
0.82737848440851924 -0.24917958239995486 0.30947820269556764
0.81191565507929275 -0.19981973970331679 0.26958352641112526
0.796164145009846 -0.15431238993050989 0.22579191784635394
0.78133540236212173 -0.113272262603622 0.17798216871646272
0.76924866107826617 -0.077335415640031741 0.1260593170155643
0.76203509733338137 -0.045163082464955373 0.070991783025767891
0.75965109208030057 -0.013465917338702948 0.014856231584856038
0.76031157087874801 0.018575723245974368 -0.041295504194691739
0.76469389060567072 0.050281114685254757 -0.097312524545654366
0.77444463276537856 0.084129407119005406 -0.15158578304883272
0.78827046044818827 0.1229380280850839 -0.20211325080280965
0.80388707322357944 0.16669240460122978 -0.24837363363259918
0.81974648600820554 0.21458116959310852 -0.29057451302344262
0.83486815701734096 0.26607666295729204 -0.3287982724020686
0.84879805656596696 0.32060054154699469 -0.36324414031473373
0.86099393225001564 0.37781474078002952 -0.39393241806079227
0.87119445553565356 0.437296090668988 -0.42093160661789891
0.87917814488721546 0.49865972668647934 -0.44439675074932317
0.88467495363320947 0.56160735094544512 -0.46430768456215787
0.88751967690465416 0.62579208666490427 -0.4806988025773864
0.88758798241887626 0.69087498070568187 -0.49366206183604289
0.88473753322471327 0.75653103022464885 -0.50330026382105075
0.87888247429435762 0.82244726324685546 -0.5096648764192957
0.86996189142467628 0.88831292092605862 -0.51279819648173286
0.85795974808286213 0.95382345014124637 -0.51273502555352501
0.84278905529126635 1.0186571342420012 -0.50962855736085788
0.82447575107411708 1.0825154379686024 -0.50356881125380049
0.80306321611996545 1.1451249541288653 -0.49464825961568892
0.77853259276789721 1.2061908085008346 -0.48298698930809686
0.75092668533679718 1.2654217729026511 -0.46868999590644117
0.72032012697023462 1.3225362882559724 -0.45186632072563676
0.68684571412858786 1.3772787572604823 -0.43261268041918544
0.65055184985921977 1.4294029707572204 -0.41115766853165231
0.61156687171801527 1.4786656984879012 -0.38761948345839736
0.57003323369718517 1.5248477171528854 -0.36216000099396156
0.5261394582633635 1.5677602824700583 -0.33488873428837734
0.48000977699748348 1.6072003414625828 -0.30599785884176151
0.43178732346972448 1.6429734145516282 -0.27569612219131601
0.38172430110097111 1.674933390409838 -0.24407432351603506
0.32998651700031811 1.7029504619968776 -0.21134724048272796
0.27677779466736824 1.726873220504932 -0.17767645964198053
0.22234334757143037 1.7466216152211689 -0.14321753001210513
0.16689623976555726 1.7621127533665426 -0.10813015124774228
0.1106726359915096 1.77323779338785 -0.072600435527986923
0.045670894795490857 1.7791088791760674 -0.030420694778062793
0.065732629531990577 1.7314463808127147 -0.012036255436722145
0.11428609520181085 1.6902692149683074 -0.017022633363839159
0.16008932798126738 1.6437283142633099 -0.016559770487168946
0.2058925607607214 1.5971874135583142 -0.01609690761049876
0.25169579354017546 1.5506465128533189 -0.015634044733828571
0.29749902631963199 1.5041056121483209 -0.015171181857158362
0.34330225909908602 1.4575647114433261 -0.014708318980488175
0.38910549187853999 1.4110238107383304 -0.014245456103817986
0.43490872465799646 1.3644829100333324 -0.013782593227147776
0.48071195743745054 1.3179420093283372 -0.013319730350477588
0.52651519021690463 1.2714011086233414 -0.012856867473807402
0.57231842299635871 1.2248602079183466 -0.012394004597137217
0.61812165577581524 1.1783193072133487 -0.011931141720467001
0.66392488855526921 1.1317784065083532 -0.011468278843796816
0.70972812133472329 1.0852375058033576 -0.011005415967126628
0.75553135411417982 1.0386966050983599 -0.010542553090456418
0.80133458689363368 0.99215570439336453 -0.010079690213786229
0.84713781967308777 0.94561480368836937 -0.0096168273371160431
0.8929410524525444 0.89907390298337131 -0.0091539644604458278
0.93874428523199838 0.85253300227837592 -0.0086911015837756421
0.98454751801145235 0.80599210157338064 -0.0082282387071054581
1.0303507507909089 0.7594512008683828 -0.0077653758304352437
1.0761539835703633 0.71291030016338741 -0.0073025129537650562
1.121957216349817 0.66636939945839213 -0.0068396500770948696
1.1677604491292712 0.61982849875339663 -0.006376787200424683
1.2135636819087277 0.57328759804839868 -0.0059139243237544695
1.2593669146881816 0.52674669734340351 -0.0054510614470842838
1.3051701474676356 0.48020579663840812 -0.0049881985704140971
1.3509733802470922 0.43366489593341018 -0.0045253356937438845
1.3967766130265462 0.38712399522841501 -0.0040624728170736988
1.4425798458060002 0.34058309452341951 -0.0035996099404035104
1.488383078585457 0.29404219381842162 -0.0031367470637332978
1.5341863113649108 0.24750129311342639 -0.0026738841870631116
1.5799895441443648 0.20096039240843094 -0.0022110213103929241
1.6257927769238214 0.15441949170343305 -0.0017481584337227115
1.6715960097032756 0.1078785909984378 -0.0012852955570525257
1.7173992424827293 0.061337690293442396 -0.00082243268038233836
