0.49344062209513695 -1.8725365983670743 -0.36451008675286661
0.42433505445669772 -1.9315760002326996 -0.33892634992685444
0.35446416412943227 -1.9812528849811317 -0.30895666621820617
0.282721422283429 -2.0247240717830044 -0.27416710198431005
0.20940807344182513 -2.0613521569757869 -0.23505092443232889
0.13487841323180708 -2.0907677239092015 -0.1923055488262686
0.059460756452753422 -2.1125174858367126 -0.14660937365421089
-0.016481880519575137 -2.1263025952119023 -0.098718030745935006
-0.092601620570938042 -2.1318601098789705 -0.049446145041552467
-0.16850784195059526 -2.1291221589264566 0.00040031775353780927
-0.24380221517907252 -2.118074825331782 0.050033900033368564
-0.31810276521232073 -2.0988049229825214 0.098653788960658864
-0.39104955398902064 -2.0715328736742191 0.14546955647981985
-0.46230119191569097 -2.036567400145155 0.18971588812704873
-0.53154514486046289 -1.9943032143111841 0.23066125110986718
-0.59848537566979898 -1.945230286499029 0.26763076460019219
-0.66278463051244685 -1.889805752150856 0.29996886608511997
-0.72426430009285658 -1.8288252642393465 0.32731611398877103
-0.78262136558569628 -1.7628696079208228 0.34925456056785981
-0.83762163211606211 -1.6926049620179902 0.36552229963467525
-0.88909048052492967 -1.6187647570443209 0.37609859326228801
-0.9367152159022184 -1.5419080159442096 0.38079173114386872
-0.98020683765088701 -1.4625889320515146 0.37935392478767094
-1.0195107315882319 -1.3815483288293384 0.37215340390508816
-1.0538238819203927 -1.2992700200381091 0.35822246316578732
-1.0834184552783959 -1.216559341965644 0.33808791589962828
-1.1082124634039072 -1.1342142498297738 0.31139316303240239
-1.1291158283908622 -1.0533702224080852 0.27749706026871701
-1.1483332095373959 -0.97568043250306036 0.23573748074735679
-1.1676765143688859 -0.90215358418155689 0.18698953119742823
-1.1884917038199718 -0.83390895862375958 0.13155790624662886
-1.2131800973203579 -0.77194638913374969 0.070433903095710904
-1.2434468411271387 -0.7158323474826207 0.0059991361319969121
-1.2817080713878763 -0.66629042197465282 -0.059784108469870034
-1.3272363394079982 -0.62095490267306375 -0.12437225345030352
-1.3813198201102386 -0.57895014713858373 -0.18500691815400289
-1.4414890128475388 -0.53690345890072733 -0.24066348874033719
-1.5051919166511867 -0.49071653829134398 -0.28992507414799673
-1.5693055943814842 -0.43890760923549244 -0.33292647157673305
-1.6329700038487218 -0.38244591366425951 -0.37022557597091449
-1.6955194367461985 -0.32135835974199856 -0.40172137848781242
-1.7564509460925575 -0.25619257620358654 -0.42740012436939778
-1.8155030360861026 -0.18753224823181117 -0.4475393441823135
-1.8722989866172921 -0.11558266432030578 -0.46181610013101482
-1.9264774497182557 -0.040749532773152797 -0.47014594459281406
-1.9775875180735911 0.036573392527645243 -0.47229740725055547
-2.0252960694069233 0.11591986713401586 -0.46833047234788605
-2.0690175551419498 0.19695669418727835 -0.45806600916377216
-2.1081920768552793 0.27922787868891058 -0.44150511836697953
-2.1421880968703095 0.3622635101338208 -0.41867548105629915
-2.1703337845495856 0.44550706069351503 -0.38971206892824528
-2.1921879058338138 0.52829896339946103 -0.35501644833589752
-2.2074922629158542 0.61001386957376713 -0.31504243753510164
-2.2157667461571675 0.69007792279592062 -0.27020141054374014
-2.2169358691435561 0.76782607858874585 -0.22123049019435798
-2.2118026486316715 0.84297567203505253 -0.16893854966336547
-2.1993806511565053 0.91499597290312118 -0.11362924273906326
-2.178909906632382 0.98309707942978863 -0.055950913017839485
-2.1505878764061683 1.0467548521313768 0.0031713008785037924
-2.1146682882251406 1.1055733950247111 0.062863894497030934
-2.0714792471416161 1.1592454606828737 0.12228211130297247
-2.0214888895058518 1.2076160622586427 0.18062898100148853
-1.965496603777215 1.2509930208015745 0.2372767310208207
-1.9043551367298754 1.2898008219709707 0.29171430038315738
-1.8378182697381262 1.3230672609754655 0.34307703268617046
-1.7663448367776782 1.3506975017667862 0.39066190088646796
-1.6905100136314788 1.3726834178090146 0.43389768711069493
-1.6109906395227778 1.3893023427308666 0.47232033510598509
-1.5284021758795732 1.4006450523949243 0.50543743732882296
-1.4433586353542687 1.4069331115386463 0.53280704522563038
-1.3565128746433903 1.4086139985989776 0.5542162956430301
-1.2684855498185097 1.4060781161740525 0.56945599690773907
-1.1798613390236585 1.3997328484515239 0.57836482854418825
-1.0911744443031659 1.3900657537353251 0.58092843785087789
-1.0029295049768001 1.377554172063159 0.57720709120132419
-0.91556921768555821 1.3626350942158616 0.56723330334620903
-0.82949096830780045 1.3458362517785589 0.55127018231652847
-0.74515102516891962 1.3274709105018991 0.52919064329810783
-0.66272653152114169 1.3081033654343452 0.50135586206191263
-0.58244603463775302 1.2881365148307613 0.46819671871306556
-0.50450935236530503 1.2679053771438358 0.42994080308309185
-0.42905461986387339 1.2477518765069537 0.3870425227442047
-0.35649606483325635 1.2279421776046024 0.33943375745340015
-0.28688159596439394 1.2086734064633367 0.28749781619963649
-0.22036652407943974 1.1902517730719318 0.2314831325646442
-0.15730709822317704 1.1732507712474356 0.17149787418198537
-0.098026065610597776 1.1589257540895821 0.10724350327399058
-0.041391481942196967 1.1492553300939021 0.039155913372139139
0.01460105515356061 1.1466115042606697 -0.031217021689363449
0.071626878386436721 1.1528227839596317 -0.10172107724824203
0.13142860348633026 1.1658770933855462 -0.17042371384940463
0.19586544991900337 1.183555104402287 -0.23525509803050842
0.26496795625828284 1.2036556826824574 -0.29482532727415972
0.33767113093336509 1.2247565076977291 -0.34942603290426749
0.41393178322061697 1.246494180173642 -0.39866342405714561
0.49343722446613802 1.2683380112632352 -0.4423729073802905
0.57581014568876232 1.2899589064215189 -0.48026703902393053
0.66062506446860192 1.3109868457155347 -0.5125302795282809
0.74787886985798802 1.3310037530169341 -0.53861742535474244
0.8373143334960238 1.3494168704894827 -0.55800250465557255
0.92839987600336238 1.3656580527762903 -0.57047845019583088
1.0205646942065658 1.3792188541269816 -0.57614892284721209
1.1133164281551486 1.3895765234082482 -0.57489860919922031
1.2060896747722052 1.3961787598944979 -0.56664278130498258
1.2981755991077863 1.3984209868998039 -0.55133376868181849
1.3888192222080324 1.395906011833931 -0.52923186530620292
1.4772420841624299 1.388219487627715 -0.50057137795714479
1.5626714020639969 1.3751437729232672 -0.46583361696901632
1.6444569951511672 1.356556444822582 -0.42559206816165279
1.7219895846126538 1.3322835768417942 -0.38046244798874662
1.7945786984475871 1.3022729383034566 -0.33107449695616925
1.8617543524642124 1.2666670412381 -0.27812772060914764
1.9229842551079384 1.2253983232095922 -0.22233542567494929
1.9779168304972012 1.1787285352940011 -0.16452246812172999
2.0261171616576448 1.1270154984361422 -0.10540786288786064
2.0672736685672439 1.0707808666472536 -0.045550260016146357
2.101188371093254 1.0101670246402519 0.014357842189410424
2.1278682921566081 0.945397788343876 0.073453616532113089
2.1471367546225961 0.87682158027524393 0.13093629093067546
2.1590699572837715 0.80492304336695919 0.1860715604004321
2.1636803148787163 0.73017461548214735 0.23814638038698249
2.1612155710695222 0.65313313615774748 0.28657256510040036
2.1518459675508903 0.57431871082595864 0.33074847486849351
2.1359127807960077 0.49429494766662102 0.37019924260642806
2.1137049461087405 0.41357158890459506 0.40441588189475863
2.0857630244735801 0.33270128800893767 0.4331133689356948
2.0524623820125996 0.25225634107506184 0.45600220426715976
2.0142142072520541 0.17269787058188496 0.4727956622577007
1.9718063961608792 0.094352318535753876 0.48360697962156202
1.9257437740758543 0.01762037864800936 0.48835795205933868
1.8765538050309889 -0.057192965691592768 0.48706929622031386
1.8248607502782304 -0.12989631430977014 0.48005620610797034
1.7710907808540799 -0.20020152951811931 0.46738595347232803
1.7156791979148032 -0.26797851815769036 0.44932036850466284
1.6590365714068043 -0.33307354143545953 0.42619341021859952
1.6014662274829048 -0.39501447073200546 0.39790293615662226
1.5431976073998923 -0.45348646686130384 0.3643710311381349
1.4845530201595227 -0.50868816392097393 0.32628282110507456
1.4260065554658363 -0.56007444871175327 0.28351936924315158
1.3681706559611246 -0.6070541963913576 0.23536524238819373
1.3116246451844482 -0.6500859645601953 0.18219455921068126
1.2574812970697136 -0.69042297199418379 0.12332254129152011
1.2093070266385741 -0.73325521921406522 0.058833124474680684
1.167749398865767 -0.78186513719410022 -0.0075568074844638428
1.1330244913195155 -0.83704796155743089 -0.073173426961758894
1.1034687319020526 -0.89893593572514208 -0.13539887169494266
1.0774691605672044 -0.96741730232887613 -0.19223834837225812
1.0522854878633345 -1.0413832429727328 -0.24204334981643724
1.0255015404563652 -1.1190248448799929 -0.28499878411954988
0.99391980030750327 -1.1986159730082158 -0.32061700916764779
0.95751081904734192 -1.2785236735454211 -0.34961035987468453
0.91679668179499962 -1.358055586021943 -0.37242504667118337
0.87200520806418902 -1.4366830841518825 -0.38924734178105119
0.82322009855389722 -1.5138109566832418 -0.39982445727674953
0.77090940271026986 -1.588943395054657 -0.40442652907940657
0.71539010207978027 -1.6616760036003242 -0.40337858279542554
0.6566418844251054 -1.7313128758215377 -0.39631335708746668
0.59364812131206657 -1.7967574765121102 -0.38341262951556243
0.51681935366336118 -1.8360643960398759 -0.36577154741037643
0.43524905039889439 -1.799868907770654 -0.35391259497863348
0.34736921069282745 -1.7803849305156223 -0.33981589048108762
0.25951464387806256 -1.760800980910304 -0.32571759560906427
0.17168575827741586 -1.7411154749555109 -0.31161763751401533
0.083882948145642122 -1.7213268840939215 -0.29751594454598346
-0.003893406500554919 -1.7014337358724281 -0.28341244627953333
-0.091642940046757368 -1.68143461458183 -0.26930707353915184
-0.17936530143925206 -1.6613281618736415 -0.25519975842410769
-0.26706015433757424 -1.641113077353777 -0.24109043433276373
-0.3547271772611294 -1.6207881191528997 -0.22697903598633132
-0.44236606372981158 -1.6003521044732221 -0.21286549945206309
-0.52997652239860349 -1.5798039101115484 -0.19874976216587101
-0.61755827718607881 -1.5591424729583683 -0.18463176295436587
-0.70511106739677332 -1.5383667904728153 -0.17051144205631022
-0.79263464783737247 -1.5174759211333102 -0.1563887411434767
-0.88012878892667556 -1.4964689848637192 -0.14226360334090582
-0.96759327679929452 -1.4753451634348678 -0.1281359732465559
-1.05502791340305 -1.4541037008412607 -0.1140057969503392
-1.1424325165900135 -1.4327439036528598 -0.099873022052538771
-1.2298069202011965 -1.4112651413417849 -0.085737597681596306
-1.3171509741448078 -1.3896668465838229 -0.071599474511271258
-1.4044645444680821 -1.3679485155346172 -0.057458604777160902
-1.4917475134226534 -1.3461097080804305 -0.043314942292575695
-1.5789997795234083 -1.3241500480633979 -0.029168442463771694
-1.6662212576008508 -1.3020692234811597 -0.015019062304525358
-1.7534118788469235 -1.2798669866608094 -0.00086676045005282601
-1.8405715908542712 -1.2575431544070812 0.013288502829732107
-1.9277003576489375 -1.2350976081247125 0.027446765617626812
-2.0147981597164777 -1.2125302939149367 0.041608064337217601
-2.1004607543018765 -1.1885927547528874 0.057369233991008933
-2.1436381939545668 -1.1419090657979876 0.10373968823197062
-2.1624619359188366 -1.0795259861711348 0.16549807208986109
-2.1753624791216262 -1.0129467350567711 0.22562867676848802
-2.1810387125922479 -0.94319902011000578 0.28321089447684272
-2.1799630810688813 -0.87062419466908691 0.33748496337022832
-2.1720443991350202 -0.7955827228519039 0.387697720903383
-2.1577390882427276 -0.71854522884882144 0.4332868872331192
-2.1373863737440133 -0.64002699845227462 0.4738157640208645
-2.1109918700582071 -0.56054833537012683 0.50865351044507889
-2.079049241987903 -0.48064593651428522 0.53746332551241505
-2.0420766596559603 -0.40083222851834288 0.55999826742429493
-2.0004236043482764 -0.32164998394149624 0.57589937044820982
-1.9546163153364868 -0.24360050062617544 0.58491839548567892
-1.90528949305321 -0.16711334835759228 0.58697134927959171
-1.8530392947138099 -0.092592518175617922 0.58203683906067816
-1.7984513878933435 -0.020484731571298709 0.56991105652935037
-1.7423171792690415 0.048979680079422883 0.55083447276653674
-1.6853550833458701 0.11565445088612031 0.5250956917181242
-1.6282925098640169 0.17956823420137297 0.49310060641890069
-1.5717337761607022 0.2408631011376397 0.45533579081554554
-1.5164044642149186 0.29940225230177692 0.41167839576099763
-1.4627481510523339 0.35548742633647751 0.36294153472412954
-1.4110855198198542 0.40930796613848847 0.30950518943017036
-1.3620722606933955 0.46069421547971662 0.2511914239410411
-1.3160004734082191 0.50958782537835301 0.18837778000163394
-1.2730392355843589 0.55578262763762454 0.12133417296795794
-1.2364170289176581 0.60138364144200529 0.05087956826569287
-1.2054361112196561 0.65128212134074781 -0.018199046115005047
-1.1756177679588564 0.70611059809315524 -0.083408403272655821
-1.145212779178638 0.76569510844031985 -0.14403922403046912
-1.1138493683117479 0.82887217014032322 -0.20054639740922001
-1.0814467469432143 0.89504713861159435 -0.2529181721657241
-1.0476641459138378 0.96409055960382473 -0.3005314757251325
-1.0124093922804036 1.0353658094634961 -0.34360007756510763
-0.97545829230716086 1.1084992695836515 -0.3818340935081353
-0.93664496586964141 1.1830469518525912 -0.41511554254862282
-0.89557952822078368 1.2586895313988411 -0.44275361248926548
-0.85232021735316854 1.3349188891086967 -0.464924679546178
-0.80660683776421471 1.4111902306943656 -0.48117316811780247
-0.75839869476445065 1.486995481535339 -0.49142674994186614
-0.70760643644782106 1.5617138468579044 -0.49546873571729727
-0.65424275574103774 1.634723450881878 -0.49324171223826796
-0.59826934816054822 1.7052887312134255 -0.48461267770056338
-0.53970241135688135 1.7726523982180753 -0.46958594429933559
-0.47869333522837654 1.836138466250949 -0.44838113285940273
-0.41545104450517123 1.8951028159852892 -0.42128709156878585
-0.35012141679004105 1.9487422319170169 -0.38852750233897287
-0.28297641667848339 1.9965147756434503 -0.35061770491290273
-0.21434031630807568 2.0378764180393221 -0.30803447399578815
-0.14449958005079983 2.0722447595277211 -0.26134039649317009
-0.073801000832775687 2.0992495728163325 -0.21120042091516295
-0.0025757351054497002 2.1185686834124895 -0.15835972544066487
0.068860064841694019 2.1299695574855009 -0.10359693692342269
0.14039413373307016 2.1332889578839969 -0.047760433959988108
0.21158489918679504 2.1284277420073967 0.0086020049892926061
0.28203861943514474 2.1154164257271426 0.064745197359429157
0.35129593555478633 2.0943204855444479 0.12002268073271845
0.41896814210321343 2.0653059464298997 0.17362221224198676
0.48495564778781364 2.0287122330492395 0.22471888356033687
0.54891411511854826 1.9845742306469596 0.27250180816241221
0.61066332626948527 1.9335619189159594 0.31637257625773701
0.67004133021496404 1.8762445717104064 0.35586316313801186
0.72670664754563419 1.8129518852653748 0.39024164682994489
0.78049678687905855 1.7444010950415496 0.41911304571234081
0.83125683535679995 1.671252259502648 0.4420574764015775
0.878965884142899 1.5942646896647479 0.45886769302621067
0.92344632717769726 1.5140941832634258 0.46915375535613885
0.96479229982570158 1.4315762569554042 0.47296837827199928
1.0030395782516073 1.3473979308875788 0.47025345550529768
1.038278605195984 1.2622441538819056 0.46110031052197203
1.0706977759679168 1.1767054185280015 0.4457349880878182
1.1003385013937088 1.091327604921271 0.42406356620660579
1.1272164191757106 1.0068289037156306 0.39597495598462401
1.1516379407864958 0.92358258172123686 0.36211854974736812
1.1737161724505527 0.84195862560346457 0.3224796675553791
1.1934121217436975 0.76234301171205154 0.27707492652372728
1.2105614276016903 0.6857441625885583 0.22536929276532408
1.2252494593870331 0.61292552852599758 0.16776967151348957
1.2380893646883335 0.54570320604660894 0.10453196449203507
1.2542988363908776 0.48524533036518741 0.03727848864601889
1.2760219974040328 0.4301027541327615 -0.031911262827787133
1.3053539705850015 0.3807905987277363 -0.10092246289325268
1.3402938009916265 0.33277825630522512 -0.16644317452969795
1.3784657203095148 0.28247646485191297 -0.22794621051576347
1.4190254494639911 0.22850593308866313 -0.28497776685352089
1.4612435976655913 0.17111160149718896 -0.3378707925865761
1.504480037188888 0.11093146207078275 -0.38678401801092366
1.5487022052232369 0.047641961507580932 -0.43085862892409832
1.5935977620081867 -0.018429406824883199 -0.47027722140826006
1.638778716611436 -0.087046490583138042 -0.5047962001096904
1.6839019839210509 -0.15814081603280439 -0.53409107505380371
1.7285071912636003 -0.23177645667469904 -0.55760462396877952
1.7720555318654818 -0.30786221230927802 -0.57502962423936588
1.8139920464349686 -0.38618670299750613 -0.58616629232114059
1.8537305824290415 -0.46651036854087496 -0.59078494917176938
1.890638163626762 -0.5485432996869043 -0.58865399097015414
1.9240640249533465 -0.63190677205749035 -0.57958038719189642
1.9534426974746228 -0.71608745460108469 -0.56357989391017149
1.9782196846906079 -0.80052529080462809 -0.54076267203944683
1.9980681190744143 -0.88459892114755823 -0.51143696037337472
2.0123839122800988 -0.96766425938588041 -0.47575485677312868
2.0208550900699689 -1.0490913974666658 -0.43414324091051887
2.0231841313863423 -1.1281986483176083 -0.38701930030518245
2.0191117570577961 -1.2043659261394368 -0.33494170953815666
2.00845239615759 -1.2769501010940087 -0.27847263425131891
1.9910113989239746 -1.3453564808275655 -0.21831519654701564
1.9668223042702997 -1.4090665979722043 -0.15520977202848996
1.9358097804613941 -1.4675928793876563 -0.090021784084021755
1.898227035888548 -1.5206321102039975 -0.023614788518401094
1.8538604118568764 -1.5681931086643845 0.043008978189738589
1.8028685143790526 -1.6099445097702894 0.10936225370138646
1.7460952988846747 -1.6449393579214722 0.17493260803987892
1.683707073689916 -1.6733782121639167 0.23845117929421983
1.6159370392387846 -1.6952749911242786 0.29933661322887734
1.5436543611442173 -1.7101928866316856 0.35698225855143112
1.4672049267822658 -1.7186419412765994 0.4104245539866414
1.3871641241949817 -1.7203206688218433 0.45909114452030819
1.3041619644224869 -1.7158009801759042 0.50224088225544428
1.2189052040009209 -1.7050936358258579 0.53958695595135864
1.132070033985223 -1.6886375396780247 0.57042029036811748
1.0442893181221353 -1.6668374765198828 0.5943743378323183
0.95627067728811632 -1.6401612535329271 0.61108480214382077
0.86866071175490378 -1.6092242528720038 0.62025436646337051
0.78209181931023875 -1.5747174838461566 0.62146895874910413
0.69708919845116235 -1.5376076393246996 0.61449104422186007
0.61415065901036747 -1.4986903138480523 0.59955452507057494
0.5335376899264177 -1.4587130008125033 0.57731623972700219
0.45560652383336042 -1.4182601035950402 0.54791985368411433
0.38058141285696023 -1.3778916282958285 0.51185701493547897
0.30873260571952044 -1.3381379764735926 0.46933875298100014
0.2403730358734498 -1.2995896993905802 0.42063479905921131
0.17550204258378313 -1.262708591684941 0.36637279911885789
0.1141775417297777 -1.2281064166028093 0.3068083364549381
0.056757578957390087 -1.1970757434716301 0.24185095634643311
0.0027567295990024443 -1.1707541166753621 0.17241698330229199
-0.048561768981308942 -1.1501405021873421 0.099426578696537135
-0.098049773058434167 -1.1372451572402356 0.023843270001851633
-0.1472801217623165 -1.1325597361800905 -0.052425967495468614
-0.19759561787196991 -1.1355688927077365 -0.12770925174785622
-0.25047517946263576 -1.1460936894646647 -0.20019809246723175
-0.30677333966806597 -1.1623356904567048 -0.26873058507417569
-0.36683565062875667 -1.1828264304862151 -0.33261321206395433
-0.43087851092895912 -1.2063032613218867 -0.39122701850356179
-0.49915055639046535 -1.2318510620460625 -0.44387759967815538
-0.57099334331643503 -1.2584681119176713 -0.4909528139836114
-0.64632608003947212 -1.2857311818603308 -0.531709457302879
-0.72478815998199342 -1.313028242301675 -0.56597976250879245
-0.80611005986226358 -1.3399059379483136 -0.59309002097062868
-0.88968941735980001 -1.3659029378409475 -0.61292997429794016
-0.97510404365158754 -1.3900346046713981 -0.62530814984517191
-1.0619169029657589 -1.4115051954891698 -0.63031850000305345
-1.1495578359927534 -1.4297994230923039 -0.62803178731797882
-1.2373318435101324 -1.4444526103376829 -0.61826771102980926
-1.3246920858222166 -1.4548726718229243 -0.60154297004614832
-1.4109504238284418 -1.4611038121469853 -0.57808112737310369
-1.4953391373154201 -1.4628446828575414 -0.54812998442192629
-1.5773850439686485 -1.4595473087033877 -0.51223208888261718
-1.6563979427455879 -1.4514698241908854 -0.47065718340525692
-1.7316856801563034 -1.4381354554449239 -0.42397837231863372
-1.8029034028369957 -1.4192074500573124 -0.37283941772256879
-1.8693486176378764 -1.3951100776023728 -0.31751329037858411
-1.9304773379596769 -1.365616912101085 -0.25885069876112543
-1.9860867360567829 -1.3305392025452094 -0.19762470657630751
-2.0353994708380942 -1.290478439429585 -0.1340617796748321
-2.0785299151968366 -1.2452175426065093 -0.069493216383495676
-2.1323963096746454 -1.1849181695010189 0.0049914421883788841
-2.0362625610397713 -1.1942188921243027 0.014624278737060705
-1.9485800090579914 -1.2203159104358574 0.0002342931524209925
-1.8618915595482628 -1.2451566283746034 -0.012807277319826612
-1.7751763710222748 -1.2698948405938526 -0.02584526343140154
-1.6884340661249109 -1.2945290760137291 -0.038879655765685167
-1.6016642824080081 -1.3190579208510047 -0.051910446652249864
-1.5148666724831017 -1.3434800192120429 -0.064937630174613944
-1.4280409041680096 -1.36779407366232 -0.077961202177325634
-1.3411866606273004 -1.3919988457722841 -0.09098116027235803
-1.25430364050656 -1.4160931566393706 -0.10399750384481694
-1.167391558060404 -1.4400758873859696 -0.11701023405795882
-1.0804501432741991 -1.4639459796331791 -0.13001935385751559
-0.99347914197944509 -1.4877024359501552 -0.14302486797532382
-0.90647831596277106 -1.5113443202789036 -0.15602678293225644
-0.81944744306851014 -1.5348707583343559 -0.16902510704045517
-0.73238631729481751 -1.5582809379795781 -0.18201985040486135
-0.64529474888328708 -1.581574109575981 -0.19501102492404465
-0.55817256440204344 -1.6047495863083936 -0.20799864429032755
-0.47101960682226962 -1.6278067444848914 -0.22098272398920593
-0.38383573558815265 -1.6507450238112533 -0.23396328129806321
-0.29662082668020578 -1.6735639276399612 -0.24694033528418005
-0.20937477267196036 -1.6962630231936333 -0.25991390680203669
-0.12209748277999273 -1.7188419417628213 -0.27288401848991084
-0.034788882907272722 -1.7413003788780845 -0.28585069476576924
0.052551084320181546 -1.7636380944562837 -0.29881396182245401
0.13992245952336149 -1.7858549129210348 -0.31177384762216587
0.22732526654704724 -1.8079507232972738 -0.32473038189024356
0.31475951244331735 -1.829925479279898 -0.33768359610824167
0.40222518746179792 -1.8517791992764534 -0.35063352350630828
