-46.2872260325235 5.4482010015469 -1.70615289317053
-46.9280666654108 5.14400854494149 -2.56539599692973
-47.572448833743 4.80541250386153 -3.4090521699924
-48.2240257722161 4.43292432981105 -4.2327313050948
-48.8842766393941 4.02743050921809 -5.03366266503263
-49.5523370775063 3.59013483259987 -5.81109267493671
-50.2253180703686 3.12241515997266 -6.56629726311109
-50.8989401293113 2.62564057082789 -7.30217333234931
-51.5682876377741 2.10100016789732 -8.02249490441934
-52.2285266578861 1.54937284045149 -8.7310210715351
-52.8754845843795 0.971242935913172 -9.43067654217239
-53.5060317633115 0.36665942332068 -10.1229834494167
-54.1182330891625 -0.264754814887875 -10.8078334543487
-54.7112673095661 -0.923727596950107 -11.483593821921
-55.2851517029395 -1.61118592589328 -12.1474725977774
-55.8403507722088 -2.32804130893917 -12.7960373332985
-56.3773711787572 -3.07495235989357 -13.4257806617571
-56.8964388962793 -3.85212013839692 -14.0336391578676
-57.3973206704292 -4.65916476355817 -14.6173897780785
-57.8793047091521 -5.49510651765224 -15.1758705627154
-58.3413127630603 -6.35844391705261 -15.709002335907
-58.7820897294087 -7.24729871498201 -16.2176245576355
-59.2004108255611 -8.15959011735795 -16.7031933454643
-59.5952558532576 -9.09320534929617 -17.1674128307581
-59.9659177069452 -10.0461439179639 -17.6118761172016
-60.3120317096704 -11.0166222352797 -18.0377796222238
-60.6335298228016 -12.0031316912057 -18.4457504715531
-60.9305374185457 -13.0044483060472 -18.8357988907486
-61.2032389894492 -14.019597755526 -19.2073830584399
-61.4517420666144 -15.0477860322828 -19.5595567585748
-61.675965626749 -16.0883114487958 -19.8911616868563
-61.8755715026214 -17.1404758044425 -20.2010257532613
-62.0499470225333 -18.2035102998128 -20.488134504315
-62.1982369871784 -19.2765260803699 -20.7517528217145
-62.319415389299 -20.3584923621534 -20.9914861607451
-62.4123831351301 -21.4482392785054 -21.2072825654389
-62.4760773221739 -22.5444793069875 -21.399386519753
-62.5095793040438 -23.645840516577 -21.5682618928975
-62.5122113931822 -24.7509060453612 -21.7145031990869
-62.4836143834725 -25.8582559273963 -21.8387524462646
-62.4237994833134 -26.9665085840854 -21.9416340735119
-62.3331688267079 -28.0743594688877 -22.0237143354732
-62.2124991618863 -29.1806136062427 -22.0854854425218
-62.0628845745304 -30.2842076912525 -22.1273699631214
-61.8856370511435 -31.3842168548705 -22.1497381282013
-61.6821487335931 -32.4798419029902 -22.1529299330468
-61.4537265818318 -33.5703751424321 -22.1372750672702
-61.2014178421984 -34.6551465386993 -22.1031061863921
-60.925851592229 -35.7334561171433 -22.0507642069321
-60.6271256979121 -36.8045022920554 -21.9805974817568
-60.3047677371846 -37.8673185739828 -21.8929592397008
-59.9577912207775 -38.9207327130963 -21.7882089281758
-59.5848542633121 -39.9633626931892 -21.6667225466096
-59.1845079701295 -40.9936623245398 -21.5289144622261
-58.7554996760699 -42.0100236983301 -21.375268906636
-58.2970773087008 -43.0109324865932 -21.2063744822711
-57.8092318740345 -43.9951549347053 -21.0229512600165
-57.2928202293564 -44.961916341331 -20.825859042161
-56.7495307410669 -45.9110178930462 -20.6160778038787
-56.1816857083053 -46.8428408885632 -20.3946565838829
-55.5919084061195 -47.7582092213377 -20.162633649112
-54.9827111481623 -48.6581184861659 -19.920937272822
-54.3560792133608 -49.5433810084565 -19.6702825578468
-53.7131327192007 -50.41426555647 -19.411085517205
-53.053943876559 -51.2702186071158 -19.1434201657411
-52.3775674726204 -52.1097407526689 -18.8670446035699
-51.6823040404225 -52.9304651117759 -18.5815137212346
-50.9661593890923 -53.7294527044936 -18.2863769485904
-50.2274035121745 -54.5036839603124 -17.9814325382533
-49.4650895026188 -55.2506811726754 -17.6669845600366
-48.6793928846919 -55.9691440556983 -17.3440369975769
-47.8716826005185 -56.6594361212044 -17.014368557654
-47.0443191775718 -57.3237536929827 -16.6804591092846
-46.2002543702271 -57.9658662315223 -16.3452715232021
-45.3425434146557 -58.5904315920049 -16.011917999952
-44.4738691669132 -59.2020241024477 -15.6832547547469
-43.5961445763479 -59.8041124619028 -15.361461309669
-42.710242173824 -60.3982472566937 -15.0476780357354
-41.8159048975857 -60.9836576385719 -14.7417912596234
-40.911892514305 -61.5573432382557 -14.4424494275051
-39.9963745344715 -62.1146283777414 -14.1473510262555
-39.0674903820929 -62.6500565343479 -13.8537712137299
-38.1239068838611 -63.1584485575509 -13.5592172840323
-37.1651785976536 -63.635915099795 -13.2620568688568
-36.1917918607886 -64.0806025245869 -12.9619675698686
-35.2049153145871 -64.4929877109389 -12.6601092954475
-34.2060048708092 -64.8756430006572 -12.3589967778055
-33.196446883849 -65.232549461428 -12.0621193415956
-32.1773613693898 -65.5681829871117 -11.7733998139823
-31.1495836034324 -65.8866666086176 -11.4966047507116
-30.1137660342835 -66.191242754374 -11.2348213924408
-29.07052192558 -66.4841887327153 -10.9901032950191
-28.0205496989693 -66.7671286779253 -10.7633501517385
-26.9647017308066 -67.0415461118739 -10.5544287195074
-25.9039798130395 -67.309222899474 -10.3624767255943
-24.8394541341294 -67.5723498819899 -10.1862835485252
-23.7721150471646 -67.8331703483573 -10.0246280136737
-22.7026757746526 -68.0931972832294 -9.87647979226607
-21.6313585174652 -68.3522302551304 -9.7410291074663
-20.5577316507328 -68.607520033933 -9.61758136490255
-19.4807108075194 -68.8534398442101 -9.50541212702045
-18.3988336419268 -69.0819160766971 -9.40369655883538
-17.3108051518893 -69.2836834275997 -9.31159384478559
-16.2161108718791 -69.450204098727 -9.22849461246314
-15.1153539651752 -69.5758611939987 -9.15436203306137
-14.0100598058852 -69.6598532676355 -9.09004941589915
-12.9020241723898 -69.7071765050965 -9.03747420006708
-11.7926334348971 -69.7282667407743 -8.99956133988555
-10.6826386588523 -69.7372465693799 -8.97991788228553
-9.57250915906341 -69.7491226442577 -8.98225626747632
-8.46298630504454 -69.7765634892682 -9.00965574180214
-7.35525563502721 -69.8270224374417 -9.06383575134372
-6.25047999600898 -69.9009427030529 -9.14466283077897
-5.1490367161033 -69.9915450148428 -9.25005988251449
-4.05014019749299 -70.0862743802388 -9.37634082937236
-2.95227361050891 -70.1695407580566 -9.5188525257322
-1.85419464551227 -70.2261036785436 -9.67276010781618
-0.755786318870431 -70.2443398314627 -9.83384414191463
0.341873468028221 -70.2186371751991 -9.99919972045669
1.43723837451153 -70.1503167347247 -10.1677055890771
2.52923285598936 -70.0468612670232 -10.3401264479242
3.61772297246354 -69.9197271650267 -10.5187891745728
4.7032716231029 -69.7813910077985 -10.706916453193
5.7864850508066 -69.6423935615356 -10.9078255904254
6.86747501575654 -69.5090475019398 -11.1242322790868
7.94573474212719 -69.3822767218526 -11.3578244116705
9.02033444135084 -69.2577873626285 -11.609137455388
10.0901450075272 -69.1274491398984 -11.8776500377949
11.1539162644944 -68.9814672403832 -12.1619855329807
12.2102868887858 -68.810749226964 -12.4601468472204
13.2579183021778 -68.6088654792032 -12.7697660847071
14.2958268161694 -68.373155337959 -13.0883641923161
15.3237714396662 -68.1047980933627 -13.4135911147919
16.342447713659 -67.8079654469853 -13.7433998171182
17.3533286598486 -67.4883964928252 -14.0761291017655
18.3581962027672 -67.1518209207351 -14.4105152584995
19.3585630606456 -66.802610499933 -14.7456800136027
20.3552043324349 -66.4429199893894 -15.0811284615809
21.3479243260264 -66.0724358366872 -15.4167502883324
22.3355676998202 -65.6887079829929 -15.7527861065848
23.3162164588687 -65.2879138949236 -16.0897223930297
24.2875046998076 -64.8658194148878 -16.4281098726597
25.2469947320088 -64.4186813370766 -16.7683383502879
26.1925572741102 -63.94388668719 -17.1104235424349
27.1226841175059 -63.440224192124 -17.4538600791237
28.0366586033541 -62.9077980676361 -17.7975754057098
28.9345374896814 -62.3476847766196 -18.1399934691193
29.8169523473379 -61.7614754485506 -18.4791938369507
30.6847941405549 -61.150838209833 -18.8131346519211
31.5388750718927 -60.5171924309359 -19.1398965836907
32.3796566208668 -59.8615339519559 -19.4579000548829
33.2070996714375 -59.1844047339699 -19.7660514508495
34.0206492871577 -58.485970633488 -20.0637874425112
34.8193298529153 -57.7661581076318 -20.3510085879629
35.6019053633614 -57.0248019401183 -20.6279188118269
36.367055699252 -56.2617675992958 -20.8948089712532
37.1135284824453 -55.4770290627051 -21.1518343458081
37.8402415440619 -54.670700827598 -21.3988347667064
38.546327952514 -53.8430364856138 -21.6352334436284
39.2311301867792 -52.9944122674861 -21.8600305910484
39.8941599204704 -52.1253117223822 -22.0718862251427
40.5350436038457 -51.2363196294445 -22.2692681116287
41.1534715268878 -50.3281237887473 -22.4506293647819
41.7491608859241 -49.4015169010697 -22.6145772269358
42.3218345367166 -48.4573897255571 -22.7599998147862
42.8712100138516 -47.4967106961084 -22.8861292694876
43.3969905400966 -46.5204936033659 -22.9925348344888
43.8988517355689 -45.5297606279776 -23.0790544148443
44.3764231132694 -44.5255106787869 -23.145684890044
44.8292694965114 -43.5087020091936 -23.1924576357694
45.2568814621021 -42.4802542164663 -23.2193256649669
45.6586840725679 -41.4410694181101 -23.2260833613104
46.0340692895604 -40.3920671517951 -23.212330863289
46.3824507211582 -39.3342236445818 -23.177485102256
46.7033318017675 -38.2686045322349 -23.1208304625167
46.9963724756457 -37.1963814417724 -23.0415955964003
47.2614369993936 -36.1188269488006 -22.9390399056627
47.4986078172626 -35.0372882741134 -22.812533618374
47.7081575749957 -33.9531459741159 -22.661618596256
47.8904817908543 -32.8677679760683 -22.4860419016614
48.0460058873344 -31.7824703932216 -22.2857595086414
48.1750890709656 -30.6984944508433 -22.0609123296432
48.2779511569786 -29.6170043404889 -21.8117803267007
48.3546452696944 -28.5391051828749 -21.5387226899073
48.4050894792036 -27.4658748886049 -21.2421130056456
48.4291556951377 -26.3983998410609 -20.9222782619358
48.4267978396555 -25.3378031228315 -20.5794497550935
48.3981876309142 -24.2852561953806 -20.2137327397104
48.343819329894 -23.2419702951336 -19.8251001032832
48.2645474560096 -22.2091707220184 -19.4134132468269
48.1615344394013 -21.1880630086343 -18.9784702593035
48.0361063468147 -20.1798022087465 -18.5200770548059
47.8895396177191 -19.1854744569545 -18.0381317613303
47.7228242207611 -18.2060949584728 -17.5327076873497
47.5364628493772 -17.2426212246701 -17.0041176372684
47.3303670402733 -16.2959764037863 -16.4529436965653
47.1038969855311 -15.3670747845166 -15.8800218044501
46.8560630129165 -14.4568388867711 -15.2863778599394
46.5858677820741 -13.5661953768525 -14.6731199393247
46.2927276806561 -12.6960384564727 -14.0412989984171
45.9768808486178 -11.8471582599108 -13.3917591420696
45.639678390788 -11.0201483626978 -12.7250082143691
45.2836705291075 -10.215324136656 -12.0411464729981
44.9124384132114 -9.43269106766915 -11.3398882635582
44.5301751570216 -8.67199082063779 -10.6206927585475
44.1410739043841 -7.93282488512787 -9.88298653073692
43.7486268839594 -7.21482469189458 -9.12642533016385
43.3549719569814 -6.51782013902933 -8.3511231707551
42.9604362170044 -5.84196370678619 -7.55778623944903
42.5634105078396 -5.18778759090914 -6.74772329953315
42.1606359476257 -4.55618932078188 -5.92274262641498
41.7478956788203 -3.94834442209055 -5.08496491865763
41.3210002315737 -3.36553697902171 -4.23657579720868
40.8768640687491 -2.80889979660003 -3.3795289194413
40.4144272489829 -2.27908258814727 -2.51521980781606
39.9352008567129 -1.77591492972246 -1.64419100111271
39.4433033980094 -1.29817147847735 -0.765975209986223
38.9449739930613 -0.843545800460578 0.120812539663659
38.4476511822451 -0.40888435940309 1.01809075992098
37.9587675120501 0.00935364267388356 1.92771427042946
37.4844403843399 0.414519444963766 2.85085387235281
37.0282654659044 0.809218550978476 3.78757050699983
36.5904429337699 1.19488857333784 4.73671629333064
36.167455242388 1.57156840462832 5.69613929613911
35.7524311125932 1.9378631325709 6.6630374080433
35.3361772898956 2.29108622276904 7.63428283547409
34.9086862476992 2.62756759761001 8.60663138775213
34.4607963337148 2.9431256177893 9.57686368034557
33.9856339266938 3.23368020358344 10.5419735023592
33.4795210051607 3.49592813988397 11.4994698634439
32.9421752503903 3.72794280901469 12.4477339277046
32.3762204719017 3.92954565087681 13.3862689675081
31.7861943203501 4.10234636499739 14.3156806290244
31.1773280376702 4.24944138953496 15.2373301465237
30.5543661375758 4.3748505988378 16.1527470639804
29.9206281696587 4.48282618992867 17.062985604341
29.277437816124 4.57717812375175 17.9681145131467
28.6239786611015 4.66073876831976 18.866958133441
27.9575741402588 4.73505008512712 19.757109620023
27.2743200254857 4.80030995212386 20.6351672119966
26.569927259114 4.85556687047848 21.4971206328252
25.8405842843845 4.89911014912657 22.3388204984866
25.0836456065404 4.92897101690616 23.1564695125805
24.2980057518289 4.94343398896546 23.9470657604142
23.484110429517 4.94146139510128 24.7087166843809
22.6436566755545 4.92295804846061 25.4407503050535
21.7791053067092 4.88884207893572 26.1435899207665
20.893151269243 4.84093080590997 26.8184193738447
19.9882733676089 4.78168533771585 27.4667225317265
19.0664353521626 4.71387725282444 28.0898096796841
18.128959352171 4.64024450073511 28.6884367263022
17.1765546319004 4.56319494096293 29.2625880893886
16.2094622015234 4.48459919438638 29.8114469177807
15.2276652020822 4.40569385283252 30.3335324776655
14.23111273591 4.32709533517538 30.8269537825905
13.2199101763603 4.24890715103725 31.2897139700263
12.1944421716091 4.1708914800099 31.7200002274022
11.1554138880243 4.09267076501356 32.1164061303534
10.1038169842769 4.01392589714826 32.4780534107636
9.0408435411112 3.93456292741067 32.8046042109892
7.96777931642123 3.85482809672131 33.0961779421246
6.88590621603878 3.77535958124128 33.353204151685
5.79643502928121 3.69717257275539 33.5762509515991
4.70047725903528 3.62158173145287 33.7658667220627
3.59905315786587 3.55007174848557 33.9224628076311
2.49312458018165 3.48413293911102 34.0462504078072
1.38363736515618 3.42508434205057 34.137230082179
0.27155892786447 3.37391102271905 34.1952209747952
-0.842098281588183 3.3311438744406 34.2199114730343
-1.95626977292275 3.29680765271357 34.2109142917587
-3.06984455599807 3.27045513100159 34.1678157677653
-4.18167654689569 3.25129208637793 34.0902186329554
-5.29059697633592 3.23838077524893 33.9777859045928
-6.39542800122179 3.23089157286939 33.8302971996589
-7.4950026201424 3.2283574138615 33.64772568945
-8.58819705389861 3.23087763469757 33.4303344073763
-9.67397731624814 3.23922005447152 33.1787774480937
-10.7514534002999 3.25478415640347 32.8941789791005
-11.8199265076803 3.27941302012846 32.5781553306755
-12.878911275417 3.31507334150381 32.2327462380931
-13.9281176916314 3.36345522425053 31.860232642511
-14.9673845965578 3.42556894473278 31.4628406274703
-15.9965647800488 3.50142737987365 31.0423619967447
-17.0153683891029 3.5898951854 30.5997561961939
-18.0231778326285 3.68875814489541 30.1348264239088
-19.0188577154626 3.79502282666816 29.6460732169413
-20.0006006675602 3.90540712413444 29.1308114208269
-20.9658710251956 4.01693777840152 28.5855875251472
-21.9115205282865 4.1275412169914 28.0068604811707
-22.8341348446711 4.2365048011008 27.39182841177
-23.7306133554739 4.34469937591812 26.7392227764778
-24.5988934945833 4.45449107460192 26.0498772127039
-25.4386379093912 4.56932728779097 25.3269231133736
-26.2516563511965 4.69304917337813 24.5755544874631
-27.0418715362152 4.82904618937808 23.8024030951494
-27.814758504104 4.97941188048403 23.0146320339065
-28.5763468787143 5.14427446251348 22.2188806802994
-29.3320102972942 5.32145514524717 21.4202011539303
-30.0853244967189 5.50654876723906 20.6211494676186
-30.8372406867383 5.69343023546546 19.8212327025467
-31.5857252451479 5.87508919706105 19.0169200431468
-32.3259199365494 6.04462156048213 18.2023428548645
-33.0508239636996 6.19618733121376 17.3706236729788
-33.7524780193459 6.32577367131036 16.515543223658
-34.4235745330723 6.43164868693458 15.6330868833677
-35.0592757429752 6.51443397791933 14.7224139009387
-35.6588351690112 6.57677199630478 13.7860018892296
-36.2265226368295 6.62263603608962 12.8290529802278
-36.7714647990685 6.65641665658908 11.8585215332711
-37.3063203923879 6.68197896381504 10.8821639483702
-37.8450758424591 6.70188708291957 9.90780317641406
-38.4005165117926 6.71693738481624 8.94272089756293
-38.9820135817058 6.72605846285263 7.99297481088259
-39.5941511544995 6.7265503559796 7.06258154259717
-40.2364423623541 6.7145655770479 6.15277791821361
-40.9040483860487 6.6856959590526 5.26173507613673
-41.5891649942656 6.63553344438083 4.38500383105983
-42.2826772027689 6.5601120955603 3.51666963121906
-42.9757746409056 6.45618685866686 2.65088342497714
-43.6613401160104 6.32134067316238 1.78328958949906
-44.3349719643295 6.1539367003076 0.911951591517255
-44.9954928754106 5.95295975821113 0.037608108609691
-45.6448246067534 5.71781991440395 -0.836662502013588

-39.3458140001749 -26.5714432298046 6.93377067821818
-40.1474165576063 -26.543148361947 7.70861144231058
-40.9576130566294 -26.4738953672088 8.47189299220213
-41.7762151683138 -26.3664004369317 9.22169505845216
-42.6033842034004 -26.2242131723943 9.95619451906229
-43.4392900495211 -26.0510727047391 10.6739997716273
-44.2838059912967 -25.8503303322918 11.3743583291328
-45.1363138161246 -25.6245073526167 12.0572128947292
-45.9956492197887 -25.3750260278515 12.7231044569889
-46.8601728880592 -25.1021235568495 13.3729452504431
-47.7279236757719 -24.8049350882475 14.007709087942
-48.5968017657152 -24.4817133456198 14.6281050779594
-49.4647369594628 -24.1301407599361 15.2343056136414
-50.3298124901052 -23.7476857356285 15.8257876696231
-51.1903318653014 -23.3319568098655 16.4013209659368
-52.0448319710012 -22.8810147751137 16.959104717247
-52.8920578567497 -22.3936111620787 17.4970243508175
-53.7309209533589 -21.8693308593517 18.0129766488321
-54.5604611051128 -21.3086273985777 18.5051995863467
-55.3798242105243 -20.7127520694603 18.9725431182989
-56.1882551038797 -20.0835917959322 19.4146292900485
-56.9850950581236 -19.4234430797531 19.8318724392295
-57.769769467378 -18.73475708581 20.2253586524923
-58.5417550696435 -18.0198921549894 20.5966117883954
-59.300525015508 -17.2809052482014 20.947294782693
-60.0454797621472 -16.5194055937595 21.278905045088
-60.7758783540512 -15.7364847768391 21.5925202396577
-61.490786581832 -14.9327287410683 21.8886375256687
-62.1890564417984 -14.1083080063397 22.1671293918745
-62.869346774851 -13.2631318870263 22.4273170895393
-63.530188907407 -12.3970411950311 22.6681422988664
-64.1700935570058 -11.5100046824018 22.8884018641587
-64.787686123786 -10.6022814066502 23.0870010030568
-65.3818479371341 -9.67451729731318 23.2631784827397
-65.9518340114151 -8.72775919405817 23.4166634252908
-66.4973370929348 -7.76338935542525 23.5477371520294
-67.0184756162293 -6.78300146063046 23.657192591363
-67.5156988640999 -5.78824977400544 23.7462043070152
-67.9896220674171 -4.78070419326402 23.8161394445301
-68.440821631308 -3.76173720540242 23.8683499472349
-68.8696311116855 -2.73245849497778 23.9039874319592
-69.2759795154858 -1.69370283051992 23.9238746981443
-69.6593054436872 -0.646068427798989 23.9284543512983
-70.0185661356802 0.410004179814874 23.9178187282559
-70.3523429756741 1.47412931591803 23.8918095631932
-70.6590275921114 2.54587122359098 23.8501634894226
-70.9370578361899 3.6246606258097 23.7926725704845
-71.185162807423 4.7097523403023 23.719328595319
-71.4025726471993 5.80023326916073 23.6304256570766
-71.5891534308724 6.89507626752004 23.5266060863358
-71.7454401394969 7.99322276858992 23.4088475323376
-71.8725593029249 9.09367026807631 23.2784007340194
-71.9720535456353 10.1955420310209 23.1366955246239
-72.0456383408966 11.2981243525659 22.9852353937282
-72.0949330445611 12.4008674598349 22.8254987386359
-72.1212118499956 13.5033553733036 22.6588594472241
-72.1252157613071 14.6052551717013 22.4865329275957
-72.1070555327896 15.7062571264215 22.3095480869446
-72.0662200258113 16.806015956232 22.1287421585816
-72.001687111181 17.9041020879733 21.9447738528184
-71.9121176299228 18.9999711292058 21.7581505679679
-71.7960994285497 20.0929589277182 21.5692665286642
-71.6524002383817 21.1823069189084 21.3784498732238
-71.4801867625855 22.267216876739 21.1860171947664
-71.2791734128323 23.3469264006255 20.9923334384338
-71.0496769628813 24.4207890363108 20.7978733455804
-70.7925706669767 25.4883390664944 20.6032782483725
-70.5091496458717 26.5493229144329 20.4093998037836
-70.2009348072378 27.6036867258928 20.2173212761734
-69.8694522501004 28.6515206806544 20.0283481553247
-69.5160274967909 29.6929713906921 19.8439636191711
-69.141629078624 30.7281411798314 19.6657501931069
-68.7467852946554 31.7569954110742 19.4952856861346
-68.331583493539 32.7792963770366 19.3340273864917
-67.8957456083779 33.7945758702044 19.1832019451743
-67.438759741741 34.8021501408811 19.0437183637588
-66.9600380453312 35.8011722111645 18.916117965957
-66.4590679572562 36.7907089502419 18.8005690006837
-65.9355277418867 37.7698253430773 18.6969060227911
-65.3893472606588 38.7376572313418 18.6047070345786
-64.8207085009993 39.6934571035718 18.5233959503668
-64.229994253032 40.6366047703465 18.4523551638338
-63.6177041882132 41.5665841787032 18.3910330650305
-62.9843631568448 42.4829365272816 18.3390337952502
-62.330445903724 43.3852056402545 18.2961803775999
-61.6563361566412 44.2728926702513 18.2625465132687
-60.9623278722755 45.1454335560631 18.2384559160631
-60.2486647896914 46.0022055258956 18.2244506828558
-59.5156041234387 46.8425603408842 18.2212319934847
-58.7634837730509 47.6658740993958 18.2295778620964
-57.9927714998097 48.4715981780646 18.2502442139462
-57.2040793698114 49.2592946154169 18.2838574698995
-56.3981360631912 50.0286424506068 18.3308089059031
-55.5757209113915 50.7794086167172 18.3911627515775
-54.7375738662376 51.5113862385015 18.4645905291714
-53.8843025473149 52.2243121701554 18.5503427972483
-53.0163094759558 52.9177819572402 18.6472658745937
-52.1337590668192 53.5911825644793 18.7538654534063
-51.2365954834926 54.2436608069609 18.8684120589118
-50.3246107580142 54.874139114428 18.9890763359452
-49.3975503307196 55.4813813011193 19.1140765432789
-48.4552336396203 56.064100920585 19.2418175913077
-47.4976634348895 56.6210952631997 19.3710011755364
-46.5251004530473 57.1513810311438 19.5006901878526
-45.5380890675035 57.6543051184282 19.6303172229579
-44.5374316274563 58.1296070091761 19.7596356864446
-43.5241206346343 58.5774179814663 19.8886213156774
-42.4992456084007 58.9981947647626 20.0173401240737
-41.463894179776 59.3925984979298 20.1458042433795
-40.4190652594653 59.7613405314037 20.2738387581552
-39.3656077303279 60.105022478488 20.4009801237679
-38.3041926469114 60.4239981285749 20.5264207525976
-37.2353212797564 60.7182800171955 20.6490061708819
-36.1593657734664 60.9875051404748 20.7672824614766
-35.076633884887 61.2309643113077 20.8795841051535
-33.987444871041 61.4476896121332 20.9841469745082
-32.892201220124 61.6365856052433 21.0792286854152
-31.7914416568726 61.7965834419847 21.1632187854716
-30.6858650903049 61.9267936043666 21.2347239904263
-29.5763221365889 62.0266333248529 21.2926182869907
-28.4637787067273 62.0959089411371 21.3360534876832
-27.3492626167907 62.1348410612602 21.3644319156928
-26.2338073989452 62.1440301942947 21.3773484033288
-25.1184067315933 62.1243706363438 21.3745128489136
-24.0039887721372 62.076928954986 21.3556665866535
-22.8914137573983 62.0028088062956 21.3205055898301
-21.7814924021226 61.9030251597689 21.2686213146531
-20.6750183199298 61.7784082113783 21.1994664184377
-19.572805563536 61.6295509685706 21.1123484248569
-18.4757223444091 61.4568058871401 21.0064503853357
-17.3847135615543 61.2603266018851 20.8808742349554
-16.3008074138504 61.0401424719412 20.7347001610877
-15.2251046557955 60.7962480222693 20.5670539758213
-14.158752556931 60.5286876464456 20.377174133284
-13.1029087719939 60.2376186146565 20.1644704844894
-12.0587024094543 59.9233419742972 19.9285678924205
-11.0271999739564 59.5862998150675 19.6693292281895
-10.0093823457256 59.2270463864112 19.3868539084837
-9.00613595602819 58.8462073524909 19.0814500280147
-8.01825775210546 58.4444441809738 18.753580432296
-7.04647052620563 58.0224384199013 18.4037859401479
-6.09144360395696 57.5809038371156 18.0325924027224
-5.15381414962305 57.120624754538 17.6404121284697
-4.23420624683213 56.6425089942331 17.2274537914368
-3.33324764604776 56.1476365245621 16.7936573003107
-2.4515863547847 55.6372824734285 16.3386700488496
-1.58990970463733 55.1128967287705 15.8618773854704
-0.748966340192387 54.5760313755398 15.3624924740672
0.0704128263917222 54.02821988727 14.839699516769
0.867303360851148 53.4708257023574 14.2928315722188
1.64069675765024 52.9048897306696 13.7215531671618
2.38953956605093 52.331013586596 13.1260120783562
3.11280475131706 51.7493151739143 12.5069264208556
3.8095892495852 51.1594836022414 11.865582610746
4.47922394877499 50.5609411756625 11.2037347031176
5.12137754082333 49.9530944509051 10.5234128707281
5.73613397270325 49.3356305935143 9.82666578394568
6.32402364762705 48.7087976227028 9.11527675557229
6.88599099348068 48.0736041957746 8.39050487032448
7.42328721629001 47.4318880851592 7.65290637842848
7.93728922389878 46.7862282834295 6.90228363535652
8.42926384295899 46.1397059034901 6.13778599839886
8.90011636770781 45.4955466020717 5.35815229166566
9.3501765935717 44.8566989343265 4.56204754848888
9.77907642753537 44.2254187192508 3.7484209817547
10.18575805015 43.6029380543829 2.9168075584049
10.5686242282861 42.9892941358286 2.06751317220201
10.925811547586 42.3833710710648 1.20165432189877
11.2555420903646 41.7831658586902 0.321054092742671
11.5564941362682 41.1862359052021 -0.5719819842184
11.8281273983987 40.5902365190774 -1.47497358069111
12.0709010338693 39.9934303901914 -2.38560902070728
12.286333325022 39.3950569058743 -3.30206379797172
12.4768728842456 38.7954842939957 -4.2232244957672
12.6455829963541 38.1961181110307 -5.14875658967267
12.7956782321981 37.5990885329979 -6.07898808746922
12.9299860092561 37.0067754424623 -7.01463279179991
13.0504256018221 36.4212536507179 -7.95642551126971
13.1575978287155 35.8437551519545 -8.90476298743902
13.2505605798592 35.2742516241887 -9.85942848914368
13.3268334903262 34.7112512911978 -10.8194361304336
13.3826371503007 34.1518708524947 -11.78298901397
13.413335876305 33.5921853908954 -12.7475269188078
13.4140228746883 33.0277906753185 -13.7098491908132
13.3801637449193 32.4544555852707 -14.6663191876703
13.3081997445015 31.868718193428 -15.6131615558944
13.1960108172046 31.2682970620024 -16.5468383307103
13.0431571096104 30.6522440620558 -17.4644446297315
12.8508586632712 30.0208373050977 -18.3640285068232
12.6217271737887 29.3752768923201 -19.2447395227889
12.3593134694159 28.7172813200024 -20.1067530635391
12.067563536677 28.0486822750145 -20.9509840335577
11.7502792013662 27.3710898401478 -21.7786640243653
11.4106632096178 26.6856662051027 -22.5908864929767
11.0510032569055 25.9930178615673 -23.3882183661939
10.6725233628289 25.2931984726711 -24.1704438430554
10.2754065550517 24.5858039720575 -24.9364647061761
9.85897018331715 23.8701332204337 -25.6843466511364
9.42195523295656 23.1453802620776 -26.4114804156268
8.96287653200412 22.4108203004787 -27.1148189598028
8.48037505326065 21.6659544968994 -27.791152314069
7.97351836781707 20.9105899463847 -28.4373850031272
7.44200969760759 20.144848329687 -29.0507852276067
6.88628625558735 19.3691145521529 -29.6291808926756
6.30750851731378 18.5839495381658 -30.1710861095792
5.70745892027701 17.7899957333799 -30.6757523769112
5.08837830380219 16.9878996309499 -31.1431489372642
4.4527708204397 16.1782656012559 -31.5738840660944
3.80320485667718 15.3616436531149 -31.9690817860913
3.14213145534152 14.5385442301651 -32.3302272324255
2.47173531503791 13.7094678681045 -32.6589907506431
1.79382810307727 12.8749367754575 -32.9570383704339
1.10978988454972 12.0355180911789 -33.2258364112334
0.420561506266582 11.1918331261833 -33.4664610639171
-0.273311953896465 10.3445518353918 -33.6794288283936
-0.971589766366701 9.49437599191272 -33.8645686638455
-1.67420347351905 8.64201726646206 -34.0209593332353
-2.38109696187006 7.78817707569386 -34.1469537496859
-3.09205797004902 6.9335333584573 -34.2403049898421
-3.80656666283744 6.07873569258015 -34.2983958748085
-4.52369090780585 5.22440564871103 -34.3185566710874
-5.24205661177741 4.37113610929508 -34.2984359741797
-5.95991228786302 3.51948361257177 -34.2363721698361
-6.67528929190195 2.6699524917979 -34.1317021102881
-7.38623567458813 1.82297719167466 -33.9849446763317
-8.09107865930726 0.978915862269175 -33.7978122910959
-8.78865633357023 0.138069618537724 -33.5730316408645
-9.47845948106975 -0.699264992065565 -33.3139899922557
-10.1606410532402 -1.53271645215883 -33.0242574961923
-10.8358793821748 -2.36175278482404 -32.7070615472465
-11.5051138783253 -3.18562004098645 -32.3648023954118
-12.1692003534443 -4.00333189093503 -31.9986983503247
-12.8285517301011 -4.81372303106218 -31.6086338441183
-13.4828369593995 -5.61555911601577 -31.1932543523605
-14.1308071220797 -6.40767923952051 -30.7503099199173
-14.7703035172339 -7.18914005447465 -30.2771983333918
-15.3984768974059 -7.9593334850189 -29.7716092382433
-16.0122082401029 -8.71805688479004 -29.2321353785006
-16.6086717865484 -9.46551903845729 -28.6587108922357
-17.185931105486 -10.202266458529 -28.0527676750649
-17.7434270126473 -10.9290178557706 -27.4170652780895
-18.2822204234051 -11.6464088057235 -26.7552294717882
-18.8049002764649 -12.3546765122584 -26.0711039231338
-19.3151457142236 -13.0533486349455 -25.3680582592058
-19.8170188108443 -13.7410241676921 -24.6483989068836
-20.3141335999895 -14.4153321833095 -23.9130045345929
-20.8088816832137 -15.0731202722466 -23.1612663841192
-21.3018891746263 -15.7108684078708 -22.3913600446418
-21.7918387970035 -16.3252655780842 -21.6008098737847
-22.2757236365285 -16.9138437150081 -20.7872362880323
-22.7495145099534 -17.4755431775931 -19.9491179052245
-23.2091309073368 -18.0110842031163 -19.0863815539422
-23.6515221591341 -18.5230377617286 -18.2006724952075
-24.0756162796011 -19.0155312504481 -17.295248764257
-24.4829047756162 -19.4935930177679 -16.3745515382539
-24.8775107518768 -19.9622267818775 -15.4435801851212
-25.2657140930632 -20.4253896671156 -14.5072182178166
-25.6550401145836 -20.885096443436 -13.5696261905184
-26.0531165906185 -21.3408651768945 -12.6337777033201
-26.4665455810669 -21.7896512381057 -11.7011941226388
-26.9000184484366 -22.2263052066792 -10.7719271413339
-27.3558379386837 -22.6444705581117 -9.84481625428559
-27.833921710458 -23.0377446766925 -8.91799101038399
-28.3322677144412 -23.4008797441477 -7.98951120067308
-28.8477750429639 -23.7307958736033 -7.05798544847135
-29.3772402229664 -24.0272090987204 -6.12301780455834
-29.9183008525006 -24.2927404251695 -5.18540327417904
-30.4700991900957 -24.5324693729726 -4.24708513952283
-31.0335060411559 -24.7530117084157 -3.31094452353024
-31.6108704331546 -24.9613046520032 -2.38048938444131
-32.2054005383311 -25.1633421110632 -1.45946959550402
-32.820380950695 -25.36310334624 -0.551420619201624
-33.4584529628977 -25.5618659754718 0.340833398979941
-34.121126491238 -25.7580045348132 1.2156213481919
-34.8085890910081 -25.9472719709349 2.07267111647853
-35.5197803649836 -26.1234708739737 2.9130448878064
-36.2526485420376 -26.2793662462637 3.73874670579221
-37.0045058049027 -26.4076768792726 4.55210658787408
-37.7724233948476 -26.5019951735516 5.35512667435927
-38.5536229086441 -26.5575103109248 6.14897830064307

-14.424767445617 57.7775162783892 -22.9775809563207
-13.7085837856965 58.5853055147226 -23.2543278150462
-12.9641689125978 59.3729499980255 -23.5141560564101
-12.1924158386575 60.1394399852773 -23.756940095737
-11.3943648379008 60.8838951398823 -23.9826605344486
-10.5711827385297 61.6055916005045 -24.1913670261661
-9.7241126679781 62.3039535265131 -24.3831237802399
-8.85440882258447 62.9785089213715 -24.5579500402342
-7.96327363763146 63.6288193061851 -24.7157698839492
-7.05181332935013 64.254400482624 -24.8563848428911
-6.12102284432643 64.8546553607381 -24.9794792145043
-5.17180392145623 65.4288387731295 -25.0846620714052
-4.20501167429304 65.9760684705539 -25.1715427221256
-3.22151754315921 66.4953870028065 -25.2398288312664
-2.22227155119736 66.9858674593104 -25.289429799979
-1.2083462253531 67.4467441676304 -25.3205436724198
-0.180949067917754 67.8775400207271 -25.3337050541181
0.858600804073266 68.2781578942005 -25.3297752363958
1.90892592275406 68.6489068108863 -25.3098640930857
2.96865928747961 68.9904447332949 -25.2751854722726
4.03651057138524 69.3036374797589 -25.2268618366295
5.11131292897552 69.5893534995766 -25.1657072518833
6.19203858660202 69.8482322260574 -25.0920278069111
7.27777764155515 70.0804749254151 -25.0054828023521
8.36768099253928 70.2857084050628 -24.9050467670814
9.4608760947476 70.4629627154357 -24.7891005638281
10.5563746827425 70.6107849937973 -24.6556597272913
11.6530032946663 70.7274851997083 -24.5027216459177
12.7493940507926 70.811479437107 -24.3286843575672
13.8440655946043 70.8616685476812 -24.132764991195
14.935597040297 70.8777714931321 -23.915332978844
16.0228567073857 70.860532830113 -23.6780784269935
17.105210272177 70.8117455846104 -23.423960745371
18.1826221096293 70.7340713028505 -23.1569210211843
19.2555916649822 70.6306860465913 -22.8813833916947
20.3249255159527 70.5048198440909 -22.6016070540003
21.3914077549398 70.3592774379829 -22.3209787911138
22.4554644157463 70.1960281408574 -22.0413571685456
23.5169055461931 70.0159361060632 -21.7625922486395
24.5747823970141 69.8186743366642 -21.4823406314096
25.6273501321386 69.6028303408875 -21.1962646369525
26.6721114801372 69.3661731496301 -20.8986430179993
27.7059418520195 69.106017748262 -20.5833368136847
28.7253350063539 68.8196037347575 -20.2449654762847
29.7268153741424 68.5044102186983 -19.8800781255681
30.7075100535002 68.1583640724788 -19.4880768382438
31.6657766956474 67.7799577093442 -19.0716804580293
32.6017022282397 67.368352735076 -18.6368049730507
33.517285788599 66.9235707548975 -18.1918490318644
34.4162175433038 66.4468306138663 -17.7464693216592
35.3033163911427 65.9409825608124 -17.3099934371276
36.1838041011719 65.4108630510397 -16.8896708826188
37.0625976221343 64.8633297371194 -16.4890371920909
37.9436945203316 64.3067924779644 -16.1067464977191
38.8295957764169 63.7502122764036 -15.7362429047006
39.7206806862202 63.2017016035991 -15.3665234968542
40.6145849287896 62.6669427929826 -14.9839995532893
41.5058542502326 62.1476590462499 -14.5751643767663
42.3862474200153 61.6404123852878 -14.1295289771934
43.2458770516826 61.1361000500313 -13.6421846652609
44.0749731694473 60.6205794907388 -13.115444542086
44.865738533518 60.0767202782444 -12.5592436818568
45.6138114776796 59.4877910002123 -11.9901680743204
46.3191977080427 58.8415191620162 -11.4290345977537
46.9868003387887 58.1336395725064 -10.8970336272326
47.6265696591706 57.3696298237759 -10.4108720388145
48.2529271893489 56.563916794809 -9.97806634117902
48.882914424603 55.736950971012 -9.59397520982094
49.5328035774907 54.9114046454069 -9.24180940043348
50.2136757370396 54.1086144576241 -8.89585216780037
50.9273858761202 53.3454817850197 -8.52708322820404
51.6648039305778 52.6314873697764 -8.10973903342854
52.4076467542373 51.9659870505126 -7.62711390098928
53.1336065358041 51.3369170042217 -7.07518014442748
53.8228206969867 50.7222509319932 -6.46341907845192
54.4632415967445 50.0946244632526 -5.81316646226585
55.0533726163763 49.4281240540037 -5.15409980360372
55.6021711438065 48.7051733285997 -4.51920918821707
56.1266813298062 47.9211804374097 -3.93849762285522
56.6480946774927 47.0852498893266 -3.43229441632822
57.1869681735089 46.2166679390136 -3.00591428225029
57.7584812793661 45.3385120646117 -2.64750874869878
58.3686597815127 44.4708518010185 -2.33006208464656
59.0122681276773 43.6260434786705 -2.01714636866599
59.6727864125556 42.8075179250045 -1.67100401402254
60.3248442647336 42.0117326232933 -1.26104060951529
60.9394572547052 41.2315360163719 -0.770657655237366
61.4916760530835 40.4588953587392 -0.200439580619655
61.968672030396 39.6859091455265 0.433456901774837
62.3750534354934 38.9045978919659 1.10492215577885
62.7327983396164 38.1070496962748 1.78470840643414
63.0754884508369 37.2871666089058 2.44545784235103
63.4388833175574 36.4435022909313 3.06415902992643
63.8510496737203 35.5808683512124 3.62365475950767
64.3252666825893 34.7084734387246 4.11487631609492
64.8578709583986 33.8348429904773 4.53940880876033
65.4310351620715 32.9626689494919 4.91041726146039
66.0182906244205 32.087340641493 5.25052272366557
66.5902823646919 31.2004519532039 5.58701999404452
67.1198867090655 30.2959914747879 5.94612242668218
67.5871238679702 29.3750558382381 6.34807772313451
67.9835956142743 28.4461558528887 6.8044155085181
68.3147609831579 27.5213603969354 7.31761401877772
68.5984340863773 26.6110569458143 7.88241671804503
68.8595811405371 25.72022815977 8.4875657824585
69.1231920547445 24.8473316799819 9.11727782370119
69.4075671503291 23.9851031733709 9.75275544283262
69.7199071316286 23.1222350434245 10.3743132328066
70.0551561641279 22.2455375000883 10.9640787988874
70.3980264043047 21.3426481826275 11.5085777049046
70.7273836986817 20.4050160010258 12.000560709713
71.0218410848774 19.4301883346294 12.43991133283
71.2652642297433 18.4222687701623 12.8336965021373
71.4508051104528 17.3902217106269 13.1952747643164
71.5823326561382 16.3449609566518 13.5422943106171
71.6729301205602 15.2967839266321 13.8936759800817
71.7411071313451 14.2541109364535 14.2661144744142
71.8059582237755 13.2232401220475 14.6709468605869
71.8825557667723 12.2081319954021 15.1122630214132
71.9786270495132 11.2096758570385 15.5867897830166
72.0931676683181 10.2248937136519 16.0854230572258
72.217099764233 9.24706827156513 16.5956500446511
72.335559514974 8.26735729967983 17.103947335623
72.4311307055763 7.27746971031139 17.5976459907021
72.4873286784853 6.2722203471895 18.0662935720481
72.4916815711774 5.2507829872453 18.5027275397844
72.4377935577857 4.21618081932977 18.9038606602919
72.3259593800243 3.17348536005415 19.2709254006566
72.1623026053168 2.12775013371902 19.608942418742
71.956847672725 1.08260783674994 19.9254500916692
71.7211542705477 0.0398921732211525 20.2288225616089
71.4660799962899 -0.999949218246243 20.5266241419378
71.2000355866235 -2.03715863181423 20.8243753981121
70.9279142243452 -3.07210227275315 21.1249256420389
70.6507549654713 -4.10497441192768 21.4284330993429
70.3661012344566 -5.13568944661103 21.7328113933131
70.0689124305862 -6.16382183084968 22.034438923166
69.7527990786306 -7.18852950021117 22.3289413044898
69.4113124104411 -8.20849930773501 22.6119122202463
69.0390411303135 -9.22199439161161 22.879494577914
68.6323413420696 -10.2270438111071 23.1287811005818
68.1896273505065 -11.2217358794973 23.3580156528294
67.7112536756122 -12.2045170699144 23.5665973930431
67.1990958434756 -13.1743923522829 23.7549151748181
66.6559729212399 -14.1309659223783 23.9240638238935
66.0850483739787 -15.0743236646537 24.0755075038903
65.4893119926446 -16.0048086923077 24.2107536741821
64.8712032402844 -16.9227621865669 24.3310866802188
64.2323990165102 -17.8282946362069 24.4373894459245
63.5737614230248 -18.7211293893213 24.5300615203561
62.8954223927526 -19.600534530213 24.6090257681301
62.1969693331179 -20.4653390927536 24.6738054915107
61.4776880483652 -21.3140178951969 24.7236482407205
60.7368167470647 -22.1448239024568 24.7576709210951
59.973768941944 -22.9559448696204 24.7750020879284
59.188293490414 -23.7456601932253 24.7749009673612
58.3805551335578 -24.5124744675258 24.7568384256116
57.5511354400017 -25.2552074666521 24.7205323767305
56.7009683894108 -25.9730271181448 24.6659381114366
55.8312340862904 -26.6654220709579 24.5932014917682
54.9432371102947 -27.3321217323529 24.5025885545829
54.0382934329568 -27.9729814336569 24.3944078149402
53.1176435301014 -28.5878563202413 24.2689411124807
52.1824014501949 -29.1764884667063 24.1263955336769
51.2335418636091 -29.7384278114356 23.9668836132062
50.2719205218544 -30.2730000581203 23.790432776906
49.2983186111111 -30.7793254507428 23.5970189989991
48.3134985411909 -31.2563830112084 23.386614969398
47.3182581024965 -31.7031068764447 23.1592405354442
46.3134718171741 -32.1184959116655 22.9150032654008
45.3001124152984 -32.5017156385704 22.6541196585157
44.2792507638714 -32.8521731573342 22.376912231062
43.2520378682546 -33.169551053514 22.0837833988965
42.2196763261489 -33.4537944273068 21.7751724710207
41.1833899186243 -33.7050546123258 21.4515059677747
40.1443987748751 -33.9236018929466 21.1131530787948
39.1039044391485 -34.1097256755425 20.7603971396241
38.063085326364 -34.2636427640599 20.3934308346028
37.023099600527 -34.3854321510492 20.0123781145317
35.9850902763376 -34.4750085337761 19.6173404293008
34.9501868025558 -34.53213791412 19.2084597422328
33.9194987109789 -34.5564890538672 18.7859867940376
32.894099982327 -34.5477064249815 18.350340972086
31.8750070269224 -34.5054856786653 17.9021484150436
30.8631574585911 -34.4296329972713 17.4422477418125
29.8593995271775 -34.3200953112722 16.971657648964
28.8645015550248 -34.1769581399612 16.4915067769999
27.8791861563346 -34.0004192424683 16.0029327479821
26.9041859677769 -33.7907559767322 15.5069632919347
25.9403081393315 -33.54830891308 15.004397311593
24.9884869175432 -33.2735014856389 14.4957070913731
24.0498002922392 -32.9669047160938 13.9809839912252
23.1254299936373 -32.6293389493936 13.4599479828079
22.2165548238099 -32.2619849668627 12.932035379646
21.3241843979714 -31.8664603938252 12.3965686777081
20.448961003993 -31.4448102233064 11.8529981333099
19.590976743011 -30.9993676631316 11.3011883260758
18.7496653930942 -30.5324654764619 10.74170731942
17.9238277661955 -30.0460161723342 10.1760646896067
17.1118321810365 -29.5410247620872 9.60684134826235
16.3119982563524 -29.0171395744695 9.03766164696824
15.5231265077896 -28.4723721366736 8.47297750866199
14.7450848759141 -27.9031139871014 7.91766284370319
13.9793151988892 -27.3045372725322 7.37644917387423
13.2290903589478 -26.671385173862 6.85326526290936
12.499354838325 -25.9990482232297 6.35057292985043
11.7960395622556 -25.284710990566 5.86881876094523
11.1248685107151 -24.5282832487062 5.40614376360412
10.4898519053119 -23.7328437819475 4.95849630036146
9.89182997232888 -22.9044387100016 4.52025642476899
9.3275113742099 -22.0512523371157 4.08538690182758
8.78938520526728 -21.1823268660973 3.64898398635779
8.26668328452757 -20.3060785300497 3.20894151223047
7.74729902481752 -19.4288431912724 2.7673172187586
7.22031722794103 -18.5536563328084 2.33096192499059
6.67864161755367 -17.6794954068319 1.91108668840493
6.12115353106997 -16.8012596927136 1.52169062309877
5.55388417951518 -15.9107201329649 1.17706569575419
4.98979077061704 -14.9984403613612 0.888824034358727
4.4468752680506 -14.0562766550024 0.663019365415117
3.9446441044513 -13.0796904654462 0.498000550115771
3.49937568176061 -12.069017505362 0.383647866665464
3.11926237559845 -11.0292152853618 0.302487458012344
2.80087892803507 -9.96835564473608 0.232749832781611
2.5282399479675 -8.89579117105825 0.152844225306922
2.27496200981805 -7.82096947139956 0.0462533327175983
2.0091453967361 -6.75316602604311 -0.0943078473687172
1.69989878251579 -5.70148421621108 -0.264548758378063
1.32399506150935 -4.67414771879676 -0.448913967771107
0.87096649758634 -3.6767253152817 -0.623857954368802
0.345224373026913 -2.70997154856449 -0.763529816902189
-0.235373132407734 -1.76855320337438 -0.846454313322078
-0.84403011259853 -0.841615789450588 -0.861430110846667
-1.45138517624342 0.0847654801021637 -0.811126778794956
-2.0322624970813 1.02403825977609 -0.712492432628316
-2.57131900293576 1.98562289112461 -0.59383074558423
-3.06628998130977 2.97225530605006 -0.489170713132428
-3.52803985056112 3.9787586841881 -0.431198482814664
-3.977455062848 4.99255641853591 -0.444353094656318
-4.44008333838005 5.99610811182866 -0.539665385872533
-4.9399964861408 6.97108431342688 -0.712616965305765
-5.49446501952123 7.90336007361322 -0.944671883545053
-6.1106521618883 8.78721896602363 -1.20814424977159
-6.78480070609417 9.62716873052547 -1.47302531386666
-7.50366244796954 10.4366618549197 -1.7138703462802
-8.24755924325962 11.2342728737417 -1.9150803248853
-8.99443731227187 12.0387728359814 -2.07359054499311
-9.72423684239612 12.8646888845988 -2.19866479771214
-10.4226988140239 13.7194609187854 -2.30906710593818
-11.0836540001422 14.6025861753412 -2.42839544323785
-11.7092031101149 15.5065611089459 -2.57973741915488
-12.3079032526129 16.4191741413162 -2.78089592948965
-12.8917046228106 17.3266569685121 -3.04121636284236
-13.4726185410315 18.2171146095289 -3.36061799235615
-14.0599400674958 19.0834694353351 -3.73086438780227
-14.6584840039251 19.9251027066718 -4.13850448001084
-15.2679300537941 20.747690079442 -4.5684959135251
-15.8831478772845 21.5613391400791 -5.00749015534264
-16.4953015767182 22.37772481728 -5.44609079653412
-17.0935168657888 23.2071854030708 -5.87984922271527
-17.6668274289204 24.0566126073699 -6.30910214538959
-18.2060107615194 24.9285718716336 -6.73792590756171
-18.7048942995346 25.821633765516 -7.172551323036
-19.160845384484 26.7315641711006 -7.61961021827212
-19.5744118261788 27.6528915414293 -8.0845718009417
-19.948326337216 28.5804127397075 -8.57065281093691
-20.2862244289954 29.5103255709165 -9.07835142025563
-20.591429838709 30.4408159445029 -9.60559375717323
-20.8660735667425 31.3720604215414 -10.1483433648175
-21.1106849974928 32.3057323933082 -10.7014504805944
-21.3242651885176 33.2442086344056 -11.2595224680623
-21.5047454179814 34.18973004324 -11.81765582632
-21.6496614184082 35.1437506315897 -12.3719434976478
-21.7568448566109 36.1066177132696 -12.9197293329147
-21.8249535807847 37.077601404012 -13.4596195156366
-21.8537254622998 38.055183184555 -13.9912884185015
-21.8439277930059 39.0374583041961 -14.5151412297899
-21.7970572902537 40.0225128079062 -15.031914627127
-21.714900901426 41.0086835358863 -15.5423010327214
-21.5990843953233 41.994668562236 -16.046666633067
-21.450718016869 42.9795031166456 -16.544902234678
-21.2702083845114 43.9624434486739 -17.036409710935
-21.0572571768759 44.9428106807878 -17.5201966662817
-20.8110219191775 45.919843981814 -17.9950350518468
-20.5303811756795 46.8926012013347 -18.4596367199321
-20.214230974239 47.8599275944082 -18.9128066916987
-19.8617425899881 48.8204923538394 -19.3535482123272
-19.4725309118739 49.7728733338767 -19.7811084115287
-19.0467109775008 50.7156583125549 -20.1949670431128
-18.5848496415822 51.6475300427802 -20.5947817316152
-18.0878422620949 52.5673117295508 -20.9803100910797
-17.5567561598531 53.4739651272795 -21.3513310397664
-16.9926825897943 54.3665492045367 -21.7075845164162
-16.3966293608814 55.2441582790048 -22.0487417037049
-15.7694710811106 56.105862267367 -22.3744088431755
-15.1119576163218 56.9506684826706 -22.6841591336114
