0.2732557450924506 -2.8518556889636399 0.11775753372255632
0.50796898008378943 -2.8719251264174877 0.0085711997392772035
0.72982961897800358 -2.8570822431180396 -0.12792203876152286
0.94410437656266089 -2.7782329840857982 -0.25739878584317061
1.1412491718566362 -2.637224613028978 -0.36624900395652055
1.3115990428477724 -2.441944983687101 -0.44066139130150345
1.4467503598941034 -2.2058760619305118 -0.46818134058731342
1.5409579305107923 -1.9478131177762987 -0.4405542680968676
1.5946747571317788 -1.6876482042718182 -0.36008249368364947
1.6092096016861457 -1.4413685116737571 -0.23089585288371064
1.594025282129631 -1.2248339978254419 -0.056360684646596056
1.5658022906549065 -1.0366412242832264 0.14512454539072994
1.5241332250934192 -0.84438019039683021 0.33740060104387115
1.452326251419114 -0.62199902385153183 0.48444651086842333
1.3538546121612922 -0.37359027772350356 0.56683228592966939
1.2390074568433924 -0.11681652081659094 0.56380994493145187
1.1149121989005906 0.11602727399208576 0.46753928364807629
0.98914028235111551 0.30518072272833779 0.30649996498721399
0.86648294306141849 0.43997539195761076 0.098863382100231462
0.73947058317349978 0.54698012952300168 -0.12221562475950953
0.58923465952959497 0.65425709261774001 -0.33004911677210991
0.39159147751351636 0.78088370199181556 -0.48421290070784073
0.16188823943823527 0.924938643302332 -0.56408252921805635
-0.075192311055266636 1.0774725830258658 -0.54984203093237283
-0.29618366768476428 1.2200797247099595 -0.45605083298079674
-0.48627318268556691 1.3404522262905818 -0.2959162235980965
-0.65871454513768768 1.4462364095422586 -0.108050260862321
-0.83328488242157595 1.5460719298079155 0.082568998678072519
-1.0207093980731847 1.6404790796590139 0.26584017256372289
-1.2328065806609572 1.7287836843668509 0.42697483183786544
-1.4764358233771342 1.8052976618950494 0.54622591047535463
-1.7453228056056478 1.8602040682419394 0.60791136729223139
-2.0230595305097134 1.8817748606193045 0.60295701004375135
-2.2883517501845465 1.8633892596339474 0.53654087085279367
-2.5234853591962829 1.8039548134916745 0.42071561792476303
-2.7158831571250786 1.7060167817413605 0.26955683139666642
-2.8607214043998042 1.5761145977048949 0.098104705106282442
-2.9547189723258809 1.4191214083644859 -0.082230338587161445
-2.9963746002087852 1.2394770556252577 -0.26128521528787363
-2.9847189723040128 1.0419067019669304 -0.42906859564063332
-2.9163926824108626 0.83169199137983274 -0.57301582010774088
-2.7933256177170782 0.61724516315206368 -0.67956903682922687
-2.6218828743277229 0.40953303631997706 -0.73402706835612053
-2.4159441646354942 0.22106036876675886 -0.72339940416745585
-2.1967430259839498 0.061241021922577861 -0.64521011871731648
-1.9851410408401651 -0.06501574020831144 -0.50561778844165461
-1.7939717675124549 -0.16034663614443986 -0.32137800765031543
-1.6240095734286184 -0.23188227135607842 -0.1106525973215006
-1.4666286991506541 -0.28830411226330083 0.11134339451152636
-1.3100667013271874 -0.33659118754775685 0.33387323856920953
-1.137193341719607 -0.38235071006078797 0.54401220795108718
-0.91630646023904205 -0.43038915705183334 0.70705608876518811
-0.65367557816965172 -0.47894362402323637 0.79952653585400713
-0.37257861633848738 -0.52528804679549113 0.80913876834887932
-0.10285396893950394 -0.56409638732815381 0.7258342470930248
0.13111215030183962 -0.58531912963328458 0.56869276445676231
0.3144264353582284 -0.58677812221788128 0.35809742730210181
0.46513358025222745 -0.57202864325866964 0.12561361364616683
0.61838043976386015 -0.54374685824861957 -0.10342637469301794
0.81152372313275034 -0.48228799197649053 -0.29420697215333319
1.0405627461197451 -0.39065625331844389 -0.42890071717653305
1.2928620285250083 -0.27357400034689228 -0.47505427747945661
1.5425637091705775 -0.15224489490318022 -0.43037655158397908
1.7666814555501478 -0.036137839330798914 -0.31355540533592891
1.9526464683035887 0.073618696245170034 -0.14110943991403238
2.1268520223547842 0.18766706804201469 0.041400793797940275
2.3037972810906227 0.31917180265510303 0.21140341632538043
2.4872903764060439 0.48859939752158393 0.33555703409588111
2.6619323464876703 0.68939437709388929 0.41688766934143534
2.8176702326714631 0.91587217956754341 0.44704175385975775
2.9368810834497099 1.1599441470177523 0.41650091076127571
3.0054630600200354 1.4060148869514308 0.33236323738647755
3.0191317274371574 1.6400481420808402 0.20988485083860894
2.9778908451443495 1.8517685017507377 0.063079894852823462
2.8839432856753264 2.0337685897953208 -0.095487231155325619
2.7425044085649337 2.1815725150885443 -0.25437735583474896
2.5571526295530815 2.2896709984941341 -0.40264072960392266
2.3341401625465554 2.3539223632480852 -0.52873412500054739
2.0828014550693106 2.3717494527549725 -0.62067918642983411
1.8157142807284741 2.3421747172101779 -0.66506069703708326
1.5491741588555599 2.2717248611719563 -0.6541938239756846
1.299695366624819 2.1701404441144287 -0.58481246924089325
1.0788153602598682 2.0500427905671281 -0.46442992740584788
0.8892586272556795 1.9205935727129408 -0.30741004429713287
0.72485068793418872 1.7851860114233316 -0.13020113259779126
0.57639608283785837 1.6429519690964782 0.054593637054055212
0.43569508354596409 1.4938364388971248 0.23907014053256781
0.28953981965560338 1.3132024561511384 0.38826631580618187
0.13637881512951877 1.0944608057699465 0.47084063963267697
-0.014412105328379388 0.85743826937196232 0.46496159405061371
-0.14284060501886314 0.62510530282803101 0.37429530024653435
-0.23987308703525695 0.40937945442908236 0.22777389368461376
-0.32239113693962834 0.1950986309822462 0.073185171503135943
-0.39362306951319076 -0.02169325661034386 -0.08303859548301365
-0.45074276604573954 -0.26761000533697682 -0.19644622115568347
-0.49484967932061735 -0.53939986764127112 -0.2315321945512604
-0.52997839780761957 -0.80916273125660854 -0.17688222881168991
-0.5471744446315121 -1.0576466658932591 -0.057917323375582565
-0.54870569394826241 -1.3021872837947501 0.070178692420445249
-0.53180677723784853 -1.5503693318407044 0.18994552267810003
-0.49131983155514175 -1.802096001806518 0.29568610308164933
-0.41253253421095454 -2.0576695321481235 0.36030831515051737
-0.29167504453747078 -2.3025470829533199 0.37518480823795891
-0.13405881694499788 -2.5200954046703901 0.34134043214710541
0.052242682392930451 -2.6918326793945644 0.26590064482577813
0.24065770904096867 -2.7716366593832253 0.18773722848874594
0.46305345242914742 -2.6543755284344246 0.21980117285746786
0.70443272931756995 -2.5230466506096945 0.25657800859406582
0.9458120062059896 -2.3917177727849666 0.29335484433066322
1.1871912830944122 -2.260388894960236 0.33013168006726112
1.4285705599828316 -2.1290600171355076 0.36690851580385864
1.6699498368712542 -1.9977311393107777 0.40368535154045654
1.9113291137596737 -1.8664022614860496 0.440462187277054
2.1527083906480966 -1.7350733836613195 0.4772390230136519
2.3851399193306908 -1.6091303187329393 0.51800824908442777
2.31355520987649 -1.6577079188142607 0.59000529462709284
2.0753597053946451 -1.7674839803055513 0.67154874813369791
1.8156910975061411 -1.8517714527161566 0.70574578200433824
1.5458225705026212 -1.9066582725961332 0.68716404808044496
1.2818665174428605 -1.9251739712734877 0.60376378206230441
1.0407085974027266 -1.9183028644554083 0.46445086486463599
0.83164639869764434 -1.9004295720215463 0.27983032674574515
0.65040810146274608 -1.8914439912250149 0.067029508845751901
0.47265645510292992 -1.897201918931221 -0.14812060490578813
0.28734724222920854 -1.9116054353984471 -0.35748706128586144
0.076966418332848563 -1.9397007060357692 -0.5423692546701081
-0.1660156504901773 -1.9691349667351128 -0.68220510507482768
-0.430724723372855 -1.9930327274956088 -0.77650502769039997
-0.70977741004418826 -2.0011431281675183 -0.81207274223137904
-0.98807708517577897 -1.9867770194121528 -0.79029201829843421
-1.253008605018787 -1.947120074203244 -0.71978043044447548
-1.4973715227049429 -1.8824193545913013 -0.61274591647752907
-1.7181138900415065 -1.7934302879384894 -0.48042239312956614
-1.9139870505269152 -1.6799809274797175 -0.33209223196106585
-2.0852651124088921 -1.5423412013907218 -0.17631812807474326
-2.2305753761689182 -1.3793380511388107 -0.020317583148899553
-2.3480538364069399 -1.190250789902227 0.12874237667666155
-2.4350438923073514 -0.97578254912575424 0.26347664381524011
-2.4865224271571118 -0.73709819530385057 0.3747673639323218
-2.5000699558020489 -0.47985541030035578 0.45416858059778009
-2.4726126520682046 -0.21239043533387106 0.49050398233444115
-2.4084755947133547 0.053118383586407379 0.47732428334133797
-2.3165154560700794 0.30431196918875197 0.41132184120751858
-2.2109208529181732 0.534487855272197 0.29881209903362904
-2.1044113445199275 0.74477104937391347 0.15125921771447129
-2.0042540791514178 0.94378121868538034 -0.015974952057943779
-1.911140679302219 1.1424347424432177 -0.18795383067815299
-1.8199695784238576 1.3506864764584952 -0.34911773075194236
-1.7219666742156647 1.5731701808904823 -0.48434697686081613
-1.6074339881086539 1.8071988005986963 -0.57879974093852082
-1.4702128180341172 2.0418870735578905 -0.62338271122657951
-1.3092382910295821 2.2628466938212224 -0.61585445224443447
-1.128613309412368 2.4584472073867967 -0.56246112041475294
-0.93345647402837018 2.6215525765608345 -0.47188616546659773
-0.7285225929959378 2.7502273497212757 -0.35436335517946238
-0.51692195435843047 2.844644757964129 -0.21891147096134045
-0.29995182227894018 2.9049622488342477 -0.073189651525282312
-0.078179210764387552 2.9325558670095182 0.075400128231730312
0.1482467888801389 2.9266706319152687 0.219857974259278
0.37899091948207325 2.8858141464546914 0.35269801250443805
0.61225870345745292 2.8092267981020504 0.46608029676728313
0.84430156972771231 2.6948937497831715 0.54983606815284902
1.0691439010219093 2.5453829417935805 0.59503624602657412
1.2784052740836707 2.3660104602445822 0.59168389230917351
1.4651160352994843 2.1686216477853648 0.536191033469262
1.62516887659155 1.9675303223728278 0.42927440229330599
1.7625147120121154 1.7749806485145077 0.28170006071015136
1.8855333673295296 1.5966245049277326 0.10620958229485788
2.0052462253213132 1.430171203601645 -0.082626029503517939
2.1311469661112401 1.2678217670665413 -0.27117985043777687
2.2690214258376509 1.100683252738031 -0.44742068387730916
2.4198585181838141 0.92166993791044227 -0.6003625223013227
2.576233623472632 0.7125673363695364 -0.69940005971238839
2.7183151263832332 0.47546716627655067 -0.7329648532422085
2.8409321381648387 0.22717477107741738 -0.71640803122480612
2.9326020141356457 -0.023882528195875517 -0.64969581117991049
2.9884318638418521 -0.26892628615132275 -0.54200405192808276
3.0076621294105248 -0.50220171053491935 -0.40396269936410378
2.9928378263772935 -0.72165842310776362 -0.24669715921962926
2.9443470004520069 -0.9265619673099369 -0.078612893752136981
2.8628749881772144 -1.1174996778028827 0.092331374956517248
2.7479181676348472 -1.2944307760750837 0.25862570552787228
2.59868425302064 -1.4548344945617437 0.41406895319413323
2.3899808230133597 -1.5986420184408647 0.46525019385388389
2.1517776901301069 -1.7365330749001171 0.43177668861296153
1.9135486360464851 -1.8736766619606056 0.3956906267242411
1.6753195819628628 -2.0108202490210942 0.35960456483552067
1.4370905278792345 -2.1479638360815869 0.32351850294679929
1.1988614737956131 -2.2851074231420756 0.28743244105807886
0.96063241971199087 -2.4222510102025647 0.25134637916935842
0.72240336562836882 -2.5593945972630534 0.21526031728063794
0.48417431154474089 -2.6965381843235456 0.17917425539191659
