-10.117427032007 -8.01005161479887 -0.61147877960899
-9.76306023563914 -8.8799526623373 0.0223321206851522
-9.29512596062602 -9.68595963631457 0.666930413009409
-8.71426389429455 -10.4191645088327 1.30685457839588
-8.0223549666643 -11.0693068212629 1.92627523807587
-7.22344374548861 -11.6248295625388 2.50855055183153
-6.32479452061783 -12.0732358937089 3.03602474421502
-5.33795718560475 -12.4017208152498 3.49012066834097
-4.2797296872211 -12.5980338026524 3.8517461093833
-3.17293339845951 -12.6515232606497 4.10201251535181
-2.04693933631231 -12.5543135278787 4.22324956324136
-0.938017279428355 -12.3023477664392 4.20006171656079
0.111534810496859 -11.8988905120981 4.02296552123552
1.05617033853059 -11.3556640375667 3.69037728908259
1.85130744268279 -10.69353088682 3.21048171193984
2.45895647883481 -9.94167466300873 2.60201913153001
2.85353465521638 -9.13440586508361 1.89320333631732
3.0250539284558 -8.30535265961431 1.11894468768371
2.97633101758165 -7.48041926072018 0.318809715394903
2.71526334335471 -6.67281093928659 -0.460904298367332
2.25152751539487 -5.88383808673594 -1.16313855706305
1.60346348260204 -5.11086962333047 -1.72261352374549
0.805720743825152 -4.35862446586958 -2.07783552921179
-0.0915030680749726 -3.64563544072482 -2.18635449970788
-1.03067154490179 -3.00005535569997 -2.03619606338202
-1.9593563241387 -2.44721378667899 -1.64921333774868
-2.84386352233462 -1.99656644825407 -1.07503512919228
-3.67880855283458 -1.63423701704937 -0.378531772283121
-4.48581323980217 -1.32480345172499 0.373846897223765
-5.30029625992833 -1.01944203100195 1.11993590485809
-6.15124034377016 -0.668684668493357 1.80300597408959
-7.04602950659156 -0.233486837129893 2.37233033569114
-7.96729434566623 0.309430903661161 2.78582149731202
-8.87843112118963 0.967379632985718 3.01264336888641
-9.73207654362091 1.73228553144055 3.03729750995384
-10.4785505964457 2.58403593140409 2.85969199999792
-11.0721154116649 3.49396527614851 2.49383089057828
-11.4750443658701 4.42820252684734 1.96562961896791
-11.6599365189441 5.35060416539581 1.31044266747861
-11.6108514727927 6.22518294457428 0.57067324329547
-11.3237784349019 7.01810990826527 -0.206400957669779
-10.8067907256159 7.69946720134217 -0.970643614611202
-10.0800303951639 8.24495616287058 -1.6711038681438
-9.17544149945752 8.63772684314977 -2.25833686964755
-8.1359363908129 8.87039107893223 -2.68723111076588
-7.01346524246848 8.94710332352154 -2.92044700117007
-5.8653389875712 8.88534210805241 -2.93230727642143
-4.74826642211201 8.71673602307102 -2.71258886280243
-3.71008923545304 8.48604494888643 -2.26927050228385
-2.78027117642722 8.24737787387042 -1.62919275720838
-1.96149793218255 8.05699736830614 -0.836322988718038
-1.22824834757522 7.96384600994656 0.0538793525465815
-0.531760775832391 7.99880760524341 0.97801392766585
0.186760067628876 8.16667158345005 1.86950444379862
0.979140454008896 8.44485959872997 2.66376341184236
1.8761022068089 8.78942365237937 3.30343550886373
2.88103152889098 9.14496814822912 3.74258104917304
3.97033278237972 9.45419866022794 3.95293903192167
5.10108955266579 9.6662632605256 3.92589434917827
6.22016588525224 9.74184286281818 3.67179719747295
7.27230405661518 9.65532709829232 3.21708648762394
8.20610276606185 9.39486628589263 2.60038218351685
8.97785561283824 8.96119682645076 1.86853451765719
9.55375819031289 8.36595656708733 1.0731591902452
9.91110032017551 7.62992043582913 0.267769366335467
10.0389395029366 6.78131559656864 -0.494649941315417
9.93853738463902 5.85416812336196 -1.16389574209453
9.62359809512571 4.88649704656796 -1.69490195573469
9.12009840179592 3.91810736560961 -2.0503778419421
8.46526415209583 2.98775462541412 -2.20373315845164
7.70507634545275 2.1295776231943 -2.14203243527839
6.88967934622337 1.36890188682465 -1.86842519427571
6.06634087874012 0.717708037087923 -1.40327418469898
5.27029485798617 0.17006612882227 -0.783354058314907
4.51621750496311 -0.299589531381358 -0.0566866501869662
3.79417909599971 -0.735977795069807 0.720972098886394
3.07585951616022 -1.19457657131442 1.48884960352989
2.33154149035073 -1.7258527488915 2.18145826504019
1.54807439112659 -2.35981750622125 2.73045701153451
0.737589992057632 -3.09880469537868 3.07151926131156
-0.0641343249373724 -3.91841317836511 3.15861461556574
-0.806966667176063 -4.7783773696732 2.9749595808845
-1.43759651256431 -5.63761144166811 2.53711760254004
-1.90964270797442 -6.46742608635585 1.8905125060247
-2.1911316577772 -7.256719700951 1.09803195655377
-2.26628118346631 -8.00660700341233 0.225621678473839
-2.12948976294971 -8.7181591946921 -0.668814627848403
-1.77878884699927 -9.3823090197058 -1.537566325964
-1.2182007234388 -9.97899489136441 -2.33895030406322
-0.46443077264453 -10.4833666653164 -3.03520759999719
0.451265049578209 -10.8727996959707 -3.59483078514071
1.48693513468092 -11.1312734108018 -3.99579404689241
2.59592998130259 -11.2508083816889 -4.22702222018601
3.73230360919954 -11.2309428147246 -4.28787730003835
4.85463668423226 -11.0773005955208 -4.18647580369411
5.92849001924754 -10.8001119720893 -3.93783461829844
6.92663621277139 -10.4111450930159 -3.56003684462114
7.8286039273645 -9.92290370345372 -3.073138269006
8.61999039935701 -9.34774146526392 -2.49804663429055
9.29152467143535 -8.69714944110608 -1.85568531756322
9.83796706814001 -7.98125999592578 -1.16648546774588
10.2569549333314 -7.20860060476523 -0.450221856934987
10.5479270935209 -6.38612041405495 0.273824541306586
10.7112628775502 -5.51949932272754 0.986434167147632
10.7477594517862 -4.61373789407422 1.6678452558889
10.6585534390333 -3.67401252406897 2.29711991735705
10.4455734338577 -2.70674913261992 2.85166887597087
10.1125784777498 -1.72079961847463 3.30717998493286
9.66676757357687 -0.728480718856945 3.63824781617004
9.12080210280318 0.253948056651115 3.82001247426621
8.49483854549386 1.20700011787429 3.8310188626502
7.81782963365108 2.1106366455669 3.65722351343279
7.12700376592492 2.94948806874592 3.29657462446303
6.46429685252896 3.72029208318338 2.76302557109044
5.86896846824967 4.43907801349572 2.08866167012256
5.367084360102 5.14279077687601 1.32315586202969
4.96103005630092 5.88013921540586 0.530190666341316
4.62471967304055 6.69350437450948 -0.219775109142184
4.30951649539577 7.60166802050962 -0.859579488968786
3.95938428778955 8.59188098747507 -1.3346848729648
3.52658736378068 9.62275990015908 -1.60818366376122
2.98187704540732 10.6336311267919 -1.66504277059847
2.3165693796892 11.5573814402585 -1.51119608668723
1.53986810320604 12.3311102936369 -1.17041538072252
0.674276806525266 12.9030771649894 -0.679941504635388
-0.24905589110737 13.2362351707393 -0.086043355905699
-1.19426139653506 13.3094721204005 0.559798729778558
-2.1238601724586 13.1177041484257 1.20394082375315
-3.00135504534814 12.6715955724051 1.79310451441361
-3.79375649890366 11.9971763284369 2.2768256082615
-4.47446035463391 11.1351144261418 2.6102624127775
-5.02670897045549 10.1389342501509 2.75762810590015
-5.44748054728161 9.07115183042239 2.69615199707295
-5.75102026599832 7.99634952414338 2.41996955488602
-5.97037672234828 6.97099345788739 1.94289070329639
-6.15458539254759 6.03143818328102 1.29914772350768
-6.35872285329585 5.1857698291997 0.539164530147836
-6.62939161229985 4.41188748007204 -0.274858301118648
-6.99079179924746 3.66576070779225 -1.07717043030278
-7.4396601620628 2.89802606917742 -1.80743705562929
-7.95062518014713 2.07124137259074 -2.41727017807251
-8.48669871763561 1.1690132036211 -2.87358720946692
-9.00915467502923 0.194804382368467 -3.15948805217509
-9.48407955308254 -0.835031826876635 -3.27289659115881
-9.88535408075296 -1.89878394961082 -3.22337836095003
-10.194955859516 -2.97483163023578 -3.02815331283909
-10.4017197497354 -4.04453756112539 -2.70835661140467
-10.4995023834695 -5.09311545415919 -2.28617756979974
-10.4853721151415 -6.10924139182279 -1.78305321141926
-10.3581504042594 -7.08406301196238 -1.21880386437857
