1.1080155316698881 -5.2505245671035909e-05 -2.1206779022302433e-05
1.1071130854405522 0.037659323330989425 0.015503204756328003
1.1048817519952405 0.075662418783546598 0.031134444510946907
1.1013096371746438 0.11359814573706369 0.046721109404463591
1.0965435244381243 0.15128026066312997 0.062240200983558612
1.0904489466685408 0.18867300688479202 0.077627201734935855
1.0825504465878202 0.22607195069554348 0.093015779888361697
1.0730315971652111 0.2634173559716152 0.10851987233873968
1.0621447738921233 0.3004180155783901 0.12410507856772164
1.0505300371380186 0.33691869113658807 0.13975223946677945
1.0372400503115502 0.37281970676750087 0.15539379369247167
1.0219353795599821 0.40827304682795279 0.17097573599745949
1.0051491853747947 0.44330612241931439 0.18643652743076947
0.98713314448959899 0.47804240833298184 0.20177768085493639
0.96808623945557759 0.51262214152605889 0.21708168198451525
0.94712980116224577 0.54607424906845081 0.23243854046619847
0.92440911200496467 0.57819389141562338 0.24771028254134056
0.90031209611125607 0.60951708505440172 0.26277406207977477
0.87530786039438713 0.64091236205377533 0.27767051813561694
0.84878639633833419 0.67154332314906695 0.29247084239009941
0.82040869529636873 0.70034302822140271 0.30694736630866315
0.79058698388467508 0.72788274733899316 0.32106491638015217
0.75948020300345775 0.75465959304276853 0.33481890911175927
0.7274273921021881 0.78139220279237454 0.34860386115556813
0.69371866798158321 0.80633318282433464 0.361971823135324
0.6584482823526836 0.82898263475805234 0.37450036344959509
0.62198681497387986 0.85046825176613539 0.386510625690207
0.58464265842782503 0.87126442112300995 0.3985486568684522
0.54616208402044308 0.89088702893292437 0.41034630359309437
0.50625930034781375 0.90827425583844112 0.42087590489235771
0.46528110564142117 0.92368028974316407 0.43038071127410948
0.42352312436221745 0.93747586503594471 0.4394080121690993
0.38091040162566286 0.95089888710454018 0.44875735745995365
0.33719362029242478 0.96225193696285705 0.45694953397165883
0.29297383948695549 0.97065124423614979 0.46344011603910884
0.24825778005276361 0.97731427916290192 0.46923998481735668
0.20287077632738698 0.98276377550382699 0.47460850205661831
0.15657404682013049 0.98708580777311961 0.47936451424178161
0.11012878935603082 0.98873099667880249 0.4826966493380434
0.063955013716915421 0.98778404433698197 0.48467675287205747
0.017617352180055612 0.9851580668745763 0.48554532878289147
-0.029696423151823692 0.98187305785198309 0.48599264175814189
-0.077108125711416065 0.97640741015670274 0.4850998702135898
-0.1233734936440482 0.96805643744056302 0.48240748436923214
-0.16919738039194138 0.95781955938678742 0.47853595465152449
-0.214994975008376 0.94607643198125824 0.47382642834673966
-0.26125902893462494 0.93299356896546093 0.46846182634581301
-0.30642729482231823 0.91765523765120005 0.46115266510041969
-0.34989074301929568 0.90025754936081603 0.45188489173213992
-0.39259762782615137 0.88138127389173238 0.44128270775431533
-0.43558810380675395 0.86122479413928188 0.42999591554646882
-0.47784547934706784 0.8393166390088117 0.41718595935655994
-0.51775265141813764 0.81570457016525699 0.4022834797726097
-0.55612126034065623 0.79084365845688098 0.38573105218766413
-0.5937693505925512 0.76487286791698139 0.36774938073279395
-0.63173795263225241 0.73752615575230596 0.34847090660454383
-0.66769992028137559 0.70873957180395664 0.32694754801669823
-0.70047164486410396 0.67907688288787582 0.30341240692394583
-0.7318198816167929 0.64845980714461049 0.27811366379654545
-0.7625017299393021 0.61630796596307091 0.2509054434397765
-0.79250139791179186 0.58275068177082978 0.22080372600078682
-0.81919966026093616 0.54866270807094852 0.18757664928087653
-0.83974099624999332 0.51763820856944076 0.15256732294881528
-0.85450710041250444 0.49153563926765775 0.11805593266062626
-0.8660294402694817 0.46578252100472256 0.084537723770323051
-0.87986018145469003 0.44202216221708079 0.050061811622969542
-0.89346363827273334 0.42290936005096186 0.015931726632015284
-0.90265479821733785 0.40750848900970016 -0.015918473038135716
-0.91080081693828452 0.39526047598254277 -0.046301870547616558
-0.92193057165362091 0.38337029688562702 -0.076282104507802775
-0.93689241160076842 0.36990020457982808 -0.10561302071270272
-0.95464146329889843 0.35490571122482018 -0.13393587540046037
-0.97363837080748628 0.33884859371633147 -0.16134110022399814
-0.99247803468686424 0.32330111282490792 -0.18817998349630419
-1.0120673134917642 0.30645175998393992 -0.21390984918797937
-1.0330162327861525 0.28677843150810239 -0.23818343159160477
-1.0542471894101735 0.26553631487524409 -0.26144887405867295
-1.075285620269691 0.24376237091251193 -0.28406837576923527
-1.0959363215961928 0.22229056364065974 -0.30632029043601894
-1.1168095943114149 0.19907135914231322 -0.32708145691664958
-1.1378832670597898 0.17356678261669636 -0.3461642615194247
-1.1585962508465393 0.14713643682415409 -0.36439035828672922
-1.1788654056917578 0.12134007858472043 -0.38264046648171612
-1.198783262853419 0.095011907852993183 -0.40008282991654659
-1.2183262000852928 0.066362874396286534 -0.4155434036080774
-1.2373556565183386 0.036397090946778697 -0.42966408449163201
-1.2559214671044745 0.005996333761371435 -0.44301612910128363
-1.2745965859047976 -0.023290240289643733 -0.45631182031027939
-1.292412197968362 -0.053849749209384574 -0.46837350529258315
-1.3087839497437956 -0.086888425261084062 -0.47873302138167428
-1.3244181796132322 -0.120594012994966 -0.48824106861224503
-1.3402285859991909 -0.15358528341810698 -0.49735627572397351
-1.3557367762534465 -0.1865539606025248 -0.50591534008195749
-1.3696012898502155 -0.22131652187819942 -0.51277227782829671
-1.3821770077050235 -0.25718230795539443 -0.51801144897994855
-1.3940240976495994 -0.29335681915935857 -0.52215918660056526
-1.4067885039339902 -0.32847286156084643 -0.52707597502683168
-1.4184023863711483 -0.36433214992257201 -0.53088604551152219
-1.4274334090655063 -0.40178045019176795 -0.53196765799630208
-1.4355948845988882 -0.43938921191229707 -0.53189729843326983
-1.4437578446015531 -0.47686412824920604 -0.53182418128787345
-1.4520555928717296 -0.51429219448674135 -0.53176364583932956
-1.4583177533932645 -0.55231954553018003 -0.52964341179827801
-1.4623223658086255 -0.59086047283866339 -0.52559715999554257
-1.4651528748079456 -0.62964303247410891 -0.52078106419549675
-1.4694600490411134 -0.66787323019320322 -0.5159784195450563
-1.4728100514959916 -0.70604516829172237 -0.50990544210152056
-1.4724540282105119 -0.74478765297956839 -0.50199056736328629
-1.4704999627344542 -0.78365449246279395 -0.49319628611243727
-1.4683033226944457 -0.82224969767710465 -0.4835669107778528
-1.467290523506648 -0.86040348987688142 -0.47317419176685932
-1.4635301510592356 -0.89845450275185301 -0.46147690492002735
-1.4561309992153295 -0.93640833530080436 -0.44861388384874018
-1.4477973783933558 -0.97386383347491734 -0.43472021693408491
-1.4409312488773034 -1.0107987844405573 -0.41974564422527511
-1.4334176375718997 -1.0472085768304478 -0.40363571461526204
-1.4220506519594875 -1.0827562418710539 -0.38650424348589618
-1.4084578029157759 -1.11763341016699 -0.36866341098855493
-1.3937621156773801 -1.1520945659045023 -0.35021609030808271
-1.3798781448055428 -1.1872534771580809 -0.33142329136815329
-1.3642277754209717 -1.2207363975223458 -0.31103029909499236
-1.3456224589348074 -1.2512513241836982 -0.28898911292948326
-1.3259057029995573 -1.280682102042467 -0.26624249229582408
-1.3057534166696692 -1.3106334394848131 -0.24346693057016142
-1.2842242163191264 -1.340735064366898 -0.22062936463210323
-1.2600574593616507 -1.3681428172607075 -0.19696266964139139
-1.2340539946650502 -1.3930793134627286 -0.17257990271815504
-1.2066524348821044 -1.4167316452083278 -0.14794380000874049
-1.1795913283274269 -1.4412510874491875 -0.12259390621121892
-1.151636824640496 -1.4632984307605761 -0.096058296645010574
-1.1215318295053258 -1.4813081431892519 -0.069381251735596908
-1.0900858943603648 -1.4979702950955971 -0.042858033321608063
-1.0581706319144406 -1.5140184553672784 -0.015877875281364012
-1.0255823292947466 -1.5294576541763596 0.011571892567410317
-0.99109675718679635 -1.541778142018261 0.038418585522297766
-0.95530645612553267 -1.5508679457901653 0.064714719745507243
-0.91916078772780407 -1.5579405695065096 0.091196377690813096
-0.88298335063836086 -1.5651085259411339 0.11862027459630348
-0.84635787080889924 -1.5698750664335301 0.14625433493168799
-0.80935460525843872 -1.5704657567489981 0.17299120432870405
-0.77196465932078584 -1.5688525687386445 0.19917103050695362
-0.7339703303232421 -1.5659140955178876 0.22488651342238239
-0.69499909404125448 -1.5623081082584767 0.25028813923721299
-0.65645753118211381 -1.5554194308943641 0.27533600512035483
-0.61901555593177804 -1.5450257321936676 0.29983570205547944
-0.58174600989478975 -1.5326454800462685 0.32361676765945419
-0.54356579473070399 -1.5197620225111854 0.34674376090493786
-0.50532553800953783 -1.5049364923894708 0.36917864351012419
-0.46848756000206732 -1.4868347353979714 0.39051384949706797
-0.432406458758124 -1.4665753001009385 0.41077627044427512
-0.39655448067403859 -1.4448156528202387 0.42997818643140917
-0.36028889758996907 -1.4222722336699292 0.4486970744026032
-0.32516811997951039 -1.3972716954788118 0.46620378665260737
-0.29179638037236211 -1.3698259365985561 0.48197807161633288
-0.25914526512847302 -1.3409852569250409 0.49649700899477178
-0.22680450781784267 -1.3111400157042217 0.5104070096510932
-0.19516451505941645 -1.2798482484959517 0.52331085805977273
-0.16522576952196821 -1.2467329008359989 0.53422959533912628
-0.13677060431841698 -1.212273519757328 0.54350765015081337
-0.10939381365054052 -1.1767687465477246 0.55161330821954113
-0.082227449203219949 -1.1405408587180932 0.55913171431780162
-0.056627555432640919 -1.102986274122999 0.56481893562610197
-0.033172165916324436 -1.0644270438450913 0.56850141679378163
-0.010949134570731101 -1.0251816341690696 0.57088395972839467
0.01038810886575553 -0.98535503068975716 0.57216731137297416
0.03075038094774396 -0.94492943681160535 0.5721157594278653
0.049167482964149356 -0.90387819365384425 0.57026106617069083
0.065855986174764569 -0.86247904385094232 0.56679972187403416
0.08129554156411839 -0.82090345540301002 0.5618910410395741
0.096023251178208036 -0.77917669632645181 0.5558626090563108
0.10902855918978732 -0.73723778061279532 0.5481348618935884
0.12011092732643941 -0.69540666575368959 0.53870619259223584
0.12984525041944112 -0.65373410888468431 0.52789365735586058
0.13846562006804813 -0.61219737017723674 0.51584246939501677
0.14597464472936789 -0.57077558963272212 0.50248677510356321
0.15177651707233869 -0.52988243775638366 0.48728912422580611
0.15611149787834239 -0.48970842051381508 0.47054064795132705
0.15930913979231937 -0.4501351225914203 0.45248946586810906
0.16155874492595473 -0.41100418637602176 0.43329623293784292
0.16242861694027261 -0.37264789009222965 0.41246485783311509
0.1619536272326399 -0.33539810911109125 0.39001505096310402
0.16046932494424943 -0.2991847005369882 0.36622691735670665
0.15810177094802075 -0.26397524510226605 0.34119130620104743
0.15483153140364841 -0.22974626611298721 0.31487664317025643
0.15029876053879904 -0.1970966083929683 0.28676064568176163
0.14485371736826108 -0.16602296722536802 0.25712215688953199
0.13877666180960341 -0.13639976630439868 0.22608089043831484
0.13215373669156333 -0.1082752046307074 0.19343147604972497
0.12525008241646368 -0.082179202855718864 0.1587514714530685
0.11825072642101148 -0.058689623903163374 0.12158615778444568
0.11241375032858952 -0.038097353053713451 0.082060451710135304
0.10845239244167854 -0.019251160153624543 0.04156517691989256
0.10645796414372138 -3.296120788002578e-05 4.380272728355876e-05
0.1084410254343004 0.019185943914872869 -0.041482148943747348
0.11239925011747626 0.038038821177943195 -0.081979687367053536
0.11823616783598162 0.058631053354876984 -0.121510672932407
0.12524442314237411 0.082118021551118595 -0.15868208008736942
0.1321501571772255 0.10821877015278911 -0.19335580193480914
0.13877652735078577 0.13633898064571584 -0.22600571746152406
0.14485615651802281 0.16596035677754323 -0.25704646264070952
0.15030347011024875 0.19702488383343714 -0.2866873086819931
0.15483586972962055 0.22965650229852999 -0.31481366735088312
0.15809665546480017 0.26387242723810311 -0.34113744661707729
0.16046548861140258 0.29906813051974435 -0.36619512869881043
0.16194964093120939 0.33528117521424061 -0.38999556072153718
0.16242169610776308 0.37251860867167513 -0.41245633188355846
0.16153936366087379 0.41086105719171012 -0.43330516872529173
0.15929337720897935 0.44999366727654927 -0.45251376783887431
0.15610194619462875 0.48957581538173328 -0.47057232752025846
0.1517721161270284 0.52976397369510475 -0.48731554146097633
0.14597944835618443 0.5706684415371136 -0.50250481272232195
0.13847093599953769 0.61208155000194819 -0.51585688001055641
0.12985093806000453 0.6536085094985703 -0.5279199087181099
0.1201277847145103 0.69529371125194417 -0.5387253850840733
0.10904789882864635 0.73711850281670799 -0.54815782496839693
0.096032837495696077 0.77904585270934157 -0.55589811865898786
0.08132166578961636 0.8207839222884602 -0.56192526349417093
0.065888874450497792 0.86236511154940254 -0.56683046405255078
0.049203091176272695 0.90376540758062163 -0.57029230195987768
0.0307877535688173 0.94482110607638836 -0.57214123404502415
0.010431252078792863 0.98525294330728275 -0.57218097052480843
-0.010895985923571772 1.0250832965485031 -0.57089250815555892
-0.033098554057886309 1.0643376192397542 -0.56850724582192358
-0.056540807602619925 1.102905265963031 -0.56482023521809921
-0.082149541673176008 1.1404593398115128 -0.55912060462744506
-0.10931530013032748 1.17668438871363 -0.55160126389203068
-0.13667673536599162 1.2121968571679818 -0.54350276087928751
-0.16512491374919153 1.2466614249156349 -0.53421646386821875
-0.1950642612420726 1.2797780405771604 -0.52328893595326775
-0.22670648058703824 1.3110670155944906 -0.51038660235240596
-0.25903845344716819 1.340920454276638 -0.49649470618692126
-0.29168982924416442 1.3697659353810772 -0.4819918388856258
-0.32506829841086066 1.3972117712913183 -0.46622669543410006
-0.36019989650560591 1.4222055258065507 -0.44871895348012014
-0.39646505563705076 1.4447523901061752 -0.43001022647195386
-0.43231550401395696 1.4665229309439083 -0.41082574926239812
-0.46839957910951174 1.4867885611351837 -0.39057695617497296
-0.50525453272829846 1.504875909635953 -0.36924054748582918
-0.54349372548134389 1.5196981857836374 -0.34680577651148714
-0.5816494486597853 1.5326172197869044 -0.3236817367005218
-0.61890683955780101 1.5450055578495536 -0.29988710522645518
-0.65634248537346196 1.5554079616753358 -0.27538064805063456
-0.69489931558109519 1.5622720581665679 -0.25032809458053895
-0.7338729092751044 1.5658818836207264 -0.224934041583465
-0.77186524671539769 1.5688480994140757 -0.19922911305692451
-0.80927571632009476 1.5704564428615697 -0.17306800114902884
-0.84629321906231769 1.5698419014393943 -0.14633682314136276
-0.88289920144407319 1.5650942477199077 -0.11869092906006747
-0.9190597773987117 1.5579736142022773 -0.09125589269787357
-0.95521181942887878 1.5508926401116394 -0.064774977214282312
-0.99101569908121867 1.5417923968000096 -0.038488186291456505
-1.0255472353891426 1.5294477148037748 -0.011682294006934487
-1.0581670718931282 1.5139919783886779 0.01573478519105884
-1.0900650824846372 1.4979624493017978 0.042728345510459245
-1.1215025149492535 1.4813320942362107 0.069263894540667711
-1.15160409872863 1.4633096139732245 0.0959418316968004
-1.1795096646710537 1.4412812837822364 0.12251663075983181
-1.2066125253623408 1.4167761767992155 0.14785007049754795
-1.2341110284016059 1.3930803500600197 0.1724024874723018
-1.2600632369767844 1.3681814808538262 0.19683038030443442
-1.2840790656065824 1.3408364918607423 0.22061965962354665
-1.3056233649242073 1.3107120865655586 0.24344816955466239
-1.3259111219411812 1.2807303983081908 0.26613707148059396
-1.3456526827307038 1.2513190557447136 0.2888879851463777
-1.3642661331854935 1.2207153070569776 0.31086280721869974
-1.3798915109087291 1.1872554678537239 0.33127235002715849
-1.3937120390573308 1.1522035062614142 0.35017485888145305
-1.4084177337527084 1.1177072971991346 0.36859560238189842
-1.42213325358585 1.0827778641382932 0.38636353884309083
-1.4334245212125221 1.0472335302136935 0.40350132692055829
-1.4408213782385901 1.0109320932316399 0.41973614482241139
-1.4476917589521356 0.97403450848481687 0.43476177946189148
-1.4560792896198931 0.93653056546186564 0.4486134811732817
-1.463542079783515 0.89852341011189651 0.46142136747421042
-1.4672847195224574 0.86045577737547296 0.47309155969534411
-1.4682979742681428 0.82231661338531659 0.48350419369441366
-1.4704989609757695 0.78371609100585748 0.49312606633258294
-1.4724803429545714 0.74486888821919761 0.5019643390114783
-1.4727470433862611 0.70617883475814136 0.50991451779795016
-1.4694157410659268 0.66798118683150898 0.5159707687769084
-1.4652152554565852 0.62967894890509879 0.52072562219031027
-1.462345358209205 0.59091966263454265 0.52554182222970092
-1.4583263047352713 0.55242445616786029 0.52967337962500083
-1.4520182002009445 0.51443790417915447 0.53183550734353813
-1.4437040555294249 0.47701468072939207 0.53190026244505229
-1.4355840895851102 0.43950193281420691 0.53196986564499893
-1.4274457723310883 0.40185671558016878 0.53198085683496832
-1.4184037605521553 0.36441640607999359 0.53088092457246638
-1.4067853167492159 0.32856515597899189 0.52709685490654268
-1.3940456674072514 0.29342628211933053 0.52218485492722988
-1.3821934929096578 0.25725766527698646 0.51801232796215668
-1.3696422025975297 0.22136458807173867 0.51282693522680634
-1.355749070123903 0.18664228496032012 0.50596688544090107
-1.3402299712776331 0.15368549847120899 0.49736359694973797
-1.3244694250855149 0.12062599242673988 0.48827435006756098
-1.3088178507429051 0.086947355010826885 0.47877422296909933
-1.2924321661437037 0.053933506647065026 0.46841339799924286
-1.2746284544539626 0.02336976296407323 0.45632020661910189
-1.2559679256428069 -0.0059352393762890322 0.44301906687182435
-1.2373959567389832 -0.036341117999339083 0.42969454048102745
-1.2183739756011431 -0.066330563063806691 0.41558389697465103
-1.1988301383353912 -0.094951499765051628 0.40011193870592099
-1.1789039646254533 -0.12127641892479554 0.3826777107299742
-1.1586347443580647 -0.14711215648807646 0.36445333771569854
-1.1379244820602938 -0.17352499622471704 0.34621945501501034
-1.116864623612446 -0.19902947243032396 0.32712153040604303
-1.0960004365007574 -0.22223840392997773 0.30635051174597527
-1.0753382586684077 -0.24371912608217292 0.28411158724086877
-1.0542961850085282 -0.26552139743333003 0.26150180158079728
-1.0330823924106964 -0.28675829229966066 0.23822569933285431
-1.0121516502847983 -0.30640713465949765 0.21394157149412515
-0.99256099656252372 -0.32325357581684866 0.18821223278247387
-0.97370313879123249 -0.33882492090045302 0.16138205276146975
-0.95469087741725422 -0.354889778022489 0.13398468823810847
-0.93693090755846997 -0.36988670369896126 0.10566697426447769
-0.92197970640639504 -0.38335186992947323 0.076337579058625607
-0.91083309723122441 -0.39524677618395287 0.046354727606645788
-0.90265391300845099 -0.40750004916779625 0.015973003204757506
-0.89349009164986848 -0.42288692493528696 -0.015865402069716993
-0.87990124309573403 -0.44198918507106211 -0.049991212056693234
-0.8660616723664516 -0.46573571533645364 -0.084467798579511422
-0.85452641615265312 -0.49148342431887776 -0.11799466685989569
-0.83975443919432458 -0.51758721759166304 -0.1525025934756408
-0.81923390275969887 -0.54861833756722456 -0.18750430232538909
-0.79255161047524147 -0.58269959529854765 -0.22072963391434011
-0.76255970841657794 -0.6162455420700117 -0.25084491383088708
-0.73188130334217949 -0.64840265949248688 -0.27805251288566185
-0.70055751949191547 -0.67903673782410967 -0.30334834422914092
-0.66777617463673389 -0.70870965163577615 -0.32688361884251838
-0.63179485020261039 -0.73748259084577128 -0.34842145369969124
-0.59385032927496118 -0.76481187174031806 -0.36772037780703759
-0.55623519628889317 -0.79078238349582797 -0.38572815457169973
-0.5178461285474304 -0.81563678677396012 -0.40228921160376746
-0.47794010028112632 -0.83925313673133728 -0.41719394358812045
-0.43568307344628532 -0.86115712592924887 -0.43001995128981135
-0.39269296356812056 -0.88130566073766392 -0.44132345736586437
-0.3500040669429092 -0.90020134438879806 -0.45192260346538582
-0.30653310497477221 -0.91759693682901011 -0.46119879192290164
-0.26135589653875235 -0.93293500609697733 -0.46849581383935757
-0.21510227408659086 -0.94602784917704885 -0.47387123435737472
-0.16929924972431332 -0.95775496816444128 -0.47862204802493019
-0.12347284776686179 -0.96798807425355715 -0.48250235204615111
-0.077223843350030519 -0.97636101466088143 -0.48518813851589931
-0.029790505069841711 -0.98180564436971773 -0.48611133223212882
0.017528574404202746 -0.98507127916858905 -0.48568620042535093
0.0638295480236441 -0.9877558518173355 -0.48477423763575456
0.10999649837188125 -0.98872199245607184 -0.48276998694739542
0.15644254664606122 -0.98708552315032871 -0.4794276169281666
0.20273618744002381 -0.98277099648282462 -0.47463953787112179
0.24812332161435197 -0.97733186505273506 -0.46926545412274445
0.29284440792953731 -0.97068203407971643 -0.46348551763350471
0.3370385690063667 -0.9623274442066313 -0.45694898869163891
0.38075589600211052 -0.95098514226219144 -0.44871975739161213
0.4234138404251257 -0.93751145434574357 -0.43942779525453773
0.46518155321431282 -0.92372468758067316 -0.43042963866597489
0.50611440721880241 -0.90837764353061767 -0.4208507535665566
0.54599069776405984 -0.89103486249536823 -0.41025676987862714
0.58448231244474758 -0.87141760576220595 -0.39845238044726561
0.62185866651393118 -0.85060242438540778 -0.38643807528078589
0.65836517945395134 -0.82907298212613656 -0.37447970813572962
0.69365455136312737 -0.80639383400892328 -0.36197976751604044
0.72733904615718425 -0.78147577818245562 -0.34858954879178006
0.75937736344749474 -0.75477261448889355 -0.33477835537133571
0.79050823133795634 -0.72798901181278408 -0.32104524455153322
0.82034172004096084 -0.7004365516500155 -0.30694041166649128
0.84871950418347164 -0.67162297032659601 -0.29246970171894304
0.8752434043744548 -0.64098694234748421 -0.27767686491698018
0.90024559392276871 -0.60960511187411692 -0.26277993912118836
0.92434104855921828 -0.57830525587636772 -0.24770641371083837
0.94707063089889343 -0.5461901631763475 -0.2324342478074807
0.96803682319937212 -0.51269628593435634 -0.2170962542698659
0.98709176887161387 -0.47810315432386291 -0.20181482984735899
1.0051031516569815 -0.44340157283058607 -0.18646114392958277
1.0218959869822588 -0.40837982241397336 -0.17099529447522799
1.0371989208374062 -0.37291834611625108 -0.15541763014997093
1.0504863972866854 -0.33700192760544595 -0.13978560675485188
1.062122108266494 -0.30049168715165225 -0.12414808722478117
1.073008983315056 -0.26349179980564247 -0.10857419292333685
1.0825246245585376 -0.2261718221658236 -0.09306178647541187
1.0904270765135329 -0.1887702805175353 -0.077664365721669779
1.0965262388158603 -0.15135388449109849 -0.062300424554876832
1.1012952111727246 -0.11368115015376699 -0.046783506163122865
1.1048746906156937 -0.075757215145224002 -0.031178208576255317
1.1071156218899381 -0.037763046174303053 -0.015533866909892155
