1.3126021733783921 -5.1663499118871948e-05 -1.591132669538216e-05
1.3110384353424196 0.045124829570214006 0.021494364376430052
1.3072547850083616 0.089264757459834781 0.04223191203327422
1.301225065461268 0.13322610340285021 0.062850079749686052
1.2928138060514842 0.1772833311436971 0.08354873506563007
1.2815716972067062 0.22137372473963948 0.10424759094933797
1.2678598073658041 0.26437531834332523 0.12442316754164624
1.2523086681663256 0.30615689384458822 0.14413412671459402
1.2347170618623702 0.34713929924232068 0.16355786804052522
1.2144974146529222 0.3879023169053944 0.18294951557909897
1.191590075390204 0.42750827984894918 0.20164953441201813
1.167440852033157 0.46544419152582234 0.21933354821118767
1.1416266930110719 0.50223594123350457 0.23641395048467964
1.1138590415646354 0.53801841789815619 0.25309547085565587
1.0835697264105673 0.57272912688612898 0.26953340138124543
1.0516694435466012 0.60556630346690177 0.28505170360338022
1.0192270987692202 0.63681115858121484 0.29936326347828174
0.98557488025294537 0.66672984632691656 0.31285495255226531
0.94993288412490329 0.69545386126620745 0.32590400320346408
0.9124680714469211 0.72230564874850156 0.33821851612479359
0.87476501829099562 0.74745717186776672 0.34939886220548427
0.83648364540829534 0.77116638607166144 0.35968811547208579
0.7972232790206788 0.79343602910729938 0.36926771192287522
0.75634960412436603 0.81400902053692048 0.37813066293868836
0.71479640540679612 0.83255119524034515 0.38595385651667902
0.67356594654154178 0.84982763071626077 0.39295848681859286
0.63181347510557151 0.86566583323856738 0.3992587195687588
0.58935831193503763 0.87987441718247428 0.40466012646433042
0.54634438936198504 0.89220106734118143 0.40897252739165602
0.50331400528571857 0.90308966841645999 0.41260881669561467
0.46027922494211687 0.91274371660036624 0.41570895067858837
0.41720125021588178 0.92103028491626238 0.41804503312495001
0.37385724920776559 0.92763117691013564 0.41933491139050699
0.33042338210262118 0.93240744345628446 0.41967238075056451
0.28728109975897925 0.93626598846095366 0.41963575797793728
0.24429489178509817 0.93888710793742391 0.41888755312558912
0.20141879015755842 0.94015970195545095 0.4173429962053305
0.15860267238876119 0.93984517206914919 0.41490161495902222
0.11610327665692294 0.93815685888201861 0.41173849774361931
0.073986347727461987 0.93554557539761829 0.40799080058130782
0.032050443362967806 0.93179457584276448 0.40356130384477318
-0.0096713636094528654 0.92671667404876412 0.39833070253438174
-0.050959508141614096 0.92004163330690913 0.3921677205332218
-0.09186697350248918 0.91239849219199132 0.38540466571867782
-0.13237277625325244 0.90369798981659166 0.37793917682032518
-0.17237802985086581 0.89393114611105229 0.36972210867516614
-0.21169514142158383 0.88300442571402249 0.36062996973921846
-0.25042007808211397 0.87079100796326758 0.35049985217930024
-0.2887975156275463 0.85757962835298274 0.3395470991515771
-0.3266401461949297 0.84335160022607647 0.32772717163564302
-0.36370767908184443 0.82819410603964638 0.31510119735262332
-0.39977117119347066 0.8119071331151384 0.30130699151186524
-0.43509425810442226 0.79461145310587711 0.28634455167951467
-0.46966905185998148 0.7764392464132075 0.27029134547199318
-0.50337392331823105 0.75743668875638215 0.25313149902709436
-0.53596045562914352 0.7376432160530374 0.23484265748171204
-0.56697871526962751 0.71696044529977887 0.21492238611029207
-0.59669067935054909 0.69569023968926758 0.19353867156376678
-0.62502899938554335 0.67407478328329729 0.1707697368193084
-0.65170665900658464 0.65241135696230679 0.14661254541450822
-0.67642132273653643 0.63119425853135069 0.12063609187597983
-0.69866289893102418 0.61105390823146455 0.092696769855423869
-0.71910761325754502 0.59306541796625567 0.062604596507174828
-0.73936072260717456 0.57703597369207893 0.030987521517241604
-0.76004808627506115 0.56292072509135538 2.8427993056516637e-05
-0.78260929945340663 0.55205665367916412 -0.030930213147250109
-0.80661739507280172 0.54252539099007491 -0.062540188801760876
-0.83241665766243433 0.53381417180985569 -0.092631850744696903
-0.86097820494222699 0.52462484783172558 -0.12057642166606224
-0.89171360164372016 0.51382424778936142 -0.14655665395563311
-0.92380361963476909 0.5015599154022925 -0.1707261799636739
-0.95668640763855373 0.48783238396603434 -0.19348877670886533
-0.98996434791192245 0.47274476227567758 -0.21487443873348241
-1.023392317013526 0.45622535439204015 -0.23480187397780941
-1.0568309830915235 0.4378941843387556 -0.25309917757767697
-1.090139315051029 0.41820635320187771 -0.27026876481855294
-1.1231623599844023 0.39735242101997498 -0.286330904314544
-1.1558001662624675 0.37541164680177891 -0.30130108404093231
-1.1879325322196583 0.35231825915834342 -0.31509864269456911
-1.2195855264957227 0.32780110125458495 -0.32772907573947618
-1.2508212203024929 0.30215015883332014 -0.33954737981715732
-1.2814529415316014 0.27552820341411605 -0.35050289934484657
-1.3113866629449966 0.24810874572488981 -0.36063216988606656
-1.3405107428544465 0.21952695309766934 -0.36971893106506698
-1.3689854653640452 0.18976036504870061 -0.37793845691366224
-1.396777647657685 0.15902824743811794 -0.38540527389453993
-1.4238460446979357 0.12744034844608768 -0.39217474705351463
-1.4502825122998475 0.095012797725680803 -0.39832979356730536
-1.475550340505237 0.061408520949699473 -0.40356719556302939
-1.4997531629335181 0.026983238189749272 -0.40800146209480337
-1.5230696946772069 -0.0081751889107774204 -0.41174967407691387
-1.5457943714262099 -0.044136352475427014 -0.41491206684688392
-1.5674793274923737 -0.081059780762989475 -0.41735521595743019
-1.5878115897332066 -0.11882055869552813 -0.41889977738889117
-1.6070370908482092 -0.15735465135557472 -0.41964610179235873
-1.6252757684625667 -0.19664462261433205 -0.41968229163625631
-1.6428681026751362 -0.23664735021644398 -0.41934760184877573
-1.658828634309603 -0.27748727226710612 -0.41805514725231635
-1.6731908603751338 -0.31893578132243633 -0.41571874671623626
-1.6863462576269002 -0.36102336112386868 -0.41262367294951846
-1.6984441740157279 -0.40373068037011622 -0.40899253764134802
-1.7092756574328134 -0.44714427050652022 -0.40467621166395878
-1.7182034933874373 -0.49101614399643373 -0.39926495943215295
-1.7253762641378927 -0.53510743273993888 -0.39295593549318808
-1.7310347748825652 -0.57946023139198743 -0.38595321979381181
-1.7357500763597684 -0.62471184012474545 -0.3781493207144061
-1.7383667511957102 -0.67038502645944686 -0.36929560425734304
-1.7387138090772141 -0.71551826208996405 -0.35971278327271883
-1.737326938201754 -0.760527581747795 -0.34942194328435666
-1.7344048554534282 -0.80576365933869676 -0.3382416385706864
-1.729882515593411 -0.85163519402941856 -0.32593879409739185
-1.7228270089090001 -0.89684827008364365 -0.31290074137602464
-1.7137516141465114 -0.94094719261181714 -0.29940631760755276
-1.7029256254960452 -0.98468014086476596 -0.28508145071667712
-1.6904413278252937 -1.0287422634099757 -0.26955269102006124
-1.6755204295007575 -1.0723199678796305 -0.25312963763028185
-1.658422771786358 -1.1142499081568216 -0.23646277374840324
-1.639473380953498 -1.1550097807967903 -0.21938021094410379
-1.6186977295545868 -1.1949021292139697 -0.20169134658748245
-1.5958511707193026 -1.2345462423942009 -0.18299588356727542
-1.5706641005767887 -1.2724352042620601 -0.16361264458094696
-1.5439739265499322 -1.3081622590407047 -0.14419680503047536
-1.5155729949249701 -1.3425239893564791 -0.12449030881910947
-1.4851901660202012 -1.3759149693050174 -0.10429758709752607
-1.4526200427753659 -1.4077013806330121 -0.083609209226837622
-1.4186811443581344 -1.4370118325749357 -0.062929293801208125
-1.3836372264953714 -1.4642150096620967 -0.042308594334095756
-1.3473024910996758 -1.489576386787544 -0.021549925487221649
-1.3089479530218422 -1.513523091436197 -3.72853389330887e-05
-1.2690430795972039 -1.5347611402178263 0.021463537590342665
-1.2289151355387586 -1.5535592687754554 0.042196995060581194
-1.1878231080782859 -1.570318365160315 0.062819373945967108
-1.1454677946480873 -1.5850571893263858 0.083526344805536501
-1.1016711155150494 -1.5973653739911748 0.10422555220500351
-1.0575704652481912 -1.6069922760735207 0.12439611984448788
-1.0136103526140241 -1.6144145161187964 0.14410343561015712
-0.96932559617235881 -1.6196732826143534 0.1635196846743521
-0.92391015171762381 -1.6225468614843233 0.18290317561424352
-0.87814843278120147 -1.6225102773653133 0.20160720265908649
-0.83322064895317061 -1.6205600348239517 0.21930690111161871
-0.7884567671528514 -1.6166003185011775 0.23638852948324274
-0.74358506139428748 -1.6104450120789433 0.25305483009281349
-0.69837727771540203 -1.6015693517641276 0.26948544036069555
-0.65398579081587949 -1.5903575226839821 0.28502816828788136
-0.61070973210358481 -1.5778796804913913 0.29934396326155382
-0.56798272727168686 -1.5637066718736836 0.31282759150705491
-0.52528207150354267 -1.5472006347569345 0.3258689461634115
-0.48329268256662627 -1.5281763602603637 0.33818577290277674
-0.44265772826964622 -1.5080984118187222 0.34937381956629798
-0.40298319175807013 -1.4867954106453996 0.35967464240596508
-0.36406353314019019 -1.4639198898837402 0.36927080049397465
-0.32582588856974648 -1.43881582617799 0.37812217146717686
-0.28900010511465651 -1.412128235511628 0.38591550944085862
-0.25341370726374679 -1.3850515044774718 0.3929225373587556
-0.21880800201499229 -1.3567908596777778 0.3992479528422046
-0.18527001760256651 -1.3271065652077787 0.40467640603319804
-0.15309200566018566 -1.2960033387632501 0.40900383940152507
-0.12216364744850355 -1.2641921047517592 0.41263905406115736
-0.092303846689652247 -1.2317811867898132 0.41571505410881676
-0.063584080546820132 -1.1986185712693236 0.41804730901420822
-0.036190130237530205 -1.164358887591153 0.41935042641676296
-0.010343557635829059 -1.1291403635270478 0.41968894832414794
0.014563725864468524 -1.0937190862362522 0.4196428442391984
0.038335700395330907 -1.0577917408747903 0.41890374559767157
0.060878193861054974 -1.0212891621953357 0.41736731302410729
0.081999779924946281 -0.98405887774282341 0.41491844559635577
0.10179028140016261 -0.94641929162049998 0.41175642629869402
0.12058625318182065 -0.90864155382659628 0.40800740929787394
0.13830127099391848 -0.87046147558419307 0.40357344129339767
0.15477002532818734 -0.83179275464236502 0.39833822486972836
0.16963693017041498 -0.79269811369571597 0.39217557541465642
0.18346965564368095 -0.75345741991330073 0.38540567045272695
0.1961953515827714 -0.71402343063389162 0.3779377580967756
0.20774359069947396 -0.67448906937194575 0.36971841506039632
0.21793446647093268 -0.63497545988728976 0.36062244564885687
0.22672881481217838 -0.59533258476097162 0.35049416783617193
0.23447373340544192 -0.5554851973846926 0.33953681157924503
0.24107647754705935 -0.51559877587688385 0.32772053605093698
0.2464820177986638 -0.47591192999731391 0.31508809125746362
0.2504082534736361 -0.4365301005167922 0.30129932537475457
0.25308714985007336 -0.39729937335605514 0.28634059496109915
0.2546380829855292 -0.35827058299249387 0.27028898249383881
0.25503498873629399 -0.31957571427007947 0.25312812827800391
0.25418028584140323 -0.28145635492787968 0.23483852087425397
0.25177964045268636 -0.2442514632708073 0.21492509365338389
0.24821142782245958 -0.20788765124731087 0.19354303649362137
0.24365960311927953 -0.17254479430565128 0.17077876379515058
0.2382411689353236 -0.13861604157441973 0.14661830464383274
0.23222706518937436 -0.10660149030858036 0.12063387245110446
0.22590683332761746 -0.077259671414306882 0.092692320253157184
0.22054424015537205 -0.050559730111529519 0.062610519499664577
0.21679929627062783 -0.025008896919692259 0.030995357919901077
0.21491770790235815 -3.2031630269278695e-05 2.9311786087798161e-05
0.21678792321439949 0.024940894025400621 -0.030933895001868512
0.2205285252334272 0.050492785359104612 -0.062542162622625894
0.22588926324452802 0.077187739190834409 -0.092621600315852023
0.2322177844959909 0.10652108495340386 -0.12056425969473712
0.23823492428246645 0.13854069605312458 -0.1465459877261879
0.24365799929802651 0.17246885302608939 -0.17071065994771603
0.24821341774207645 0.20781197460915882 -0.19347673610548996
0.2517853452488647 0.24418034598292848 -0.21486808082900957
0.2541895679106439 0.28138837402584649 -0.23480147088089001
0.25503542703286958 0.31951238353251055 -0.25310482330466327
0.25463742774912018 0.35819775793009956 -0.27028189662859875
0.25308536971652112 0.39721403094593477 -0.2863377762095366
0.25040615849946951 0.43645143767805961 -0.30130975568930668
0.24646723162216128 0.47583405645398524 -0.31511349542570483
0.24105883284785129 0.51550223088373748 -0.32774944495047265
0.23446221513173965 0.55536742246327375 -0.33956686227059479
0.22672406757646496 0.59519512706243205 -0.35051834351671207
0.21794212992882794 0.63482879432301809 -0.36064168266805297
0.20775361006861121 0.67436495149972542 -0.36973506706804304
0.19620205432433041 0.71390779632637158 -0.37796061743479586
0.18348422508550971 0.75332241219082519 -0.38542574859207102
0.16965889052672928 0.79258589173019145 -0.39219511601361973
0.15478164860201965 0.83168929350520326 -0.39836212935926635
0.13832071458530065 0.87033838436694699 -0.40359975140320492
0.12061434745709237 0.90851505723535186 -0.40803507208769291
0.10182418488447248 0.9462983226360292 -0.41178465187595154
0.082040229224037142 0.98393455461436219 -0.41494963411197211
0.060927505549928374 1.0211610462768135 -0.4173984058235477
0.038390057248440246 1.0576625611077006 -0.418931859494732
0.014625858309421202 1.0935867607662277 -0.41966767213688472
-0.010269417870407027 1.1290145312813884 -0.41971254741780356
-0.036105540208415721 1.1642509230305336 -0.41937358923828616
-0.063500174359820416 1.1985178108276886 -0.4180615312925724
-0.092215665573610328 1.2316823511632657 -0.41572556595313009
-0.12206817860889113 1.2640954372980575 -0.41265052586242634
-0.15298987541416681 1.295918018219369 -0.40901437906151256
-0.18516841672316711 1.3270288297839474 -0.4046787638982996
-0.21870558530071055 1.3567160983798157 -0.39924218145717227
-0.25331085645547075 1.3849842662785008 -0.39291254939039577
-0.2888973413061709 1.4120704860496516 -0.38590676322701539
-0.32572485968745168 1.4387670014639933 -0.37811739823857138
-0.36396288077646671 1.4638675104871157 -0.36926694748721567
-0.40288051990173135 1.4867432666547327 -0.35967344015503999
-0.44255469075634118 1.508046966160826 -0.34937667058057265
-0.48319619179960177 1.5281416656275584 -0.33819479588582357
-0.52518703554025181 1.5471563139571285 -0.3258852972556171
-0.5678743633610146 1.563654815067185 -0.31285973999068856
-0.6105972825580539 1.5778312212763284 -0.29938493332734073
-0.65387046159124185 1.5903184831205475 -0.2850727710238824
-0.69827234041561392 1.6015466171001713 -0.26952217268804785
-0.74347835477051771 1.6104193938712867 -0.25309184163851606
-0.78834049935757133 1.6165768782773993 -0.23642893825799155
-0.83310858421434064 1.6205446343692036 -0.21934395092754908
-0.87804939716680597 1.6225036110302935 -0.20164344238923468
-0.92380508982001275 1.6225343858586783 -0.18295278105249593
-0.96920714598416535 1.6196683770152096 -0.16358013109404804
-1.0134985118533912 1.6144193813560497 -0.14415993957635295
-1.0574646034574031 1.6070041635339303 -0.12444864917935466
-1.1015721990481904 1.5973815051033151 -0.1042730313001639
-1.1453776256165731 1.5850734555488746 -0.083582818215048482
-1.1877346418135326 1.5703360793183367 -0.062890055867120126
-1.2288241664317647 1.5535836582949656 -0.042278993008475867
-1.268964224890027 1.5347902425930886 -0.021545105906177597
-1.3088741151537651 1.5135506730321462 -4.7101351367015536e-05
-1.347219345420918 1.4896182316531763 0.021467703866559891
-1.3835624879817692 1.4642630696306971 0.042209821406421814
-1.4186188269462765 1.4370628797042746 0.062824158258207419
-1.4525710115268009 1.4077467349251951 0.083529319129718213
-1.4851302290970525 1.3759632203828416 0.10423707223662165
-1.5155096130693226 1.3425931331315339 0.12440301796599673
-1.5439176507385588 1.3082456188173264 0.14410434075444681
-1.5706271018000999 1.2725051697126011 0.16351754197686258
-1.5958181866572363 1.2346074087018239 0.18289067569814355
-1.6186701787398421 1.194973681112121 0.20161271742101983
-1.6394428996970001 1.1550801184285124 0.21930415630070138
-1.6584015961740644 1.1143473126975321 0.23635555812893674
-1.6755151947399267 1.0723925530084146 0.25303031544457932
-1.6904225615033248 1.0287942948070796 0.26949726068019125
-1.7029055536824123 0.98474481420363857 0.28505090767970803
-1.7137270987096538 0.94102627509213821 0.29936526032231769
-1.7228168515464868 0.8969450844122232 0.31284331720837949
-1.7298720306217596 0.85172279887218283 0.32587439918729322
-1.7344001520746026 0.80585175916982954 0.33818475405626819
-1.7373242637831925 0.76061607263696784 0.34936174884914184
-1.738722214955098 0.71561137710110689 0.35966303057604165
-1.7383637068514233 0.6704491745750859 0.36927179485926775
-1.7357369167522534 0.62478934450281398 0.37812303471909164
-1.7310577692092672 0.57956931243310861 0.38590307530445256
-1.7253957872798849 0.53520144540018955 0.39290912203892414
-1.7182194026205746 0.49109186659881787 0.39924513463509359
-1.7092788303009883 0.44720350534858538 0.40468051538338479
-1.6984337650623873 0.40379054483026844 0.40900302861965976
-1.6863484991836475 0.3610996521100393 0.41263759703055269
-1.6732061245396592 0.31903060868871391 0.41571861168702312
-1.6588461181279779 0.27757983323642488 0.41805144730097821
-1.6428797794327215 0.23673375200839053 0.41934997096287119
-1.625299616129755 0.19673458298720853 0.41968841643651755
-1.6070646797125119 0.15744713986490833 0.41964736568496785
-1.5878430554569296 0.11890275350204738 0.41891066531803722
-1.5675097662366364 0.081131488911368843 0.41737347892044024
-1.5458182006859655 0.044225023660548646 0.41492073171044908
-1.5231169948237242 0.008260291492621202 0.41176497574206389
-1.4997961447162005 -0.026907577105590334 0.40801864532929022
-1.4755893910541089 -0.061336185878333539 0.40358594543432158
-1.4503301274700928 -0.094928030990960546 0.39834769372745082
-1.4239034150777272 -0.12735672084002314 0.39218980422481103
-1.3968306326266768 -0.15895497552832713 0.38542206619531905
-1.3690431433604997 -0.18969113271208085 0.37795840409025139
-1.3405734773974709 -0.2194629333403659 0.36974105256488704
-1.3114433699800121 -0.24804430902410932 0.36065097966656229
-1.2815119248423441 -0.27547366582232136 0.35052774266560016
-1.2508831748163827 -0.30209657291745079 0.33957666050241153
-1.2196556282330588 -0.32774506673304515 0.32776349420520323
-1.1880085008501244 -0.35226502691311207 0.31513337540767949
-1.1558726698802397 -0.37536166674437105 0.30133192189915725
-1.1232370764742801 -0.39730788692155128 0.28636638012849197
-1.0902215282674339 -0.41816568717443336 0.27031055824279526
-1.0569185211526106 -0.43785803619134755 0.25314192111656697
-1.0234809543782237 -0.45618922526134248 0.23483966628592398
-0.99005317668258264 -0.4727134108257291 0.21490971299386888
-0.95677275570568199 -0.48780760064027506 0.19352451237048104
-0.92388670136330442 -0.5015403737760431 0.17076485617221507
-0.89179454080535936 -0.5138085139247458 0.14660362167300903
-0.86105878971338501 -0.52461100680958417 0.1206220232330262
-0.83248478375254276 -0.53380694005131635 0.092683011004274854
-0.80667775744570291 -0.5425158098883317 0.06260224458433207
-0.78266961846935335 -0.55204659496865183 0.030992290483675026
-0.76010115384199439 -0.56290440957004095 3.1361130742477615e-05
-0.73941110840046109 -0.57701334606391463 -0.030931333269508521
-0.71914951559558471 -0.59303253094060726 -0.062543770639820126
-0.6987100306332874 -0.61101754416445386 -0.09263225143187967
-0.6764682414575538 -0.63115914768285131 -0.12057365473034191
-0.65175825135343146 -0.6523763219159292 -0.14656085729757665
-0.62508234295586362 -0.67403513130976456 -0.17071773295624673
-0.59675751206487171 -0.69565253624473822 -0.19348628151708427
-0.56705055474722121 -0.71692959797937905 -0.21486986481628076
-0.53602685391911098 -0.73761963243993434 -0.23479810677369004
-0.50343081383389687 -0.75741182001451557 -0.25309588720089515
-0.4697311968482682 -0.77641794969211186 -0.27027034545503625
-0.43515793120423152 -0.79458759526484157 -0.28633158958098526
-0.39983998231270751 -0.81187777198698141 -0.30129832027300901
-0.36377384808466823 -0.82816772245409565 -0.31509934632169628
-0.32670468087635945 -0.84331899881676642 -0.32773491989956699
-0.28887298999473104 -0.85754282563034734 -0.33955624378055238
-0.25049753930195889 -0.87075827752643187 -0.35051567130149375
-0.21178131695813246 -0.88296470520271308 -0.36064781656669925
-0.17246174310219881 -0.8938955440335653 -0.36973911469715531
-0.13243954497172217 -0.90366659355606815 -0.37796570467161816
-0.091935809832402793 -0.91236254096639202 -0.38543861360364751
-0.051043850694035275 -0.91999747725062564 -0.39220610217077256
-0.0097367774676733743 -0.92668617148777777 -0.39837239377122541
0.031988316804016925 -0.93174855742600993 -0.40361432859351604
0.073879319683889444 -0.93549026559548076 -0.40805211828139099
0.11597993973634541 -0.93810713800575196 -0.41180181057390031
0.15847433695675267 -0.93980455329389889 -0.41496593402754339
0.20127731768479135 -0.94012831331837754 -0.41741053623958296
0.24415550524027091 -0.93886368140612209 -0.41894450299069735
0.28715026671225657 -0.9362495008461279 -0.41968491024751708
0.33025903287020103 -0.93239665010687478 -0.41973514130269918
0.37369372905766557 -0.92764772711764487 -0.41938879943366891
0.41709062231445065 -0.92105747838465768 -0.41806158468435689
0.46017241768443379 -0.9127682903455876 -0.41572462355245671
0.50316001228990181 -0.90312325213432587 -0.41266137807621905
0.54616819130352279 -0.89225506448790493 -0.40902968703952108
0.58919600107332526 -0.87994706843153569 -0.40469380544330791
0.63168004650291709 -0.86575188563285044 -0.39925174495262949
0.67347145179921997 -0.84991898721908743 -0.39291338964665234
0.7147211750799185 -0.83264116016260059 -0.38590004582996718
0.75626015582908979 -0.81409928577269652 -0.37811027824922694
0.79711885243857439 -0.79353239155843536 -0.36925661191327036
0.83638469153409334 -0.77126596175089679 -0.35966108551148279
0.87467792084626139 -0.74755977878262136 -0.34936590719598615
0.91239394053554301 -0.72240802024895634 -0.33818585018786912
0.94985826538850482 -0.69555301528053137 -0.32587469752983056
0.98549524081263251 -0.66683000189304176 -0.31284255888447887
1.0191345719273908 -0.63691691280148532 -0.29936543535917687
1.051584559830695 -0.60568054205977861 -0.28505230028350109
1.0835083470391902 -0.57283810452664152 -0.26950439749775601
1.1137953825288978 -0.53811926375778696 -0.25308215935204464
1.1415536466044636 -0.50234432716623401 -0.23643231189927977
1.1673665069922272 -0.46556169017544707 -0.21936018118025297
1.1915414369204036 -0.42761983288867966 -0.20166259778644971
1.2144453112966707 -0.38800713333663939 -0.18296004331269086
1.2346621400498792 -0.34725691172952966 -0.16358035591143877
1.2522639871453896 -0.30626582094701049 -0.1441718553758479
1.2678194800328375 -0.26448490822113335 -0.12448065722154132
1.281539377401375 -0.22148946907739972 -0.10428325165069606
1.2927869270762533 -0.17738865966144088 -0.083590279990405456
1.3012004351224751 -0.13333446492635151 -0.062916378260760117
1.3072362846597159 -0.08939541943727719 -0.042301673627620807
1.3110381821156551 -0.045253412542427367 -0.021535018909853793
