26.4354480831256 -4.99504620613995e-13 -3.0392218924972e-13
26.3938849617711 0.956472768792153 0.585814835041947
26.2693252118939 1.9082282987619 1.16752933604172
26.062165863304 2.85054818613936 1.74099371932307
25.773095901794 3.77871490076741 2.30196158558037
25.4031369830821 4.68802033279426 2.84604767834166
24.9536996555479 5.57378429198152 3.36869384040055
24.4266534589136 6.43138646590374 3.86514719345237
23.824407751011 7.25631517238318 4.33045522060074
23.149998110327 8.04423567081736 4.759482736964
22.4071708670323 8.79107968166602 5.14695543951518
21.6004560709704 9.49315602156861 5.48753363079582
20.7352174683333 10.1472799172764 5.77591771244876
19.8176673392427 10.7509157780265 6.00698420011715
18.8548348105314 11.3023252973003 6.17594757090065
17.8544787980435 11.8007101620602 6.27853966335553
16.8249410592745 12.2463368707273 6.31119519982336
15.7749405928155 12.6406306536029 6.27122992596974
14.7133170857846 12.9862265347603 6.15699739351472
13.6487373087226 13.2869681842428 5.96801182351285
12.5893832595033 13.5478490816478 5.7050276859795
11.5426436257057 13.7748950778332 5.37007113268099
10.5148303377461 13.9749919977647 4.9664234336357
9.51093970827086 14.155665821391 4.49856118032828
8.53447345910832 14.3248257797766 3.97206141866754
7.58732968743765 14.4904822982235 3.39348155776737
6.66976842702405 14.6604522949803 2.77022378591686
5.78045163600406 14.8420642634384 2.11039214945501
4.91655357043412 15.0418751727492 1.42264803979969
4.0739346143237 15.2654106868226 0.716067293371129
3.24736952250139 15.5169394662843 3.55184759819142e-14
2.43081940916538 15.7992911801584 -0.716067293371059
1.61773547535358 16.1137261461304 -1.42264803979963
0.801381353159818 16.4598622672624 -2.11039214945494
-0.0248398808578188 16.8356623927756 -2.7702237859168
-0.867068391338361 17.2374827538114 -3.39348155776732
-1.73069425722553 17.6601809559476 -3.9720614186675
-2.62010177604899 18.097280135465 -4.49856118032825
-3.53846376479102 18.5411840486328 -4.96642343363569
-4.48759620035968 18.983435732659 -5.370071132681
-5.46788064093745 19.4150097829766 -5.70502768597953
-6.47825801391532 19.8266253905556 -5.9680118235129
-7.51629265174232 20.2090645780538 -6.15699739351479
-8.57830027275551 20.5534782779312 -6.27122992596984
-9.65952856486734 20.8516626958933 -6.31119519982348
-10.754374899264 21.0962902149612 -6.27853966335567
-11.8566231872635 21.2810829008138 -6.17594757090081
-12.9596814491308 21.4009219896651 -6.00698420011733
-14.0568033534598 21.4518927540227 -5.77591771244896
-15.1412804662515 21.4312698963126 -5.48753363079605
-16.2065965644576 21.3374532659142 -5.14695543951543
-17.2465403235075 21.1698666676003 -4.75948273696426
-18.2552772329498 20.9288336349486 -4.33045522060102
-19.2273851732936 20.6154434376206 -3.86514719345267
-20.157860413357 20.2314186861632 -3.36869384040086
-21.0421018414611 19.7789932231302 -2.84604767834199
-21.8758812166944 19.260806071916 -2.3019615855807
-22.6553064346465 18.6798144864251 -1.74099371932341
-23.3767836009417 18.0392268933749 -1.16752933604206
-24.0369824197116 17.3424548791462 -0.585814835042292
-24.6328082789423 16.5930823443075 -3.98284797774481e-14
-25.1613835951429 15.7948494299259 0.585814835042211
-25.6200405049811 14.951648647683 1.16752933604198
-26.0063268041706 14.0675306346815 1.74099371932334
-26.3180269992728 13.1467169286779 2.30196158558063
-26.5532002695891 12.1936169847178 2.84604767834192
-26.7102368259299 11.2128462557761 3.36869384040079
-26.7879334061975 10.2092415410016 3.8651471934526
-26.7855873215762 9.18786905295043 4.33045522060096
-26.703106510051 8.15401993870285 4.7594827369642
-26.5411305416807 7.11318754316943 5.14695543951537
-26.301154680631 6.07102079290835 5.48753363079599
-25.9856463259776 5.03324895450983 5.7759177124489
-25.5981409350561 4.00557485063038 6.00698420011727
-25.1433034399944 2.99353641787374 6.17594757090075
-24.6269416989382 2.00234008136125 6.27853966335561
-24.0559609793058 1.03667340137519 6.31119519982343
-23.4382528284837 0.100508241167644 6.27122992596979
-22.7825175318651 -0.803091340794369 6.15699739351475
-22.09802590667 -1.67214073898793 5.96801182351287
-21.3943324218911 -2.50587050558383 5.7050276859795
-20.6809565576129 -3.30481269473875 5.37007113268098
-19.967052159174 -4.07082799625837 4.96642343363567
-19.2610849884377 -4.80706829693088 4.49856118032824
-18.570536927249 -5.51787403865162 3.97206141866751
-17.9016519783403 -6.20861011809285 3.39348155776733
-17.2592351827114 -6.88544771094897 2.77022378591682
-16.6465116220927 -7.55510217419108 2.11039214945497
-16.0650493113791 -8.22453913791105 1.42264803979966
-15.5147471346392 -8.90066216334659 0.716067293371094
-14.9938868354926 -9.58999599153837 4.53011144256187e-15
-14.4992460904196 -10.29837944083 -0.716067293371086
-14.0262676059161 -11.0306814170977 -1.42264803979965
-13.5692769549204 -11.7905523351342 -2.11039214945496
-13.121739707073 -12.580221679649 -2.77022378591682
-12.6765466112349 -13.4003506779336 -3.39348155776733
-12.2263143783365 -14.2499472544203 -3.9720614186675
-11.763689032193 -15.1263485417197 -4.49856118032824
-11.2816387499076 -16.0252739845905 -4.96642343363567
-10.7737234972922 -16.9409491608584 -5.37007113268097
-10.2343295875922 -17.8662966391199 -5.70502768597949
-9.65885870586951 -18.7931855798876 -5.96801182351285
-9.04386315742778 -19.7127268333721 -6.15699739351473
-8.38712223734786 -20.6155957871223 -6.27122992596977
-7.68765857757191 -21.4923620931761 -6.3111951998234
-6.94569773482889 -22.3338044422787 -6.27853966335559
-6.16257855329222 -23.1311901536203 -6.17594757090072
-5.34062532273086 -23.8765033918364 -6.00698420011724
-4.48299492081518 -24.5626116817496 -5.77591771244887
-3.59351269493386 -25.1833670927372 -5.48753363079595
-2.67650983533601 -25.7336449359452 -5.14695543951532
-1.73667273009963 -26.2093281346629 -4.75948273696415
-0.778911765599617 -26.6072489938552 -4.33045522060091
0.191746214707832 -26.9251017093168 -3.86514719345254
1.17024058218613 -27.1613387828597 -3.36869384040073
2.1515359395851 -27.3150629654837 -2.84604767834186
3.13066038911935 -27.3859239743124 -2.30196158558056
4.10272692194453 -27.3740265564385 -1.74099371932327
5.06294215052731 -27.2798539454892 -1.16752933604192
6.00660652875215 -27.1042086740271 -0.585814835042148
6.92910989900909 -26.8481712112151 1.00978022695178e-13
7.82592584759038 -26.5130759935995 0.585814835042351
8.69260806676087 -26.1005039985596 1.16752933604212
9.52479177682778 -25.6122908908346 1.74099371932347
10.3182032483131 -25.050549731842 2.30196158558075
11.0686805116423 -24.4177070598658 2.84604767834204
11.7722083248121 -23.7165506444544 3.36869384040091
12.424970229129 -22.9502862786018 3.86514719345271
13.0234198923739 -22.1225995842404 4.33045522060106
13.5643727765906 -21.237717076583 4.7594827369643
14.0451173977014 -20.3004588948666 5.14695543951546
14.4635430941055 -19.3162740109017 5.48753363079608
14.8182784551786 -18.2912477995131 5.77591771244898
15.1088316909344 -17.2320720308281 6.00698420011734
15.3357216932782 -16.1459689679805 6.17594757090081
15.500586858247 -15.0405644707388 6.27853966335566
15.60625838573 -13.9237096693852 6.31119519982346
15.656786069031 -12.8032564039615 6.27122992596981
15.65740757851 -11.6867974492841 6.15699739351476
15.6144566409916 -10.5813876345867 5.96801182351286
15.5352107141768 -9.49326543220709 5.70502768597947
15.4276839528184 -8.42759581129351 5.37007113268094
15.3003756593859 -7.38825393746381 4.96642343363561
15.161987411668 -6.37766593071455 4.49856118032816
15.021123426962 -5.39671803959735 3.97206141866741
14.8859886167351 -4.44474010425252 3.39348155776721
14.7640976668774 -3.51956387090448 2.77022378591668
14.6620069111085 -2.6176521571188 2.1103921494548
14.5850791947667 -1.73429130580519 1.42264803979947
14.537290524829 -0.863836784147529 0.716067293370894
14.5210859492416 2.02779948561598e-13 -2.11879528878307e-13
14.537290524829 0.863836784147936 -0.716067293371316
14.5850791947667 1.7342913058056 -1.42264803979989
14.6620069111086 2.61765215711922 -2.11039214945521
14.7640976668775 3.51956387090491 -2.77022378591707
14.8859886167352 4.44474010425296 -3.39348155776758
15.0211234269621 5.3967180395978 -3.97206141866776
15.1619874116681 6.377665930715 -4.49856118032849
15.300375659386 7.38825393746428 -4.96642343363592
15.4276839528185 8.42759581129399 -5.37007113268122
15.5352107141769 9.49326543220758 -5.70502768597972
15.6144566409917 10.5813876345872 -5.96801182351308
15.6574075785101 11.6867974492846 -6.15699739351495
15.6567860690311 12.803256403962 -6.27122992596997
15.6062583857301 13.9237096693857 -6.31119519982359
15.500586858247 15.0405644707393 -6.27853966335576
15.3357216932782 16.145968967981 -6.17594757090088
15.1088316909345 17.2320720308286 -6.00698420011738
14.8182784551787 18.2912477995136 -5.775917712449
14.4635430941055 19.3162740109021 -5.48753363079607
14.0451173977014 20.300458894867 -5.14695543951543
13.5643727765905 21.2377170765834 -4.75948273696425
13.0234198923739 22.1225995842408 -4.33045522060099
12.424970229129 22.9502862786022 -3.86514719345263
11.7722083248121 23.7165506444548 -3.36869384040082
11.0686805116422 24.4177070598662 -2.84604767834194
10.318203248313 25.0505497318424 -2.30196158558065
9.52479177682768 25.6122908908349 -1.74099371932336
8.69260806676076 26.1005039985599 -1.167529336042
7.82592584759026 26.5130759935998 -0.585814835042232
6.92910989900897 26.8481712112154 1.87416272938856e-14
6.00660652875202 27.1042086740274 0.58581483504227
5.06294215052718 27.2798539454895 1.16752933604204
4.1027269219444 27.3740265564387 1.7409937193234
3.13066038911922 27.3859239743126 2.30196158558069
2.15153593958497 27.3150629654839 2.84604767834198
1.17024058218601 27.1613387828599 3.36869384040086
0.191746214707707 26.925101709317 3.86514719345268
-0.778911765599742 26.6072489938554 4.33045522060104
-1.73667273009975 26.209328134663 4.7594827369643
-2.67650983533613 25.7336449359454 5.14695543951548
-3.59351269493397 25.1833670927374 5.48753363079611
-4.48299492081528 24.5626116817498 5.77591771244904
-5.34062532273096 23.8765033918366 6.00698420011743
-6.16257855329231 23.1311901536205 6.17594757090093
-6.94569773482897 22.3338044422789 6.27853966335581
-7.68765857757198 21.4923620931763 6.31119519982364
-8.38712223734791 20.6155957871224 6.27122992597003
-9.04386315742783 19.7127268333722 6.15699739351501
-9.65885870586955 18.7931855798878 5.96801182351314
-10.2343295875922 17.86629663912 5.70502768597978
-10.7737234972922 16.9409491608585 5.37007113268128
-11.2816387499076 16.0252739845906 4.96642343363597
-11.7636890321929 15.1263485417198 4.49856118032854
-12.2263143783365 14.2499472544204 3.9720614186678
-12.6765466112348 13.4003506779337 3.39348155776761
-13.1217397070729 12.580221679649 2.77022378591709
-13.5692769549203 11.7905523351342 2.11039214945522
-14.0262676059159 11.0306814170977 1.42264803979988
-14.4992460904194 10.2983794408301 0.716067293371293
-14.9938868354924 9.58999599153846 1.74234714026687e-13
-15.514747134639 8.9006621633467 -0.716067293370946
-16.0650493113788 8.22453913791117 -1.42264803979954
-16.6465116220925 7.55510217419123 -2.11039214945488
-17.2592351827112 6.88544771094915 -2.77022378591677
-17.90165197834 6.20861011809305 -3.39348155776731
-18.5705369272487 5.51787403865185 -3.97206141866752
-19.2610849884374 4.80706829693114 -4.4985611803283
-19.9670521591738 4.07082799625866 -4.96642343363576
-20.6809565576126 3.30481269473906 -5.37007113268109
-21.3943324218909 2.50587050558417 -5.70502768597964
-22.0980259066698 1.6721407389883 -5.96801182351303
-22.782517531865 0.803091340794766 -6.15699739351493
-23.4382528284836 -0.100508241167224 -6.27122992596999
-24.0559609793057 -1.03667340137475 -6.31119519982364
-24.6269416989381 -2.00234008136079 -6.27853966335585
-25.1433034399944 -2.99353641787327 -6.175947570901
-25.598140935056 -4.00557485062989 -6.00698420011753
-25.9856463259776 -5.03324895450933 -5.77591771244917
-26.3011546806311 -6.07102079290785 -5.48753363079627
-26.5411305416807 -7.11318754316893 -5.14695543951566
-26.7031065100511 -8.15401993870234 -4.75948273696451
-26.7855873215764 -9.18786905294992 -4.33045522060127
-26.7879334061977 -10.2092415410011 -3.86514719345292
-26.7102368259301 -11.2128462557756 -3.36869384040112
-26.5532002695894 -12.1936169847173 -2.84604767834225
-26.3180269992731 -13.1467169286774 -2.30196158558097
-26.006326804171 -14.067530634681 -1.74099371932368
-25.6200405049815 -14.9516486476825 -1.16752933604233
-25.1613835951433 -15.7948494299255 -0.585814835042572
-24.6328082789428 -16.5930823443071 -3.25251173034093e-13
-24.0369824197121 -17.3424548791458 0.585814835041927
-23.3767836009423 -18.0392268933746 1.1675293360417
-22.655306434647 -18.6798144864248 1.74099371932306
-21.875881216695 -19.2608060719157 2.30196158558035
-21.0421018414617 -19.77899322313 2.84604767834166
-20.1578604133577 -20.231418686163 3.36869384040055
-19.2273851732944 -20.6154434376205 3.86514719345238
-18.2552772329505 -20.9288336349486 4.33045522060077
-17.2465403235083 -21.1698666676002 4.75948273696404
-16.2065965644584 -21.3374532659143 5.14695543951525
-15.1412804662524 -21.4312698963127 5.48753363079591
-14.0568033534607 -21.4518927540229 5.77591771244887
-12.9596814491317 -21.4009219896653 6.00698420011729
-11.8566231872644 -21.281082900814 6.17594757090082
-10.7543748992649 -21.0962902149615 6.27853966335574
-9.65952856486817 -20.8516626958936 6.31119519982361
-8.57830027275633 -20.5534782779315 6.27122992597004
-7.51629265174313 -20.2090645780541 6.15699739351506
-6.47825801391612 -19.8266253905559 5.96801182351324
-5.46788064093823 -19.4150097829769 5.70502768597992
-4.48759620036044 -18.9834357326594 5.37007113268146
-3.53846376479177 -18.5411840486332 4.96642343363619
-2.62010177604972 -18.0972801354654 4.4985611803288
-1.73069425722624 -17.6601809559479 3.97206141866809
-0.867068391339067 -17.2374827538117 3.39348155776793
-0.0248398808585206 -16.8356623927758 2.77022378591744
0.801381353159113 -16.4598622672627 2.11039214945559
1.61773547535287 -16.1137261461306 1.42264803980028
2.43081940916465 -15.7992911801585 0.71606729337171
3.24736952250064 -15.5169394662844 6.03475702087895e-13
4.07393461432293 -15.2654106868228 -0.71606729337051
4.91655357043333 -15.0418751727493 -1.4226480397991
5.78045163600324 -14.8420642634385 -2.11039214945445
6.66976842702319 -14.6604522949804 -2.77022378591635
7.58732968743676 -14.4904822982236 -3.3934815577669
8.5344734591074 -14.3248257797767 -3.97206141866713
9.51093970826992 -14.1556658213912 -4.49856118032792
10.5148303377451 -13.9749919977649 -4.9664234336354
11.5426436257047 -13.7748950778334 -5.37007113268076
12.5893832595023 -13.5478490816481 -5.70502768597934
13.6487373087216 -13.2869681842431 -5.96801182351276
14.7133170857836 -12.9862265347607 -6.15699739351469
15.7749405928145 -12.6406306536034 -6.27122992596978
16.8249410592735 -12.2463368707278 -6.31119519982346
17.8544787980426 -11.8007101620607 -6.27853966335569
18.8548348105305 -11.3023252973009 -6.17594757090087
19.8176673392419 -10.7509157780271 -6.00698420011742
20.7352174683325 -10.1472799172771 -5.77591771244908
21.6004560709696 -9.49315602156934 -5.48753363079619
22.4071708670315 -8.7910796816668 -5.14695543951559
23.1499981103263 -8.04423567081818 -4.75948273696444
23.8244077510104 -7.25631517238403 -4.33045522060121
24.426653458913 -6.43138646590463 -3.86514719345287
24.9536996555475 -5.57378429198244 -3.36869384040108
25.4031369830817 -4.6880203327952 -2.84604767834222
25.7730959017937 -3.77871490076838 -2.30196158558094
26.0621658633037 -2.85054818614034 -1.74099371932366
26.2693252118937 -1.90822829876289 -1.16752933604232
26.393884961771 -0.95647276879315 -0.585814835042552
