26.5044426424075 -4.96098491068915e-13 -3.07032982123015e-13
26.4621729619027 0.949310665399668 0.597247348405065
26.3355041052517 1.8938386337699 1.19012503892356
26.1248671656136 2.82880389096832 1.77420930887919
25.8310152153822 3.74943576723678 2.3449727137225
25.4550732321508 4.65098744490989 2.89774362009212
24.998603954329 5.52876192536174 3.42767929323242
24.4636853447743 6.37815261165076 3.92975696338984
23.852993825367 7.19470093391996 4.39878688002814
23.1698859164126 7.97417237841925 4.82945063097132
22.4184695569823 8.7126508446748 5.21636681914763
21.6036554463499 9.40664947063583 5.55418451039099
20.7311785152798 10.0532340296166 5.83770273455738
19.8075803709875 10.6501528964155 6.06201188774464
18.8401454359173 11.1959656580988 6.22265040303395
17.8367865392534 11.6901610041792 6.3157678736073
16.8058797410519 12.1332538558273 6.33828430114258
15.7560527811625 12.5268519911848 6.28803463728005
14.6959361898497 12.8736837620292 6.16388849345532
13.633890142067 13.177580769644 5.96583682510651
12.5777230053168 13.4434122996953 5.69504033258881
11.5344188278822 13.676971517115 5.35383783883165
10.5098906186756 13.8848164788452 4.94571644850427
9.50877435379056 14.0740716018294 4.47524829671185
8.5342756140918 14.2521971556401 3.94800070115484
7.58807713257618 14.4267356545673 3.37042730145045
6.67031180007499 14.6050448725471 2.74974733459704
5.77960218638337 14.7940278093991 2.09381884337712
4.91316452506568 14.9998704259565 1.4110098017525
4.0669723578554 15.2277982853444 0.710069356719591
3.23597253694729 15.481863151471 3.63554500988497e-14
2.41434397807521 15.7647697964884 -0.710069356719519
1.59578749996035 16.0777515612438 -1.41100980175243
0.773833453082131 16.4205006656355 -2.09381884337705
-0.057847144664055 16.7911562330784 -2.74974733459698
-0.905142424182009 17.1863499729886 -3.3704273014504
-1.77322423140662 17.6013068743602 -3.9480007011548
-2.66630984640621 18.0299962617674 -4.47524829671182
-3.58747128825431 18.4653270273302 -4.94571644850426
-4.53850022398727 18.8993794930246 -5.35383783883165
-5.51983369737053 19.3236649260903 -5.69504033258882
-6.53054271286024 19.7294021675758 -5.96583682510654
-7.56838219361696 20.107799328018 -6.16388849345538
-8.62989713193665 20.4503274292999 -6.28803463728012
-9.71057616293309 20.7489726533236 -6.33828430114268
-10.8050407258897 20.9964548187251 -6.31576787360742
-11.9072558609258 21.1864019474207 -6.22265040303409
-13.01074785618 21.3134741348589 -6.06201188774481
-14.1088145576052 21.3734339956154 -5.83770273455757
-15.1947160901699 21.3631651721479 -5.55418451039121
-16.2618367103792 21.2806442072621 -5.21636681914787
-17.3038120666103 21.1248740324859 -4.82945063097158
-18.3146197936061 20.8957891418637 -4.39878688002843
-19.2886346727413 20.5941431412273 -3.92975696339014
-20.2206522373137 20.2213889110288 -3.42767929323274
-21.1058865349299 19.7795603487429 -2.89774362009244
-21.939948768579 19.2711628736592 -2.34497271372284
-22.7188138298074 18.6990778828981 -1.77420930887953
-23.4387814832048 18.0664843873817 -1.19012503892391
-24.0964383510794 17.3767992951721 -0.597247348405413
-24.6886260499208 16.6336363287418 -4.27755643965901e-14
-25.2124199690118 15.8407823726718 0.59724734840533
-25.6651223215088 15.0021891087336 1.19012503892383
-26.0442722472855 14.1219770398027 1.77420930887945
-26.347674865379 13.2044483636348 2.34497271372276
-26.5734501923615 12.2541045816289 2.89774362009237
-26.7201016836419 11.2756642000865 3.42767929323267
-26.7866027567399 10.2740754301418 3.92975696339008
-26.7724980008327 9.25451849189 4.39878688002837
-26.6780139131565 8.22239209205236 4.82945063097153
-26.5041720601265 7.18327900846725 5.21636681914782
-26.2528957548195 6.14288660840234 5.55418451039116
-25.9270999585126 5.10695963883805 5.83770273455752
-25.5307534705264 4.08116476307501 6.06201188774476
-25.0689028589331 3.07094897573975 6.22265040303405
-24.5476491962523 2.08137698000421 6.31576787360738
-23.9740715204856 1.11695552046397 6.33828430114264
-23.3560948480749 0.181455135523494 6.28803463728009
-22.7023051096129 -0.722258559362997 6.16388849345535
-22.0217179874397 -1.59237140720521 5.96583682510652
-21.3235126778669 -2.42823309959512 5.69504033258881
-20.6167445315563 -3.2304252848318 5.35383783883164
-19.9100520023599 -4.00077796299598 4.94571644850426
-19.2113733009336 -4.74232995009229 4.47524829671182
-18.5276868331067 -5.45923253783009 3.94800070115481
-17.8647873371355 -6.15659866281136 3.37042730145041
-17.2271071149702 -6.84030277792021 2.749747334597
-16.6175892836571 -7.51673916048343 2.09381884337708
-16.0376177453903 -8.19254861479827 1.41100980175246
-15.487006535945 -8.87432540302617 0.710069356719553
-14.9640491399426 -9.56831763678366 5.1201331139276e-16
-14.4656260264681 -10.2801350701917 -0.710069356719552
-13.9873659903772 -11.0144780628126 -1.41100980175245
-13.5238540666554 -11.7749003798895 -2.09381884337708
-13.0688762054098 -12.5636166229835 -2.74974733459699
-12.6156889771436 -13.3813627442791 -3.37042730145041
-12.1573015895543 -14.2273156134919 -3.9480007011548
-11.6867574493201 -15.0990751667438 -4.47524829671182
-11.1974031921691 -15.9927102647572 -4.94571644850425
-10.6831342590751 -16.9028668688815 -5.35383783883163
-10.1386075222776 -17.822934337933 -5.69504033258879
-9.55941311922949 -18.7452625152095 -5.9658368251065
-8.94219961228128 -19.6614189896661 -6.16388849345533
-8.28474895382703 -20.5624728704867 -6.28803463728007
-7.58600051063493 -21.4392891288921 -6.33828430114262
-6.8460264464903 -22.2828165357693 -6.31576787360736
-6.06596379175137 -23.0843527921445 -6.22265040303402
-5.24791117218671 -23.8357726721276 -6.06201188774473
-4.39480007165865 -24.5297086315911 -5.83770273455749
-3.51025141460339 -25.159677885177 -5.55418451039112
-2.59842809164134 -25.7201547851685 -5.21636681914778
-1.66389290925005 -26.2065918142026 -4.82945063097148
-0.711479559834176 -26.6153961193661 -4.39878688002832
0.253818100747341 -26.9438709600351 -3.92975696339002
1.22693558878273 -27.1901326324126 -3.42767929323261
2.20280549251105 -27.3530134818853 -2.89774362009231
3.17640455205644 -27.4319607650783 -2.3449727137227
4.14278274354231 -27.4269396818417 -1.77420930887939
5.09707793790173 -27.3383471622324 -1.19012503892376
6.0345202464065 -27.1669412098733 -0.597247348405267
6.95043039034659 -26.913788936409 1.05252637716189e-13
7.84021643504111 -26.5802349527732 0.597247348405477
8.6993730848194 -26.1678905173546 1.19012503892397
9.52348749119623 -25.6786427297149 1.77420930887959
10.3082551897786 -25.114682022291 2.3449727137229
11.0495093258889 -24.4785451596815 2.8977436200925
11.7432657011032 -23.7731698468323 3.4276792932328
12.3857853072189 -23.0019558606006 3.9297569633902
12.9736548521654 -22.1688264033125 4.39878688002848
13.5038842958635 -21.2782822521884 4.82945063097163
13.9740186284242 -20.3354404310485 5.21636681914792
14.3822591365023 -19.3460487920674 5.55418451039125
14.727587395756 -18.3164683044305 5.8377027345576
15.0098834511651 -17.2536161967592 6.06201188774483
15.2300283989523 -16.1648654785623 6.22265040303411
15.3899811526383 -15.0578997012275 6.31576787360743
15.4928197762611 -13.9405258518597 6.33828430114267
15.5427394759355 -12.8204525678948 6.2880346372801
15.5450020489208 -11.7050448643141 6.16388849345535
15.5058350007217 -10.6010697100722 5.9658368251065
15.4322822154576 -9.51444861194259 5.69504033258877
15.3320115099958 -8.45003360813987 5.35383783883159
15.2130871873669 -7.4114217532759 4.94571644850418
15.0837175661287 -6.40082055671326 4.47524829671173
14.9519883632351 -5.41897335694141 3.9480007011547
14.8255929291441 -4.4651497630462 3.37042730145028
14.7115699882282 -3.53720248453171 2.74974733459685
14.6160590341061 -2.63168836316941 2.09381884337691
14.5440830340006 -1.74404831272686 1.41100980175227
14.4993675497417 -0.868838156021271 0.710069356719352
14.4842045292499 2.04905386445635e-13 -2.15237709198498e-13
14.4993675497417 0.868838156021682 -0.710069356719781
14.5440830340006 1.74404831272728 -1.41100980175269
14.6160590341061 2.63168836316983 -2.09381884337732
14.7115699882283 3.53720248453213 -2.74974733459725
14.8255929291442 4.46514976304664 -3.37042730145067
14.9519883632352 5.41897335694186 -3.94800070115507
15.0837175661288 6.40082055671372 -4.47524829671208
15.2130871873671 7.41142175327637 -4.9457164485045
15.3320115099959 8.45003360814035 -5.35383783883188
15.4322822154577 9.51444861194309 -5.69504033258903
15.5058350007219 10.6010697100727 -5.96583682510673
15.5450020489209 11.7050448643146 -6.16388849345554
15.5427394759356 12.8204525678953 -6.28803463728027
15.4928197762612 13.9405258518602 -6.3382843011428
15.3899811526384 15.057899701228 -6.31576787360753
15.2300283989524 16.1648654785628 -6.22265040303418
15.0098834511651 17.2536161967597 -6.06201188774487
14.7275873957561 18.316468304431 -5.83770273455762
14.3822591365023 19.3460487920679 -5.55418451039125
13.9740186284242 20.335440431049 -5.21636681914788
13.5038842958635 21.2782822521888 -4.82945063097158
12.9736548521653 22.1688264033129 -4.39878688002841
12.3857853072189 23.001955860601 -3.92975696339012
11.7432657011031 23.7731698468327 -3.42767929323271
11.0495093258888 24.4785451596819 -2.8977436200924
10.3082551897785 25.1146820222914 -2.34497271372279
9.52348749119613 25.6786427297152 -1.77420930887947
8.69937308481929 26.1678905173549 -1.19012503892385
7.840216435041 26.5802349527735 -0.597247348405353
6.95043039034647 26.9137889364093 2.04499616443254e-14
6.03452024640638 27.1669412098735 0.597247348405394
5.09707793790161 27.3383471622327 1.19012503892389
4.14278274354219 27.4269396818419 1.77420930887951
3.17640455205632 27.4319607650785 2.34497271372283
2.20280549251093 27.3530134818855 2.89774362009244
1.22693558878262 27.1901326324128 3.42767929323275
0.25381810074723 26.9438709600353 3.92975696339016
-0.711479559834282 26.6153961193663 4.39878688002847
-1.66389290925015 26.2065918142027 4.82945063097164
-2.59842809164143 25.7201547851687 5.21636681914794
-3.51025141460348 25.1596778851772 5.5541845103913
-4.39480007165873 24.5297086315913 5.83770273455768
-5.24791117218679 23.8357726721278 6.06201188774494
-6.06596379175144 23.0843527921446 6.22265040303424
-6.84602644649036 22.2828165357695 6.31576787360759
-7.58600051063499 21.4392891288923 6.33828430114287
-8.28474895382707 20.5624728704868 6.28803463728033
-8.94219961228132 19.6614189896663 6.16388849345561
-9.55941311922951 18.7452625152097 5.96583682510679
-10.1386075222776 17.8229343379331 5.69504033258908
-10.6831342590751 16.9028668688816 5.35383783883192
-11.1974031921691 15.9927102647573 4.94571644850454
-11.6867574493201 15.0990751667439 4.4752482967121
-12.1573015895543 14.2273156134919 3.94800070115508
-12.6156889771435 13.3813627442792 3.37042730145068
-13.0688762054097 12.5636166229836 2.74974733459725
-13.5238540666552 11.7749003798896 2.09381884337732
-13.987365990377 11.0144780628127 1.41100980175267
-14.4656260264679 10.2801350701918 0.71006935671975
-14.9640491399424 9.56831763678376 1.70991321404009e-13
-15.4870065359447 8.87432540302628 -0.71006935671941
-16.03761774539 8.1925486147984 -1.41100980175234
-16.6175892836568 7.51673916048357 -2.09381884337699
-17.2271071149699 6.84030277792038 -2.74974733459695
-17.8647873371352 6.15659866281155 -3.37042730145039
-18.5276868331064 5.45923253783032 -3.94800070115482
-19.2113733009333 4.74232995009254 -4.47524829671187
-19.9100520023596 4.00077796299625 -4.94571644850433
-20.616744531556 3.23042528483211 -5.35383783883175
-21.3235126778667 2.42823309959545 -5.69504033258894
-22.0217179874394 1.59237140720557 -5.96583682510668
-22.7023051096127 0.722258559363385 -6.16388849345553
-23.3560948480747 -0.18145513552308 -6.28803463728029
-23.9740715204854 -1.11695552046354 -6.33828430114286
-24.5476491962522 -2.08137698000375 -6.31576787360762
-25.0689028589331 -3.07094897573928 -6.2226504030343
-25.5307534705264 -4.08116476307453 -6.06201188774503
-25.9270999585126 -5.10695963883756 -5.8377027345578
-26.2528957548195 -6.14288660840183 -5.55418451039145
-26.5041720601266 -7.18327900846674 -5.21636681914811
-26.6780139131566 -8.22239209205185 -4.82945063097183
-26.7724980008329 -9.25451849188948 -4.39878688002868
-26.7866027567401 -10.2740754301413 -3.9297569633904
-26.7201016836421 -11.275664200086 -3.427679293233
-26.5734501923618 -12.2541045816285 -2.89774362009271
-26.3476748653793 -13.2044483636343 -2.34497271372311
-26.0442722472859 -14.1219770398022 -1.7742093088798
-25.6651223215092 -15.0021891087332 -1.19012503892419
-25.2124199690122 -15.8407823726714 -0.597247348405698
-24.6886260499212 -16.6336363287414 -3.27615424014242e-13
-24.0964383510799 -17.3767992951717 0.597247348405045
-23.4387814832054 -18.0664843873814 1.19012503892354
-22.718813829808 -18.6990778828978 1.77420930887917
-21.9399487685796 -19.2711628736589 2.34497271372249
-21.1058865349306 -19.7795603487427 2.89774362009211
-20.2206522373144 -20.2213889110287 3.42767929323243
-19.288634672742 -20.5941431412272 3.92975696338986
-18.3146197936068 -20.8957891418637 4.39878688002818
-17.3038120666111 -21.1248740324859 4.82945063097137
-16.26183671038 -21.2806442072622 5.2163668191477
-15.1947160901707 -21.363165172148 5.55418451039109
-14.108814557606 -21.3734339956155 5.8377027345575
-13.0107478561808 -21.3134741348591 6.06201188774479
-11.9072558609266 -21.1864019474209 6.22265040303414
-10.8050407258905 -20.9964548187254 6.31576787360753
-9.71057616293393 -20.7489726533239 6.33828430114284
-8.62989713193748 -20.4503274293003 6.28803463728035
-7.56838219361778 -20.1077993280184 6.16388849345567
-6.53054271286104 -19.7294021675762 5.96583682510689
-5.51983369737131 -19.3236649260906 5.69504033258923
-4.53850022398804 -18.899379493025 5.35383783883211
-3.58747128825506 -18.4653270273306 4.94571644850477
-2.66630984640695 -18.0299962617678 4.47524829671237
-1.77322423140734 -17.6013068743605 3.94800070115538
-0.905142424182722 -17.1863499729889 3.37042730145101
-0.057847144664765 -16.7911562330787 2.74974733459761
0.773833453081419 -16.4205006656358 2.0938188433777
1.59578749995963 -16.077751561244 1.41100980175307
2.41434397807448 -15.7647697964886 0.710069356720165
3.23597253694654 -15.4818631514711 5.9804831454565e-13
4.06697235785464 -15.2277982853445 -0.710069356718976
4.91316452506489 -14.9998704259567 -1.41100980175191
5.77960218638255 -14.7940278093993 -2.09381884337656
6.67031180007414 -14.6050448725473 -2.74974733459652
7.5880771325753 -14.4267356545675 -3.37042730144998
8.53427561409089 -14.2521971556402 -3.94800070115443
9.50877435378962 -14.0740716018296 -4.47524829671149
10.5098906186747 -13.8848164788454 -4.94571644850398
11.5344188278813 -13.6769715171153 -5.35383783883142
12.5777230053158 -13.4434122996955 -5.69504033258864
13.633890142066 -13.1775807696443 -5.9658368251064
14.6959361898487 -12.8736837620295 -6.16388849345529
15.7560527811615 -12.5268519911852 -6.28803463728007
16.805879741051 -12.1332538558278 -6.33828430114267
17.8367865392524 -11.6901610041798 -6.31576787360746
18.8401454359164 -11.1959656580994 -6.22265040303416
19.8075803709866 -10.6501528964161 -6.06201188774491
20.7311785152789 -10.0532340296173 -5.8377027345577
21.6036554463491 -9.40664947063655 -5.55418451039137
22.4184695569816 -8.71265084467556 -5.21636681914804
23.1698859164119 -7.97417237842005 -4.82945063097177
23.8529938253664 -7.1947009339208 -4.39878688002864
24.4636853447738 -6.37815261165164 -3.92975696339036
24.9986039543285 -5.52876192536266 -3.42767929323297
25.4550732321504 -4.65098744491083 -2.89774362009269
25.8310152153819 -3.74943576723773 -2.34497271372309
26.1248671656134 -2.82880389096929 -1.77420930887978
26.3355041052515 -1.89383863377089 -1.19012503892417
26.4621729619027 -0.949310665400658 -0.597247348405677
