-3.28787286840487 -20.046003896981 -6.93327365811379
-2.54450899098791 -20.6456526082473 -7.22967635220513
-1.76565384505498 -21.2195314409449 -7.48286014002557
-0.932179548141081 -21.7436580451226 -7.66170310226077
-0.0707319970407692 -22.2350752654382 -7.7970540113768
0.822854509548206 -22.6813989236991 -7.87706728949454
1.74459076697227 -23.0780001189997 -7.90171909604917
2.68924027668531 -23.4218031832533 -7.87330935407326
3.65155270918645 -23.7102172004065 -7.79474255909667
4.626458385191 -23.941063304738 -7.66929479862638
5.60911463288038 -24.1125783491336 -7.50052682202882
6.59492179464255 -24.2234132435134 -7.29220674950365
7.57952821156397 -24.2726268472413 -7.04823500601476
8.55882872730618 -24.2596773619669 -6.77257180429182
9.52895885716578 -24.1844125767818 -6.46916804058079
10.4862866490977 -24.0470599839352 -6.14190047548547
11.4274042507869 -23.8482169672337 -5.79451181517054
12.3491207462995 -23.5888401154457 -5.43055603681
13.2484569244968 -23.2702317697851 -5.05334923311189
14.1226416092079 -22.8940217341596 -4.66592644631337
14.9691084766061 -22.4621428684931 -4.27100530404225
15.785492207596 -21.9768007162281 -3.87095753728502
16.5696232837145 -21.4404386683463 -3.46778947666916
17.319521298497 -20.8557007832324 -3.06313236752519
18.0333868607528 -20.2253941035823 -2.65824295172747
18.7095918887131 -19.5524515508647 -2.25401440767824
19.3466676572758 -18.8398958856292 -1.85099749594847
19.9432898781322 -18.0908052021337 -1.4494315670995
20.4982606484992 -17.3082808708471 -1.04928482920183
21.0104881058362 -16.4954192699886 -0.650302884463242
21.4789655280995 -15.6552885960703 -0.252064089732888
21.9027519169817 -14.7909114078493 0.145960078405589
22.2809556823403 -13.9052526280944 0.544341638247164
22.6127222387052 -13.0012119501093 0.943631613479252
22.8972256361895 -12.081619272144 1.34429614485799
23.1336641052939 -11.1492319194867 1.7466546948056
23.3212595584902 -10.2067327970027 2.15082172154935
23.4592613483558 -9.25672900258037 2.55665318796283
23.5469546145082 -8.30175070797685 2.9636992794474
23.5836732652703 -7.34425030494034 3.3711646237712
23.568817200334 -6.38660200143897 3.77787706710455
23.5018730656574 -5.43110226758477 4.18226568476981
23.3824378364166 -4.47997172336351 4.58234829055009
23.2102448555017 -3.53535913596425 4.97572838050495
22.9851924602576 -2.5993480741516 5.35960129831208
22.7073757913865 -1.67396642262061 5.73076945602384
22.3771225986191 -0.761198418918156 6.08566662190367
21.9950337084551 0.137001780719008 6.42039147950489
21.5620282706468 1.01869664866962 6.73075076155814
21.0793930581844 1.88195409272013 7.01231224045713
20.548834196702 2.7248409486098 7.26046781292333
19.9725290035341 3.545423688573 7.47050704843202
19.3531752123419 4.3417789805817 7.63770204786558
18.6940345107333 5.11201701506547 7.75740522771552
17.9989665307154 5.8543209459335 7.82516229993838
17.2724477830502 6.56700599449573 7.83684256274118
16.5195676010199 7.24860109037853 7.78878696157032
15.7459907844731 7.89795375774466 7.67797093232156
14.9578757092523 8.51435509695944 7.50217419685435
14.1617386090533 9.09767661423833 7.26014454779806
13.3642603063814 9.64850539741001 6.95173880227876
12.5720404438417 10.168260175529 6.57802313454188
11.7913144853834 10.6592695474251 6.14131804044306
11.0276576748954 11.1247960171813 5.64518030199417
10.2857049334876 11.5689953604957 5.09432411941935
9.56891464405702 11.9968090221478 4.49449343415466
8.87939770192711 12.4137956121914 3.85230446888696
8.2178233102446 12.8259139846525 3.17507973380442
7.58340283644231 13.2392735566622 2.47069202619988
6.97394518371051 13.6598674683309 1.74743069698464
6.38597276222728 14.0933020000658 1.01389477774366
5.81488605689319 14.5445329187695 0.278910323058145
5.25516591968089 15.0176174702941 -0.448536354834442
4.70060496736839 15.5154902752228 -1.15936179478579
4.14456284417587 16.0397723034793 -1.84446041370328
3.58024767892034 16.5906236418097 -2.49481439585273
3.00104634155112 17.1666528693888 -3.10168569209821
2.40097019738276 17.7649040280233 -3.6570046700826
1.77534004854628 18.3809760696106 -4.15420296902194
1.12181494880146 19.0094139580562 -4.58986721337222
0.441607694105905 19.6445860103422 -4.96639645606241
-0.259744569183838 20.2820481774337 -5.29488271705848
-0.972797028730212 20.9196683600545 -5.59606215863878
-1.75785865637153 21.5266324159885 -5.71964604375103
-2.55958717096422 22.1190731105865 -5.79873461846485
-3.40827334550899 22.6440751764019 -5.73452131960802
-4.27612273268122 23.1212443705297 -5.59562957834258
-5.16195150156884 23.5193613603304 -5.35684064910519
-6.05383099533334 23.8470917799583 -5.04505783062194
-6.94410165176801 24.0929737625122 -4.66120698352724
-7.82395052916773 24.25153675494 -4.21274439890519
-8.68553727325713 24.32222186405 -3.70971423883012
-9.51978537076347 24.2991651375401 -3.15863186272296
-10.3213372941979 24.1879199269445 -2.57106355669521
-11.0801901212422 23.9814950750116 -1.95314638623421
-11.7908567181204 23.6844314848416 -1.31526794556782
-12.4472137996107 23.2990182301914 -0.666505353060349
-13.0415667938442 22.8257578396995 -0.0161792623343666
-13.5737207501314 22.2750071650411 0.626899306206062
-14.0353541644262 21.6467073057389 1.25321274504585
-14.4283595945465 20.9519526606496 1.8557391134788
-14.7430242031273 20.1909189177126 2.42311672066341
-14.9909242528874 19.3807252470614 2.9544222970907
-15.1510579295781 18.5156571074657 3.42999610393823
-15.2513794388616 17.6194264379494 3.86225885234764
-15.2570115533912 16.6842995549584 4.21676197086598
-15.2106560142442 15.7335911427009 4.52341301134147
-15.0683159050338 14.765754932861 4.73110724614103
-14.8850180986902 13.7958728994276 4.8916879585916
-14.590888954409 12.8401384913077 4.90631889017986
-14.2772276126989 11.8907066915723 4.89152265067273
-13.8908948957907 10.9766160572224 4.75691368077729
-13.4867772820119 10.0753641611647 4.5895362631763
-13.0546898846937 9.19759966773031 4.3682928648955
-12.5925120087237 8.35043618304663 4.08525433324128
-12.1026357557067 7.53762306358758 3.74095158653441
-11.5889516214931 6.76047655461793 3.34001477548506
-11.0553694389293 6.01857463704122 2.88895203880362
-10.5052482701085 5.31006901018728 2.39527083142623
-9.94120087027797 4.63183907461101 1.86711858975799
-9.36505692032131 3.97964522217403 1.31309034973641
-8.77791901008113 3.34832807610091 0.742103960248811
-8.18028843175014 2.73205019918765 0.163320837909894
-7.57224631665584 2.12456494396591 -0.413898038017963
-6.95367638841197 1.51949846952836 -0.980015832242747
-6.32451475977986 0.910634202552593 -1.52534435933576
-5.6850101783007 0.292190341684206 -2.04009463218782
-5.03597458792207 -0.3409193702803 -2.51448169847688
-4.37899865405403 -0.99284829577509 -2.9389219214759
-3.71659692515634 -1.66659100805296 -3.30440456369334
-3.05221541643333 -2.36371195874713 -3.60325346534321
-2.38993818466257 -3.08393651229677 -3.83074957859823
-1.7335688629587 -3.82463364901564 -3.98820283883987
-1.08486054599987 -4.58059480640733 -4.08717436898444
-0.441713419236543 -5.34462644611905 -4.1520977523807
0.168269300412675 -6.13405052540764 -4.08301434259855
0.728898372641225 -6.93886726347345 -3.88793588370717
1.23269362618019 -7.74972628448542 -3.58970649373866
1.6731146887885 -8.56062852908042 -3.20409445408363
2.04644753547521 -9.3674104651574 -2.74600501186008
2.34629411535901 -10.166723573118 -2.22521941048322
2.57533477908399 -10.9568798270268 -1.65659787885528
2.71475042363623 -11.7334265376201 -1.04210850949053
2.79054865886995 -12.499149697565 -0.403319333641392
2.76344098855605 -13.245540692684 0.261958596312588
2.66724306435948 -13.9775119059233 0.936513488236424
2.48107710508277 -14.6887623435002 1.61445900828943
2.21648918830359 -15.3797981027786 2.28726406905733
1.86268995142316 -16.0448051223069 2.9452083382013
1.43369407997967 -16.6846479320743 3.58294614270277
0.920931030964728 -17.2920928101873 4.1896840632417
0.3417483595612 -17.8697513223147 4.7650142480702
-0.31986959244932 -18.4036782271843 5.29164919862123
-1.03518216171439 -18.9038602289236 5.77977060199065
-1.82475533532786 -19.3478354561828 6.20352496416103
-2.65351976617542 -19.7559141343051 6.58647794819444
-3.54346752792465 -20.0946387906583 6.89205815248935
-4.45853367033204 -20.3974477502671 7.15848348357104
-5.41639409751897 -20.6202769941639 7.34020509319146
-6.38769511626438 -20.808241205032 7.48617229721866
-7.38024728396568 -20.9142514285139 7.55080209915544
-8.37780868966746 -20.9823454089712 7.57920916670881
-9.37842178716984 -20.9958149765882 7.5566391307031
-10.3769028918585 -20.9504580388393 7.48100178937742
-11.3675139903303 -20.8457980902175 7.35398957380862
-12.3446206094873 -20.6822653169016 7.17820070141541
-13.3028722669526 -20.4606742795066 6.95656867349552
-14.2372830079312 -20.1821494766081 6.69224568711304
-15.1432677624364 -19.848102220351 6.38854334712657
-16.0166561277834 -19.4602078800621 6.04887920365916
-16.8536939179962 -19.0203803244963 5.67672561388049
-17.6510368790167 -18.5307450444822 5.27556218798664
-18.4057392121062 -17.9936126277258 4.84883333808308
-19.1152390349001 -17.4114535480719 4.39991193480849
-19.7773422047258 -16.7868742457844 3.93206937822733
-20.3902049217518 -16.1225937503489 3.44845189795417
-20.9523146198695 -15.421419937264 2.95206277892554
-21.4624682413436 -14.6862249077344 2.44575038870537
-21.9197472532531 -13.9199197001187 1.93220214933988
-22.3234895899389 -13.1254292514817 1.41394473663313
-22.6732597303612 -12.3056689196198 0.893350681287595
-22.9688188436438 -11.4635237869371 0.372651209555712
-23.2100969556281 -10.6018314628036 -0.146045259402419
-23.3971683435966 -9.72336846133732 -0.660729858320972
-23.5302302394083 -8.83083980681075 -1.16946625198228
-23.6095840656418 -7.92687151517662 -1.67036074898406
-23.6356183778146 -7.01400594473521 -2.16153031129515
-23.6087934994303 -6.09470040052987 -2.64106923725066
-23.5296290458115 -5.17132949451477 -3.10701550256232
-23.3986964279895 -4.24619148082047 -3.55731805318114
-23.2166185026873 -3.32151823836795 -3.98980656624292
-22.9840777749903 -2.39948804249788 -4.40216519028217
-22.7018334063331 -1.48223998033088 -4.79191155085364
-22.370746320065 -0.571888858999553 -5.15638202225727
-21.9918113241828 0.329460418350468 -5.49272414849287
-21.566195409204 1.21970000945078 -5.7978973314586
-21.0952819190328 2.09670909414544 -6.06868354485864
-20.5807206536883 2.95834855510299 -6.30171075471393
-20.0244836677102 3.80246323701752 -6.49349262741092
-19.4289252460376 4.62689564913557 -6.64048854657504
-18.7968422140346 5.42951564922501 -6.73918749247207
-18.1315276939417 6.20827051365071 -6.78621768782888
-17.4368083684676 6.96125846882518 -6.77848114414239
-16.7170531917342 7.68682611943738 -6.71330876629662
-15.977141170868 8.38368650638715 -6.58862807483536
-15.2223778800769 9.05105028518695 -6.40313239292886
-14.4583549133027 9.68875835649082 -6.15643788092129
-13.6907533046962 10.2974008499894 -5.84921350601281
-12.9251003627867 10.878405408289 -5.48326962072331
-12.1664980095212 11.4340781092876 -5.06159412466991
-11.4193475268809 11.9675837859726 -4.58833146261467
-10.6870984188471 12.4828588599879 -4.06870795640733
-9.97204668940072 12.9844578738022 -3.50891492723039
-9.27520080658297 13.4773426591265 -2.91596621546917
-8.59622421452544 13.9666286159089 -2.29754752085979
-7.93345429876323 14.4573050034234 -1.66187158711389
-7.28399133275368 14.9539458331567 -1.01754711588032
-6.64384782243014 15.460426133466 -0.373462375304166
-6.00814812561832 15.9796564612432 0.26132158244178
-5.37136885073892 16.5133476940661 0.877677444091079
-4.72761134060219 17.0618189883091 1.46652983159392
-4.07089976712218 17.6238647971176 2.01900032965225
-3.39550860516746 18.1967039265394 2.52660710366688
-2.69635610900342 18.7760532035716 2.98159310445264
-1.96956710632359 19.3564239860415 3.37758081365507
-1.21335924008591 19.9318602183221 3.71096118354369
-0.429246750683466 20.497446430661 3.98347518368912
0.376984043994713 21.0515987901474 4.20564025341592
1.19547754513225 21.5979123592134 4.39870055487118
2.06748763498189 22.0847006406284 4.45006427443319
2.95123112881572 22.552464185769 4.46684293733809
3.87545739068773 22.9106088526075 4.33400240610092
4.80929414533151 23.2134491942666 4.14278674098284
5.74777041931587 23.4097880847201 3.85838085144887
6.68059297185864 23.529450053944 3.51845484474399
7.59664979371016 23.5499258117196 3.11777381407848
8.48942445034093 23.4817340127113 2.67211923620599
9.34539146715737 23.3100345763129 2.1842735942054
10.1647134589189 23.055688971689 1.67024949571925
10.9282905058769 22.6970777154991 1.13282852712781
11.6396185119293 22.2563915406643 0.58526919600558
12.287257031645 21.729012227793 0.0352679044732557
12.8679704760522 21.1228386875226 -0.508189019393351
13.3777429279853 20.4439703309072 -1.03671283131384
13.8134115313072 19.6991116573142 -1.54226812328385
14.1699964348542 18.8937016987401 -2.01593336955967
14.4512609597358 18.0391796000633 -2.45278342041708
14.6490313341654 17.139378919508 -2.84181764639362
14.7737124375859 16.2076525257456 -3.18302444650901
14.812099449991 15.2475657388919 -3.46038306184758
14.7798907986695 14.272295601432 -3.67905849828048
14.6664177000862 13.2890996890199 -3.82241606887836
14.4847874812672 12.3083840796074 -3.89509384437243
14.2209790514522 11.3440666172386 -3.87167799441814
13.9051124444275 10.3997049821861 -3.77988005037777
13.5408837624914 9.48157562939685 -3.61919257185661
13.1517648762674 8.58063075565282 -3.42093235383561
12.7271293272126 7.7083234147509 -3.1669124903836
12.2665222211379 6.87077905903713 -2.8535216895046
11.7731774428114 6.07099834069364 -2.48348458069605
11.2509922428668 5.31019929178944 -2.06201119935298
10.7035103852907 4.58826586586464 -1.59554554090524
10.1335876755661 3.90387143666878 -1.09134661117492
9.54328177401068 3.2545649507263 -0.55728242536594
8.93384832327277 2.6368992392969 -0.0016864018651643
8.30581391559802 2.0466069912671 0.566750355520027
7.65911410754308 1.47881094304857 1.13905471662789
6.99328630705444 0.928253136626539 1.70602110201383
6.30770610636999 0.389530811899898 2.25824756107368
5.60185366297674 -0.142670786211358 2.78617657515662
4.87559369449249 -0.673357332810282 3.28016193146055
4.12944826957548 -1.20702540433556 3.73058366355599
3.36483660242027 -1.74749311552183 4.12803502436959
2.58425188795457 -2.29776414631193 4.46362564700804
1.79133785424641 -2.85990077354336 4.72953611449651
0.990785314913923 -3.43482733358699 4.92023067305776
0.187804724498755 -4.02196623015833 5.0352246691365
-0.613451852439794 -4.61862939145051 5.08581770869057
-1.41159426832084 -5.2210564633936 5.09316770308805
-2.19488802479677 -5.83552094341123 4.99855019192781
-2.92838530160469 -6.46545183246949 4.74318711162033
-3.62198045350449 -7.10188608466079 4.4055219348702
-4.24414465445521 -7.74625576975601 3.96076404336303
-4.82671930962391 -8.39419258320513 3.47006227918789
-5.31788609100747 -9.04970911237369 2.89630345558905
-5.76809408542593 -9.70866696081974 2.29370910212015
-6.12482492113229 -10.3756709712884 1.63942913766956
-6.42551789085629 -11.0478146789852 0.962804014075815
-6.64082696641174 -11.7280444373514 0.262015908723607
-6.78521366843288 -12.4151557999814 -0.450045110130081
-6.85064460463553 -13.1097897997972 -1.16647841608129
-6.83911809453978 -13.8112603278589 -1.87919538576439
-6.74469057225958 -14.518959737813 -2.57938725782853
-6.57935500530166 -15.2305717528397 -3.2622982082269
-6.32944040178469 -15.9443349536 -3.9166844585983
-6.00506951546133 -16.6569702103094 -4.53873146588189
-5.60524069990399 -17.3648071194973 -5.1212052372056
-5.12727459292265 -18.0625391722934 -5.65485151713634
-4.58256928333631 -18.7465288285069 -6.14014893144405
-3.96349756039802 -19.4080741385255 -6.56354934626219
