-3.28787286840487 -20.046003896981 -6.93327365811379
-2.54450899098791 -20.6456526082473 -7.22967635220513
-1.76565384505498 -21.2195314409449 -7.48286014002557
-0.920570586579305 -21.7296387185753 -7.64339624484131
-0.0575742476316893 -22.2173525383315 -7.7752078995467
0.850010803622175 -22.6343791383712 -7.82523382997531
1.77278412380982 -23.01936179228 -7.84223112028689
2.72449108203905 -23.3206045106178 -7.78205029996436
3.68277524175102 -23.5941233475498 -7.69907537088247
4.65437079258749 -23.7781519973304 -7.54979694279378
5.6279334215972 -23.9313806109377 -7.38029053086727
6.60055811741169 -23.9893994312478 -7.15503680578588
7.57098559185934 -24.0196859165432 -6.91552769285138
8.52777670600296 -23.9537387606879 -6.63219463598565
9.47906456571723 -23.8608123971612 -6.33822374885368
10.4042733199373 -23.6693576600209 -6.01050671121383
11.3220428432511 -23.4550644209633 -5.67617305782551
12.2048704028731 -23.1497109148146 -5.31913846764903
13.0764986064663 -22.8193827681275 -4.95697010314086
13.9034803079718 -22.4022229404393 -4.57997868724686
14.720129563183 -21.9673391858176 -4.2005539963194
15.4867686185799 -21.4557372363546 -3.81251636916992
16.240197320401 -20.9260665465052 -3.42290161990047
16.9385974529775 -20.3286835269554 -3.02866082365745
17.6220336263971 -19.7148158853387 -2.63358120649255
18.252278797228 -19.0476244917729 -2.2364498788077
18.8613543813852 -18.3613861105226 -1.83880359216617
19.4150177161006 -17.6301178444986 -1.44032234158346
19.9447190185125 -16.8814748662963 -1.04163464172208
20.422910171349 -16.0990276583389 -0.642728225089384
20.8727380230311 -15.2999485589917 -0.243794182634222
21.2668326427828 -14.4718571323753 0.155067245684949
21.6277654944457 -13.6287984115691 0.55380438868699
21.941711717113 -12.7669842306589 0.952219023870785
22.2148248377478 -11.8911348985654 1.35019073432744
22.4363420585095 -11.000457063576 1.747285379033
22.6189354443222 -10.1005746358052 2.14340555519954
22.7493921731032 -9.19085093537317 2.53764333072243
22.840658655186 -8.27550400636925 2.92993609221458
22.8764077646003 -7.35474771235585 3.3184548272244
22.8732629575155 -6.43185266423129 3.70352355740219
22.8133271233394 -5.50822344521246 4.08210076806571
22.7242141861783 -4.58524351888838 4.4566352411834
22.565103396739 -3.66682657064051 4.81885020318984
22.3740612599801 -2.75180874215326 5.17416240268824
22.1209968076047 -1.84576900513654 5.51335485962595
21.8443891896027 -0.94394598881069 5.84547095751149
21.4914584375965 -0.0591162608252286 6.1496621110758
21.1151743161468 0.819497842414914 6.44377913085094
20.6689587096985 1.67631142705418 6.70217283910473
20.2057355299391 2.52705724156474 6.95059867725235
19.6706120099341 3.34822417439222 7.14893444086655
19.1056602952911 4.15494867300671 7.32228829937317
18.4829704120629 4.9288881659333 7.43750798753696
17.850547511138 5.69652206023932 7.54151385259755
17.1523242897199 6.41236610786174 7.54940068626721
16.4341460656178 7.10752274208968 7.51789945872761
15.6836717916786 7.75755611054469 7.39819651887425
14.9164721515286 8.3642887264741 7.19014742785032
14.1513714325551 8.9120591188298 6.85165380663936
13.3918932754724 9.44684158984568 6.4812476485219
12.7251062842677 9.94892548120958 5.93050266269347
12.0583192948993 10.4510093745836 5.37975767647433
11.3915323089239 10.9530932716718 4.82901268953323
10.7247453273818 11.4551771736129 4.27826770164886
10.0579583506382 11.9572610808066 3.7275227127435
9.3911713783279 12.4593449928532 3.17677772289487
8.72438440941064 12.961428908614 2.62603273232428
8.05759744232969 13.4635128263849 2.07528774136299
7.39955435406144 13.9757035938869 1.52334578067442
6.75546634665135 14.5097485924268 0.975667209659568
6.11138188271203 15.0437997595719 0.427990486824178
5.46730429986011 15.577862905364 -0.11968264699397
4.82323653594915 16.1119431435719 -0.667350659417663
4.17918095836129 16.6460445944734 -1.21501231556169
3.53513922641376 17.180170145408 -1.76266674980832
2.89111219487888 17.7143212830141 -2.3103135161535
2.24709986423528 18.2484980068915 -2.85795261418886
1.60310138055831 18.782698829693 -3.40558448919524
0.959115085074563 19.3169208636244 -3.9532100063264
0.315138610517264 19.8511599883114 -4.5008304003691
-0.328830981306607 20.385411090269 -5.04844720399018
-0.972797028730212 20.9196683600545 -5.59606215863878
-1.75785865637153 21.5266324159885 -5.71964604375103
-2.55958717096422 22.1190731105865 -5.79873461846485
-3.40827334550899 22.6440751764019 -5.73452131960802
-4.27612273268122 23.1212443705297 -5.59562957834258
-5.16195150156884 23.5193613603304 -5.35684064910519
-6.05383099533334 23.8470917799583 -5.04505783062194
-6.94410165176801 24.0929737625122 -4.66120698352724
-7.82395052916773 24.25153675494 -4.21274439890519
-8.68553727325713 24.32222186405 -3.70971423883012
-9.51978537076347 24.2991651375401 -3.15863186272296
-10.3213372941979 24.1879199269445 -2.57106355669521
-11.0801901212422 23.9814950750116 -1.95314638623421
-11.7908567181204 23.6844314848416 -1.31526794556782
-12.4472137996107 23.2990182301914 -0.666505353060349
-13.0415667938442 22.8257578396995 -0.0161792623343666
-13.5737207501314 22.2750071650411 0.626899306206062
-14.0353541644262 21.6467073057389 1.25321274504585
-14.4283595945465 20.9519526606496 1.8557391134788
-14.7430242031273 20.1909189177126 2.42311672066341
-14.9909242528874 19.3807252470614 2.9544222970907
-15.1510579295781 18.5156571074657 3.42999610393823
-15.2513794388616 17.6194264379494 3.86225885234764
-15.2570115533912 16.6842995549584 4.21676197086598
-15.2106560142442 15.7335911427009 4.52341301134147
-15.0683159050338 14.765754932861 4.73110724614103
-14.8850180986902 13.7958728994276 4.8916879585916
-14.590888954409 12.8401384913077 4.90631889017986
-14.2772276126989 11.8907066915723 4.89152265067273
-13.8126309943613 11.0548847162062 4.59893055065874
-13.3480343760238 10.2190627408402 4.30633845064475
-12.8772033643311 9.39148173594992 4.00067852470839
-12.364853779965 8.6249199806513 3.61352203056424
-11.8525041955989 7.85835822535271 3.22636553642008
-11.3309273498128 7.10566497983925 2.82460613216669
-10.7870335063901 6.3841887813965 2.39603439128518
-10.2431396629673 5.66271258295376 1.96746265040367
-9.69142525810736 4.95077567997767 1.53299874468637
-9.12857254857313 4.25115444395055 1.09285384699564
-8.55876495222687 3.55828706270765 0.650977764981587
-7.97807108601533 2.87435331017601 0.209347808804604
-7.3890372035675 2.19567898592186 -0.229333525660526
-6.7907170834687 1.521213761597 -0.661897368631751
-6.18477541791155 0.848817931193004 -1.08701499001235
-5.56986322411707 0.177066751374916 -1.50009451118242
-4.95017983273109 -0.495130482991469 -1.9052532681978
-4.32103553523549 -1.17045582955844 -2.29010804835605
-3.68486119335703 -1.85032714407403 -2.65487815876075
-3.04825323805949 -2.53053542751234 -3.01826107785399
-2.39935746038952 -3.22732428493238 -3.32391165102266
-1.74680944667186 -3.9330916719946 -3.59997368480868
-1.0942614329542 -4.63885905905682 -3.8760357185947
-0.441713419236543 -5.34462644611905 -4.1520977523807
0.168269300412675 -6.13405052540764 -4.08301434259855
0.728898372641225 -6.93886726347345 -3.88793588370717
1.23269362618019 -7.74972628448542 -3.58970649373866
1.6731146887885 -8.56062852908042 -3.20409445408363
2.04644753547521 -9.3674104651574 -2.74600501186008
2.34629411535901 -10.166723573118 -2.22521941048322
2.57533477908399 -10.9568798270268 -1.65659787885528
2.71475042363623 -11.7334265376201 -1.04210850949053
2.79054865886995 -12.499149697565 -0.403319333641392
2.76344098855605 -13.245540692684 0.261958596312588
2.66724306435948 -13.9775119059233 0.936513488236424
2.48107710508277 -14.6887623435002 1.61445900828943
2.21648918830359 -15.3797981027786 2.28726406905733
1.86268995142316 -16.0448051223069 2.9452083382013
1.43369407997967 -16.6846479320743 3.58294614270277
0.920931030964728 -17.2920928101873 4.1896840632417
0.3417483595612 -17.8697513223147 4.7650142480702
-0.31986959244932 -18.4036782271843 5.29164919862123
-1.03518216171439 -18.9038602289236 5.77977060199065
-1.82475533532786 -19.3478354561828 6.20352496416103
-2.65351976617542 -19.7559141343051 6.58647794819444
-3.54346752792465 -20.0946387906583 6.89205815248935
-4.45853367033204 -20.3974477502671 7.15848348357104
-5.41639409751897 -20.6202769941639 7.34020509319146
-6.38769511626438 -20.808241205032 7.48617229721866
-7.38093978925235 -20.9087337411972 7.54554081119499
-8.37827747575133 -20.976251274154 7.57352129142321
-9.37677858864395 -20.955835462354 7.52096132413459
-10.3718982689833 -20.9012149542158 7.4384590493891
-11.3490018751447 -20.7572725128498 7.28122194781756
-12.3166375109124 -20.5822935790083 7.09934335795954
-13.2503518855416 -20.3222215596207 6.85313007030823
-14.17064343001 -20.0349660851533 6.58749416081281
-15.0389370764801 -19.6598395100555 6.26270441503829
-15.8914528285218 -19.2619867530094 5.92367483885579
-16.6880220105966 -18.7927240890985 5.5424537953966
-17.463233768298 -18.2993050037929 5.14798574711854
-18.1619062753711 -17.7295346657244 4.71521661283331
-18.8453887587901 -17.1462313909469 4.27633542501466
-19.4644697680513 -16.5102985385795 3.81550881993973
-20.0503565166593 -15.8499682067459 3.34571494861662
-20.5627972397393 -15.1412466282175 2.8607368979404
-21.0513720165918 -14.4183551086638 2.37212522449136
-21.4662879317944 -13.6558594641912 1.87559747978898
-21.8527197458868 -12.8796944622987 1.3773447039666
-22.1677419389982 -12.0728114651288 0.877585902262921
-22.4533900248776 -11.2547513091446 0.378388743643969
-22.6674132839147 -10.4127045986793 -0.116786898594158
-22.8515741031179 -9.56201546989996 -0.609149352767759
-22.96922756388 -8.69474324026376 -1.09297166725548
-23.0502596653669 -7.81993808609636 -1.57066986098174
-23.0706863482533 -6.93500906998702 -2.03604568297257
-23.0501033508242 -6.04492543474718 -2.49141687100628
-22.9755045676948 -5.15003465109893 -2.9315393751244
-22.8543892850454 -4.25289021995795 -3.35642781625796
-22.683668732776 -3.35524032854764 -3.76280731273447
-22.4660194365068 -2.45898674776097 -4.14930366439855
-22.203400984208 -1.56580681590988 -4.51443252329582
-21.8902524854398 -0.678286084058237 -4.85243968421355
-21.5466447514825 0.20469422500577 -5.1724865437037
-21.1417199041308 1.07545341634782 -5.45148522287784
-20.707755012718 1.93892368967961 -5.70860389912576
-20.2242466500139 2.78736064867395 -5.92401428475985
-19.70499610194 3.62257081715935 -6.10517111246809
-19.1449559322355 4.43971334039077 -6.24182161082333
-18.5484104995924 5.2372282394066 -6.33211754545947
-17.9148552282445 6.0101808628149 -6.36625466407113
-17.2491323292892 6.75591080521486 -6.33957716662108
-16.5497284187263 7.46114393649084 -6.22337497669339
-15.829416844593 8.11512066084621 -5.99214648851915
-15.1203154386899 8.67999093112436 -5.56279923666838
-14.4112095237451 9.24480816395364 -5.13338933441235
-13.7020946615193 9.80952024363306 -4.70385526971168
-12.9929665545592 10.374076881255 -4.27413778324068
-12.2838211145388 10.9384304866886 -3.84418093542152
-11.5746545281185 11.5025369918193 -3.41393310426083
-10.8654633194686 12.0663566103542 -2.98334789413854
-10.1562444085802 12.6298545207914 -2.552384938263
-9.44699516446694 13.1930014606917 -2.12101058048347
-8.73771345234834 13.7557742221544 -1.68919842541161
-8.0283976738976 14.3181560403348 -1.25692974920919
-7.31904679965128 14.880136868899 -0.824193766812603
-6.60966039271392 15.4417135384465 -0.390987754657303
-5.90023862295851 16.0028897960872 0.0426829689759287
-5.1907822710285 16.5636762264859 0.47680520113762
-4.48129272159379 17.1240900567464 0.911358141712444
-3.77177194550285 17.6841548494526 1.34631380213984
-3.06222247070504 18.2439000899819 1.7816375247725
-2.35264734208558 18.8033606758434 2.21728860124478
-1.64305007065151 19.3625763172348 2.65322097755809
-0.93343457281843 19.921590859268 3.08938403325032
-0.223805100858883 20.480451537367 3.52572342192861
0.4858338341314 21.0392081782039 3.96218196053165
1.19547754513225 21.5979123592134 4.39870055487118
2.06748763498189 22.0847006406284 4.45006427443319
2.95123112881572 22.552464185769 4.46684293733809
3.87545739068773 22.9106088526075 4.33400240610092
4.80929414533151 23.2134491942666 4.14278674098284
5.74777041931587 23.4097880847201 3.85838085144887
6.68059297185864 23.529450053944 3.51845484474399
7.59664979371016 23.5499258117196 3.11777381407848
8.48942445034093 23.4817340127113 2.67211923620599
9.34539146715737 23.3100345763129 2.1842735942054
10.1647134589189 23.055688971689 1.67024949571925
10.9282905058769 22.6970777154991 1.13282852712781
11.6396185119293 22.2563915406643 0.58526919600558
12.287257031645 21.729012227793 0.0352679044732557
12.8679704760522 21.1228386875226 -0.508189019393351
13.3777429279853 20.4439703309072 -1.03671283131384
13.8134115313072 19.6991116573142 -1.54226812328385
14.1699964348542 18.8937016987401 -2.01593336955967
14.4512609597358 18.0391796000633 -2.45278342041708
14.6490313341654 17.139378919508 -2.84181764639362
14.7737124375859 16.2076525257456 -3.18302444650901
14.812099449991 15.2475657388919 -3.46038306184758
14.7798907986695 14.272295601432 -3.67905849828048
14.6664177000862 13.2890996890199 -3.82241606887836
14.4847874812672 12.3083840796074 -3.89509384437243
14.2209790514522 11.3440666172386 -3.87167799441814
13.9051124444275 10.3997049821861 -3.77988005037777
13.4743932915953 9.53717303833798 -3.51431814092087
13.0436741387631 8.67464109448992 -3.24875623146396
12.560296187888 7.87204163559517 -2.89917674146374
12.0696724590549 7.07872764793099 -2.53870301404931
11.5323449271312 6.34845186478986 -2.11677929982367
10.9950173952075 5.61817608164874 -1.69485558559802
10.4444079188541 4.90589574144701 -1.25954954845014
9.86204708964435 4.23478755766573 -0.800773318808015
9.27553274449226 3.56864803653892 -0.340057477168831
8.67157836082386 2.92271284253382 0.126855244240092
8.04811381318041 2.29713156173231 0.595838444082346
7.41067177830252 1.68447208133316 1.06308258505831
6.75395098443535 1.08717649677611 1.52349037688238
6.08048883459133 0.500662508190964 1.97344000133538
5.39043993039783 -0.0773812647540118 2.40900249387086
4.68338346181285 -0.6490447862567 2.82526928963642
3.96172204501088 -1.21700291646089 3.22104645707361
3.22287853694554 -1.78277594816537 3.58712753174674
2.45564077941839 -2.34998921989721 3.8865227859592
1.68840302189124 -2.91720249162904 4.18591804017165
0.921165264364092 -3.48441576336088 4.4853132943841
0.153927506836939 -4.05162903509272 4.78470854859653
-0.613310250690214 -4.61884230682458 5.08410380280894
-1.41159426832084 -5.2210564633936 5.09316770308805
-2.19488802479677 -5.83552094341123 4.99855019192781
-2.92838530160469 -6.46545183246949 4.74318711162033
-3.62198045350449 -7.10188608466079 4.4055219348702
-4.24414465445521 -7.74625576975601 3.96076404336303
-4.82671930962391 -8.39419258320513 3.47006227918789
-5.31788609100747 -9.04970911237369 2.89630345558905
-5.76809408542593 -9.70866696081974 2.29370910212015
-6.12482492113229 -10.3756709712884 1.63942913766956
-6.42551789085629 -11.0478146789852 0.962804014075815
-6.64082696641174 -11.7280444373514 0.262015908723607
-6.78521366843288 -12.4151557999814 -0.450045110130081
-6.85064460463553 -13.1097897997972 -1.16647841608129
-6.83911809453978 -13.8112603278589 -1.87919538576439
-6.74469057225958 -14.518959737813 -2.57938725782853
-6.57935500530166 -15.2305717528397 -3.2622982082269
-6.32944040178469 -15.9443349536 -3.9166844585983
-6.00506951546133 -16.6569702103094 -4.53873146588189
-5.60524069990399 -17.3648071194973 -5.1212052372056
-5.12727459292265 -18.0625391722934 -5.65485151713634
-4.58256928333631 -18.7465288285069 -6.14014893144405
-3.96349756039802 -19.4080741385255 -6.56354934626219
