Component 1 of 1:
-29.910702 -12.916892 5.368656
-29.944027 -13.758870 4.714684
-29.921768 -14.589083 4.045382
-29.844149 -15.405265 3.363082
-29.711538 -16.205208 2.670109
-29.524433 -16.986761 1.968773
-29.283472 -17.747835 1.261377
-28.989414 -18.486399 0.550211
-28.643147 -19.200485 -0.162446
-28.245678 -19.888195 -0.874326
-27.798136 -20.547699 -1.583170
-27.301764 -21.177235 -2.286731
-26.757925 -21.775118 -2.982775
-26.168097 -22.339735 -3.669075
-25.533865 -22.869558 -4.343419
-24.856936 -23.363142 -5.003603
-24.139120 -23.819124 -5.647440
-23.382349 -24.236240 -6.272753
-22.588659 -24.613321 -6.877381
-21.760206 -24.949301 -7.459181
-20.899254 -25.243229 -8.016029
-20.008181 -25.494265 -8.545827
-19.089481 -25.701706 -9.046505
-18.145761 -25.864983 -9.516031
-17.179739 -25.983673 -9.952419
-16.194237 -26.057522 -10.353741
-15.192185 -26.086437 -10.718135
-14.176607 -26.070518 -11.043830
-13.150612 -26.010059 -11.329153
-12.117381 -25.905556 -11.572555
-11.080151 -25.757721 -11.772623
-10.042191 -25.567488 -11.928115
-9.006781 -25.336010 -12.037967
-7.977180 -25.064663 -12.101320
-6.956601 -24.755043 -12.117544
-5.948167 -24.408945 -12.086248
-4.954884 -24.028358 -12.007299
-3.979599 -23.615440 -11.880832
-3.024967 -23.172485 -11.707253
-2.093413 -22.701906 -11.487244
-1.187102 -22.206184 -11.221760
-0.307911 -21.687841 -10.912016
0.542593 -21.149389 -10.559471
1.363170 -20.593300 -10.165817
2.152915 -20.021944 -9.732946
2.911260 -19.437572 -9.262935
3.637969 -18.842257 -8.758006
4.333125 -18.237867 -8.220510
4.997106 -17.626038 -7.652888
5.630565 -17.008141 -7.057654
6.234391 -16.385263 -6.437363
6.809680 -15.758204 -5.794593
7.357689 -15.127449 -5.131927
7.879797 -14.493188 -4.451937
8.377458 -13.855304 -3.757180
8.852160 -13.213393 -3.050186
9.305383 -12.566777 -2.333459
9.738548 -11.914524 -1.609483
10.152988 -11.255477 -0.880718
10.549903 -10.588283 -0.149617
10.930331 -9.911429 0.581372
11.295118 -9.223289 1.309793
11.644896 -8.522155 2.033173
11.980058 -7.806291 2.749013
12.300758 -7.073979 3.454782
12.606894 -6.323570 4.147909
12.898109 -5.553533 4.825783
13.173801 -4.762499 5.485754
13.433129 -3.949318 6.125140
13.675028 -3.113095 6.741236
13.898234 -2.253235 7.331329
14.101308 -1.369479 7.892717
14.282665 -0.461930 8.422735
14.440612 0.468920 8.918777
14.573379 1.422178 9.378334
14.679161 2.396544 9.799018
14.756160 3.390312 10.178598
14.802620 4.401384 10.515039
14.816872 5.427288 10.806520
14.797363 6.465213 11.051475
14.742698 7.512040 11.248606
14.651662 8.564387 11.396910
14.523249 9.618659 11.495688
14.356680 10.671095 11.544556
14.151416 11.717819 11.543439
13.907163 12.754897 11.492573
13.623879 13.778382 11.392490
13.301770 14.784361 11.244006
12.941278 15.768995 11.048197
12.543077 16.728559 10.806379
12.108052 17.659470 10.520087
11.637288 18.558310 10.191042
11.132050 19.421850 9.821130
10.593764 20.247061 9.412378
10.024004 21.031120 8.966929
9.424466 21.771416 8.487019
8.796960 22.465551 7.974960
8.143388 23.111341 7.433124
7.465732 23.706808 6.863924
6.766044 24.250172 6.269807
6.046431 24.739851 5.653243
5.309049 25.174450 5.016716
4.556092 25.552757 4.362719
3.789784 25.873737 3.693753
3.012376 26.136518 3.012319
2.226140 26.340399 2.320920
1.433361 26.484837 1.622060
0.636337 26.569448 0.918243
-0.162628 26.594002 0.211973
-0.961225 26.558424 -0.494244
-1.757145 26.462791 -1.197899
-2.548083 26.307341 -1.896484
-3.331738 26.092459 -2.587481
-4.105824 25.818697 -3.268375
-4.868065 25.486767 -3.936644
-5.616210 25.097548 -4.589763
-6.348030 24.652094 -5.225207
-7.061329 24.151638 -5.840455
-7.753953 23.597599 -6.432991
-8.423797 22.991592 -7.000313
-9.068812 22.335432 -7.539943
-9.687026 21.631138 -8.049432
-10.276549 20.880949 -8.526379
-10.835593 20.087317 -8.968444
-11.362486 19.252914 -9.373367
-11.855691 18.380632 -9.738989
-12.313825 17.473572 -10.063273
-12.735676 16.535032 -10.344335
-13.120222 15.568507 -10.580461
-13.466655 14.577645 -10.770141
-13.774384 13.566236 -10.912094
-14.043061 12.538174 -11.005290
-14.272586 11.497412 -11.048973
-14.463110 10.447924 -11.042685
-14.615043 9.393656 -10.986269
-14.729041 8.338470 -10.879890
-14.806004 7.286095 -10.724034
-14.847054 6.240071 -10.519499
-14.853513 5.203703 -10.267391
-14.826880 4.180009 -9.969110
-14.768799 3.171682 -9.626323
-14.681015 2.181055 -9.240940
-14.565345 1.210074 -8.815084
-14.423633 0.260283 -8.351063
-14.257709 -0.667188 -7.851328
-14.069351 -1.571618 -7.318448
-13.860246 -2.452687 -6.755072
-13.631948 -3.310457 -6.163904
-13.385855 -4.145344 -5.547673
-13.123173 -4.958086 -4.909115
-12.844893 -5.749708 -4.250950
-12.551776 -6.521469 -3.575875
-12.244331 -7.274827 -2.886549
-11.922816 -8.011381 -2.185593
-11.587229 -8.732827 -1.475588
-11.237311 -9.440903 -0.759077
-10.872563 -10.137341 -0.038573
-10.492249 -10.823823 0.683435
-10.095427 -11.501929 1.404473
-9.680968 -12.173100 2.122075
-9.247592 -12.838594 2.833769
-8.793899 -13.499461 3.537072
-8.318409 -14.156502 4.229487
-7.819602 -14.810254 4.908495
-7.295966 -15.460965 5.571558
-6.746033 -16.108582 6.216122
-6.168432 -16.752743 6.839622
-5.561924 -17.392778 7.439500
-4.925454 -18.027708 8.013213
-4.258178 -18.656261 8.558256
-3.559509 -19.276888 9.072186
-2.829139 -19.887779 9.552642
-2.067068 -20.486906 9.997379
-1.273618 -21.072042 10.404292
-0.449446 -21.640810 10.771441
0.404452 -22.190716 11.097081
1.286749 -22.719194 11.379685
2.195797 -23.223654 11.617964
3.129644 -23.701521 11.810880
4.086063 -24.150276 11.957662
5.062575 -24.567493 12.057808
6.056488 -24.950884 12.111090
7.064929 -25.298311 12.117544
8.084881 -25.607826 12.077466
9.113221 -25.877680 11.991395
10.146755 -26.106344 11.860100
11.182249 -26.292511 11.684556
12.216461 -26.435102 11.465930
13.246165 -26.533266 11.205553
14.268179 -26.586370 10.904904
15.279379 -26.594002 10.565585
16.276716 -26.555946 10.189302
17.257231 -26.472183 9.777851
18.218056 -26.342878 9.333097
19.156433 -26.168358 8.856961
20.069702 -25.949112 8.351414
20.955317 -25.685768 7.818459
21.810841 -25.379093 7.260130
22.633947 -25.029978 6.678482
23.422417 -24.639425 6.075588
24.174143 -24.208546 5.453537
24.887125 -23.738556 4.814431
25.559475 -23.230761 4.160380
26.189411 -22.686560 3.493509
26.775261 -22.107437 2.815948
27.315460 -21.494959 2.129839
27.808558 -20.850769 1.437335
28.253212 -20.176586 0.740593
28.648197 -19.474203 0.041784
28.992401 -18.745481 -0.656915
29.284830 -17.992352 -1.353315
29.524607 -17.216808 -2.045221
29.710976 -16.420908 -2.730425
29.843313 -15.606770 -3.406713
29.921118 -14.776571 -4.071857
29.944027 -13.932545 -4.723624
29.911812 -13.076981 -5.359767
29.824396 -12.212218 -5.978035
29.681852 -11.340649 -6.576167
29.484421 -10.464707 -7.151899
29.232510 -9.586876 -7.702968
28.926716 -8.709672 -8.227115
28.567825 -7.835643 -8.722094
28.156839 -6.967364 -9.185686
27.694975 -6.107419 -9.615704
27.183678 -5.258396 -10.010015
26.624641 -4.422869 -10.366555
26.019802 -3.603381 -10.683349
25.371349 -2.802423 -10.958536
24.681728 -2.022414 -11.190395
23.953625 -1.265672 -11.377366
23.189968 -0.534391 -11.518085
22.393900 0.169389 -11.611403
21.568756 0.843811 -11.656416
20.718037 1.487226 -11.652487
19.845362 2.098220 -11.599263
18.954428 2.675637 -11.496693
18.048965 3.218601 -11.345032
17.132669 3.726521 -11.144851
16.209160 4.199111 -10.897026
15.281912 4.636381 -10.602734
14.354207 5.038637 -10.263433
13.429078 5.406467 -9.880839
12.509260 5.740722 -9.456908
11.597155 6.042490 -8.993797
10.694788 6.313065 -8.493834
9.803793 6.553908 -7.959487
8.925388 6.766613 -7.393333
8.060374 6.952863 -6.798021
7.209131 7.114383 -6.176250
6.371631 7.252901 -5.530744
5.547459 7.370102 -4.864225
4.735831 7.467592 -4.179408
3.935634 7.546852 -3.478982
3.145455 7.609207 -2.765607
2.363627 7.655795 -2.041912
1.588275 7.687538 -1.310496
0.817361 7.705122 -0.573934
0.048739 7.708978 0.165215
-0.719795 7.699274 0.904401
-1.490452 7.675913 1.641070
-2.265392 7.638532 2.372656
-3.046672 7.586513 3.096572
-3.836200 7.518998 3.810198
-4.635677 7.434913 4.510883
-5.446560 7.332987 5.195936
-6.270010 7.211792 5.862632
-7.106861 7.069772 6.508218
-7.957582 6.905282 7.129922
-8.822256 6.716630 7.724972
-9.700553 6.502120 8.290612
-10.591724 6.260094 8.824131
-11.494595 5.988976 9.322890
-12.407572 5.687316 9.784354
-13.328659 5.353827 10.206127
-14.255481 4.987421 10.585985
-15.185315 4.587245 10.921908
-16.115131 4.152703 11.212116
-17.041643 3.683480 11.455093
-17.961359 3.179549 11.649613
-18.870632 2.641185 11.794755
-19.765732 2.068959 11.889915
-20.642887 1.463733 11.934814
-21.498352 0.826643 11.929489
-22.328451 0.159088 11.874292
-23.129629 -0.537303 11.769868
-23.898489 -1.260687 11.617144
-24.631830 -2.009040 11.417296
-25.326666 -2.780185 11.171734
-25.980249 -3.571817 10.882066
-26.590084 -4.381535 10.550073
-27.153929 -5.206861 10.177681
-27.669800 -6.045266 9.766939
-28.135963 -6.894194 9.319987
-28.550934 -7.751070 8.839043
-28.913460 -8.613328 8.326374
-29.222519 -9.478411 7.784291
-29.477293 -10.343786 7.215127
-29.677170 -11.206958 6.621230
-29.821722 -12.065465 6.004955
