Component 1 of 1:
-29.993031 -12.915051 5.360780
-29.975576 -13.760544 4.699136
-29.856038 -14.584092 4.019935
-29.722140 -15.400762 3.343411
-29.627567 -16.225823 2.667973
-29.534748 -17.030610 1.964669
-29.354826 -17.809122 1.256253
-29.017982 -18.536490 0.535984
-28.587566 -19.194027 -0.188673
-28.130360 -19.842715 -0.908666
-27.707074 -20.518222 -1.610515
-27.276981 -21.194445 -2.321207
-26.795096 -21.847140 -3.024126
-26.197581 -22.426408 -3.705731
-25.503713 -22.908191 -4.366267
-24.772899 -23.362520 -5.010351
-24.044567 -23.805335 -5.660791
-23.313478 -24.264283 -6.297255
-22.565902 -24.692889 -6.918495
-21.745266 -25.058480 -7.507691
-20.849870 -25.310753 -8.050522
-19.902875 -25.503738 -8.522638
-18.966505 -25.684277 -8.995461
-18.051229 -25.903136 -9.503096
-17.119150 -26.085431 -9.991908
-16.142201 -26.189387 -10.427293
-15.124222 -26.169780 -10.763992
-14.098646 -26.089258 -11.037360
-13.062055 -25.998572 -11.317870
-12.023658 -25.933939 -11.592373
-10.979355 -25.846566 -11.853261
-9.940438 -25.698510 -12.050929
-8.896763 -25.460362 -12.136216
-7.869828 -25.128309 -12.144960
-6.859286 -24.769616 -12.130663
-5.852533 -24.424858 -12.112581
-4.829501 -24.105233 -12.141231
-3.812962 -23.743773 -12.138719
-2.837608 -23.323147 -11.977607
-1.921036 -22.826008 -11.715398
-1.075001 -22.278871 -11.381962
-0.224710 -21.697092 -11.054825
0.650959 -21.150281 -10.761407
1.532543 -20.603216 -10.467470
2.362394 -20.047549 -10.081941
3.104466 -19.431210 -9.594666
3.727681 -18.777381 -9.037880
4.329740 -18.129365 -8.442860
4.983931 -17.491835 -7.886584
5.648970 -16.851951 -7.328370
6.295635 -16.240635 -6.736605
6.866381 -15.595319 -6.101648
7.348464 -14.946659 -5.399984
7.782103 -14.285812 -4.671568
8.205496 -13.643307 -3.929400
8.646848 -13.017150 -3.196727
9.101578 -12.361200 -2.480018
9.518319 -11.698540 -1.766825
9.903702 -11.029269 -1.025556
10.252022 -10.373339 -0.253075
10.589976 -9.726161 0.531152
10.932347 -9.092439 1.325877
11.284482 -8.467507 2.117556
11.646431 -7.809174 2.875723
12.009895 -7.096547 3.600429
12.337985 -6.332329 4.274064
12.647680 -5.536854 4.913726
12.945859 -4.768922 5.601494
13.266691 -4.013829 6.302213
13.577079 -3.269204 7.003253
13.846366 -2.447970 7.635122
14.068261 -1.546078 8.181241
14.221997 -0.583965 8.628539
14.366712 0.386382 9.057483
14.518692 1.339756 9.526980
14.728029 2.267233 10.020183
14.896006 3.232940 10.464083
14.967223 4.260412 10.774388
14.920103 5.305684 10.980346
14.809733 6.363957 11.095684
14.736673 7.418099 11.230715
14.725537 8.476026 11.414659
14.690455 9.540887 11.570899
14.578700 10.604127 11.630963
14.328684 11.652987 11.576792
14.002814 12.669537 11.467758
13.669913 13.671340 11.314821
13.346672 14.685773 11.182986
13.046466 15.700138 11.036617
12.684649 16.692329 10.830323
12.223434 17.617185 10.550194
11.690911 18.464794 10.153771
11.139322 19.271098 9.712113
10.604622 20.091191 9.279140
10.090460 20.939319 8.877889
9.551827 21.770096 8.466693
8.932995 22.496470 7.965437
8.249358 23.079323 7.386565
7.519679 23.567589 6.766315
6.778044 24.053764 6.156460
6.078310 24.596883 5.560805
5.377002 25.160614 4.977280
4.627178 25.617719 4.364477
3.835592 25.900028 3.696546
3.036596 26.040332 2.996115
2.251883 26.168370 2.274037
1.448795 26.336891 1.574975
0.648360 26.534342 0.885220
-0.150141 26.663802 0.182844
-0.941058 26.601570 -0.538442
-1.736793 26.420642 -1.238447
-2.519985 26.167920 -1.925131
-3.314423 25.910961 -2.594084
-4.105667 25.710694 -3.291663
-4.877347 25.464874 -3.997788
-5.644854 25.127650 -4.668001
-6.376014 24.638137 -5.266107
-7.056808 24.038230 -5.847628
-7.723314 23.424161 -6.405963
-8.408857 22.851150 -6.995449
-9.106400 22.287504 -7.588737
-9.772173 21.640024 -8.121857
-10.351241 20.861737 -8.594256
-10.861257 19.990377 -8.964226
-11.350116 19.105576 -9.303156
-11.860476 18.239441 -9.671201
-12.375336 17.387164 -10.080885
-12.830566 16.496980 -10.455250
-13.234258 15.517474 -10.687476
-13.538888 14.502956 -10.818499
-13.793065 13.460900 -10.904077
-14.043419 12.425485 -10.993218
-14.324214 11.389141 -11.130804
-14.583268 10.360551 -11.239304
-14.780011 9.299629 -11.228452
-14.876349 8.248819 -11.092576
-14.878474 7.202942 -10.856906
-14.855396 6.153109 -10.641904
-14.860520 5.106034 -10.460841
-14.871412 4.041566 -10.273384
-14.843428 3.004008 -10.011314
-14.722576 2.015066 -9.613065
-14.539410 1.081571 -9.108180
-14.320354 0.171320 -8.582793
-14.099756 -0.750722 -8.083368
-13.912315 -1.691141 -7.623445
-13.713306 -2.626213 -7.118279
-13.475693 -3.475369 -6.522560
-13.186367 -4.250335 -5.841572
-12.839387 -4.964208 -5.114813
-12.507404 -5.698800 -4.408656
-12.176439 -6.433350 -3.712274
-11.843323 -7.187948 -3.040573
-11.518752 -7.930612 -2.340470
-11.186510 -8.664424 -1.623330
-10.854568 -9.341270 -0.874133
-10.503710 -9.984181 -0.087603
-10.149346 -10.630539 0.680605
-9.803372 -11.289157 1.452485
-9.453562 -11.945650 2.219784
-9.038862 -12.602415 2.948001
-8.596331 -13.284945 3.644368
-8.113139 -13.955078 4.328753
-7.631696 -14.614048 5.023190
-7.159715 -15.264326 5.734677
-6.710378 -15.941001 6.422799
-6.219468 -16.594284 7.114865
-5.640477 -17.256689 7.727521
-4.973335 -17.906743 8.268245
-4.273350 -18.572038 8.727208
-3.578147 -19.216143 9.219792
-2.908474 -19.863541 9.746159
-2.224409 -20.527628 10.250087
-1.457241 -21.142297 10.677358
-0.589913 -21.688147 11.002020
0.319705 -22.220746 11.201224
1.229463 -22.749943 11.408000
2.126509 -23.286293 11.652558
3.021430 -23.820419 11.885885
3.956557 -24.306258 12.080550
4.948389 -24.707294 12.144960
5.976454 -25.013831 12.116423
7.004622 -25.299843 12.041592
8.033892 -25.604403 12.002822
9.055770 -25.937672 11.962728
10.081705 -26.222571 11.891696
11.117718 -26.424422 11.689276
12.149087 -26.491344 11.404851
13.174851 -26.513602 11.085641
14.199218 -26.551408 10.773321
15.228733 -26.625283 10.475861
16.253369 -26.663802 10.166648
17.255514 -26.592732 9.788730
18.214256 -26.417090 9.331126
19.114881 -26.179672 8.818384
19.997179 -25.919502 8.280089
20.906203 -25.680133 7.754219
21.805465 -25.430171 7.232526
22.674596 -25.109199 6.673655
23.446840 -24.714498 6.042883
24.151583 -24.243089 5.396372
24.824031 -23.721986 4.746733
25.515109 -23.217555 4.108566
26.210342 -22.718899 3.467344
26.850957 -22.183430 2.794995
27.387486 -21.569305 2.104086
27.824275 -20.873676 1.409859
28.206640 -20.161746 0.706093
28.585652 -19.456787 -0.013482
29.003206 -18.746928 -0.699344
29.385287 -18.016408 -1.384274
29.624742 -17.232413 -2.080454
29.708231 -16.398786 -2.753837
29.740822 -15.572541 -3.426583
29.826416 -14.738058 -4.092585
29.941570 -13.900582 -4.757529
29.993031 -13.054510 -5.415466
29.928829 -12.192765 -6.052302
29.727361 -11.314119 -6.634050
29.433343 -10.433569 -7.160809
29.120528 -9.535677 -7.657157
28.851816 -8.643003 -8.200582
28.591693 -7.774337 -8.764751
28.242997 -6.901575 -9.289303
27.736214 -6.042815 -9.685036
27.134305 -5.213638 -9.993916
26.525164 -4.387433 -10.296659
25.936262 -3.543661 -10.622768
25.369925 -2.702772 -10.982696
24.743365 -1.897955 -11.298429
24.017334 -1.137437 -11.492676
23.204599 -0.435318 -11.588396
22.367880 0.235406 -11.609725
21.521467 0.889104 -11.653157
20.689906 1.556909 -11.737860
19.860155 2.247088 -11.772486
18.984953 2.865058 -11.699975
18.066780 3.388125 -11.511691
17.122748 3.844719 -11.263906
16.176003 4.271654 -11.009433
15.226865 4.713595 -10.781507
14.291225 5.173940 -10.530468
13.345459 5.565888 -10.219472
12.418435 5.870435 -9.788458
11.498040 6.094057 -9.283405
10.592978 6.266385 -8.736022
9.676664 6.436072 -8.200710
8.771693 6.661193 -7.677494
7.868363 6.850070 -7.133710
7.015059 7.006425 -6.510040
6.193671 7.074753 -5.829229
5.387635 7.068811 -5.116477
4.616982 7.108935 -4.383597
3.831477 7.144128 -3.658877
3.047361 7.199604 -2.927506
2.260905 7.221873 -2.205976
1.495611 7.220902 -1.463844
0.755733 7.220349 -0.689364
0.044943 7.225224 0.102676
-0.666314 7.241265 0.901562
-1.388122 7.252948 1.692589
-2.126995 7.234389 2.464274
-2.885242 7.172793 3.219112
-3.684948 7.113683 3.914863
-4.498183 7.065371 4.605627
-5.307114 7.016437 5.312749
-6.087742 6.987017 6.045023
-6.872095 6.973517 6.773894
-7.698983 6.868018 7.448913
-8.583597 6.694125 8.027487
-9.523009 6.460344 8.497776
-10.457686 6.200479 8.955906
-11.377661 5.957042 9.447669
-12.290328 5.739108 9.974085
-13.214974 5.483011 10.459167
-14.156199 5.156314 10.845084
-15.094684 4.726084 11.136303
-16.047951 4.251912 11.317582
-16.976627 3.758429 11.481524
-17.909612 3.273314 11.685251
-18.840468 2.777262 11.879947
-19.759181 2.220668 12.014809
-20.624970 1.593760 12.007976
-21.449622 0.917392 11.912137
-22.244327 0.212663 11.769956
-23.065388 -0.472845 11.658542
-23.886157 -1.150632 11.582702
-24.667876 -1.877097 11.452432
-25.335216 -2.680512 11.198414
-25.908960 -3.507822 10.844976
-26.455965 -4.336527 10.436830
-27.024237 -5.148854 10.036993
-27.620933 -5.971232 9.663881
-28.166284 -6.810359 9.259230
-28.590037 -7.676664 8.805082
-28.891367 -8.567306 8.276810
-29.102118 -9.437580 7.701519
-29.348235 -10.291786 7.099965
-29.628964 -11.156061 6.529524
-29.859348 -12.041390 5.972686
