1 5.03206e-07 
2 5.03537e-07 
3 5.039e-07 
4 5.04304e-07 
5 5.04755e-07 
6 5.05264e-07 
7 5.05843e-07 
8 5.0651e-07 
9 5.07283e-07 
10 5.08184e-07 
11 5.09236e-07 
12 5.10454e-07 
13 5.11841e-07 
14 5.12655e-07 
15 5.14474e-07 
16 5.1633e-07 
17 5.18214e-07 
18 5.20122e-07 
19 5.22053e-07 
20 5.24005e-07 
21 5.25977e-07 
22 5.27968e-07 
23 5.29977e-07 
24 5.31519e-07 
25 5.3288e-07 
26 5.34249e-07 
27 5.35625e-07 
28 5.37011e-07 
29 5.38404e-07 
30 5.39805e-07 
31 5.41211e-07 
32 5.42625e-07 
33 5.44044e-07 
34 5.45358e-07 
35 5.4667e-07 
36 5.47981e-07 
37 5.49292e-07 
38 5.50606e-07 
39 5.51923e-07 
40 5.53244e-07 
41 5.54569e-07 
42 5.559e-07 
43 5.57237e-07 
44 5.58579e-07 
45 5.59928e-07 
46 5.61283e-07 
47 5.62645e-07 
48 5.64015e-07 
49 5.64713e-07 
50 5.66085e-07 
51 5.67466e-07 
52 5.68854e-07 
53 5.7025e-07 
54 5.71654e-07 
55 5.73066e-07 
56 5.74485e-07 
57 5.75911e-07 
58 5.77344e-07 
59 5.78785e-07 
60 5.80233e-07 
61 5.81688e-07 
62 5.83151e-07 
63 5.8462e-07 
64 5.86096e-07 
65 5.87578e-07 
66 5.89067e-07 
67 5.90562e-07 
68 5.92064e-07 
69 5.93572e-07 
70 5.95085e-07 
71 5.96604e-07 
72 5.98129e-07 
73 5.99661e-07 
74 6.01199e-07 
75 6.02743e-07 
76 6.04294e-07 
77 6.0585e-07 
78 6.07413e-07 
79 6.08981e-07 
80 6.10557e-07 
81 6.12139e-07 
82 6.13692e-07 
83 6.15261e-07 
84 6.16842e-07 
85 6.18434e-07 
86 6.20037e-07 
87 6.21649e-07 
88 6.23269e-07 
89 6.24898e-07 
90 6.26534e-07 
91 6.28178e-07 
92 6.29829e-07 
93 6.31488e-07 
94 6.33157e-07 
95 6.34837e-07 
96 6.36523e-07 
97 6.38218e-07 
98 6.39919e-07 
99 6.41628e-07 
100 6.43389e-07 
101 6.45143e-07 
102 6.46891e-07 
103 6.48638e-07 
104 6.50385e-07 
105 6.52142e-07 
106 6.53911e-07 
107 6.55692e-07 
108 6.57485e-07 
109 6.59289e-07 
110 6.61103e-07 
111 6.62928e-07 
112 6.64761e-07 
113 6.66605e-07 
114 6.6846e-07 
115 6.70324e-07 
116 6.72197e-07 
117 6.74076e-07 
118 6.75971e-07 
119 6.77879e-07 
120 6.79799e-07 
121 6.81731e-07 
122 6.83674e-07 
123 6.85629e-07 
124 6.87596e-07 
125 6.89583e-07 
126 6.91582e-07 
127 6.9359e-07 
128 6.95608e-07 
129 6.97635e-07 
130 6.99726e-07 
131 7.0185e-07 
132 7.03999e-07 
133 7.0617e-07 
134 7.08364e-07 
135 7.10574e-07 
136 7.12805e-07 
137 7.15054e-07 
138 7.17321e-07 
139 7.19604e-07 
140 7.21905e-07 
141 7.24212e-07 
142 7.26535e-07 
143 7.29744e-07 
144 7.3287e-07 
145 7.35917e-07 
146 7.38913e-07 
147 7.41877e-07 
148 7.45544e-07 
149 7.49003e-07 
150 7.52287e-07 
151 7.55479e-07 
152 7.58593e-07 
153 7.61615e-07 
154 7.64593e-07 
155 7.67541e-07 
156 7.70473e-07 
157 7.73392e-07 
158 7.76307e-07 
159 7.79223e-07 
160 7.82135e-07 
161 7.85054e-07 
162 7.87977e-07 
163 7.90904e-07 
164 7.93833e-07 
165 7.96772e-07 
166 7.99718e-07 
167 8.0267e-07 
168 8.05632e-07 
169 8.08599e-07 
170 8.11578e-07 
171 8.14566e-07 
172 8.17568e-07 
173 8.20587e-07 
174 8.23619e-07 
175 8.26661e-07 
176 8.29714e-07 
177 8.32773e-07 
178 8.3585e-07 
179 8.38943e-07 
180 8.42057e-07 
181 8.452e-07 
182 8.48369e-07 
183 8.51557e-07 
184 8.5459e-07 
185 8.57584e-07 
186 8.60588e-07 
187 8.63602e-07 
188 8.66643e-07 
189 8.69708e-07 
190 8.72797e-07 
191 8.75856e-07 
192 8.78856e-07 
193 8.81817e-07 
194 8.84772e-07 
195 8.87725e-07 
196 8.90684e-07 
197 8.93645e-07 
198 8.96615e-07 
199 8.9958e-07 
200 9.02586e-07 
201 9.05628e-07 
202 9.08682e-07 
203 9.11752e-07 
204 9.14834e-07 
205 9.1793e-07 
206 9.21037e-07 
207 9.24157e-07 
208 9.27284e-07 
209 9.3081e-07 
210 9.34305e-07 
211 9.37791e-07 
212 9.41287e-07 
213 9.44779e-07 
214 9.48273e-07 
215 9.51775e-07 
216 9.55267e-07 
217 9.58773e-07 
218 9.6229e-07 
219 9.65791e-07 
220 9.69297e-07 
221 9.72723e-07 
222 9.76137e-07 
223 9.79483e-07 
224 9.82805e-07 
225 9.86117e-07 
226 9.89432e-07 
227 9.92751e-07 
228 9.9608e-07 
229 9.99416e-07 
230 1.00276e-06 
231 1.00613e-06 
232 1.0095e-06 
233 1.01289e-06 
234 1.0139e-06 
235 1.01727e-06 
236 1.02064e-06 
237 1.02402e-06 
238 1.02741e-06 
239 1.03076e-06 
240 1.03412e-06 
241 1.03749e-06 
242 1.04088e-06 
243 1.04428e-06 
244 1.04771e-06 
245 1.05116e-06 
246 1.05463e-06 
247 1.05812e-06 
248 1.06162e-06 
249 1.06515e-06 
250 1.06869e-06 
251 1.07226e-06 
252 1.07594e-06 
253 1.07964e-06 
254 1.08336e-06 
255 1.08711e-06 
256 1.09088e-06 
257 1.09471e-06 
258 1.09856e-06 
259 1.10244e-06 
260 1.1063e-06 
261 1.11033e-06 
262 1.11435e-06 
263 1.11841e-06 
264 1.12247e-06 
265 1.12652e-06 
266 1.13057e-06 
267 1.13464e-06 
268 1.13874e-06 
269 1.14288e-06 
270 1.14704e-06 
271 1.15125e-06 
272 1.15542e-06 
273 1.15957e-06 
274 1.16377e-06 
275 1.16798e-06 
276 1.17221e-06 
277 1.17648e-06 
278 1.1808e-06 
279 1.18514e-06 
280 1.18952e-06 
281 1.19283e-06 
282 1.19739e-06 
283 1.20208e-06 
284 1.20684e-06 
285 1.21163e-06 
286 1.2164e-06 
287 1.22123e-06 
288 1.22604e-06 
289 1.23091e-06 
290 1.23578e-06 
291 1.24071e-06 
292 1.24559e-06 
293 1.25056e-06 
294 1.25549e-06 
295 1.26051e-06 
296 1.26547e-06 
297 1.27058e-06 
298 1.27557e-06 
299 1.28078e-06 
300 1.28571e-06 
301 1.29104e-06 
302 1.29599e-06 
303 1.30145e-06 
304 1.30657e-06 
305 1.31188e-06 
306 1.31782e-06 
307 1.32199e-06 
308 1.32987e-06 
309 1.33162e-06 
310 1.33722e-06 
311 1.34404e-06 
312 1.34744e-06 
313 1.35575e-06 
314 1.35725e-06 
315 1.3617e-06 
316 1.36798e-06 
317 1.36947e-06 
318 1.37355e-06 
319 1.37777e-06 
320 1.38202e-06 
321 1.38645e-06 
322 1.39068e-06 
323 1.39511e-06 
324 1.39926e-06 
325 1.40364e-06 
326 1.40778e-06 
327 1.41216e-06 
328 1.41632e-06 
329 1.42063e-06 
330 1.42478e-06 
331 1.42909e-06 
332 1.43326e-06 
333 1.43757e-06 
334 1.44171e-06 
335 1.44606e-06 
336 1.45018e-06 
337 1.45446e-06 
338 1.45861e-06 
339 1.46292e-06 
340 1.46705e-06 
341 1.47132e-06 
342 1.47586e-06 
343 1.48018e-06 
344 1.48488e-06 
345 1.48915e-06 
346 1.49376e-06 
347 1.49789e-06 
348 1.50247e-06 
349 1.50653e-06 
350 1.51113e-06 
351 1.51509e-06 
352 1.51973e-06 
353 1.52369e-06 
354 1.52836e-06 
355 1.53227e-06 
356 1.53694e-06 
357 1.54081e-06 
358 1.54554e-06 
359 1.5494e-06 
360 1.55415e-06 
361 1.55797e-06 
362 1.56275e-06 
363 1.56654e-06 
364 1.57135e-06 
365 1.57512e-06 
366 1.57994e-06 
367 1.58428e-06 
368 1.58932e-06 
369 1.59266e-06 
370 1.59807e-06 
371 1.60173e-06 
372 1.60656e-06 
373 1.61027e-06 
374 1.61497e-06 
375 1.61862e-06 
376 1.62289e-06 
377 1.62653e-06 
378 1.63084e-06 
379 1.63447e-06 
380 1.63479e-06 
381 1.63484e-06 
382 1.63484e-06 
383 1.63485e-06 
384 1.63485e-06 
385 1.63486e-06 
386 1.63487e-06 
387 1.63487e-06 
388 1.63488e-06 
389 1.63488e-06 
390 1.63489e-06 
391 1.6349e-06 
392 1.6349e-06 
393 1.63491e-06 
394 1.63492e-06 
395 1.63493e-06 
396 1.63493e-06 
397 1.63492e-06 
398 1.63492e-06 
399 1.6349e-06 
400 1.63489e-06 
401 1.63483e-06 
402 1.63477e-06 
403 1.63474e-06 
404 1.63466e-06 
405 1.63461e-06 
406 1.63458e-06 
407 1.63453e-06 
408 1.63447e-06 
409 1.6344e-06 
410 1.63429e-06 
411 1.63423e-06 
412 1.63414e-06 
413 1.63411e-06 
414 1.63404e-06 
415 1.634e-06 
416 1.63395e-06 
417 1.63393e-06 
418 1.6339e-06 
419 1.63388e-06 
420 1.63386e-06 
421 1.63385e-06 
422 1.63383e-06 
423 1.6338e-06 
424 1.63372e-06 
425 1.63368e-06 
426 1.63365e-06 
427 1.63364e-06 
428 1.63365e-06 
429 1.63369e-06 
430 1.63369e-06 
431 1.63371e-06 
432 1.63374e-06 
433 1.63384e-06 
434 1.63396e-06 
435 1.634e-06 
436 1.634e-06 
437 1.634e-06 
438 1.634e-06 
439 1.63408e-06 
440 1.63408e-06 
441 1.63417e-06 
442 1.63425e-06 
443 1.63434e-06 
444 1.63434e-06 
445 1.63453e-06 
446 1.63479e-06 
447 1.63491e-06 
448 1.63492e-06 
449 1.63493e-06 
450 1.63495e-06 
451 1.63496e-06 
452 1.63498e-06 
453 1.63499e-06 
454 1.63501e-06 
455 1.63502e-06 
456 1.63504e-06 
457 1.63505e-06 
458 1.63506e-06 
459 1.63507e-06 
460 1.63509e-06 
461 1.6351e-06 
462 1.63511e-06 
463 1.63513e-06 
464 1.63514e-06 
465 1.63516e-06 
466 1.63517e-06 
467 1.63518e-06 
468 1.6352e-06 
469 1.63521e-06 
470 1.63523e-06 
471 1.63524e-06 
472 1.63526e-06 
473 1.63528e-06 
474 1.63529e-06 
475 1.63531e-06 
476 1.63532e-06 
477 1.63534e-06 
478 1.63535e-06 
479 1.63537e-06 
480 1.63539e-06 
481 1.6354e-06 
482 1.63542e-06 
483 1.63543e-06 
484 1.63545e-06 
485 1.63547e-06 
486 1.63548e-06 
487 1.6355e-06 
488 1.63552e-06 
489 1.63554e-06 
490 1.63556e-06 
491 1.63557e-06 
492 1.63559e-06 
493 1.63561e-06 
494 1.63563e-06 
495 1.63565e-06 
496 1.63567e-06 
497 1.63569e-06 
498 1.63571e-06 
499 1.63573e-06 
500 1.63575e-06 
501 1.63577e-06 
502 1.63579e-06 
503 1.63581e-06 
504 1.63583e-06 
505 1.63585e-06 
506 1.63588e-06 
507 1.6359e-06 
508 1.63592e-06 
509 1.63595e-06 
510 1.63597e-06 
511 1.63599e-06 
512 1.63602e-06 
513 1.63604e-06 
514 1.63607e-06 
515 1.63609e-06 
516 1.63612e-06 
517 1.63615e-06 
518 1.63617e-06 
519 1.6362e-06 
520 1.63623e-06 
521 1.63626e-06 
522 1.63628e-06 
523 1.63631e-06 
524 1.63634e-06 
525 1.63637e-06 
526 1.6364e-06 
527 1.63644e-06 
528 1.63647e-06 
529 1.6365e-06 
530 1.63654e-06 
531 1.63657e-06 
532 1.63661e-06 
533 1.63664e-06 
534 1.63668e-06 
535 1.63671e-06 
536 1.63675e-06 
537 1.63679e-06 
538 1.63683e-06 
539 1.63684e-06 
540 1.63691e-06 
541 1.63699e-06 
542 1.63707e-06 
543 1.63715e-06 
544 1.63724e-06 
545 1.63734e-06 
546 1.63743e-06 
547 1.63754e-06 
548 1.63765e-06 
549 1.63776e-06 
550 1.63788e-06 
551 1.63801e-06 
552 1.63815e-06 
553 1.63828e-06 
554 1.63895e-06 
555 1.63921e-06 
556 1.63953e-06 
557 1.6397e-06 
558 1.63991e-06 
559 1.64015e-06 
560 1.64044e-06 
561 1.64082e-06 
562 1.64132e-06 
563 1.64208e-06 
564 1.64346e-06 
565 1.64862e-06 
566 1.6559e-06 
567 1.6567e-06 
568 1.65824e-06 
569 1.66474e-06 
570 1.67189e-06 
