-4.4140473933422 -20.5321626108247 -7.98703367859387
-3.60945701909848 -21.2294306735379 -8.34018187410128
-2.74893786868346 -21.8923759508522 -8.61971497897922
-1.83913708396647 -22.515058377625 -8.82593610291451
-0.886793259890643 -23.0920343348062 -8.9601410038017
0.101400391501158 -23.61841635784 -9.02450498166741
1.11890918772023 -24.0899003274452 -9.02196231055071
2.15944449685512 -24.5027667425505 -8.95608534797439
3.21702567800688 -24.8538633219042 -8.83096835408384
4.28601795556989 -25.1405761434612 -8.65111904495239
5.36114883105682 -25.3607959469407 -8.42135917104036
6.43750644396097 -25.5128852155699 -8.14673402766048
7.5105238704556 -25.5956503259311 -7.83242978788391
8.57595370303751 -25.6083215145828 -7.48369689315002
9.62983736389154 -25.5505417664219 -7.10577743053931
10.6684734372238 -25.4223641028112 -6.70383445610551
11.6883888358697 -25.2242552685658 -6.28288157510398
12.6863158433657 -24.9571026230986 -5.84771173314555
13.6591770283698 -24.6222202635057 -5.402825053191
14.604078790282 -24.2213501532221 -4.95235658529156
15.5183129810543 -23.7566543599084 -4.50000590003889
16.3993648077921 -23.2306954133687 -4.04897141168845
17.2449242150135 -22.646403189029 -3.6018930198009
18.0528973211787 -22.0070284319761 -3.16080699005041
18.8214143453313 -21.3160848217493 -2.72711688597681
19.5488308439513 -20.5772830685614 -2.3015838104651
20.2337199438394 -19.7944616722478 -1.88433828365036
20.8748544861152 -18.9715194743006 -1.47491489215739
21.4711794129627 -18.112354900829 -1.07230953960076
22.0217761273203 -17.2208158606598 -0.675057851223535
22.5258217355397 -16.3006627745971 -0.281332144380458
22.9825468784749 -15.3555454058655 0.110946568578446
23.3911961592341 -14.388992324806 0.503985812507048
23.7509949470487 -13.4044102634376 0.899992918965579
24.0611256093397 -12.4050895469104 1.30104548318214
24.3207150979158 -11.3942113994271 1.70896630927788
24.5288344460484 -10.3748532756119 2.12520805350188
24.6845093158481 -9.34998940768446 2.55075237207641
24.7867394809545 -8.32248530978631 2.98602759510677
24.8345242362987 -7.29508677461395 3.43084774845125
24.8268903486684 -6.27040561449049 3.88437417112969
24.762919381395 -5.25090572725272 4.3450991567032
24.6417720386621 -4.23889376469 4.81084919616223
24.4627084890821 -3.23651862464597 5.27880378108532
24.2251052870909 -2.24578319478931 5.74552460607895
23.9284713202116 -1.26857039045856 6.20698961117384
23.5724669667512 -0.306683774692024 6.65862677286115
23.1569321525158 0.638098836031413 7.09534394224926
22.6819300435585 1.56396220217443 7.51155331037529
22.147813472115 2.46898601660247 7.90119214447894
21.5553205719797 3.35107937976622 8.25774508709643
20.9057041321159 4.20792538942571 8.57427722088481
20.2008954581462 5.03694517446911 8.84349077269285
19.4436977214069 5.83529189612866 9.05782101346217
18.6379957966634 6.59988600231274 9.20958759462371
17.7889599015423 7.32750278792235 9.29121505423889
16.9032102465922 8.01492128387041 9.29552940975545
15.9889016995142 8.65913881480583 9.21612605466836
15.0556843729561 9.25764767989856 9.04778819381514
14.114501527123 9.80875955191985 8.78691715535889
13.177202710323 10.3119507806846 8.43192043656527
12.2559775253906 10.7681905181899 7.98349593367341
11.3626497990805 11.1802068840729 7.44475677975001
10.5079052590229 11.5526472758681 6.82116308528957
9.70054794310157 11.8920986067957 6.12026212861686
8.94688274530327 12.2069502382319 5.35127891643573
8.25030046587485 12.5071027729485 4.52463237225447
7.61110220811481 12.8035448562608 3.65146699601918
7.02655405177799 13.1078336671902 2.74327966106179
6.49112600138391 13.4315205651209 1.81168945006221
5.99685363954927 13.7855608185199 0.868356553070522
5.53377029631021 14.1797368966782 -0.0749816455366146
5.09038417119131 14.6221128615228 -1.00641355127509
4.65420254499911 15.11853025652 -1.91376097786563
4.21231723292275 15.6721601622901 -2.78455460219193
3.75205384338494 16.2831418882141 -3.60612902478457
3.26165818702634 16.9483570645586 -4.36586803090782
2.73096244550707 17.6613949604428 -5.0515991766662
2.15195746772055 18.4127511433129 -5.65209966773213
1.51920298116073 19.1902680097591 -6.15764316231072
0.830031522147728 19.9797828215899 -6.56050105237764
0.0845355095278062 20.7659109545424 -6.85531793336529
-0.714639796508103 21.532870591195 -7.03930695048654
-1.56264946066797 22.2652548918282 -7.11224749001978
-2.45288729463495 22.9486764539436 -7.07630405944059
-3.37744872117129 23.5702393061877 -6.93571208194053
-4.32756768581669 24.118826758593 -6.69638919501295
-5.293993611987 24.5852214878609 -6.36552974021497
-6.26729210769779 24.9620927650195 -5.95122907157941
-7.23806850632686 25.2438936581716 -5.46216805095736
-8.19712427448554 25.426709899001 -4.90737122967948
-9.13556228984586 25.5080947749423 -4.29603798495139
-10.0448585246299 25.4869140172462 -3.63743595726901
-10.9169158928854 25.3632138333913 -2.94084086621601
-11.7441122191238 25.1381158351007 -2.21550562253531
-12.5193496504967 24.8137357048669 -1.4706435910023
-13.236108330917 24.3931184247357 -0.715414716295669
-13.8885034888474 23.8801816561684 0.0410921412946898
-14.471342700781 23.2796599420356 0.789882902703587
-14.9801791596593 22.5970450940002 1.5220868437345
-15.4113572341606 21.8385215936776 2.228987033717
-15.7620481629819 21.0108992138986 2.90204955268596
-16.0302759271346 20.1215475742439 3.53295004724603
-16.2149356155316 19.1783383609999 4.11359921034617
-16.3158083455187 18.1896000639738 4.63617258632703
-16.3335774604222 17.1640871657233 5.09315392816734
-16.269849843427 16.1109609046209 5.47740424497492
-16.1271834740035 15.0397724995736 5.78226966716683
-15.9091177849132 13.9604329597459 6.001739328413
-15.6201973250049 12.883147677904 6.13065881313466
-15.2659726150277 11.8182907559464 6.16499504551467
-14.8529564644799 10.7761955028776 6.10213543343864
-14.3885115062499 9.76684552795901 5.94118961359227
-13.8806475255776 8.7994659162372 5.68324974860217
-13.3377168593722 7.88203468599265 5.33155950333151
-12.7680126539891 7.02075722507425 4.89154684044757
-12.1792957607074 6.21956496518943 4.37069382678983
-11.5782970535026 5.47970828980007 3.77824618253725
-10.9702574908945 4.79950878469453 3.1248004296658
-10.3585735506914 4.17431746323631 2.42183801043634
-9.74460832403396 3.5966976484136 1.68129368236096
-9.12770940044133 3.05682069547218 0.915242197102661
-8.50544782025985 2.54303736649728 0.135760156235119
-7.87406406674693 2.04257346609709 -0.645026704486958
-7.22908298489958 1.54229688616163 -1.41475554303153
-6.56604152176022 1.02950953421782 -2.16059035900104
-5.88125919333015 0.492722393756798 -2.8690562061878
-5.1725695916451 -0.0776315617482006 -3.52605609218417
-4.43992527852671 -0.688601993237834 -4.11714470088228
-3.68579473497701 -1.34430652336763 -4.62807128539426
-2.91529317173835 -2.04575561506524 -5.04553500199013
-2.13602741167791 -2.79095434484404 -5.35803850869964
-1.35768109931189 -3.57528139014682 -5.55669590637082
-0.59140889378916 -4.39210111023873 -5.63585733977957
0.150864236782068 -5.23352486663323 -5.5934523019283
0.857137106103551 -6.09121442379158 -5.43101406907857
1.51593483804551 -6.95711992800103 -5.15341018831478
2.11676613089691 -7.82406636125204 -4.76835139033023
2.65041649600125 -8.68613758134139 -4.28577406380906
3.10908755495525 -9.53884526805768 -3.71718948851752
3.48641016428449 -10.3791019079194 -3.07507371731195
3.77736594361356 -11.2050372430501 -2.3723454095237
3.97815155223722 -12.0157061059192 -1.62195363771691
4.08601744948971 -12.8107355326663 -0.836578461971725
4.09911086476187 -13.589955009246 -0.0284345403949535
4.01635101441057 -14.3530489971478 0.790839843366328
3.83735989024331 -15.0992660863145 1.61023162250936
3.56246052008562 -15.8272122849952 2.41936692801633
3.19273660855326 -16.5347449200792 3.20851790725043
2.73012878907187 -17.2189688022769 3.96862468097342
2.17753168950328 -17.8763213048839 4.69134373053614
1.53885732693534 -18.5027222602579 5.36912096374699
0.819042029425731 -19.0937604673633 5.99527740725074
0.0239898540788337 -19.6448905275606 6.56409092299845
-0.83954075405636 -20.1516193303607 7.07085859175578
-1.76409174559819 -20.609668340308 7.51192941834833
-2.74168330949713 -21.0151042175673 7.88470326782307
-3.76399748815799 -21.3644354296351 8.18759750663851
-4.82255376054463 -21.6546761719268 8.4199866938426
-5.90886712631644 -21.8833812283841 8.58212262957299
-7.01458337562595 -22.0486566275562 8.67504240069639
-8.13158963460459 -22.1491513747194 8.70047125901225
-9.25210074629482 -22.1840354280648 8.66072573749081
-10.3687236276447 -22.1529686406858 8.5586207753679
-11.474502598707 -22.0560647501638 8.39738307461799
-12.5629490033828 -21.8938537506322 8.1805716151625
-13.6280584030976 -21.6672451802125 7.91200528457043
-14.6643183545594 -21.377494036254 7.59569693721817
-15.6667093675768 -21.0261702274295 7.23579286027008
-16.6307011362356 -20.6151317268835 6.8365165462166
-17.5522455883481 -20.1465009511161 6.40211580559949
-18.4277677415355 -19.6226434017044 5.93681254882693
-19.2541548290318 -19.0461473093761 5.44475497062771
-20.0287437061246 -18.4198029336247 4.92997232960247
-20.7493062090906 -17.7465802943212 4.39633297016622
-21.41403194376 -17.0296044174858 3.84750662563627
-22.0215079452875 -16.2721276149574 3.28693231404261
-22.5706947670103 -15.4774988197933 2.71779324833379
-23.0608987930081 -14.6491304921392 2.14300010491908
-23.4917408738135 -13.7904640263683 1.56518372934816
-23.8631216929479 -12.9049348797556 0.986697934594441
-24.1751845191774 -11.9959387824962 0.409632522408867
-24.428276135952 -11.0668003845855 -0.164163891331577
-24.6229067435326 -10.1207455787616 -0.733052154131742
-24.759709515134 -9.16087855824706 -1.29556320900744
-24.8394003078848 -8.19016447403713 -1.85035247429536
-24.8627378652373 -7.21141838886021 -2.39614927474257
-24.8304847993467 -6.22730110289013 -2.93170232293649
-24.7433698077223 -5.24032234460402 -3.45572179249693
-24.6020520338895 -4.25285175228765 -3.96681801904681
-24.4070892621852 -3.26713797789777 -4.46343645144899
-24.1589127229122 -2.28533608202073 -4.94378831410406
-23.8578125930471 -1.30954311611448 -5.40577669427216
-23.5039396576563 -0.341841368512923 -5.84691858336197
-23.0973298232779 0.615651857794478 -6.26426488791268
-22.6379589445251 1.56072992008415 -6.65432263288438
-22.125835355859 2.49104111714722 -7.01298646044788
-21.5611361324919 3.40403629212529 -7.33548989361236
-20.9443899319914 4.2969264614879 -7.61639029258946
-20.27670382104 5.16665950709503 -7.84960431309912
-19.5600235002101 6.00992733406763 -8.02851198380691
-18.7974060023902 6.8232166628835 -8.14614596350145
-17.9932722709416 7.60291680311398 -8.19547672902757
-17.1535961631643 8.34549513238936 -8.16979334145711
-16.2859797064658 9.0477444788413 -8.06316304330385
-15.3995659141685 9.70709576030565 -7.87093308442094
-14.5047537198887 10.3219749544 -7.59021900067641
-13.6127058934728 10.89216830792 -7.22031117892189
-12.7346773494772 11.4191475644216 -6.76293240506047
-11.8812304432102 11.9063020762455 -6.22229736468684
-11.0614346075374 12.3590297596009 -5.60495975889888
-10.2821590473223 12.7846539659424 -4.91947625092426
-9.54755291122279 13.1921555117054 -4.17595608111599
-8.85876946002626 13.5917335395649 -3.38558720360963
-8.21394036797499 13.9942306255158 -2.56022558452591
-7.6083606307262 14.4104724305303 -1.71210498516417
-7.03482053103572 14.8505770970497 -0.8536813268023
-6.48402723338458 15.323283541558 0.00241553471328532
-5.94508862176306 15.8353343972133 0.843376900384113
-5.40606572453771 16.3909373861526 1.65622104795017
-4.85461368118065 16.9913275331058 2.42786922798557
-4.27871278218347 17.6344634906931 3.14533690633983
-3.66744971939652 18.3149048318558 3.79606186534548
-3.01176888841912 19.0239185902144 4.36835853867942
-2.305096651943 19.7498431450219 4.85195181684289
-1.5437552494619 20.4786984598552 5.23851410806877
-0.727119795424351 21.1949865679697 5.52211796169848
0.142482839088591 21.882590601196 5.69952830293562
1.06009377019201 22.5256656387779 5.77028953887149
2.01859361170529 23.1094232250754 5.73660301049399
3.00924836857042 23.6207388875399 5.60302737945189
4.02225755941345 24.0485489882665 5.37605947243099
5.04724895797923 24.3840395992815 5.06366215825909
6.073686226652 24.6206581020404 4.67480046656688
7.09117731488606 24.7539941879463 4.21903210469838
8.08968884800458 24.7815810182448 3.7061794634876
9.05968297743549 24.7026621794537 3.14609193558123
9.99219825623276 24.5179594570042 2.54849298087188
10.8788961614279 24.229463880465 1.92289714452985
11.7120915241272 23.8402606697925 1.27857805835035
12.4847799792947 23.3543893112044 0.624568387024793
13.1906699830733 22.7767337620914 -0.0303245986194382
13.8242219771174 22.1129347552677 -0.67749998050309
14.3806935422823 21.3693158739194 -1.3085484328244
14.8561871656587 20.5528167260893 -1.91524574469622
15.2476965277429 19.6709292460053 -2.48955614312648
15.553147730991 18.7316359672175 -3.02364597097034
15.771433180707 17.7433512329864 -3.50990877222037
15.9024373268946 16.7148671101226 -3.94100443987048
15.9470545858752 15.6553048914444 -4.30991718919019
15.9071999451646 14.5740704597657 -4.61003894759278
15.7858116245551 13.4808077537497 -4.8352854135026
15.5868425820669 12.3853398383623 -4.98025065369336
15.3152338453106 11.2975827768364 -5.04040199224884
14.9768583251085 10.2274151181814 -5.01230985168573
14.5784201581773 9.18448697079697 -4.89389765843393
14.1272933619239 8.17795862670174 -4.68468647866411
13.6312863427206 7.21616989724781 -4.38600034455994
13.0983267001105 6.30625656607387 -4.00109458451819
12.5360737055371 5.45374676411657 -3.535173945245
11.9514820343033 4.66218345385259 -2.99528139506395
11.3503564878095 3.93282533578173 -2.39006100952474
10.7369495219565 3.26447461970999 -1.729424912792
10.1136578535301 2.65346620924629 -1.02417812615228
9.48086935498248 2.09383184807746 -0.285668938204199
8.83699728502905 1.57762969157278 0.474469817699305
8.17871834245448 1.09541018587228 1.24444368160965
7.50140820149595 0.636777369526603 2.01227476780214
6.79974682849053 0.191001934304397 2.76566982364835
6.0684474122563 -0.252354294447156 3.49185206544433
5.3030462547611 -0.702838812758487 4.17745382728693
4.50067599922485 -1.16856973955332 4.80856528700641
3.66073405908416 -1.6557968305299 5.37100575290612
2.78535801787322 -2.16860326706725 5.85083390500555
1.87963548891776 -2.70878552562435 6.23505428751948
0.951508639927 -3.27593556271719 6.51242475530403
0.0113787865337665 -3.86772712544999 6.67423779806019
-0.92853534668889 -4.480379783072 6.7149466533629
-1.85499280815995 -5.109246625884 6.63253555181001
-2.75456612757694 -5.74945162622165 6.42858412639821
-3.61440866752357 -6.39649572555806 6.10803439592389
-4.42286996923756 -7.04675841174077 5.67871890839736
-5.16991255943965 -7.6978414712616 5.15073896532834
-5.84732099561591 -8.34872851488147 4.53578849506807
-6.44872227820962 -8.99976160206719 3.84650607208108
-6.96945273697914 -9.65245942049262 3.09591349570788
-7.40631254112428 -10.3092165761395 2.29697341168165
-7.75725075894319 -10.9729297371442 1.46227687006131
-8.02102643391838 -11.6465951374764 0.603856222925136
-8.19689527892299 -12.3329161600409 -0.266892552611726
-8.28437245673723 -13.0339522616551 -1.13920415067858
-8.28311166913159 -13.7508331476438 -2.00289049389109
-8.19291560737509 -14.4835551990727 -2.84828087779864
-8.01385904904665 -15.2308701225883 -3.6661936864871
-7.7464777617388 -15.9902680534585 -4.44796353668246
-7.39196583023349 -16.7580490873884 -5.18552725384151
-6.95233247330951 -17.5294695167236 -5.87155333547218
-6.43048902068144 -18.2989432769162 -6.4995887708977
-5.83025763611712 -19.0602762139489 -7.06419575458313
-5.15630927499516 -19.806910926537 -7.56105654206574
