-0.12142069449765089 -1.9416959620433882 0.12470351612372094
-0.22073675407390314 -1.9091025540959747 0.18930106189573653
-0.32853109024844163 -1.8609820863542965 0.26428827413271194
-0.43250966549370129 -1.7965496090857684 0.33340170360583476
-0.53139692122490489 -1.7166836226090041 0.394921919523674
-0.62397764895305441 -1.622777250561767 0.44736049551180568
-0.7090743356668564 -1.5164139323051768 0.48937925348157968
-0.78574020711079773 -1.3995314605520608 0.51998848325754921
-0.85321167756038974 -1.274173821908992 0.5384287237593286
-0.91090860931192386 -1.1424644108386204 0.5440721909914088
-0.95867307535644453 -1.0066199470117789 0.53668276931015924
-0.99653471419031026 -0.86885880890967637 0.51584945594631648
-1.0253417823482893 -0.73139876468603959 0.48183511429918952
-1.0460048901671088 -0.59638797360100204 0.43453125486697469
-1.0604240437318029 -0.46547100013598186 0.3751114670158805
-1.0706408611634828 -0.34001046475219004 0.30439947092865327
-1.0787212077906498 -0.22061133703583397 0.22463897717904063
-1.0836949044447848 -0.10310439739875824 0.14300054721663699
-1.0846234057340822 0.014936121400941638 0.062265370715312185
-1.0817564506760731 0.13321450231849757 -0.01812330723896978
-1.0751410625261837 0.25127013498530471 -0.098584995925182231
-1.0647577712368594 0.36864038605767913 -0.17954932635992779
-1.0503653919216285 0.48562096871838267 -0.26128250400308883
-1.0332920936750305 0.60729186032624205 -0.33686238088143483
-1.0124139921638626 0.73544829672743206 -0.40043471644226014
-0.98530926899314153 0.86819132200411242 -0.45052120519033195
-0.9497843073157467 1.0033406555490032 -0.48612338902604074
-0.9048255500456015 1.1383530353409808 -0.50733277391569898
-0.84956833070417281 1.2705959245515253 -0.51386850681598228
-0.78412105130286713 1.3974661536314272 -0.5062232148031991
-0.70890666160446147 1.5164914545250541 -0.48511213065078573
-0.62468240310364753 1.625312772662745 -0.4512886663335165
-0.53255710519260224 1.721883696188091 -0.40593582448613602
-0.43383245827418448 1.804467769587969 -0.35045224583859647
-0.3298534158698434 1.871610099604021 -0.28641299358280942
-0.22203675741715764 1.9224697248085274 -0.21565500857473749
-0.11174255927808226 1.9564770753245311 -0.14005798018737797
-0.00017773019217001695 1.9730641805013551 -0.061435060470460975
0.11152821762797474 1.9722625570613337 0.018339029776492259
0.22223489339142724 1.9542039061830421 0.097404953976474862
0.33082918582641518 1.9189083688065036 0.17391681458771163
0.43622383284942157 1.8669441733101406 0.24610429431625513
0.53721332757857054 1.7990560817141901 0.31220758927190151
0.6325128794740682 1.7160647106294131 0.37046007284441296
0.72091502692443921 1.6192865059779844 0.41932197392918391
0.8012960879165999 1.5104148424744248 0.45746320035740584
0.87265907305638657 1.3913558748024253 0.48373576716823147
0.93423111123604419 1.2642304036855021 0.49719461500609535
0.98565061307270252 1.1313750439117529 0.49721756377979115
1.0267983411058119 0.99517871175986961 0.48312135677406903
1.0583604137870193 0.85814471522687819 0.45487296417632461
1.0813759745226406 0.72267760309628715 0.41241840950740716
1.0976318380774071 0.59085624336897846 0.35646519848555275
1.1092809639335246 0.46434323267496602 0.28793171263145367
1.1187839297946687 0.3441582663243663 0.20838877959581009
1.1283818233159792 0.23060287491423676 0.12076222634112732
1.1350215977918732 0.11929845651341486 0.031599372366042863
1.1364873137154388 0.0078674262615407164 -0.057167932918974859
1.1326891489869892 -0.10351913047129685 -0.14659379367701464
1.1270208499904122 -0.21774801896453438 -0.23354343064861063
1.1213560403907334 -0.33787482988382239 -0.31284681114942897
1.1137292463754846 -0.46393445733885891 -0.38207029355041672
1.1017945468873935 -0.59526758224603005 -0.43968916622019316
1.0834530558508935 -0.73052939267603167 -0.48477824802953523
1.0568837566640434 -0.86791991566680404 -0.51674013835799071
1.0210947494496589 -1.0053778534199274 -0.53574537747878481
0.97531639250991908 -1.1407585765581634 -0.54153106267481244
0.91959132497514995 -1.2719417291558166 -0.53468682386678479
0.85400357360413137 -1.3967513732530557 -0.51543073659849292
0.7790734625190987 -1.5131130114670817 -0.48435223358256829
0.69557123155600942 -1.6190664789426883 -0.44219248854106208
0.6045140577746716 -1.7128770266977966 -0.39000134338465597
0.50696886016100251 -1.792852123134653 -0.32889075584190069
0.40410802856806394 -1.8576863626243463 -0.2602605224911817
0.29725067977017772 -1.9066439650443892 -0.18579576634760109
0.18755302619894185 -1.9388092419009915 -0.10709972917028693
0.076161343095606016 -1.9538439968964094 -0.025925737291008194
-0.031019070246620734 -1.9540753413219738 0.056060041612475728
-0.13652250204147831 -1.9061885435556456 0.079402455487129528
-0.2443409340092525 -1.8200291734679011 0.045853931886796345
-0.3512634491654123 -1.731892140030391 0.00855277906347926
-0.4581859643215721 -1.643755106592881 -0.028748373759837822
-0.56510847947773057 -1.5556180731553726 -0.066049526583154439
-0.67203099463389027 -1.4674810397178624 -0.10335067940647154
-0.77895350979004885 -1.3793440062803537 -0.14065183222978817
-0.88587602494620854 -1.2912069728428439 -0.17795298505310528
-0.99279854010236823 -1.2030699394053339 -0.21525413787642231
-1.0997210552585268 -1.1149329059678252 -0.25255529069973898
-1.2066435704146865 -1.0267958725303155 -0.28985644352305601
-1.3135660855708462 -0.93865883909280545 -0.32715759634637304
-1.420488600727005 -0.85052180565529667 -0.36445874916968984
-1.5274111158831647 -0.76238477221778678 -0.40175990199300682
-1.6343336310393244 -0.67424773878027688 -0.43906105481632396
-1.7280541838025016 -0.59804715113125106 -0.46717137324407387
-1.6690964133710997 -0.6365111542150701 -0.50125852201362875
-1.5490265454375958 -0.70925502442382637 -0.53001038688350077
-1.4241401386027717 -0.77521917411329166 -0.55121488683667974
-1.2934298671045075 -0.83220890048023932 -0.56266443605916661
-1.1578437185868888 -0.87891013042494071 -0.56226120840125149
-1.0194202147415068 -0.9153321582920273 -0.54947073011756586
-0.88026694075181555 -0.94200714222022575 -0.52408694862726579
-0.74244687208093407 -0.95985774935913271 -0.48599672579281078
-0.60773356435091686 -0.97032779818029924 -0.4357495689590371
-0.47761017162965747 -0.97520087595961535 -0.3739353783905966
-0.35302970329452676 -0.97624728915564807 -0.30159625256830663
-0.23434010651430437 -0.97566975608472806 -0.22017275920656018
-0.12109240971853436 -0.97501502846356791 -0.13160401979316458
-0.011665005369531828 -0.97524511376939815 -0.038620129076039914
0.096548570149177865 -0.97542409937776742 0.055718111364351439
0.20637687047364398 -0.97531607762905059 0.1486008981954729
0.32053858906422439 -0.97552232104958003 0.23678128792552205
0.44052547762885641 -0.97530207113099132 0.31743519999002706
0.56669803148720099 -0.97284256504619249 0.38841341468976204
0.69857090736207716 -0.96621524859503294 0.44800951245306542
0.8348327350389928 -0.95338656906050079 0.49527145855955007
0.9738025409897233 -0.93273148736765599 0.529672796602632
1.1134773921017957 -0.90284796977402593 0.55064597365049006
1.2516876870754041 -0.86328760854459097 0.55875111124654731
1.3861894588121615 -0.813390169112298 0.55380435260458505
1.5148307698613419 -0.75340246828773161 0.53649592146232883
1.6355248131668985 -0.68372849863857521 0.50739407861368102
1.7463532013883893 -0.6050747168721784 0.46731142133577236
1.8462167733159409 -0.51854933548575799 0.41751729638267693
1.935355428020386 -0.42608491910067914 0.36021162006611573
2.0112920448932972 -0.3283228961206216 0.29559952128399203
2.0717091319230967 -0.22612344361297509 0.22428434519247431
2.1149370269007552 -0.12061716240452428 0.14748078387397975
2.1402476940736488 -0.013148291995285555 0.066900425379002482
2.1470464605348707 0.094968269104845238 -0.015656246920683299
2.1352035427191467 0.20247375744936374 -0.098327288573494792
2.1048991224928533 0.30808628333460458 -0.17921864797094639
2.0564872085412484 0.41048864918880246 -0.25644032457213572
1.9908361940372601 0.50837751548823684 -0.32822636608986616
1.9092746981563644 0.60055230637941481 -0.39310281253330953
1.8143045072200967 0.68633695422026852 -0.45045814073984164
1.7089821963066398 0.76541881271329082 -0.5003998895186248
1.5934528001303039 0.83589359483757653 -0.54077171368728449
1.4686407439933564 0.89652122958113689 -0.5700669977357935
1.3364198693964862 0.9465524749086911 -0.58732170617034507
1.1989820921977079 0.98564383272249367 -0.5918609586687813
1.0585843800361543 1.0137094216704707 -0.58310420069763191
0.91756266202847381 1.0309185698405303 -0.5604465775256775
0.77825054137641381 1.038250919960968 -0.52376339584718001
0.64287402503666768 1.0371335079925552 -0.47297825640970337
0.51357190478985826 1.0295235931581979 -0.40812832221804829
0.39177166747886294 1.0182054321440859 -0.33023937230227696
0.2781337581999358 1.0063884127877403 -0.2407524896614614
0.1721884586378378 0.99754607277571417 -0.14193270928654811
0.071762516253699921 0.99476326122921943 -0.037271601080623919
-0.026944415473767969 0.99977346969550696 0.068777613188832576
-0.12825070919998785 1.0123871883647475 0.17153617067657542
-0.2356179722006308 1.0305042888721181 0.26687543014486004
-0.35084793224306016 1.0507963167568115 0.35182880892216312
-0.47431560774287373 1.0697463444382118 0.42434000159646718
-0.60515792891369202 1.0841068428521061 0.48328620933266436
-0.74174669262064075 1.0912049299398565 0.52825199008697177
-0.88207398117382052 1.089011708513981 0.55913427252626158
-1.0238435221534479 1.0761735562849324 0.57623302108526619
-1.1647422732481099 1.0519333575457186 0.58009154166379595
-1.3025497628415743 1.0160618382378763 0.57129873132191822
-1.4359059741154141 0.96975194041374513 0.55212130563480777
-1.5649127812316528 0.91563755262012969 0.52643532364645207
-1.6873982257918043 0.85275794053563403 0.49239374728388025
-1.8007907561008532 0.78068908792625014 0.44891137454404317
-1.902330976072877 0.69948779373237413 0.39569880800967466
-1.9899507931269864 0.6101040472744339 0.33367029889615057
-2.0617149463474185 0.51365520736851733 0.26411040216005077
-2.116294972351823 0.41145612083352767 0.18867192192794924
-2.1531470749391386 0.30503697340678809 0.1092847327474768
-2.171576456443173 0.1957658283441443 0.027771927705821015
-2.1717764499121621 0.085064541664552296 -0.054007008311663336
-2.1538677093513785 -0.025615232261684939 -0.13421557805546697
-2.1178781479543347 -0.13485634143753431 -0.21103285460166249
-2.0645211382047144 -0.24127020018536782 -0.28277015711317771
-1.9948668881476022 -0.34345118113778128 -0.34785594127245428
-1.9102928464099431 -0.44007798625561861 -0.40494508838127002
-1.8107517004198264 -0.53073214164727844 -0.4579592573609636
-1.7008124390170611 -0.62183668764467315 -0.44257381591590211
-1.5935130932951631 -0.71118642053294134 -0.40539276374446759
-1.4871445540225745 -0.79980994301802077 -0.36766158713936853
-1.3807760147499859 -0.88843346550310021 -0.32993041053426941
-1.2744074754773944 -0.97705698798818175 -0.2921992339291693
-1.1680389362048058 -1.0656805104732612 -0.2544680573240703
-1.0616703969322172 -1.1543040329583407 -0.21673688071897115
-0.95530185765962583 -1.242927555443422 -0.17900570411387109
-0.84893331838703712 -1.3315510779285016 -0.14127452750877201
-0.74256477911444863 -1.4201746004135809 -0.10354335090367293
-0.63619623984186002 -1.5087981228986602 -0.065812174298573861
-0.52982770056926887 -1.5974216453837418 -0.028080997693473851
-0.42345916129668004 -1.6860451678688215 0.0096501789116252915
-0.31709062202409144 -1.7746686903539006 0.047381355516724372
-0.21072208275150017 -1.8632922128389822 0.085112532121824389
