-78.5768594386966 -61.725107760184 -3.63635015022452
-78.1629941023779 -62.5870754679426 -3.15778688724287
-77.7491287660592 -63.4490431757013 -2.67922362426122
-77.3352634297405 -64.3110108834599 -2.20066036127958
-76.9213980934218 -65.1729785912185 -1.72209709829793
-76.5075327571031 -66.0349462989772 -1.24353383531628
-76.0936674207845 -66.8969140067358 -0.764970572334639
-75.6798020844658 -67.7588817144944 -0.286407309352993
-75.2659367481471 -68.620849422253 0.192155953628654
-74.8520714118284 -69.4828171300117 0.670719216610301
-74.4382060755097 -70.3447848377703 1.14928247959195
-74.024340739191 -71.2067525455289 1.62784574257359
-73.6104754028723 -72.0687202532876 2.10640900555524
-73.0450798618481 -72.8332645637408 2.59336279122851
-72.4704986483495 -73.5919031247711 3.08082520548498
-71.8959174348509 -74.3505416858015 3.56828761974146
-71.3213362213523 -75.1091802468319 4.05575003399794
-70.7467550078537 -75.8678188078622 4.54321244825442
-70.1721737943551 -76.6264573688926 5.0306748625109
-69.5975925808565 -77.3850959299229 5.51813727676738
-69.0230113673579 -78.1437344909533 6.00559969102386
-68.4484301538593 -78.9023730519836 6.49306210528034
-67.8738489403607 -79.661011613014 6.98052451953682
-67.2992677268621 -80.4196501740444 7.4679869337933
-66.7246865133635 -81.1782887350747 7.95544934804978
-66.016962107985 -81.8130605326517 8.44053639534191
-65.2924230629146 -82.4321892097067 8.92532345779007
-64.5678840178441 -83.0513178867617 9.41011052023822
-63.8433449727737 -83.6704465638166 9.89489758268638
-63.1188059277033 -84.2895752408716 10.3796846451345
-62.3942668826329 -84.9087039179266 10.8644717075827
-61.6697278375625 -85.5278325949815 11.3492587700308
-60.9451887924921 -86.1469612720365 11.834045832479
-60.2206497474216 -86.7660899490914 12.3188328949272
-59.4961107023512 -87.3852186261464 12.8036199573753
-58.7715716572808 -88.0043473032014 13.2884070198235
-58.0470326122104 -88.6234759802563 13.7731940822716
-57.214644612643 -89.0982343391272 14.2400597925751
-56.3590172361901 -89.5418836691622 14.7030637959318
-55.5033898597372 -89.9855329991973 15.1660677992885
-54.6477624832844 -90.4291823292323 15.6290718026452
-53.7921351068315 -90.8728316592674 16.0920758060019
-52.9365077303787 -91.3164809893024 16.5550798093586
-52.0808803539258 -91.7601303193375 17.0180838127153
-51.2252529774729 -92.2037796493725 17.481087816072
-50.3696256010201 -92.6474289794076 17.9440918194287
-49.5139982245672 -93.0910783094426 18.4070958227854
-48.6583708481143 -93.5347276394777 18.8700998261421
-47.8027434716614 -93.9783769695127 19.3331038294988
-46.8703326777018 -94.2685341925202 19.7564415100468
-45.911939474973 -94.5067518848695 20.1663566750694
-44.9535462722442 -94.7449695772189 20.5762718400919
-43.9951530695154 -94.9831872695681 20.9861870051145
-43.0367598667866 -95.2214049619174 21.3961021701371
-42.0783666640578 -95.4596226542668 21.8060173351596
-41.119973461329 -95.697840346616 22.2159325001822
-40.1615802586002 -95.9360580389654 22.6258476652048
-39.2031870558713 -96.1742757313147 23.0357628302273
-38.2447938531425 -96.412493423664 23.4456779952499
-37.2864006504137 -96.6507111160133 23.8555931602724
-36.3280074476849 -96.8889288083626 24.265508325295
-35.3281711915135 -96.9797508262404 24.6133830906361
-34.3065328399225 -96.9930318742253 24.9286200409185
-33.2848944883315 -97.0063129222101 25.2438569912009
-32.2632561367406 -97.019593970195 25.5590939414834
-31.2416177851496 -97.0328750181799 25.8743308917658
-30.2199794335586 -97.0461560661647 26.1895678420482
-29.1983410819676 -97.0594371141496 26.5048047923307
-28.1767027303766 -97.0727181621345 26.8200417426131
-27.1550643787856 -97.0859992101194 27.1352786928955
-26.1334260271946 -97.0992802581042 27.4505156431779
-25.1117876756036 -97.1125613060891 27.7657525934604
-24.0901493240127 -97.125842354074 28.0809895437428
-23.0625499239342 -97.0141080056588 28.3188788390776
-22.0299223923712 -96.7969234412302 28.4915255550404
-20.9972948608083 -96.5797388768017 28.6641722710032
-19.9646673292454 -96.3625543123731 28.836818986966
-18.9320397976825 -96.1453697479446 29.0094657029288
-17.8994122661195 -95.928185183516 29.1821124188915
-16.8667847345566 -95.7110006190875 29.3547591348543
-15.8341572029937 -95.493816054659 29.5274058508171
-14.8015296714308 -95.2766314902304 29.7000525667799
-13.7689021398678 -95.0594469258019 29.8726992827427
-12.7362746083049 -94.8422623613733 30.0453459987055
-11.703647076742 -94.6250777969447 30.2179927146682
-10.694070994043 -94.3182416235792 30.3128070445583
-9.71745447492027 -93.8832192384959 30.2963345962419
-8.74083795579754 -93.4481968534126 30.2798621479255
-7.76422143667481 -93.0131744683293 30.263389699609
-6.78760491755208 -92.578152083246 30.2469172512926
-5.81098839842934 -92.1431296981628 30.2304448029762
-4.83437187930662 -91.7081073130795 30.2139723546598
-3.85775536018388 -91.2730849279962 30.1974999063434
-2.88113884106116 -90.8380625429129 30.181027458027
-1.90452232193842 -90.4030401578296 30.1645550097106
-0.927905802815694 -89.9680177727463 30.1480825613942
0.0487107163070351 -89.532995387663 30.1316101130778
0.991103219875894 -89.052273124063 30.0598449762132
1.83084127629027 -88.434474725818 29.8222302076574
2.67057933270464 -87.816676327573 29.5846154391016
3.51031738911901 -87.198877929328 29.3470006705459
4.35005544553338 -86.581079531083 29.1093859019901
5.18979350194775 -85.963281132838 28.8717711334343
6.02953155836212 -85.345482734593 28.6341563648786
6.8692696147765 -84.727684336348 28.3965415963228
7.70900767119087 -84.109885938103 28.158926827767
8.54874572760524 -83.492087539858 27.9213120592112
9.38848378401961 -82.874289141613 27.6836972906555
10.228221840434 -82.256490743368 27.4460825220997
11.0567786044276 -81.6324568792091 27.19720515938
11.6764708782623 -80.8919456562609 26.7379446048601
12.2961631520969 -80.1514344333127 26.2786840503402
12.9158554259315 -79.4109232103644 25.8194234958204
13.5355476997662 -78.6704119874162 25.3601629413005
14.1552399736008 -77.929900764468 24.9009023867806
14.7749322474354 -77.1893895415198 24.4416418322608
15.3946245212701 -76.4488783185716 23.9823812777409
16.0143167951047 -75.7083670956234 23.523120723221
16.6340090689393 -74.9678558726752 23.0638601687011
17.2537013427739 -74.2273446497269 22.6045996141813
17.8733936166086 -73.4868334267787 22.1453390596614
18.4930858904432 -72.7463222038305 21.6860785051415
18.8894536884338 -71.9689597592597 21.0836392970991
19.2267841115976 -71.1818554385442 20.4433498184883
19.5641145347614 -70.3947511178287 19.8030603398776
19.9014449579252 -69.6076467971132 19.1627708612668
20.238775381089 -68.8205424763977 18.5224813826561
20.5761058042528 -68.0334381556822 17.8821919040454
20.9134362274165 -67.2463338349667 17.2419024254346
21.2507666505803 -66.4592295142512 16.6016129468239
21.5880970737441 -65.6721251935357 15.9613234682131
21.9254274969079 -64.8850208728202 15.3210339896024
22.2627579200717 -64.0979165521047 14.6807445109917
22.6000883432355 -63.3108122313892 14.0404550323809
22.8081093033177 -62.5319507806704 13.3561085246887
22.8430658112098 -61.7641213746796 12.6127972249277
22.8780223191019 -60.9962919686888 11.8694859251668
22.912978826994 -60.228462562698 11.1261746254059
22.947935334886 -59.4606331567072 10.3828633256449
22.9828918427781 -58.6928037507164 9.63955202588398
23.0178483506702 -57.9249743447256 8.89624072612305
23.0528048585623 -57.1571449387348 8.15292942636211
23.0877613664544 -56.389315532744 7.40961812660118
23.1227178743465 -55.6214861267532 6.66630682684024
23.1576743822386 -54.8536567207624 5.92299552707931
23.1926308901307 -54.0858273147716 5.17968422731837
23.2275873980228 -53.3179979087808 4.43637292755744
22.9859809712106 -52.5899801046641 3.69577150834159
22.7216287870681 -51.8652365825337 2.95539296167134
22.4572766029256 -51.1404930604033 2.21501441500109
22.1929244187831 -50.4157495382728 1.47463586833083
21.9285722346406 -49.6910060161424 0.734257321660581
21.6642200504981 -48.966262494012 -0.00612122500967115
21.3998678663556 -48.2415189718816 -0.746499771679924
21.1355156822131 -47.5167754497511 -1.48687831835018
20.8711634980706 -46.7920319276207 -2.22725686502043
20.6068113139281 -46.0672884054903 -2.96763541169068
20.3424591297856 -45.3425448833598 -3.70801395836094
20.0781069456431 -44.6178013612294 -4.44839250503119
19.7271142753899 -43.901690992583 -5.14534099715136
19.1789186183277 -43.2052306020134 -5.74343805319343
18.6307229612654 -42.5087702114437 -6.3415351092355
18.0825273042032 -41.8123098208741 -6.93963216527756
17.534331647141 -41.1158494303044 -7.53772922131963
16.9861359900788 -40.4193890397348 -8.1358262773617
16.4379403330165 -39.7229286491651 -8.73392333340376
15.8897446759543 -39.0264682585955 -9.33202038944583
15.3415490188921 -38.3300078680259 -9.9301174454879
14.7933533618299 -37.6335474774562 -10.52821450153
14.2451577047676 -36.9370870868866 -11.126311557572
13.6969620477054 -36.2406266963169 -11.7244086136141
13.1487663906432 -35.5441663057473 -12.3225056696562
12.4587410338742 -34.8596434480515 -12.7340775550288
11.6934910800603 -34.1814520999198 -13.0467189566499
10.9282411262464 -33.5032607517881 -13.3593603582709
10.1629911724325 -32.8250694036563 -13.6720017598919
9.39774121861861 -32.1468780555246 -13.9846431615129
8.6324912648047 -31.4686867073928 -14.2972845631339
7.8672413109908 -30.7904953592611 -14.6099259647549
7.10199135717689 -30.1123040111293 -14.922567366376
6.33674140336299 -29.4341126629976 -15.235208767997
5.57149144954909 -28.7559213148659 -15.547850169618
4.80624149573518 -28.0777299667341 -15.860491571239
4.04099154192127 -27.3995386186024 -16.17313297286
3.27243083043362 -26.7231540935237 -16.4739034551728
2.40461497355797 -26.1009373760869 -16.4187886876609
1.53679911668231 -25.4787206586502 -16.363673920149
0.668983259806649 -24.8565039412134 -16.3085591526372
-0.198832597069009 -24.2342872237766 -16.2534443851253
-1.06664845394467 -23.6120705063399 -16.1983296176134
-1.93446431082033 -22.9898537889031 -16.1432148501015
-2.80228016769598 -22.3676370714664 -16.0881000825896
-3.67009602457164 -21.7454203540296 -16.0329853150778
-4.5379118814473 -21.1232036365929 -15.9778705475659
-5.40572773832296 -20.5009869191561 -15.922755780054
-6.27354359519862 -19.8787702017194 -15.8676410125421
-7.14135945207428 -19.2565534842826 -15.8125262450302
-8.00145412001324 -18.6906204930825 -15.5908653931102
-8.85304113224198 -18.1867041898349 -15.1856943644999
-9.70462814447071 -17.6827878865873 -14.7805233358896
-10.5562151566995 -17.1788715833397 -14.3753523072794
-11.4078021689282 -16.6749552800921 -13.9701812786691
-12.2593891811569 -16.1710389768445 -13.5650102500589
-13.1109761933857 -15.6671226735969 -13.1598392214486
-13.9625632056144 -15.1632063703493 -12.7546681928384
-14.8141502178431 -14.6592900671016 -12.3494971642281
-15.6657372300719 -14.155373763854 -11.9443261356179
-16.5173242423006 -13.6514574606064 -11.5391551070076
-17.3689112545294 -13.1475411573588 -11.1339840783974
-18.2204982667581 -12.6436248541112 -10.7288130497871
-18.9941568285505 -12.27314254557 -10.0926535172941
-19.7649982751542 -11.9074838788577 -9.44814374533047
-20.5358397217579 -11.5418252121455 -8.80363397336679
-21.3066811683615 -11.1761665454332 -8.15912420140311
-22.0775226149652 -10.8105078787209 -7.51461442943944
-22.8483640615688 -10.4448492120087 -6.87010465747576
-23.6192055081725 -10.0791905452964 -6.22559488551209
-24.3900469547762 -9.71353187858411 -5.58108511354841
-25.1608884013798 -9.34787321187183 -4.93657534158474
-25.9317298479835 -8.98221454515956 -4.29206556962106
-26.7025712945871 -8.61655587844728 -3.64755579765738
-27.4734127411908 -8.25089721173501 -3.00304602569371
-28.2229308543828 -7.91728961049591 -2.31999550385965
-28.9461037083071 -7.62328152277544 -1.58932737796222
-29.6692765622314 -7.32927343505497 -0.858659252064804
-30.3924494161557 -7.03526534733449 -0.127991126167383
-31.1156222700799 -6.74125725961402 0.602676999730038
-31.8387951240042 -6.44724917189355 1.33334512562746
-32.5619679779285 -6.15324108417308 2.06401325152488
-33.2851408318528 -5.85923299645261 2.7946813774223
-34.0083136857771 -5.56522490873214 3.52534950331972
-34.7314865397014 -5.27121682101167 4.25601762921714
-35.4546593936256 -4.9772087332912 4.98668575511456
-36.1778322475499 -4.68320064557073 5.71735388101198
-36.9010051014742 -4.38919255785026 6.4480220069094
-37.6574431181682 -4.05001539437789 7.1227874268988
-38.4178465291219 -3.70545382335153 7.79088893032649
-39.1782499400756 -3.36089225232517 8.45899043375417
-39.9386533510293 -3.01633068129881 9.12709193718186
-40.6990567619829 -2.67176911027245 9.79519344060955
-41.4594601729366 -2.32720753924609 10.4632949440372
-42.2198635838903 -1.98264596821973 11.1313964474649
-42.980266994844 -1.63808439719337 11.7994979508926
-43.7406704057977 -1.29352282616701 12.4675994543203
-44.5010738167514 -0.948961255140652 13.135700957748
-45.2614772277051 -0.604399684114292 13.8038024611757
-46.0218806386587 -0.259838113087931 14.4719039646034
-46.8024970903575 0.133019673462423 15.0769255210995
-47.6238552374754 0.623224006115448 15.5548022300024
-48.4452133845932 1.11342833876847 16.0326789389052
-49.2665715317111 1.6036326714215 16.5105556478081
-50.0879296788289 2.09383700407452 16.988432356711
-50.9092878259467 2.58404133672755 17.4663090656139
-51.7306459730646 3.07424566938057 17.9441857745167
-52.5520041201824 3.5644500020336 18.4220624834196
-53.3733622673003 4.05465433468662 18.8999391923225
-54.1947204144181 4.54485866733965 19.3778159012254
-55.0160785615359 5.03506299999267 19.8556926101282
-55.8374367086538 5.52526733264569 20.3335693190311
-56.6587948557716 6.01547166529872 20.811446027934
-57.4757213770334 6.63844154699172 21.0746332886612
-58.2913569068307 7.30008779626712 21.2752786620257
-59.106992436628 7.96173404554252 21.4759240353901
-59.9226279664253 8.62338029481792 21.6765694087546
-60.7382634962226 9.28502654409332 21.8772147821191
-61.5538990260199 9.94667279336872 22.0778601554836
-62.3695345558172 10.6083190426441 22.2785055288481
-63.1851700856145 11.2699652919195 22.4791509022125
-64.0008056154118 11.9316115411949 22.679796275577
-64.8164411452091 12.5932577904703 22.8804416489415
-65.6320766750064 13.2549040397457 23.081087022306
-66.4477122048037 13.9165502890211 23.2817323956705
-67.2378715014938 14.608842400414 23.4150623211989
-67.9368649884482 15.4107996582683 23.3075062694372
-68.6358584754026 16.2127569161226 23.1999502176756
-69.334851962357 17.014714173977 23.0923941659139
-70.0338454493114 17.8166714318313 22.9848381141523
-70.7328389362659 18.6186286896856 22.8772820623906
-71.4318324232203 19.42058594754 22.7697260106289
-72.1308259101747 20.2225432053943 22.6621699588673
-72.8298193971291 21.0245004632487 22.5546139071056
-73.5288128840835 21.826457721103 22.447057855344
-74.2278063710379 22.6284149789573 22.3395018035823
-74.9267998579923 23.4303722368117 22.2319457518207
-75.6257933449468 24.232329494666 22.124389700059
-76.1757008803009 25.082556896571 21.8290510860576
-76.6488813136937 25.9576265336063 21.4370701550244
-77.1220617470864 26.8326961706416 21.0450892239912
-77.5952421804791 27.7077658076769 20.653108292958
-78.0684226138719 28.5828354447122 20.2611273619248
-78.5416030472646 29.4579050817475 19.8691464308916
-79.0147834806574 30.3329747187828 19.4771654998584
-79.4879639140501 31.2080443558181 19.0851845688252
-79.9611443474429 32.0831139928534 18.693203637792
-80.4343247808356 32.9581836298887 18.3012227067588
-80.9075052142283 33.833253266924 17.9092417757256
-81.3806856476211 34.7083229039593 17.5172608446923
-81.8230370210189 35.5822637301487 17.1036203117809
-81.9887458296374 36.4460752456292 16.4956187501299
-82.1544546382558 37.3098867611096 15.8876171884788
-82.3201634468743 38.17369827659 15.2796156268277
-82.4858722554927 39.0375097920705 14.6716140651766
-82.6515810641112 39.9013213075509 14.0636125035256
-82.8172898727296 40.7651328230313 13.4556109418745
-82.9829986813481 41.6289443385117 12.8476093802234
-83.1487074899665 42.4927558539922 12.2396078185723
-83.314416298585 43.3565673694726 11.6316062569213
-83.4801251072034 44.220378884953 11.0236046952702
-83.6458339158219 45.0841904004335 10.4156031336191
-83.8115427244403 45.9480019159139 9.80760157196803
-83.7909277509961 46.7590745886153 9.13748966776483
-83.6082001795118 47.5242613806961 8.41333812951808
-83.4254726080275 48.2894481727768 7.68918659127132
-83.2427450365433 49.0546349648576 6.96503505302457
-83.060017465059 49.8198217569383 6.24088351477781
-82.8772898935747 50.585008549019 5.51673197653106
-82.6945623220905 51.3501953410998 4.7925804382843
-82.5118347506062 52.1153821331805 4.06842890003755
-82.3291071791219 52.8805689252612 3.34427736179079
-82.1463796076377 53.645755717342 2.62012582354404
-81.9636520361534 54.4109425094227 1.89597428529728
-81.7809244646691 55.1761293015035 1.17182274705052
-81.5981968931849 55.9413160935842 0.447671208803768
-81.0860598335492 56.5368202169897 -0.273915557107055
-80.5602515293964 57.1252821229205 -0.995395879120551
-80.0344432252436 57.7137440288514 -1.71687620113405
-79.5086349210908 58.3022059347822 -2.43835652314754
-78.982826616938 58.8906678407131 -3.15983684516103
-78.4570183127852 59.4791297466439 -3.88131716717453
-77.9312100086325 60.0675916525748 -4.60279748918802
-77.4054017044797 60.6560535585056 -5.32427781120152
-76.8795934003269 61.2445154644364 -6.04575813321501
-76.3537850961741 61.8329773703673 -6.76723845522851
-75.8279767920213 62.4214392762981 -7.488718777242
-75.3021684878685 63.009901182229 -8.2101990992555
-74.6710790448037 63.5137112699425 -8.88515518014031
-73.8562325208449 63.86977057182 -9.47890812408192
-73.0413859968861 64.2258298736975 -10.0726610680235
-72.2265394729274 64.5818891755749 -10.6664140119651
-71.4116929489686 64.9379484774524 -11.2601669559068
-70.5968464250098 65.2940077793299 -11.8539198998484
-69.7819999010511 65.6500670812073 -12.44767284379
-68.9671533770923 66.0061263830848 -13.0414257877316
-68.1523068531335 66.3621856849623 -13.6351787316732
-67.3374603291747 66.7182449868397 -14.2289316756148
-66.522613805216 67.0743042887172 -14.8226846195564
-65.7077672812572 67.4303635905947 -15.4164375634981
-64.8929207572984 67.7864228924721 -16.0101905074397
-63.9358877084992 67.9528254952825 -16.4219606816008
-62.9308688593517 68.0552218323348 -16.7723144250045
-61.9258500102042 68.157618169387 -17.1226681684081
-60.9208311610566 68.2600145064392 -17.4730219118117
-59.9158123119091 68.3624108434915 -17.8233756552153
-58.9107934627615 68.4648071805438 -18.1737293986189
-57.905774613614 68.567203517596 -18.5240831420225
-56.9007557644665 68.6695998546483 -18.8744368854262
-55.8957369153189 68.7719961917005 -19.2247906288298
-54.8907180661714 68.8743925287528 -19.5751443722334
-53.8856992170238 68.976788865805 -19.925498115637
-52.8806803678763 69.0791852028573 -20.2758518590406
-51.8705335546278 69.16118181858 -20.5965924072055
-50.8086902431651 69.0375229077577 -20.6187937174496
-49.7468469317023 68.9138639969354 -20.6409950276938
-48.6850036202396 68.7902050861131 -20.663196337938
-47.6231603087768 68.6665461752907 -20.6853976481821
-46.5613169973141 68.5428872644684 -20.7075989584263
-45.4994736858513 68.4192283536461 -20.7298002686705
-44.4376303743886 68.2955694428237 -20.7520015789146
-43.3757870629259 68.1719105320014 -20.7742028891588
-42.3139437514631 68.0482516211791 -20.7964041994029
-41.2521004400004 67.9245927103568 -20.8186055096471
-40.1902571285376 67.8009337995344 -20.8408068198913
-39.1284138170749 67.6772748887121 -20.8630081301354
-38.0974596293923 67.5009235181253 -20.7500669152852
-37.117870310857 67.2369509731693 -20.4124000602023
-36.1382809923218 66.9729784282133 -20.0747332051193
-35.1586916737865 66.7090058832572 -19.7370663500364
-34.1791023552513 66.4450333383012 -19.3993994949535
-33.199513036716 66.1810607933452 -19.0617326398706
-32.2199237181808 65.9170882483891 -18.7240657847877
-31.2403343996456 65.6531157034331 -18.3863989297048
-30.2607450811103 65.389143158477 -18.0487320746219
-29.2811557625751 65.125170613521 -17.711065219539
-28.3015664440398 64.861198068565 -17.3733983644561
-27.3219771255046 64.5972255236089 -17.0357315093732
-26.3423878069693 64.3332529786529 -16.6980646542903
-25.4621812098702 64.0686285362203 -16.1818282317345
-24.6581357767264 63.8035045173032 -15.528746430936
-23.8540903435825 63.538380498386 -14.8756646301375
-23.0500449104386 63.2732564794689 -14.2225828293391
-22.2459994772947 63.0081324605518 -13.5695010285406
-21.4419540441509 62.7430084416347 -12.9164192277421
-20.637908611007 62.4778844227175 -12.2633374269436
-19.8338631778631 62.2127604038004 -11.6102556261451
-19.0298177447192 61.9476363848833 -10.9571738253466
-18.2257723115754 61.6825123659662 -10.3040920245481
-17.4217268784315 61.4173883470491 -9.6510102237496
-16.6176814452876 61.1522643281319 -8.9979284229511
-15.8136360121437 60.8871403092148 -8.34484662215261
-15.1082998616192 60.7150755491949 -7.57280601777286
-14.4640410872423 60.6005921554747 -6.72715843946308
-13.8197823128654 60.4861087617545 -5.88151086115329
-13.1755235384885 60.3716253680343 -5.03586328284351
-12.5312647641117 60.257141974314 -4.19021570453372
-11.8870059897348 60.1426585805938 -3.34456812622393
-11.2427472153579 60.0281751868736 -2.49892054791415
-10.5984884409811 59.9136917931534 -1.65327296960436
-9.95422966660419 59.7992083994332 -0.807625391294578
-9.30997089222731 59.684725005713 0.0380221870152082
-8.66571211785044 59.5702416119928 0.883669765324994
-8.02145334347357 59.4557582182726 1.72931734363478
-7.3771945690967 59.3412748245524 2.57496492194457
-6.74659404558711 59.3494187430292 3.43021459508546
-6.12858531802567 59.4706150653504 4.2943166183525
-5.51057659046422 59.5918113876716 5.15841864161955
-4.89256786290278 59.7130077099928 6.02252066488659
-4.27455913534134 59.8342040323139 6.88662268815364
-3.6565504077799 59.9554003546351 7.75072471142068
-3.03854168021846 60.0765966769563 8.61482673468772
-2.42053295265702 60.1977929992775 9.47892875795477
-1.80252422509558 60.3189893215987 10.3430307812218
-1.18451549753414 60.4401856439198 11.2071328044889
-0.566506769972701 60.561381966241 12.0712348277559
0.0515019575887415 60.6825782885622 12.9353368510229
0.669510685150182 60.8037746108834 13.79943887429
1.33757813179076 61.0019486431955 14.5984836031726
2.08168337847924 61.317049673004 15.2987081138581
2.82578862516773 61.6321507028125 15.9989326245436
3.56989387185622 61.947251732621 16.6991571352292
4.31399911854471 62.2623527624295 17.3993816459147
5.05810436523319 62.5774537922379 18.0996061566002
5.80220961192168 62.8925548220464 18.7998306672857
6.54631485861017 63.2076558518549 19.5000551779713
7.29042010529865 63.5227568816634 20.2002796886568
8.03452535198714 63.8378579114719 20.9005041993423
8.77863059867563 64.1529589412804 21.6007287100278
9.52273584536412 64.4680599710889 22.3009532207134
10.2668410920526 64.7831610008974 23.0011777313989
11.0809719206543 65.1196011538587 23.5815030093941
12.0033881411334 65.489039466204 23.9764198260391
12.9258043616124 65.8584777785494 24.3713366426841
13.8482205820915 66.2279160908947 24.7662534593291
14.7706368025706 66.59735440324 25.1611702759741
15.6930530230497 66.9667927155853 25.5560870926191
16.6154692435287 67.3362310279307 25.9510039092641
17.5378854640078 67.705669340276 26.3459207259091
18.4603016844869 68.0751076526213 26.7408375425541
19.382717904966 68.4445459649667 27.1357543591991
20.305134125445 68.813984277312 27.5306711758441
21.2275503459241 69.1834225896573 27.9255879924891
22.1499665664032 69.5528609020026 28.3205048091341
23.1313196088919 69.8697573553415 28.5212681592089
24.1656832913231 70.13939510903 28.547400452518
25.2000469737544 70.4090328627184 28.573532745827
26.2344106561856 70.6786706164069 28.599665039136
27.2687743386169 70.9483083700953 28.625797332445
28.3031380210482 71.2179461237837 28.651929625754
29.3375017034794 71.4875838774722 28.678061919063
30.3718653859107 71.7572216311606 28.704194212372
31.4062290683419 72.0268593848491 28.730326505681
32.4405927507732 72.2964971385375 28.7564587989901
33.4749564332045 72.566134892226 28.7825910922991
34.5093201156357 72.8357726459144 28.8087233856081
35.543683798067 73.1054103996028 28.8348556789171
36.5655615242584 73.2150956533396 28.5991365870246
37.583273082132 73.2714098216065 28.2760459775613
38.6009846400056 73.3277239898734 27.952955368098
39.6186961978792 73.3840381581402 27.6298647586348
40.6364077557529 73.4403523264071 27.3067741491715
41.6541193136265 73.496666494674 26.9836835397082
42.6718308715001 73.5529806629408 26.6605929302449
43.6895424293737 73.6092948312077 26.3375023207816
44.7072539872473 73.6656089994746 26.0144117113184
45.724965545121 73.7219231677414 25.6913211018551
46.7426771029946 73.7782373360083 25.3682304923918
47.7603886608682 73.8345515042752 25.0451398829285
48.7736142372583 73.8829529361431 24.7141462040734
49.639461755227 73.6713970472861 24.1235127949118
50.5053092731957 73.4598411584292 23.5328793857502
51.3711567911644 73.2482852695723 22.9422459765885
52.2370043091331 73.0367293807154 22.3516125674269
53.1028518271018 72.8251734918585 21.7609791582653
53.9686993450705 72.6136176030016 21.1703457491037
54.8345468630392 72.4020617141446 20.579712339942
55.7003943810079 72.1905058252877 19.9890789307804
56.5662418989766 71.9789499364308 19.3984455216188
57.4320894169453 71.7673940475739 18.8078121124571
58.297936934914 71.555838158717 18.2171787032955
59.1637844528828 71.34428226986 17.6265452941339
59.9394494866973 71.0400730841303 16.9842755009137
60.5449011174266 70.560987001676 16.2445454887158
61.1503527481558 70.0819009192218 15.5048154765179
61.7558043788851 69.6028148367675 14.7650854643199
62.3612560096144 69.1237287543132 14.025355452122
62.9667076403437 68.6446426718589 13.285625439924
63.5721592710729 68.1655565894046 12.5458954277261
64.1776109018022 67.6864705069503 11.8061654155282
64.7830625325314 67.207384424496 11.0664354033302
65.3885141632607 66.7282983420417 10.3267053911323
65.99396579399 66.2492122595874 9.58697537893436
66.5994174247193 65.7701261771332 8.84724536673642
67.2048690554485 65.2910400946789 8.10751535453848
67.5858220210897 64.6575366186334 7.35712326338848
67.8648617236152 63.9539339263788 6.60189102204349
68.1439014261408 63.2503312341241 5.8466587806985
68.4229411286664 62.5467285418695 5.09142653935352
68.7019808311919 61.8431258496149 4.33619429800853
68.9810205337175 61.1395231573602 3.58096205666354
69.260060236243 60.4359204651056 2.82572981531855
69.5390999387686 59.732317772851 2.07049757397357
69.8181396412941 59.0287150805963 1.31526533262858
70.0971793438197 58.3251123883417 0.56003309128359
70.3762190463452 57.6215096960871 -0.195199150061398
70.6552587488708 56.9179070038325 -0.950431391406387
70.9178290187067 56.2071108747771 -1.70016721978005
70.8531751520987 55.3533914168165 -2.34069716219698
70.7885212854908 54.4996719588559 -2.98122710461391
70.7238674188829 53.6459525008954 -3.62175704703084
70.6592135522749 52.7922330429348 -4.26228698944777
70.594559685667 51.9385135849742 -4.9028169318647
70.5299058190591 51.0847941270136 -5.54334687428163
70.4652519524511 50.2310746690531 -6.18387681669856
70.4005980858432 49.3773552110925 -6.82440675911548
70.3359442192353 48.5236357531319 -7.46493670153241
70.2712903526273 47.6699162951713 -8.10546664394934
70.2066364860194 46.8161968372108 -8.74599658636627
70.1419826194114 45.9624773792502 -9.3865265287832
69.9468054366385 45.0847126035966 -9.93231745786067
69.5707767448908 44.173630930117 -10.3468391698768
69.1947480531432 43.2625492566375 -10.761360881893
68.8187193613955 42.351467583158 -11.1758825939091
68.4426906696478 41.4403859096785 -11.5904043059253
68.0666619779001 40.529304236199 -12.0049260179414
67.6906332861524 39.6182225627195 -12.4194477299576
67.3146045944048 38.70714088924 -12.8339694419738
66.9385759026571 37.7960592157605 -13.2484911539899
66.5625472109094 36.884977542281 -13.6630128660061
66.1865185191617 35.9738958688015 -14.0775345780222
65.810489827414 35.062814195322 -14.4920562900384
65.4344611356664 34.1517325218425 -14.9065780020545
64.8710653617329 33.2724304353678 -15.077607866668
64.2616009944542 32.400942106002 -15.1887695475534
63.6521366271755 31.5294537766362 -15.2999312284388
63.0426722598967 30.6579654472705 -15.4110929093243
62.433207892618 29.7864771179047 -15.5222545902097
61.8237435253393 28.9149887885389 -15.6334162710951
61.2142791580606 28.0435004591731 -15.7445779519805
60.6048147907819 27.1720121298073 -15.8557396328659
59.9953504235031 26.3005238004415 -15.9669013137514
59.3858860562244 25.4290354710758 -16.0780629946368
58.7764216889457 24.55754714171 -16.1892246755222
58.166957321667 23.6860588123442 -16.3003863564076
57.5344808348629 22.8377342910375 -16.3496973175731
56.8023510090502 22.0897199916865 -16.1311654695001
56.0702211832375 21.3417056923354 -15.9126336214272
55.3380913574247 20.5936913929843 -15.6941017733542
54.605961531612 19.8456770936332 -15.4755699252812
53.8738317057992 19.0976627942821 -15.2570380772082
53.1417018799865 18.349648494931 -15.0385062291353
52.4095720541737 17.6016341955799 -14.8199743810623
51.677442228361 16.8536198962288 -14.6014425329893
50.9453124025482 16.1056055968777 -14.3829106849164
50.2131825767355 15.3575912975266 -14.1643788368434
49.4810527509227 14.6095769981756 -13.9458469887704
48.74892292511 13.8615626988245 -13.7273151406975
48.0123292638562 13.2112443778798 -13.3402171355792
47.2724485615669 12.6328665875086 -12.8289918227417
46.5325678592777 12.0544887971373 -12.3177665099042
45.7926871569884 11.4761110067661 -11.8065411970668
45.0528064546992 10.8977332163949 -11.2953158842293
44.3129257524099 10.3193554260237 -10.7840905713918
43.5730450501207 9.74097763565253 -10.2728652585544
42.8331643478314 9.16259984528132 -9.7616399457169
42.0932836455422 8.58422205491012 -9.25041463287943
41.3534029432529 8.00584426453891 -8.73918932004196
40.6135222409636 7.42746647416771 -8.22796400720449
39.8736415386744 6.8490886837965 -7.71673869436702
39.1337608363851 6.27071089342529 -7.20551338152955
38.4527918867948 5.83310367598861 -6.50838856961147
37.7739553820689 5.40059196957569 -5.80453470255686
37.0951188773429 4.96808026316278 -5.10068083550224
36.416282372617 4.53556855674986 -4.39682696844763
35.737445867891 4.10305685033694 -3.69297310139301
35.0586093631651 3.67054514392402 -2.9891192343384
34.3797728584391 3.23803343751111 -2.28526536728378
33.7009363537132 2.80552173109819 -1.58141150022917
33.0220998489872 2.37301002468527 -0.877557633174555
32.3432633442613 1.94049831827235 -0.17370376611994
31.6644268395353 1.50798661185943 0.530150100934674
30.9855903348094 1.07547490544652 1.23400396798929
30.3198243836523 0.654335794764233 1.95615236717929
29.6786585207309 0.254601045953035 2.71273290441086
29.0374926578095 -0.145133702858163 3.46931344164242
28.3963267948881 -0.544868451669361 4.22589397887398
27.7551609319667 -0.944603200480559 4.98247451610554
27.1139950690453 -1.34433794929176 5.7390550533371
26.4728292061239 -1.74407269810295 6.49563559056867
25.8316633432025 -2.14380744691415 7.25221612780023
25.1904974802811 -2.54354219572535 8.00879666503179
24.5493316173597 -2.94327694453655 8.76537720226335
23.9081657544383 -3.34301169334775 9.52195773949491
23.2669998915169 -3.74274644215894 10.2785382767265
22.6258340285955 -4.14248119097014 11.035118813958
21.9568937330364 -4.62179001326084 11.7146203288921
21.2786802649721 -5.12766658294476 12.3683871301917
20.6004667969078 -5.63354315262867 13.0221539314913
19.9222533288435 -6.13941972231258 13.675920732791
19.2440398607793 -6.64529629199649 14.3296875340906
18.565826392715 -7.15117286168041 14.9834543353903
17.8876129246507 -7.65704943136432 15.6372211366899
17.2093994565865 -8.16292600104823 16.2909879379895
16.5311859885222 -8.66880257073215 16.9447547392892
15.8529725204579 -9.17467914041606 17.5985215405888
15.1747590523937 -9.68055571009997 18.2522883418885
14.4965455843294 -10.1864322797839 18.9060551431881
13.8064930442452 -10.7264827652036 19.5055835789771
13.0717725495902 -11.3954689402642 19.9004746206735
12.3370520549351 -12.0644551153248 20.2953656623699
11.6023315602801 -12.7334412903855 20.6902567040663
10.867611065625 -13.4024274654461 21.0851477457628
10.1328905709699 -14.0714136405067 21.4800387874592
9.39817007631489 -14.7403998155673 21.8749298291556
8.66344958165984 -15.409385990628 22.269820870852
7.92872908700479 -16.0783721656886 22.6647119125484
7.19400859234973 -16.7473583407492 23.0596029542448
6.45928809769468 -17.4163445158098 23.4544939959412
5.72456760303963 -18.0853306908705 23.8493850376376
4.98984710838457 -18.7543168659311 24.244276079334
4.26120389180746 -19.5037508112006 24.3825180494548
3.5352150726709 -20.288322255956 24.4086623617145
2.80922625353434 -21.0728937007115 24.4348066739742
2.08323743439777 -21.8574651454669 24.4609509862339
1.35724861526121 -22.6420365902224 24.4870952984935
0.631259796124647 -23.4266080349778 24.5132396107532
-0.0947290230119153 -24.2111794797333 24.5393839230129
-0.820717842148479 -24.9957509244887 24.5655282352725
-1.54670666128504 -25.7803223692442 24.5916725475322
-2.27269548042161 -26.5648938139996 24.6178168597919
-2.99868429955817 -27.3494652587551 24.6439611720515
-3.72467311869473 -28.1340367035106 24.6701054843112
-4.43202783703791 -28.9216224357781 24.6357856016103
-5.03964204617487 -29.7253423821236 24.2778262977757
-5.64725625531183 -30.5290623284691 23.9198669939411
-6.25487046444879 -31.3327822748147 23.5619076901066
-6.86248467358575 -32.1365022211602 23.203948386272
-7.47009888272271 -32.9402221675057 22.8459890824375
-8.07771309185967 -33.7439421138512 22.4880297786029
-8.68532730099663 -34.5476620601967 22.1300704747684
-9.29294151013359 -35.3513820065422 21.7721111709338
-9.90055571927055 -36.1551019528877 21.4141518670992
-10.5081699284075 -36.9588218992333 21.0561925632647
-11.1157841375445 -37.7625418455788 20.6982332594301
-11.7233983466814 -38.5662617919243 20.3402739555956
-12.2014276210558 -39.3399313296613 19.8101186890241
-12.583241322385 -40.0912887267949 19.1521095692161
-12.9650550237141 -40.8426461239284 18.4941004494081
-13.3468687250433 -41.594003521062 17.8360913296002
-13.7286824263725 -42.3453609181956 17.1780822097922
-14.1104961277016 -43.0967183153292 16.5200730899842
-14.4923098290308 -43.8480757124627 15.8620639701762
-14.8741235303599 -44.5994331095963 15.2040548503682
-15.2559372316891 -45.3507905067299 14.5460457305603
-15.6377509330183 -46.1021479038635 13.8880366107523
-16.0195646343474 -46.853505300997 13.2300274909443
-16.4013783356766 -47.6048626981306 12.5720183711363
-16.7831920370058 -48.3562200952642 11.9140092513283
-16.8875389759493 -49.0464124642413 11.1068560880769
-16.9796374557421 -49.733904771624 10.2931191282368
-17.0717359355349 -50.4213970790067 9.47938216839657
-17.1638344153277 -51.1088893863894 8.66564520855638
-17.2559328951205 -51.7963816937721 7.8519082487162
-17.3480313749133 -52.4838740011548 7.03817128887601
-17.440129854706 -53.1713663085375 6.22443432903583
-17.5322283344988 -53.8588586159202 5.41069736919565
-17.6243268142916 -54.5463509233029 4.59696040935546
-17.7164252940844 -55.2338432306856 3.78322344951528
-17.8085237738772 -55.9213355380683 2.96948648967509
-17.90062225367 -56.6088278454511 2.15574952983491
-17.8923161875106 -57.2811806990033 1.33681098062942
-17.6848203508145 -57.9234988135312 0.507553143763439
-17.4773245141184 -58.565816928059 -0.321704693102538
-17.2698286774222 -59.2081350425869 -1.15096252996852
-17.0623328407261 -59.8504531571148 -1.98022036683449
-16.85483700403 -60.4927712716426 -2.80947820370047
-16.6473411673339 -61.1350893861705 -3.63873604056645
-16.4398453306377 -61.7774075006983 -4.46799387743242
-16.2323494939416 -62.4197256152262 -5.2972517142984
-16.0248536572455 -63.0620437297541 -6.12650955116438
-15.8173578205494 -63.7043618442819 -6.95576738803035
-15.6098619838532 -64.3466799588098 -7.78502522489633
-15.4023661471571 -64.9889980733377 -8.61428306176231
-14.965468905359 -65.5904942075807 -9.37208427626005
-14.4654018766127 -66.1807492781682 -10.1102086295414
-13.9653348478665 -66.7710043487558 -10.8483329828228
-13.4652678191202 -67.3612594193434 -11.5864573361042
-12.965200790374 -67.951514489931 -12.3245816893855
-12.4651337616277 -68.5417695605186 -13.0627060426669
-11.9650667328815 -69.1320246311062 -13.8008303959482
-11.4649997041352 -69.7222797016937 -14.5389547492296
-10.964932675389 -70.3125347722813 -15.277079102511
-10.4648656466427 -70.9027898428689 -16.0152034557923
-9.96479861789649 -71.4930449134565 -16.7533278090737
-9.46473158915024 -72.0832999840441 -17.4914521623551
-8.86963819818926 -72.6391364039159 -18.1663712086491
-8.10943291427382 -73.1351691183721 -18.7314686471469
-7.34922763035839 -73.6312018328283 -19.2965660856447
-6.58902234644296 -74.1272345472844 -19.8616635241425
-5.82881706252753 -74.6232672617406 -20.4267609626403
-5.0686117786121 -75.1192999761968 -20.9918584011382
-4.30840649469667 -75.615332690653 -21.556955839636
-3.54820121078124 -76.1113654051092 -22.1220532781338
-2.7879959268658 -76.6073981195653 -22.6871507166316
-2.02779064295037 -77.1034308340215 -23.2522481551294
-1.26758535903494 -77.5994635484777 -23.8173455936272
-0.507380075119511 -78.0954962629338 -24.382443032125
0.26408662123393 -78.583175099149 -24.9341482973376
1.21304365218587 -78.9391890440944 -25.2747804551146
2.1620006831378 -79.2952029890397 -25.6154126128916
3.11095771408974 -79.6512169339851 -25.9560447706686
4.05991474504168 -80.0072308789305 -26.2966769284456
5.00887177599361 -80.3632448238758 -26.6373090862225
5.95782880694555 -80.7192587688212 -26.9779412439995
6.90678583789749 -81.0752727137666 -27.3185734017765
7.85574286884942 -81.4312866587119 -27.6592055595535
8.80469989980136 -81.7873006036573 -27.9998377173305
9.7536569307533 -82.1433145486027 -28.3404698751075
10.7026139617052 -82.499328493548 -28.6811020328845
11.6515709926572 -82.8553424384934 -29.0217341906615
12.6823853491372 -83.0693135741931 -29.1672296153626
13.7305463418789 -83.2531839836638 -29.2713730180168
14.7787073346205 -83.4370543931346 -29.3755164206709
15.8268683273622 -83.6209248026053 -29.4796598233251
16.8750293201039 -83.804795212076 -29.5838032259792
17.9231903128455 -83.9886656215467 -29.6879466286334
18.9713513055872 -84.1725360310175 -29.7920900312875
20.0195122983288 -84.3564064404882 -29.8962334339417
21.0676732910705 -84.5402768499589 -30.0003768365958
22.1158342838121 -84.7241472594296 -30.10452023925
23.1639952765538 -84.9080176689004 -30.2086636419041
24.2121562692954 -85.0918880783711 -30.3128070445583
25.2700175589277 -85.1549200440994 -30.2775173457518
26.333279666644 -85.1506729915075 -30.1645957121316
27.3965417743603 -85.1464259389156 -30.0516740785113
28.4598038820766 -85.1421788863237 -29.9387524448911
29.5230659897929 -85.1379318337318 -29.8258308112708
30.5863280975092 -85.1336847811398 -29.7129091776506
31.6495902052255 -85.1294377285479 -29.5999875440303
32.7128523129418 -85.125190675956 -29.4870659104101
33.7761144206581 -85.1209436233641 -29.3741442767899
34.8393765283744 -85.1166965707722 -29.2612226431696
35.9026386360907 -85.1124495181803 -29.1483010095494
36.965900743807 -85.1082024655884 -29.0353793759291
38.0026726644766 -85.0091843467565 -28.8339729820429
39.0121713687942 -84.8125938027502 -28.5414662872667
40.0216700731117 -84.6160032587439 -28.2489595924904
41.0311687774293 -84.4194127147377 -27.9564528977142
42.0406674817469 -84.2228221707314 -27.663946202938
43.0501661860645 -84.0262316267251 -27.3714395081618
44.0596648903821 -83.8296410827188 -27.0789328133856
45.0691635946997 -83.6330505387125 -26.7864261186093
46.0786622990173 -83.4364599947063 -26.4939194238331
47.0881610033349 -83.2398694507 -26.2014127290569
48.0976597076525 -83.0432789066937 -25.9089060342807
49.1071584119701 -82.8466883626874 -25.6163993395045
50.0767445567205 -82.5806808272268 -25.2737550393317
50.979106033015 -82.1977543498004 -24.8466640402625
51.8814675093094 -81.814827872374 -24.4195730411932
52.7838289856039 -81.4319013949476 -23.9924820421239
53.6861904618983 -81.0489749175212 -23.5653910430546
54.5885519381928 -80.6660484400948 -23.1383000439853
55.4909134144872 -80.2831219626684 -22.711209044916
56.3932748907817 -79.900195485242 -22.2841180458467
57.2956363670761 -79.5172690078156 -21.8570270467775
58.1979978433706 -79.1343425303892 -21.4299360477082
59.100359319665 -78.7514160529628 -21.0028450486389
60.0027207959595 -78.3684895755364 -20.5757540495696
60.8641993987329 -77.9385924230133 -20.1234953051864
61.6187304964588 -77.3858223880493 -19.605399026961
62.3732615941847 -76.8330523530853 -19.0873027487356
63.1277926919106 -76.2802823181213 -18.5692064705103
63.8823237896364 -75.7275122831573 -18.0511101922849
64.6368548873623 -75.1747422481932 -17.5330139140596
65.3913859850882 -74.6219722132292 -17.0149176358342
66.145917082814 -74.0692021782652 -16.4968213576088
66.9004481805399 -73.5164321433012 -15.9787250793835
67.6549792782658 -72.9636621083372 -15.4606288011581
68.4095103759916 -72.4108920733732 -14.9425325229328
69.1640414737175 -71.8581220384092 -14.4244362447074
69.8841051755988 -71.2772890715048 -13.8962985010598
70.4629452192391 -70.5814735301276 -13.3270177454067
71.0417852628793 -69.8856579887505 -12.7577369897535
71.6206253065196 -69.1898424473733 -12.1884562341004
72.1994653501598 -68.4940269059961 -11.6191754784472
72.7783053938001 -67.7982113646189 -11.0498947227941
73.3571454374403 -67.1023958232417 -10.4806139671409
73.9359854810805 -66.4065802818645 -9.91133321148781
74.5148255247208 -65.7107647404873 -9.34205245583466
75.093665568361 -65.0149491991101 -8.77277170018152
75.6725056120013 -64.3191336577329 -8.20349094452838
76.2513456556415 -63.6233181163557 -7.63421018887524
76.8052954486439 -62.9133786484038 -7.06244788684386
77.1930697868203 -62.1091432267219 -6.4741179694808
77.5808441249968 -61.30490780504 -5.88578805211773
77.9686184631732 -60.5006723833581 -5.29745813475468
78.3563928013496 -59.6964369616761 -4.70912821739161
78.744167139526 -58.8922015399942 -4.12079830002856
79.1319414777025 -58.0879661183123 -3.5324683826655
79.5197158158789 -57.2837306966304 -2.94413846530244
79.9074901540553 -56.4794952749484 -2.35580854793938
80.2952644922317 -55.6752598532665 -1.76747863057632
80.6830388304082 -54.8710244315846 -1.17914871321326
81.0708131685846 -54.0667890099027 -0.590818795850196
81.4453361635552 -53.2576276115034 -0.00298598334461925
81.6385096912043 -52.3810524241891 0.5780437677877
81.8316832188535 -51.5044772368748 1.15907351892002
82.0248567465027 -50.6279020495604 1.74010327005234
82.2180302741519 -49.7513268622461 2.32113302118466
82.4112038018011 -48.8747516749317 2.90216277231698
82.6043773294503 -47.9981764876174 3.48319252344929
82.7975508570995 -47.121601300303 4.06422227458161
82.9907243847486 -46.2450261129887 4.64525202571393
83.1838979123978 -45.3684509256744 5.22628177684625
83.377071440047 -44.49187573836 5.80731152797857
83.5702449676962 -43.6153005510457 6.38834127911089
83.7632974126538 -42.7386995427712 6.96935119711218
83.7673178553027 -41.8217873411615 7.51939800701176
83.7713382979515 -40.9048751395519 8.06944481691134
83.7753587406004 -39.9879629379422 8.61949162681092
83.7793791832493 -39.0710507363325 9.1695384367105
83.7833996258982 -38.1541385347229 9.71958524661008
83.787420068547 -37.2372263331132 10.2696320565097
83.7914405111959 -36.3203141315035 10.8196788664092
83.7954609538448 -35.4034019298939 11.3697256763088
83.7994813964937 -34.4864897282842 11.9197724862084
83.8035018391425 -33.5695775266745 12.469819296108
83.8075222817914 -32.6526653250649 13.0198661060076
83.8115427244403 -31.7357531234552 13.5699129159071
83.6511321457765 -30.8041733102892 14.0670559102317
83.4766486020031 -29.8713381574432 14.5596710876954
83.3021650582297 -28.9385030045972 15.0522862651591
83.1276815144563 -28.0056678517512 15.5449014426227
82.9531979706829 -27.0728326989052 16.0375166200864
82.7787144269095 -26.1399975460592 16.5301317975501
82.6042308831361 -25.2071623932133 17.0227469750138
82.4297473393627 -24.2743272403673 17.5153621524775
82.2552637955893 -23.3414920875213 18.0079773299411
82.0807802518159 -22.4086569346753 18.5005925074048
81.9062967080425 -21.4758217818293 18.9932076848685
81.7318131642691 -20.5429866289833 19.4858228623322
81.4217441323779 -19.6117003747287 19.9033820391727
81.0806108871269 -18.6807689911684 20.3037450127199
80.739477641876 -17.7498376076081 20.7041079862672
80.398344396625 -16.8189062240479 21.1044709598145
80.0572111513741 -15.8879748404876 21.5048339333617
79.7160779061231 -14.9570434569273 21.905196906909
79.3749446608722 -14.0261120733671 22.3055598804563
79.0338114156212 -13.0951806898068 22.7059228540035
78.6926781703703 -12.1642493062465 23.1062858275508
78.3515449251193 -11.2333179226862 23.506648801098
78.0104116798684 -10.302386539126 23.9070117746453
77.6692784346175 -9.3714551555657 24.3073747481926
77.2265703452771 -8.45303472086273 24.6144361862834
76.7334307649938 -7.54082592064113 24.875173797028
76.2402911847105 -6.62861712041952 25.1359114077725
75.7471516044272 -5.71640832019791 25.3966490185171
75.2540120241439 -4.80419951997631 25.6573866292616
74.7608724438606 -3.8919907197547 25.9181242400061
74.2677328635773 -2.9797819195331 26.1788618507507
73.7745932832941 -2.06757311931149 26.4395994614952
73.2814537030108 -1.15536431908989 26.7003370722397
72.7883141227275 -0.243155518868282 26.9610746829843
72.2951745424442 0.669053281353324 27.2218122937288
71.8020349621609 1.58126208157493 27.4825499044734
71.2514408486659 2.47395896470471 27.6537609510858
70.6324675309185 3.34343384445905 27.7184224380275
70.0134942131712 4.21290872421339 27.7830839249693
69.3945208954239 5.08238360396773 27.847745411911
68.7755475776765 5.95185848372207 27.9124068988527
68.1565742599292 6.82133336347641 27.9770683857944
67.5376009421818 7.69080824323076 28.0417298727361
66.9186276244345 8.5602831229851 28.1063913596778
66.2996543066872 9.42975800273944 28.1710528466195
65.6806809889398 10.2992328824938 28.2357143335612
65.0617076711925 11.1687077622481 28.3003758205029
64.4427343534451 12.0381826420025 28.3650373074446
63.8120304090171 12.8956372771637 28.3906780521986
63.1187816727579 13.689002949621 28.2082698781988
62.4255329364987 14.4823686220782 28.0258617041989
61.7322842002395 15.2757342945355 27.843453530199
61.0390354639803 16.0690999669927 27.6610453561992
60.3457867277211 16.86246563945 27.4786371821993
59.6525379914619 17.6558313119072 27.2962290081994
58.9592892552027 18.4491969843645 27.1138208341996
58.2660405189435 19.2425626568217 26.9314126601997
57.5727917826843 20.035928329279 26.7490044861998
56.8795430464251 20.8292940017362 26.5665963122
56.1862943101659 21.6226596741935 26.3841881382001
55.4930455739067 22.4160253466507 26.2017799642002
54.8086025382769 23.1359482444245 25.826785808218
54.1274540885254 23.8283930869559 25.3797370726719
53.4463056387739 24.5208379294873 24.9326883371258
52.7651571890225 25.2132827720187 24.4856396015797
52.084008739271 25.90572761455 24.0385908660335
51.4028602895196 26.5981724570814 23.5915421304874
50.7217118397682 27.2906172996128 23.1444933949413
50.0405633900167 27.9830621421442 22.6974446593952
49.3594149402652 28.6755069846755 22.2503959238491
48.6782664905138 29.3679518272069 21.803347188303
47.9971180407623 30.0603966697383 21.3562984527568
47.3159695910109 30.7528415122697 20.9092497172107
46.6462501284448 31.4383036052768 20.4410521717274
46.0805658523986 32.0602034912918 19.7803423457758
45.5148815763524 32.6821033773068 19.1196325198241
44.9491973003062 33.3040032633218 18.4589226938724
44.38351302426 33.9259031493369 17.7982128679208
43.8178287482138 34.5478030353519 17.1375030419691
43.2521444721676 35.1697029213669 16.4767932160174
42.6864601961214 35.7916028073819 15.8160833900658
42.1207759200752 36.413502693397 15.1553735641141
41.555091644029 37.035402579412 14.4946637381624
40.9894073679828 37.657302465427 13.8339539122108
40.4237230919366 38.279202351442 13.1732440862591
39.8580388158904 38.9011022374571 12.5125342603074
39.3248439431983 39.531501485659 11.8372269558314
38.9262625624119 40.1971161796626 11.1014378525435
38.5276811816254 40.8627308736663 10.3656487492555
38.129099800839 41.5283455676699 9.62985964596755
37.7305184200525 42.1939602616735 8.8940705426796
37.3319370392661 42.8595749556772 8.15828143939165
36.9333556584796 43.5251896496808 7.4224923361037
36.5347742776932 44.1908043436845 6.68670323281574
36.1361928969067 44.8564190376881 5.95091412952779
35.7376115161202 45.5220337316918 5.21512502623984
35.3390301353338 46.1876484256954 4.47933592295189
34.9404487545473 46.8532631196991 3.74354681966393
34.5418673737609 47.5188778137027 3.00775771637598
34.151710101934 48.1978815827663 2.2822484648614
33.8482571946728 49.0146911720967 1.66254363967997
33.5448042874116 49.8315007614271 1.04283881449855
33.2413513801504 50.6483103507575 0.423133989317119
32.9378984728892 51.4651199400878 -0.196570835864309
32.634445565628 52.2819295294182 -0.816275661045737
32.3309926583668 53.0987391187486 -1.43598048622716
32.0275397511056 53.915548708079 -2.05568531140859
31.7240868438444 54.7323582974094 -2.67539013659002
31.4206339365832 55.5491678867398 -3.29509496177145
31.117181029322 56.3659774760701 -3.91479978695288
30.8137281220608 57.1827870654005 -4.5345046121343
30.5102752147996 57.9995966547309 -5.15420943731573
30.2041002217376 58.8222077853149 -5.76141483512091
29.8404623309809 59.7672887408506 -6.10475885267508
29.4768244402242 60.7123696963863 -6.44810287022925
29.1131865494675 61.657450651922 -6.79144688778342
28.7495486587109 62.6025316074577 -7.13479090533759
28.3859107679542 63.5476125629934 -7.47813492289176
28.0222728771975 64.4926935185292 -7.82147894044593
27.6586349864408 65.4377744740649 -8.16482295800011
27.2949970956841 66.3828554296006 -8.50816697555427
26.9313592049274 67.3279363851363 -8.85151099310844
26.5677213141707 68.273017340672 -9.19485501066261
26.2040834234141 69.2180982962077 -9.53819902821678
25.8404455326574 70.1631792517434 -9.88154304577095
25.4456956677471 71.1048222191487 -10.1632960459149
24.9115127086393 72.0310573143159 -10.1690194347625
24.3773297495316 72.9572924094832 -10.1747428236101
23.8431467904238 73.8835275046504 -10.1804662124577
23.308963831316 74.8097625998176 -10.1861896013053
22.7747808722082 75.7359976949849 -10.1919129901528
22.2405979131005 76.6622327901521 -10.1976363790004
21.7064149539927 77.5884678853193 -10.203359767848
21.1722319948849 78.5147029804866 -10.2090831566956
20.6380490357771 79.4409380756538 -10.2148065455432
20.1038660766694 80.367173170821 -10.2205299343908
19.5696831175616 81.2934082659882 -10.2262533232383
19.0355001584538 82.2196433611555 -10.2319767120859
18.4167166320428 83.0576584582571 -10.0999750568237
17.6963650305964 83.789760135759 -9.80262619337714
16.9760134291501 84.521861813261 -9.50527732993056
16.2556618277037 85.2539634907629 -9.20792846648398
15.5353102262573 85.9860651682648 -8.91057960303741
14.8149586248109 86.7181668457668 -8.61323073959083
14.0946070233645 87.4502685232687 -8.31588187614425
13.3742554219181 88.1823702007706 -8.01853301269768
12.6539038204718 88.9144718782726 -7.7211841492511
11.9335522190254 89.6465735557745 -7.42383528580452
11.213200617579 90.3786752332765 -7.12648642235794
10.4928490161326 91.1107769107784 -6.82913755891137
9.77249741468621 91.8428785882803 -6.53178869546479
8.94707128985124 92.3129215226985 -6.06947593565461
8.09482449961807 92.7160729820354 -5.56505552382312
7.2425777093849 93.1192244413724 -5.06063511199164
6.39033091915173 93.5223759007093 -4.55621470016015
5.53808412891856 93.9255273600463 -4.05179428832866
4.6858373386854 94.3286788193832 -3.54737387649718
3.83359054845223 94.7318302787202 -3.04295346466569
2.98134375821906 95.1349817380571 -2.53853305283421
2.12909696798589 95.538133197394 -2.03411264100272
1.27685017775272 95.941284656731 -1.52969222917124
0.424603387519557 96.3444361160679 -1.02527181733975
-0.427643402713613 96.7475875754049 -0.520851405508264
-1.28748701030117 97.0796047632372 -0.00204123500432186
-2.18237704962092 97.0834578958069 0.583153274023393
-3.07726708894067 97.0873110283767 1.16834778305111
-3.97215712826042 97.0911641609464 1.75354229207882
-4.86704716758017 97.0950172935161 2.33873680110654
-5.76193720689991 97.0988704260859 2.92393131013425
-6.65682724621966 97.1027235586556 3.50912581916197
-7.55171728553941 97.1065766912253 4.09432032818968
-8.44660732485916 97.110429823795 4.6795148372174
-9.34149736417891 97.1142829563648 5.26470934624511
-10.2363874034987 97.1181360889345 5.84990385527283
-11.1312774428184 97.1219892215042 6.43509836430054
-12.0261674821382 97.125842354074 7.02029287332826
-12.8887080418662 96.8994679997265 7.57461988378135
-13.7272554717184 96.5023373282982 8.10605292772906
-14.5658029015707 96.1052066568699 8.63748597167677
-15.404350331423 95.7080759854415 9.16891901562448
-16.2428977612753 95.3109453140132 9.70035205957219
-17.0814451911275 94.9138146425849 10.2317851035199
-17.9199926209798 94.5166839711566 10.7632181474676
-18.7585400508321 94.1195532997283 11.2946511914153
-19.5970874806844 93.7224226282999 11.826084235363
-20.4356349105366 93.3252919568716 12.3575172793107
-21.2741823403889 92.9281612854433 12.8889503232585
-22.1127297702412 92.531030614015 13.4203833672062
-22.9512772000935 92.1338999425867 13.9518164111539
-23.6512458710974 91.4129901070498 14.3091816405403
-24.345900231262 90.6796637717861 14.659871601066
-25.0405545914266 89.9463374365224 15.0105615615917
-25.7352089515913 89.2130111012587 15.3612515221174
-26.4298633117559 88.479684765995 15.7119414826432
-27.1245176719205 87.7463584307313 16.0626314431689
-27.8191720320851 87.0130320954677 16.4133214036946
-28.5138263922497 86.279705760204 16.7640113642203
-29.2084807524143 85.5463794249403 17.114701324746
-29.9031351125789 84.8130530896766 17.4653912852717
-30.5977894727435 84.0797267544129 17.8160812457974
-31.2924438329082 83.3464004191493 18.1667712063231
-31.9220757070393 82.5439819686453 18.4256333013384
-32.4175361776817 81.5989945910318 18.495012121467
-32.9129966483241 80.6540072134183 18.5643909415956
-33.4084571189666 79.7090198358048 18.6337697617242
-33.903917589609 78.7640324581913 18.7031485818527
-34.3993780602514 77.8190450805778 18.7725274019813
-34.8948385308938 76.8740577029643 18.8419062221099
-35.3902990015362 75.9290703253508 18.9112850422385
-35.8857594721787 74.9840829477373 18.9806638623671
-36.3812199428211 74.0390955701238 19.0500426824957
-36.8766804134635 73.0941081925103 19.1194215026243
-37.3721408841059 72.1491208148968 19.1888003227529
-37.8676013547484 71.2041334372833 19.2581791428814
-38.2396009009681 70.2292540360176 19.1161759633442
-38.5418556064871 69.2374882033761 18.8547600711397
-38.844110312006 68.2457223707346 18.5933441789352
-39.146365017525 67.2539565380931 18.3319282867307
-39.4486197230439 66.2621907054516 18.0705123945261
-39.7508744285629 65.2704248728101 17.8090965023216
-40.0531291340818 64.2786590401686 17.5476806101171
-40.3553838396007 63.2868932075271 17.2862647179126
-40.6576385451197 62.2951273748856 17.0248488257081
-40.9598932506386 61.3033615422442 16.7634329335036
-41.2621479561576 60.3115957096027 16.502017041299
-41.5644026616765 59.3198298769612 16.2406011490945
-41.8666573671954 58.3280640443197 15.97918525689
-42.0819839380659 57.4255484769566 15.4609125147434
-42.2826025458503 56.5381337697747 14.8991804129472
-42.4832211536347 55.6507190625928 14.3374483111509
-42.6838397614191 54.7633043554109 13.7757162093546
-42.8844583692034 53.875889648229 13.2139841075584
-43.0850769769878 52.9884749410472 12.6522520057621
-43.2856955847722 52.1010602338653 12.0905199039659
-43.4863141925566 51.2136455266834 11.5287878021696
-43.6869328003409 50.3262308195015 10.9670557003734
-43.8875514081253 49.4388161123196 10.4053235985771
-44.0881700159097 48.5514014051377 9.84359149678086
-44.2887886236941 47.6639866979558 9.28185939498461
-44.4894072314784 46.776571990774 8.72012729318836
-44.7357994011895 46.0314898026794 7.99680910326634
-44.9862055274293 45.2988889798142 7.25932117198935
-45.2366116536691 44.5662881569489 6.52183324071236
-45.487017779909 43.8336873340837 5.78434530943537
-45.7374239061488 43.1010865112184 5.04685737815838
-45.9878300323887 42.3684856883532 4.30936944688139
-46.2382361586285 41.635884865488 3.5718815156044
-46.4886422848683 40.9032840426227 2.83439358432741
-46.7390484111082 40.1706832197575 2.09690565305042
-46.989454537348 39.4380823968922 1.35941772177343
-47.2398606635878 38.705481574027 0.621929790496441
-47.4902667898277 37.9728807511617 -0.11555814078055
-47.7406729160675 37.2402799282965 -0.85304607205754
-48.1247301656596 36.5691091488499 -1.58944279264911
-48.5275979043054 35.9065842313333 -2.32568593273841
-48.9304656429512 35.2440593138167 -3.06192907282771
-49.333333381597 34.5815343963001 -3.79817221291701
-49.7362011202428 33.9190094787835 -4.53441535300631
-50.1390688588886 33.2564845612669 -5.27065849309561
-50.5419365975344 32.5939596437504 -6.00690163318491
-50.9448043361802 31.9314347262338 -6.74314477327421
-51.347672074826 31.2689098087172 -7.47938791336351
-51.7505398134718 30.6063848912006 -8.21563105345281
-52.1534075521176 29.943859973684 -8.95187419354211
-52.5562752907634 29.2813350561674 -9.68811733363141
-52.9591430294092 28.6188101386509 -10.4243604737207
-53.4887613876117 27.9028613323808 -11.0142747326355
-54.0253518236519 27.1839738776679 -11.5961399867167
-54.5619422596922 26.465086422955 -12.1780052407979
-55.0985326957325 25.7461989682421 -12.7598704948791
-55.6351231317728 25.0273115135292 -13.3417357489603
-56.1717135678131 24.3084240588162 -13.9236010030415
-56.7083040038534 23.5895366041033 -14.5054662571227
-57.2448944398937 22.8706491493904 -15.0873315112039
-57.781484875934 22.1517616946775 -15.6691967652851
-58.3180753119743 21.4328742399646 -16.2510620193662
-58.8546657480146 20.7139867852517 -16.8329272734474
-59.3912561840549 19.9950993305388 -17.4147925275286
-59.9388115727171 19.2449537571423 -17.9312491057641
-60.51499090797 18.4132090423206 -18.2769567069159
-61.0911702432229 17.5814643274988 -18.6226643080676
-61.6673495784759 16.7497196126771 -18.9683719092194
-62.2435289137288 15.9179748978554 -19.3140795103711
-62.8197082489817 15.0862301830336 -19.6597871115229
-63.3958875842346 14.2544854682119 -20.0054947126746
-63.9720669194875 13.4227407533901 -20.3512023138264
-64.5482462547404 12.5909960385684 -20.6969099149781
-65.1244255899933 11.7592513237466 -21.0426175161299
-65.7006049252462 10.9275066089249 -21.3883251172816
-66.2767842604991 10.0957618941031 -21.7340327184333
-66.852963595752 9.26401717928137 -22.0797403195851
-67.3843473626181 8.35329397815931 -22.2232416200487
-67.9057770857138 7.42502093141947 -22.3218105658134
-68.4272068088095 6.49674788467964 -22.4203795115782
-68.9486365319052 5.5684748379398 -22.518948457343
-69.4700662550009 4.64020179119997 -22.6175174031078
-69.9914959780966 3.71192874446013 -22.7160863488726
-70.5129257011923 2.7836556977203 -22.8146552946374
-71.034355424288 1.85538265098047 -22.9132242404021
-71.5557851473837 0.927109604240632 -23.0117931861669
-72.0772148704794 -0.00116344249920251 -23.1103621319317
-72.5986445935751 -0.929436489239038 -23.2089310776965
-73.1200743166708 -1.85770953597887 -23.3075000234613
-73.582734822209 -2.81373250481112 -23.3010068300758
-73.9867921201849 -3.7974270083653 -23.1897482747634
-74.3908494181609 -4.78112151191947 -23.0784897194511
-74.7949067161368 -5.76481601547364 -22.9672311641387
-75.1989640141127 -6.74851051902781 -22.8559726088264
-75.6030213120887 -7.73220502258199 -22.744714053514
-76.0070786100646 -8.71589952613616 -22.6334554982016
-76.4111359080405 -9.69959402969033 -22.5221969428893
-76.8151932060164 -10.6832885332445 -22.4109383875769
-77.2192505039924 -11.6669830367987 -22.2996798322645
-77.6233078019683 -12.6506775403529 -22.1884212769522
-78.0273650999442 -13.634372043907 -22.0771627216398
-78.389615392389 -14.6237823258983 -21.9230114219636
-78.6436028054944 -15.6279941136039 -21.6577856277474
-78.8975902185997 -16.6322059013096 -21.3925598335312
-79.1515776317051 -17.6364176890152 -21.127334039315
-79.4055650448104 -18.6406294767208 -20.8621082450988
-79.6595524579158 -19.6448412644264 -20.5968824508826
-79.9135398710211 -20.6490530521321 -20.3316566566664
-80.1675272841265 -21.6532648398377 -20.0664308624501
-80.4215146972318 -22.6574766275433 -19.8012050682339
-80.6755021103372 -23.6616884152489 -19.5359792740177
-80.9294895234425 -24.6659002029545 -19.2707534798015
-81.1834769365479 -25.6701119906602 -19.0055276855853
-81.4170257534907 -26.6738508130862 -18.7276636001704
-81.5072668270176 -27.6742733809913 -18.3611845737917
-81.5975079005445 -28.6746959488964 -17.9947055474131
-81.6877489740713 -29.6751185168014 -17.6282265210344
-81.7779900475982 -30.6755410847065 -17.2617474946557
-81.8682311211251 -31.6759636526115 -16.8952684682771
-81.958472194652 -32.6763862205166 -16.5287894418984
-82.0487132681789 -33.6768087884217 -16.1623104155198
-82.1389543417058 -34.6772313563267 -15.7958313891411
-82.2291954152327 -35.6776539242318 -15.4293523627625
-82.3194364887596 -36.6780764921369 -15.0628733363838
-82.4096775622865 -37.6784990600419 -14.6963943100052
-82.4972176499926 -38.6785528303751 -14.3289541030302
-82.4190734291033 -39.6559837604701 -13.9025530006211
-82.3409292082139 -40.6334146905652 -13.476151898212
-82.2627849873246 -41.6108456206602 -13.049750795803
-82.1846407664352 -42.5882765507552 -12.6233496933939
-82.1064965455459 -43.5657074808502 -12.1969485909848
-82.0283523246566 -44.5431384109453 -11.7705474885758
-81.9502081037672 -45.5205693410403 -11.3441463861667
-81.8720638828779 -46.4980002711353 -10.9177452837576
-81.7939196619885 -47.4754312012303 -10.4913441813486
-81.7157754410992 -48.4528621313253 -10.0649430789395
-81.6376312202098 -49.4302930614204 -9.63854197653046
-81.5594869993205 -50.4077239915154 -9.21214087412139
-81.3234008731902 -51.343685090355 -8.75426833804745
-81.076529304589 -52.2768143221318 -8.29424669951238
-80.8296577359879 -53.2099435539086 -7.83422506097731
-80.5827861673867 -54.1430727856855 -7.37420342244224
-80.3359145987856 -55.0762020174623 -6.91418178390717
-80.0890430301844 -56.0093312492391 -6.45416014537211
-79.8421714615833 -56.9424604810159 -5.99413850683704
-79.5952998929821 -57.8755897127928 -5.53411686830197
-79.348428324381 -58.8087189445696 -5.0740952297669
-79.1015567557798 -59.7418481763464 -4.61407359123183
-78.8546851871787 -60.6749774081232 -4.15405195269676
