1 25.98204 
2 25.843952 
3 25.811263 
4 25.797943 
5 25.788081 
6 25.781135 
7 25.773678 
8 25.767953 
9 25.761433 
10 25.755875 
11 25.749484 
12 25.74404 
13 25.737899 
14 25.732442 
15 25.726352 
16 25.720939 
17 25.714954 
18 25.709581 
19 25.703639 
20 25.698362 
21 25.692459 
22 25.68716 
23 25.681294 
24 25.676028 
25 25.670198 
26 25.664962 
27 25.659257 
28 25.654051 
29 25.648228 
30 25.64305 
31 25.637405 
32 25.632253 
33 25.626545 
34 25.621417 
35 25.615736 
36 25.610631 
37 25.604975 
38 25.599893 
39 25.594351 
40 25.58929 
41 25.583625 
42 25.578584 
43 25.573085 
44 25.568063 
45 25.562496 
46 25.557492 
47 25.551944 
48 25.546958 
49 25.541517 
50 25.536546 
51 25.531035 
52 25.52608 
53 25.520585 
54 25.515645 
55 25.510254 
56 25.505328 
57 25.499865 
58 25.494952 
59 25.489503 
60 25.484604 
61 25.479255 
62 25.474368 
63 25.468946 
64 25.46407 
65 25.458747 
66 25.453883 
67 25.448485 
68 25.443631 
69 25.438331 
70 25.433487 
71 25.428111 
72 25.423277 
73 25.417997 
74 25.413172 
75 25.407816 
76 25.403053 
77 25.397707 
78 25.392898 
79 25.387647 
80 25.382846 
81 25.377518 
82 25.372777 
83 25.367457 
84 25.362724 
85 25.357411 
86 25.352684 
87 25.347379 
88 25.342659 
89 25.337361 
90 25.332647 
91 25.327355 
92 25.322647 
93 25.317446 
94 25.312692 
95 25.307413 
96 25.302716 
97 25.297527 
98 25.292783 
99 25.287599 
100 25.28286 
101 25.277681 
102 25.272947 
103 25.267773 
104 25.263043 
105 25.257875 
106 25.253149 
107 25.247984 
108 25.243263 
109 25.238103 
110 25.233385 
111 25.228229 
112 25.223566 
113 25.218414 
114 25.213703 
115 25.208555 
116 25.203848 
117 25.198703 
118 25.19405 
119 25.188909 
120 25.184207 
121 25.179069 
122 25.174423 
123 25.169287 
124 25.164643 
125 25.159511 
126 25.154818 
127 25.149689 
128 25.14505 
129 25.139923 
130 25.135286 
131 25.130162 
132 25.125528 
133 25.120406 
134 25.115774 
135 25.110654 
136 25.105972 
137 25.100855 
138 25.09631 
139 25.091111 
140 25.086485 
141 25.081372 
142 25.076747 
143 25.071636 
144 25.067096 
145 25.061903 
146 25.057365 
147 25.052174 
148 25.047638 
149 25.042448 
150 25.037913 
151 25.032725 
152 25.028191 
153 25.023088 
154 25.018473 
155 25.013371 
156 25.008757 
157 25.003656 
158 24.999127 
159 24.994027 
160 24.989416 
161 24.984318 
162 24.97979 
163 24.974694 
164 24.970084 
165 24.964988 
166 24.960463 
167 24.955368 
168 24.950761 
169 24.945719 
170 24.941112 
171 24.936071 
172 24.931548 
173 24.926456 
174 24.921851 
175 24.916812 
176 24.912291 
177 24.907201 
178 24.902598 
179 24.89756 
180 24.89304 
181 24.887952 
182 24.883433 
183 24.878345 
184 24.873827 
185 24.86874 
186 24.864222 
187 24.859136 
188 24.854619 
189 24.849534 
190 24.845017 
191 24.839932 
192 24.835416 
193 24.830332 
194 24.825816 
195 24.820733 
196 24.816218 
197 24.811186 
198 24.806671 
199 24.801589 
200 24.797074 
201 24.792043 
202 24.78753 
203 24.782499 
204 24.777986 
205 24.772956 
206 24.768443 
207 24.763362 
208 24.75885 
209 24.753821 
210 24.749309 
211 24.74428 
212 24.739768 
213 24.734823 
214 24.730311 
215 24.725232 
216 24.720721 
217 24.715693 
218 24.711182 
219 24.706238 
220 24.701727 
221 24.6967 
222 24.69219 
223 24.687163 
224 24.682653 
225 24.677709 
226 24.6732 
227 24.668173 
228 24.663664 
229 24.658721 
230 24.654212 
231 24.649186 
232 24.644728 
233 24.639703 
234 24.635194 
235 24.630251 
236 24.625743 
237 24.620801 
238 24.616292 
239 24.61135 
240 24.606842 
241 24.601818 
242 24.597361 
243 24.592419 
244 24.587911 
245 24.58297 
246 24.578462 
247 24.573521 
248 24.569014 
249 24.564072 
250 24.559565 
251 24.554624 
252 24.550117 
253 24.545176 
254 24.540669 
255 24.535729 
256 24.531273 
257 24.526332 
258 24.521826 
259 24.516885 
260 24.51243 
261 24.50749 
262 24.502983 
263 24.498043 
264 24.493588 
265 24.488648 
266 24.484193 
267 24.479253 
268 24.474798 
269 24.469858 
270 24.465404 
271 24.460464 
272 24.456009 
273 24.45107 
274 24.446615 
275 24.441676 
276 24.437221 
277 24.432282 
278 24.427827 
279 24.422888 
280 24.418434 
281 24.413577 
282 24.409072 
283 24.404216 
284 24.39971 
285 24.394854 
286 24.3904 
287 24.385461 
288 24.381007 
289 24.376151 
290 24.371697 
291 24.366758 
292 24.362305 
293 24.357449 
294 24.352995 
295 24.348056 
296 24.343685 
297 24.338747 
298 24.334293 
299 24.329438 
300 24.324984 
301 24.320046 
302 24.315675 
303 24.310736 
304 24.306283 
305 24.301428 
306 24.296974 
307 24.292119 
308 24.287665 
309 24.28281 
310 24.278357 
311 24.273502 
312 24.269131 
313 24.264193 
314 24.259823 
315 24.254885 
316 24.250514 
317 24.245576 
318 24.241206 
319 24.236268 
320 24.231898 
321 24.22696 
322 24.22259 
323 24.217703 
324 24.213332 
325 24.208395 
326 24.204025 
327 24.19917 
328 24.194717 
329 24.189862 
330 24.185492 
331 24.180637 
332 24.176185 
333 24.17133 
334 24.16696 
335 24.162105 
336 24.157735 
337 24.152881 
338 24.148428 
339 24.143573 
340 24.139204 
341 24.134349 
342 24.129979 
343 24.125125 
344 24.120755 
345 24.115901 
346 24.111531 
347 24.106676 
348 24.102307 
349 24.097452 
350 24.093083 
351 24.088228 
352 24.083859 
353 24.079005 
354 24.074635 
355 24.069781 
356 24.065411 
357 24.060557 
358 24.056188 
359 24.051384 
360 24.047015 
361 24.042161 
362 24.037791 
363 24.032988 
364 24.028619 
365 24.023765 
366 24.019479 
367 24.014624 
368 24.010255 
369 24.005401 
370 24.001097 
371 23.996243 
372 23.991874 
373 23.987071 
374 23.982702 
375 23.977899 
376 23.97353 
377 23.968727 
378 23.964441 
379 23.959587 
380 23.955218 
381 23.950415 
382 23.946129 
383 23.941275 
384 23.936906 
385 23.932103 
386 23.927817 
387 23.922963 
388 23.918677 
389 23.913823 
390 23.909537 
391 23.904683 
392 23.900397 
393 23.895543 
394 23.891257 
395 23.886403 
396 23.882118 
397 23.877264 
398 23.872978 
399 23.868124 
400 23.863838 
401 23.859035 
402 23.85475 
403 23.849896 
404 23.84561 
405 23.840808 
406 23.836522 
407 23.831668 
408 23.827382 
409 23.82258 
410 23.818294 
411 23.813492 
412 23.809206 
413 23.804403 
414 23.800118 
415 23.795315 
416 23.79103 
417 23.786227 
418 23.781942 
419 23.777222 
420 23.772854 
421 23.768134 
422 23.763849 
423 23.759046 
424 23.754761 
425 23.750041 
426 23.745756 
427 23.740954 
428 23.736668 
429 23.731866 
430 23.72758 
431 23.722861 
432 23.718576 
433 23.713773 
434 23.709488 
435 23.704769 
436 23.700483 
437 23.695764 
438 23.691479 
439 23.686677 
440 23.682391 
441 23.677672 
442 23.673387 
443 23.668667 
444 23.664382 
445 23.659663 
446 23.655378 
447 23.650659 
448 23.646373 
449 23.641654 
450 23.637369 
451 23.63265 
452 23.628365 
453 23.623645 
454 23.61936 
455 23.614641 
456 23.610407 
457 23.605688 
458 23.601403 
459 23.596684 
460 23.592399 
461 23.58768 
462 23.583446 
463 23.578727 
464 23.574493 
465 23.569774 
466 23.565489 
467 23.56077 
468 23.556536 
469 23.551817 
470 23.547584 
471 23.542865 
472 23.538631 
473 23.533912 
474 23.529678 
475 23.524959 
476 23.520726 
477 23.516007 
478 23.511773 
479 23.507054 
480 23.50282 
481 23.498102 
482 23.493868 
483 23.489232 
484 23.484947 
485 23.480311 
486 23.476026 
487 23.471391 
488 23.467106 
489 23.46247 
490 23.458236 
491 23.453518 
492 23.449284 
493 23.444648 
494 23.440415 
495 23.435696 
496 23.431463 
497 23.426827 
498 23.422593 
499 23.417957 
500 23.413724 
501 23.409005 
502 23.404813 
503 23.400178 
504 23.395893 
505 23.391257 
506 23.387024 
507 23.382388 
508 23.378155 
509 23.373519 
510 23.369286 
511 23.36465 
512 23.360417 
513 23.355781 
514 23.351548 
515 23.346912 
516 23.342721 
517 23.338085 
518 23.333852 
519 23.329216 
520 23.324983 
521 23.320347 
522 23.316156 
523 23.31152 
524 23.307287 
525 23.302651 
526 23.29846 
527 23.293824 
528 23.289633 
529 23.284997 
530 23.280806 
531 23.27617 
532 23.271979 
533 23.267343 
534 23.263152 
535 23.258516 
536 23.254325 
537 23.249689 
538 23.245498 
539 23.240862 
540 23.236712 
541 23.232077 
542 23.227885 
543 23.22325 
544 23.2191 
545 23.214464 
546 23.210273 
547 23.205689 
548 23.201497 
549 23.196862 
550 23.192712 
551 23.188077 
552 23.183927 
553 23.179291 
554 23.175141 
555 23.170506 
556 23.166356 
557 23.161721 
558 23.157571 
559 23.152935 
560 23.148785 
561 23.144201 
562 23.14001 
563 23.135426 
564 23.131276 
565 23.126692 
566 23.122501 
567 23.117917 
568 23.113767 
569 23.109183 
570 23.105033 
571 23.100449 
572 23.096258 
573 23.091674 
574 23.087525 
575 23.082941 
576 23.078791 
577 23.074207 
578 23.070057 
579 23.065473 
580 23.061366 
581 23.056782 
582 23.052632 
583 23.048048 
584 23.043899 
585 23.039315 
586 23.035208 
587 23.030624 
588 23.026474 
589 23.02189 
590 23.017783 
591 23.013199 
592 23.00905 
593 23.004549 
594 23.000358 
595 22.995857 
596 22.991707 
597 22.987124 
598 22.983016 
599 22.978433 
600 22.974326 
601 22.969742 
602 22.965635 
603 22.961051 
604 22.956944 
605 22.95236 
606 22.948253 
607 22.943752 
608 22.939603 
609 22.935102 
610 22.930953 
611 22.926369 
612 22.922262 
613 22.917761 
614 22.913612 
615 22.909111 
616 22.904962 
617 22.900461 
618 22.896354 
619 22.891771 
620 22.887704 
621 22.88312 
622 22.879054 
623 22.874553 
624 22.870404 
625 22.865903 
626 22.861796 
627 22.857296 
628 22.853146 
629 22.848646 
630 22.844539 
631 22.840038 
632 22.835932 
633 22.831431 
634 22.827324 
635 22.822824 
636 22.818717 
637 22.814216 
638 22.810109 
639 22.805609 
640 22.801502 
641 22.797002 
642 22.792895 
643 22.788394 
644 22.784328 
645 22.779828 
646 22.775721 
647 22.77122 
648 22.767154 
649 22.762654 
650 22.758547 
651 22.754047 
652 22.74998 
653 22.74548 
654 22.741414 
655 22.736913 
656 22.732847 
657 22.728347 
658 22.724281 
659 22.71978 
660 22.715714 
661 22.711214 
662 22.707148 
663 22.702647 
664 22.698581 
665 22.694081 
666 22.690066 
667 22.685566 
668 22.6815 
669 22.676999 
670 22.672933 
671 22.668484 
672 22.664418 
673 22.659918 
674 22.655903 
675 22.651403 
676 22.647337 
677 22.642837 
678 22.638822 
679 22.634322 
680 22.630307 
681 22.625807 
682 22.621741 
683 22.617292 
684 22.613277 
685 22.608777 
686 22.604762 
687 22.600262 
688 22.596247 
689 22.591747 
690 22.587732 
691 22.583232 
692 22.579218 
693 22.574769 
694 22.570703 
695 22.566254 
696 22.562239 
697 22.55779 
698 22.553776 
699 22.549276 
700 22.545261 
701 22.540812 
702 22.536798 
703 22.532349 
704 22.528334 
705 22.523834 
706 22.51982 
707 22.515371 
708 22.511356 
709 22.506908 
710 22.502893 
711 22.498444 
712 22.49443 
713 22.489981 
714 22.486007 
715 22.481558 
716 22.477543 
717 22.473095 
718 22.46908 
719 22.464632 
720 22.460661 
721 22.456212 
722 22.452198 
723 22.447749 
724 22.443778 
725 22.43933 
726 22.435315 
727 22.43095 
728 22.426935 
729 22.422487 
730 22.418472 
731 22.414107 
732 22.410092 
733 22.405644 
734 22.401673 
735 22.397225 
736 22.393254 
737 22.388888 
738 22.384874 
739 22.380425 
740 22.376455 
741 22.372089 
742 22.368075 
743 22.363627 
744 22.359656 
745 22.35529 
746 22.351276 
747 22.346911 
748 22.342896 
749 22.338531 
750 22.334517 
751 22.330151 
752 22.326137 
753 22.321771 
754 22.317801 
755 22.313435 
756 22.309421 
757 22.305056 
758 22.301042 
759 22.296676 
760 22.292706 
761 22.28834 
762 22.284326 
763 22.279961 
764 22.27599 
765 22.271625 
766 22.267654 
767 22.263289 
768 22.259319 
769 22.254953 
770 22.250983 
771 22.246617 
772 22.242647 
773 22.238282 
774 22.234312 
775 22.229946 
776 22.225976 
777 22.22161 
778 22.21764 
779 22.213275 
780 22.209344 
781 22.204978 
782 22.201008 
783 22.196643 
784 22.192712 
785 22.188346 
786 22.184376 
787 22.180011 
788 22.17608 
789 22.171715 
790 22.167784 
791 22.163418 
792 22.159487 
793 22.155122 
794 22.151191 
795 22.146826 
796 22.142895 
797 22.138529 
798 22.134641 
799 22.130276 
800 22.126306 
801 22.122024 
802 22.118054 
803 22.113688 
804 22.1098 
805 22.105435 
806 22.101504 
807 22.097139 
808 22.093251 
809 22.088886 
810 22.084955 
811 22.080643 
812 22.076712 
813 22.072347 
814 22.068459 
815 22.064094 
816 22.060206 
817 22.055841 
818 22.051953 
819 22.047588 
820 22.0437 
821 22.039335 
822 22.035447 
823 22.031082 
824 22.027194 
825 22.022912 
826 22.018981 
827 22.014616 
828 22.010728 
829 22.006446 
830 22.002515 
831 21.998233 
832 21.994303 
833 21.99002 
834 21.98609 
835 21.981808 
836 21.97792 
837 21.973555 
838 21.969667 
839 21.965385 
840 21.961497 
841 21.957132 
842 21.953244 
843 21.948962 
844 21.945075 
845 21.940793 
846 21.936905 
847 21.93254 
848 21.928652 
849 21.92437 
850 21.920483 
851 21.916201 
852 21.912313 
853 21.908031 
854 21.904143 
855 21.899861 
856 21.895974 
857 21.891692 
858 21.887804 
859 21.883522 
860 21.879634 
861 21.875352 
862 21.871465 
863 21.867183 
864 21.863295 
865 21.859013 
866 21.855164 
867 21.850882 
868 21.846995 
869 21.842713 
870 21.838864 
871 21.834582 
872 21.830694 
873 21.826464 
874 21.822576 
875 21.818294 
876 21.814445 
877 21.810163 
878 21.806314 
879 21.802032 
880 21.798183 
881 21.793901 
882 21.790052 
883 21.785771 
884 21.781922 
885 21.777691 
886 21.773803 
887 21.769573 
888 21.765724 
889 21.761442 
890 21.757593 
891 21.753363 
892 21.749514 
893 21.745232 
894 21.741383 
895 21.737152 
896 21.733303 
897 21.729073 
898 21.725224 
899 21.720942 
900 21.717155 
901 21.712874 
902 21.709025 
903 21.704794 
904 21.700945 
905 21.696715 
906 21.692866 
907 21.688636 
908 21.684787 
909 21.680556 
910 21.67677 
911 21.672488 
912 21.668701 
913 21.66442 
914 21.660571 
915 21.65634 
916 21.652554 
917 21.648272 
918 21.644485 
919 21.640204 
920 21.636417 
921 21.632187 
922 21.628338 
923 21.624107 
924 21.620321 
925 21.616091 
926 21.612304 
927 21.608022 
928 21.604236 
929 21.600005 
930 21.596219 
931 21.591937 
932 21.588151 
933 21.58392 
934 21.580134 
935 21.575904 
936 21.572117 
937 21.567887 
938 21.5641 
939 21.55987 
940 21.556083 
941 21.551853 
942 21.548067 
943 21.543836 
944 21.54005 
945 21.53582 
946 21.532033 
947 21.527803 
948 21.524016 
949 21.519828 
950 21.516041 
951 21.511811 
952 21.508025 
953 21.503836 
954 21.50005 
955 21.495861 
956 21.492075 
957 21.487886 
958 21.4841 
959 21.479869 
960 21.476145 
961 21.471915 
962 21.468129 
963 21.46394 
964 21.460154 
965 21.455965 
966 21.452179 
967 21.44799 
968 21.444266 
969 21.440036 
970 21.43625 
971 21.432061 
972 21.428337 
973 21.424107 
974 21.420383 
975 21.416153 
976 21.412429 
977 21.408198 
978 21.404474 
979 21.400244 
980 21.39652 
981 21.39229 
982 21.388566 
983 21.384378 
984 21.380591 
985 21.376444 
986 21.37272 
987 21.36849 
988 21.364766 
989 21.360578 
990 21.356854 
991 21.352624 
992 21.3489 
993 21.344711 
994 21.340987 
995 21.336799 
996 21.333075 
997 21.328886 
998 21.325162 
999 21.320974 
1000 21.31725 
1001 21.313062 
1002 21.309338 
1003 21.305191 
1004 21.301467 
1005 21.297278 
1006 21.293554 
1007 21.289407 
1008 21.285683 
1009 21.281495 
1010 21.277771 
1011 21.273624 
1012 21.2699 
1013 21.265753 
1014 21.262029 
1015 21.257841 
1016 21.254117 
1017 21.24997 
1018 21.246246 
1019 21.242099 
1020 21.238376 
1021 21.234271 
1022 21.230547 
1023 21.2264 
1024 21.222676 
1025 21.21853 
1026 21.214806 
1027 21.210701 
1028 21.206977 
1029 21.202831 
1030 21.199107 
1031 21.195002 
1032 21.191279 
1033 21.187174 
1034 21.18345 
1035 21.179303 
1036 21.175618 
1037 21.171471 
1038 21.167786 
1039 21.163639 
1040 21.159954 
1041 21.155807 
1042 21.152122 
1043 21.147975 
1044 21.144289 
1045 21.140185 
1046 21.136461 
1047 21.132357 
1048 21.128633 
1049 21.124529 
1050 21.120844 
1051 21.116739 
1052 21.113054 
1053 21.10895 
1054 21.105226 
1055 21.101122 
1056 21.097436 
1057 21.093332 
1058 21.089647 
1059 21.085543 
1060 21.081857 
1061 21.077753 
1062 21.074068 
1063 21.069964 
1064 21.066278 
1065 21.062174 
1066 21.058489 
1067 21.054385 
1068 21.050699 
1069 21.046636 
1070 21.042951 
1071 21.038846 
1072 21.035161 
1073 21.031097 
1074 21.027412 
1075 21.023308 
1076 21.019685 
1077 21.015538 
1078 21.011915 
1079 21.007769 
1080 21.004146 
1081 20.999999 
1082 20.996376 
1083 20.992272 
1084 20.988587 
1085 20.984523 
1086 20.980838 
1087 20.976775 
1088 20.973089 
1089 20.969026 
1090 20.965403 
1091 20.961299 
1092 20.957614 
1093 20.95355 
1094 20.949927 
1095 20.945823 
1096 20.9422 
1097 20.938096 
1098 20.934473 
1099 20.930369 
1100 20.926746 
1101 20.922642 
1102 20.919019 
1103 20.914915 
1104 20.911292 
1105 20.907188 
1106 20.903566 
1107 20.899502 
1108 20.895879 
1109 20.891775 
1110 20.888152 
1111 20.884089 
1112 20.880466 
1113 20.876362 
1114 20.872739 
1115 20.868676 
1116 20.865053 
1117 20.860989 
1118 20.857367 
1119 20.853303 
1120 20.84968 
1121 20.845617 
1122 20.841994 
1123 20.837931 
1124 20.834308 
1125 20.830245 
1126 20.826622 
1127 20.82261 
1128 20.818987 
1129 20.814923 
1130 20.811301 
1131 20.807237 
1132 20.803615 
1133 20.799603 
1134 20.79598 
1135 20.791916 
1136 20.788294 
1137 20.784282 
1138 20.780659 
1139 20.776647 
1140 20.773024 
1141 20.769012 
1142 20.765389 
1143 20.761326 
1144 20.757742 
1145 20.75373 
1146 20.750107 
1147 20.746095 
1148 20.742472 
1149 20.73846 
1150 20.734838 
1151 20.730826 
1152 20.727203 
1153 20.723274 
1154 20.719589 
1155 20.715703 
1156 20.71198 
1157 20.708132 
1158 20.704409 
1159 20.700561 
1160 20.696838 
1161 20.69299 
1162 20.689267 
1163 20.685482 
1164 20.681696 
1165 20.677911 
1166 20.674126 
1167 20.67034 
1168 20.666617 
1169 20.662832 
1170 20.659046 
1171 20.655261 
1172 20.651538 
1173 20.647752 
1174 20.643967 
1175 20.640244 
1176 20.636459 
1177 20.632673 
1178 20.62895 
1179 20.625165 
1180 20.621379 
1181 20.617656 
1182 20.613871 
1183 20.610148 
1184 20.606363 
1185 20.602577 
1186 20.598854 
1187 20.595069 
1188 20.591346 
1189 20.58756 
1190 20.583837 
1191 20.580114 
1192 20.576329 
1193 20.572606 
1194 20.568821 
1195 20.565098 
1196 20.561375 
1197 20.557589 
1198 20.553866 
1199 20.550081 
1200 20.546358 
1201 20.542635 
1202 20.538912 
1203 20.535127 
1204 20.531404 
1205 20.527681 
1206 20.523895 
1207 20.520172 
1208 20.516449 
1209 20.512727 
1210 20.509004 
1211 20.505218 
1212 20.501495 
1213 20.497772 
1214 20.494049 
1215 20.490326 
1216 20.486603 
1217 20.482881 
1218 20.479158 
1219 20.475372 
1220 20.471649 
1221 20.467926 
1222 20.464204 
1223 20.460481 
1224 20.456758 
1225 20.453035 
1226 20.44935 
1227 20.445627 
1228 20.441904 
1229 20.438182 
1230 20.434459 
1231 20.430736 
1232 20.427013 
1233 20.42329 
1234 20.419606 
1235 20.415883 
1236 20.41216 
1237 20.408437 
1238 20.404753 
1239 20.40103 
1240 20.397345 
1241 20.393622 
1242 20.3899 
1243 20.386215 
1244 20.382492 
1245 20.378808 
1246 20.375085 
1247 20.371401 
1248 20.367678 
1249 20.363993 
1250 20.360309 
1251 20.356586 
1252 20.352902 
1253 20.349179 
1254 20.345495 
1255 20.34181 
1256 20.338126 
1257 20.334403 
1258 20.330719 
1259 20.327035 
1260 20.32335 
1261 20.319666 
1262 20.315982 
1263 20.312259 
1264 20.308574 
1265 20.30489 
1266 20.301206 
1267 20.297522 
1268 20.293837 
1269 20.290153 
1270 20.286469 
1271 20.282784 
1272 20.2791 
1273 20.275416 
1274 20.271794 
1275 20.268071 
1276 20.264387 
1277 20.260703 
1278 20.257081 
1279 20.253358 
1280 20.249736 
1281 20.246013 
1282 20.242391 
1283 20.238668 
1284 20.235046 
1285 20.231324 
1286 20.227702 
1287 20.223979 
1288 20.220357 
1289 20.216673 
1290 20.212988 
1291 20.209366 
1292 20.205682 
1293 20.201998 
1294 20.198376 
1295 20.194692 
1296 20.191008 
1297 20.187386 
1298 20.183701 
1299 20.18008 
1300 20.176395 
1301 20.172773 
1302 20.169089 
1303 20.165405 
1304 20.161783 
1305 20.158099 
1306 20.154477 
1307 20.150793 
1308 20.147171 
1309 20.143549 
1310 20.139865 
1311 20.136243 
1312 20.132559 
1313 20.128937 
1314 20.125315 
1315 20.121631 
1316 20.118009 
1317 20.114387 
1318 20.110703 
1319 20.107081 
1320 20.103459 
1321 20.099775 
1322 20.096153 
1323 20.092531 
1324 20.088909 
1325 20.085225 
1326 20.081603 
1327 20.077982 
1328 20.07436 
1329 20.070738 
1330 20.067116 
1331 20.063432 
1332 20.05981 
1333 20.056188 
1334 20.052566 
1335 20.048945 
1336 20.045323 
1337 20.041701 
1338 20.038079 
1339 20.034457 
1340 20.030836 
1341 20.027214 
1342 20.023592 
1343 20.01997 
1344 20.016348 
1345 20.012727 
1346 20.009105 
1347 20.005483 
1348 20.001861 
1349 19.998239 
1350 19.994618 
1351 19.990996 
1352 19.987413 
1353 19.983791 
1354 19.980169 
1355 19.976586 
1356 19.972964 
1357 19.969342 
1358 19.965759 
1359 19.962137 
1360 19.958554 
1361 19.954932 
1362 19.95131 
1363 19.947727 
1364 19.944105 
1365 19.940522 
1366 19.9369 
1367 19.933317 
1368 19.929734 
1369 19.926112 
1370 19.922529 
1371 19.918907 
1372 19.915324 
1373 19.911741 
1374 19.908157 
1375 19.904536 
1376 19.900952 
1377 19.897369 
1378 19.893786 
1379 19.890164 
1380 19.886581 
1381 19.882998 
1382 19.879415 
1383 19.875831 
1384 19.872248 
1385 19.868665 
1386 19.865082 
1387 19.861499 
1388 19.857915 
1389 19.854332 
1390 19.850749 
1391 19.847166 
1392 19.843583 
1393 19.84 
1394 19.836479 
1395 19.832857 
1396 19.829274 
1397 19.825691 
1398 19.82217 
1399 19.818548 
1400 19.815027 
1401 19.811406 
1402 19.807885 
1403 19.804263 
1404 19.800742 
1405 19.79712 
1406 19.7936 
1407 19.789978 
1408 19.786457 
1409 19.782874 
1410 19.779291 
1411 19.77577 
1412 19.772187 
1413 19.768604 
1414 19.765083 
1415 19.7615 
1416 19.757979 
1417 19.754357 
1418 19.750836 
1419 19.747253 
1420 19.743733 
1421 19.740149 
1422 19.736629 
1423 19.733045 
1424 19.729525 
1425 19.725942 
1426 19.722421 
1427 19.718838 
1428 19.715317 
1429 19.711734 
1430 19.708213 
1431 19.70463 
1432 19.701109 
1433 19.697588 
1434 19.694005 
1435 19.690484 
1436 19.686964 
1437 19.683381 
1438 19.67986 
1439 19.676339 
1440 19.672756 
1441 19.669235 
1442 19.665714 
1443 19.662131 
1444 19.65861 
1445 19.65509 
1446 19.651569 
1447 19.647986 
1448 19.644465 
1449 19.640944 
1450 19.637424 
1451 19.633903 
1452 19.630382 
1453 19.626861 
1454 19.623341 
1455 19.619758 
1456 19.616237 
1457 19.612716 
1458 19.609195 
1459 19.605675 
1460 19.602154 
1461 19.598633 
1462 19.595112 
1463 19.591592 
1464 19.588071 
1465 19.58455 
1466 19.58103 
1467 19.577509 
1468 19.573988 
1469 19.570467 
1470 19.567009 
1471 19.563488 
1472 19.559968 
1473 19.556447 
1474 19.552926 
1475 19.549405 
1476 19.545885 
1477 19.542426 
1478 19.538906 
1479 19.535385 
1480 19.531864 
1481 19.528344 
1482 19.524885 
1483 19.521365 
1484 19.517844 
1485 19.514386 
1486 19.510865 
1487 19.507344 
1488 19.503886 
1489 19.500365 
1490 19.496844 
1491 19.493386 
1492 19.489865 
1493 19.486345 
1494 19.482886 
1495 19.479366 
1496 19.475907 
1497 19.472387 
1498 19.468928 
1499 19.465408 
1500 19.461949 
1501 19.458429 
1502 19.45497 
1503 19.45145 
1504 19.447991 
1505 19.444471 
1506 19.441012 
1507 19.437492 
1508 19.434033 
1509 19.430513 
1510 19.427055 
1511 19.423596 
1512 19.420076 
1513 19.416617 
1514 19.413159 
1515 19.409638 
1516 19.40618 
1517 19.402722 
1518 19.399263 
1519 19.395743 
1520 19.392284 
1521 19.388826 
1522 19.385368 
1523 19.381847 
1524 19.378389 
1525 19.374931 
1526 19.371472 
1527 19.368014 
1528 19.364556 
1529 19.361035 
1530 19.357577 
1531 19.354119 
1532 19.35066 
1533 19.347202 
1534 19.343744 
1535 19.340286 
1536 19.336827 
1537 19.333369 
1538 19.329911 
1539 19.326452 
1540 19.322994 
1541 19.319536 
1542 19.316078 
1543 19.312619 
1544 19.309161 
1545 19.305703 
1546 19.302245 
1547 19.298786 
1548 19.295328 
1549 19.29187 
1550 19.28845 
1551 19.284992 
1552 19.281534 
1553 19.278075 
1554 19.274656 
1555 19.271197 
1556 19.267778 
1557 19.26432 
1558 19.260861 
1559 19.257442 
1560 19.253983 
1561 19.250525 
1562 19.247105 
1563 19.243647 
1564 19.240227 
1565 19.236808 
1566 19.23335 
1567 19.22993 
1568 19.226472 
1569 19.223052 
1570 19.219632 
1571 19.216174 
1572 19.212754 
1573 19.209335 
1574 19.205876 
1575 19.202457 
1576 19.199037 
1577 19.195617 
1578 19.192198 
1579 19.188739 
1580 19.18532 
1581 19.1819 
1582 19.17848 
1583 19.175061 
1584 19.171641 
1585 19.168221 
1586 19.164802 
1587 19.161382 
1588 19.157962 
1589 19.154543 
1590 19.151123 
1591 19.147703 
1592 19.144284 
1593 19.140864 
1594 19.137444 
1595 19.134025 
1596 19.130667 
1597 19.127209 
1598 19.12379 
1599 19.12037 
1600 19.117013 
1601 19.113554 
1602 19.110197 
1603 19.106739 
1604 19.103382 
1605 19.099924 
1606 19.096566 
1607 19.093147 
1608 19.089727 
1609 19.086307 
1610 19.08295 
1611 19.07953 
1612 19.076111 
1613 19.072753 
1614 19.069334 
1615 19.065914 
1616 19.062557 
1617 19.059137 
1618 19.05578 
1619 19.052322 
1620 19.048965 
1621 19.045545 
1622 19.042188 
1623 19.038768 
1624 19.035411 
1625 19.031991 
1626 19.028634 
1627 19.025214 
1628 19.021857 
1629 19.018437 
1630 19.01508 
1631 19.01166 
1632 19.008303 
1633 19.004884 
1634 19.001526 
1635 18.998169 
1636 18.994749 
1637 18.991392 
1638 18.988035 
1639 18.984615 
1640 18.981258 
1641 18.977839 
1642 18.974481 
1643 18.971124 
1644 18.967767 
1645 18.964347 
1646 18.96099 
1647 18.957633 
1648 18.954275 
1649 18.950856 
1650 18.947499 
1651 18.944141 
1652 18.940784 
1653 18.937427 
1654 18.934007 
1655 18.93065 
1656 18.927293 
1657 18.923936 
1658 18.920578 
1659 18.917221 
1660 18.913864 
1661 18.910507 
1662 18.907149 
1663 18.903792 
1664 18.900435 
1665 18.897015 
1666 18.893721 
1667 18.890301 
1668 18.887006 
1669 18.883587 
1670 18.880292 
1671 18.876934 
1672 18.873577 
1673 18.87022 
1674 18.866863 
1675 18.863506 
1676 18.860148 
1677 18.856791 
1678 18.853434 
1679 18.850077 
1680 18.846782 
1681 18.843425 
1682 18.840068 
1683 18.83671 
1684 18.833353 
1685 18.830058 
1686 18.826701 
1687 18.823344 
1688 18.819987 
1689 18.816692 
1690 18.813335 
1691 18.809977 
1692 18.806683 
1693 18.803325 
1694 18.799968 
1695 18.796673 
1696 18.793316 
1697 18.789959 
1698 18.786664 
1699 18.783307 
1700 18.780012 
1701 18.776655 
1702 18.773298 
1703 18.770003 
1704 18.766646 
1705 18.763351 
1706 18.759994 
1707 18.756699 
1708 18.753342 
1709 18.750047 
1710 18.74669 
1711 18.743395 
1712 18.7401 
1713 18.736743 
1714 18.733448 
1715 18.730091 
1716 18.726796 
1717 18.723439 
1718 18.720144 
1719 18.716849 
1720 18.713492 
1721 18.710198 
1722 18.706903 
1723 18.703546 
1724 18.700251 
1725 18.696956 
1726 18.693661 
1727 18.690304 
1728 18.687009 
1729 18.683714 
1730 18.68042 
1731 18.677125 
1732 18.673768 
1733 18.670473 
1734 18.667178 
1735 18.663883 
1736 18.660588 
1737 18.657294 
1738 18.653999 
1739 18.650642 
1740 18.647347 
1741 18.644052 
1742 18.640757 
1743 18.637463 
1744 18.634168 
1745 18.630873 
1746 18.627578 
1747 18.624283 
1748 18.620989 
1749 18.617694 
1750 18.614399 
1751 18.611104 
1752 18.60781 
1753 18.604515 
1754 18.60122 
1755 18.597925 
1756 18.594669 
1757 18.591374 
1758 18.58808 
1759 18.584785 
1760 18.581529 
1761 18.578234 
1762 18.574939 
1763 18.571644 
1764 18.568388 
1765 18.565093 
1766 18.561798 
1767 18.558542 
1768 18.555247 
1769 18.551991 
1770 18.548697 
1771 18.545402 
1772 18.542146 
1773 18.538851 
1774 18.535595 
1775 18.532338 
1776 18.529044 
1777 18.525787 
1778 18.522493 
1779 18.519236 
1780 18.51598 
1781 18.512685 
1782 18.509429 
1783 18.506173 
1784 18.502917 
1785 18.499622 
1786 18.496366 
1787 18.49311 
1788 18.489854 
1789 18.486559 
1790 18.483303 
1791 18.480046 
1792 18.47679 
1793 18.473534 
1794 18.470278 
1795 18.467022 
1796 18.463765 
1797 18.460509 
1798 18.457253 
1799 18.453997 
1800 18.450741 
1801 18.447484 
1802 18.444228 
1803 18.440972 
1804 18.437716 
1805 18.43446 
1806 18.431204 
1807 18.42801 
1808 18.424715 
1809 18.421459 
1810 18.418265 
1811 18.41497 
1812 18.411776 
1813 18.408482 
1814 18.405226 
1815 18.402032 
1816 18.398776 
1817 18.395519 
1818 18.392263 
1819 18.389069 
1820 18.385775 
1821 18.382581 
1822 18.379325 
1823 18.376069 
1824 18.372875 
1825 18.369619 
1826 18.366362 
1827 18.363169 
1828 18.359912 
1829 18.356656 
1830 18.353462 
1831 18.350206 
1832 18.347012 
1833 18.343756 
1834 18.3405 
1835 18.337306 
1836 18.33405 
1837 18.330856 
1838 18.3276 
1839 18.324406 
1840 18.32115 
1841 18.317956 
1842 18.3147 
1843 18.311507 
1844 18.30825 
1845 18.305057 
1846 18.301863 
1847 18.298607 
1848 18.295413 
1849 18.292157 
1850 18.288963 
1851 18.285769 
1852 18.282513 
1853 18.279319 
1854 18.276125 
1855 18.272869 
1856 18.269675 
1857 18.266482 
1858 18.263226 
1859 18.260032 
1860 18.256838 
1861 18.253644 
1862 18.250388 
1863 18.247194 
1864 18.244001 
1865 18.240807 
1866 18.237613 
1867 18.234357 
1868 18.231163 
1869 18.227969 
1870 18.224776 
1871 18.221582 
1872 18.218388 
1873 18.215194 
1874 18.212 
1875 18.208744 
1876 18.205551 
1877 18.202357 
1878 18.199163 
1879 18.195969 
1880 18.192776 
1881 18.189582 
1882 18.186388 
1883 18.183194 
1884 18.180001 
1885 18.176807 
1886 18.173613 
1887 18.170419 
1888 18.167264 
1889 18.16407 
1890 18.160877 
1891 18.157683 
1892 18.154489 
1893 18.151295 
1894 18.14814 
1895 18.144946 
1896 18.141753 
1897 18.138597 
1898 18.135404 
1899 18.13221 
1900 18.129055 
1901 18.125861 
1902 18.122667 
1903 18.119512 
1904 18.116318 
1905 18.113163 
1906 18.109969 
1907 18.106814 
1908 18.10362 
1909 18.100465 
1910 18.097271 
1911 18.094116 
1912 18.090922 
1913 18.087767 
1914 18.084612 
1915 18.081418 
1916 18.078263 
1917 18.075108 
1918 18.071914 
1919 18.068759 
1920 18.065604 
1921 18.06241 
1922 18.059255 
1923 18.0561 
1924 18.052945 
1925 18.049789 
1926 18.046634 
1927 18.04344 
1928 18.040285 
1929 18.03713 
1930 18.033975 
1931 18.03082 
1932 18.027665 
1933 18.024509 
1934 18.021354 
1935 18.018199 
1936 18.015044 
1937 18.011889 
1938 18.008733 
1939 18.005578 
1940 18.002455 
1941 17.999299 
1942 17.996144 
1943 17.992989 
1944 17.989865 
1945 17.98671 
1946 17.983555 
1947 17.9804 
1948 17.977276 
1949 17.974121 
1950 17.970966 
1951 17.967842 
1952 17.964687 
1953 17.961563 
1954 17.958408 
1955 17.955284 
1956 17.952129 
1957 17.949005 
1958 17.94585 
1959 17.942727 
1960 17.939603 
1961 17.936448 
1962 17.933324 
1963 17.930169 
1964 17.927045 
1965 17.923921 
1966 17.920798 
1967 17.917643 
1968 17.914519 
1969 17.911395 
1970 17.908271 
1971 17.905148 
1972 17.902024 
1973 17.898869 
1974 17.895776 
1975 17.892621 
1976 17.889497 
1977 17.886374 
1978 17.88325 
1979 17.880126 
1980 17.877033 
1981 17.87391 
1982 17.870786 
1983 17.867662 
1984 17.864539 
1985 17.861415 
1986 17.858322 
1987 17.855198 
1988 17.852075 
1989 17.848951 
1990 17.845858 
1991 17.842735 
1992 17.839611 
1993 17.836518 
1994 17.833394 
1995 17.830271 
1996 17.827178 
1997 17.824054 
1998 17.820961 
1999 17.817838 
2000 17.814745 
