1 0.00112156 
2 0.00111789 
3 0.00111393 
4 0.00109875 
5 0.00109746 
6 0.00107429 
7 0.00107355 
8 0.00106979 
9 0.00103923 
10 0.00103877 
11 0.00103543 
12 0.00102584 
13 0.00102473 
14 0.00100683 
15 0.0010062 
16 0.00100244 
17 0.000995171 
18 0.000993804 
19 0.000971415 
20 0.000970727 
21 0.000963939 
22 0.000963257 
23 0.000941212 
24 0.000940835 
25 0.00093736 
26 0.000936311 
27 0.000925588 
28 0.000924833 
29 0.000908456 
30 0.000907838 
31 0.000898237 
32 0.00089727 
33 0.000879277 
34 0.000878808 
35 0.000875544 
36 0.000863478 
37 0.000862791 
38 0.000856349 
39 0.000855204 
40 0.000841348 
41 0.000840783 
42 0.000835832 
43 0.000832389 
44 0.000830921 
45 0.000823501 
46 0.000822387 
47 0.00081631 
48 0.000815664 
49 0.000802636 
50 0.000802091 
51 0.000795923 
52 0.00079393 
53 0.000783727 
54 0.000782923 
55 0.0007571 
56 0.000756901 
57 0.000756228 
58 0.000752895 
59 0.000750222 
60 0.000748899 
61 0.000737426 
62 0.000736994 
63 0.00072926 
64 0.000728477 
65 0.000706915 
66 0.000706617 
67 0.000703874 
68 0.000694002 
69 0.000693739 
70 0.000682652 
71 0.000682188 
72 0.000678827 
73 0.000676508 
74 0.000674165 
75 0.000671414 
76 0.000671025 
77 0.000665859 
78 0.000664475 
79 0.000662368 
80 0.000662042 
81 0.000657324 
82 0.000656565 
83 0.000647077 
84 0.000646576 
85 0.000638578 
86 0.000637955 
87 0.000633701 
88 0.000632542 
89 0.000617911 
90 0.000617595 
91 0.000613847 
92 0.000613338 
93 0.000608016 
94 0.000607354 
95 0.000588033 
96 0.000587798 
97 0.000586948 
98 0.000583277 
99 0.000582654 
100 0.000567993 
101 0.000567737 
102 0.000563254 
103 0.000562373 
104 0.000556455 
105 0.000555897 
106 0.000551787 
107 0.000551342 
108 0.000545926 
109 0.000545403 
110 0.000541196 
111 0.000539731 
112 0.000529602 
113 0.000529325 
114 0.000527934 
115 0.000526926 
116 0.00052576 
117 0.000519605 
118 0.000518808 
119 0.000517206 
120 0.000516117 
121 0.000514909 
122 0.000511888 
123 0.000511396 
124 0.000504941 
125 0.000504644 
126 0.000502223 
127 0.000501112 
128 0.000495839 
129 0.000495334 
130 0.000485119 
131 0.000484928 
132 0.00048283 
133 0.000479014 
134 0.0004783 
135 0.000477855 
136 0.00047043 
137 0.000470114 
138 0.000466759 
139 0.000465318 
140 0.000454056 
141 0.00045387 
142 0.000452761 
143 0.000450969 
144 0.000450042 
145 0.000440787 
146 0.000440513 
147 0.000434632 
148 0.000434423 
149 0.000430959 
150 0.000429849 
151 0.000422972 
152 0.000422753 
153 0.000419043 
154 0.000418736 
155 0.000409722 
156 0.000409543 
157 0.000406056 
158 0.000405433 
159 0.000405267 
160 0.00040434 
161 0.000401227 
162 0.000400913 
163 0.000395983 
164 0.000395732 
165 0.00039358 
166 0.000392678 
167 0.000390812 
168 0.000390263 
169 0.000387091 
170 0.000386721 
171 0.000382156 
172 0.000381758 
173 0.000375467 
174 0.000375198 
175 0.000371564 
176 0.000371411 
177 0.000369341 
178 0.000368573 
179 0.000357991 
180 0.000357904 
181 0.000357097 
182 0.000354609 
183 0.000352679 
184 0.000350941 
185 0.000350328 
186 0.00034845 
187 0.000348135 
188 0.000345667 
189 0.00034552 
190 0.00034104 
191 0.000340904 
192 0.000338545 
193 0.000338216 
194 0.000334565 
195 0.000334419 
196 0.000329781 
197 0.000329417 
198 0.000325963 
199 0.000325788 
200 0.000320801 
201 0.000320667 
202 0.000318369 
203 0.000317853 
204 0.000308363 
205 0.000308295 
206 0.000307276 
207 0.000306585 
208 0.000305123 
209 0.000304015 
210 0.000303794 
211 0.000300225 
212 0.000300013 
213 0.000298283 
214 0.000297934 
215 0.000295774 
216 0.000295401 
217 0.000289427 
218 0.000289247 
219 0.000287787 
220 0.000287425 
221 0.000280148 
222 0.000280047 
223 0.000279375 
224 0.000271902 
225 0.000271809 
226 0.000271055 
227 0.000266673 
228 0.000266546 
229 0.000264926 
230 0.000263857 
231 0.000260564 
232 0.000260288 
233 0.000256968 
234 0.000256834 
235 0.00025371 
236 0.000253616 
237 0.000251685 
238 0.000251548 
239 0.000242951 
240 0.000242921 
241 0.000242717 
242 0.000240932 
243 0.000240809 
244 0.000236178 
245 0.000236119 
246 0.000235224 
247 0.000234796 
248 0.000234503 
249 0.000234214 
250 0.000232114 
251 0.000231933 
252 0.000231512 
253 0.000223952 
254 0.000223926 
255 0.000223823 
256 0.000223344 
257 0.000222803 
258 0.000222504 
259 0.000222192 
260 0.000221044 
261 0.000220935 
262 0.000218466 
263 0.000218365 
264 0.00021656 
265 0.000216443 
266 0.000213183 
267 0.00021309 
268 0.000210726 
269 0.000210575 
270 0.000209525 
271 0.000208725 
272 0.000208452 
273 0.000206802 
274 0.000206557 
275 0.000204709 
276 0.000204611 
277 0.000195879 
278 0.000195848 
279 0.000195799 
280 0.00019547 
281 0.000193978 
282 0.000193871 
283 0.000193568 
284 0.000191053 
285 0.000190973 
286 0.000189733 
287 0.000189616 
288 0.000185439 
289 0.000185394 
290 0.000184607 
291 0.00018343 
292 0.000183274 
293 0.000182058 
294 0.000181978 
295 0.000180351 
296 0.000180256 
297 0.000175657 
298 0.000175609 
299 0.000175065 
300 0.000174655 
301 0.000173413 
302 0.000173147 
303 0.000172208 
304 0.000172135 
305 0.00017011 
306 0.000170031 
307 0.000168482 
308 0.000168411 
309 0.000167354 
310 0.000167257 
311 0.000165169 
312 0.000165102 
313 0.000158907 
314 0.00015889 
315 0.000158757 
316 0.000158131 
317 0.000158066 
318 0.000154474 
319 0.000154437 
320 0.000154259 
321 0.000152517 
322 0.000152461 
323 0.000150144 
324 0.000150096 
325 0.000149882 
326 0.000149254 
327 0.000148323 
328 0.000148037 
329 0.000144985 
330 0.000144957 
331 0.000144059 
332 0.000143821 
333 0.000142608 
334 0.000142432 
335 0.000141616 
336 0.000141572 
337 0.000137253 
338 0.000137232 
339 0.000137066 
340 0.000134643 
341 0.000134617 
342 0.000134219 
343 0.000131865 
344 0.000131812 
345 0.000131228 
346 0.000130258 
347 0.000130138 
348 0.000129763 
349 0.000128781 
350 0.000128666 
351 0.000124301 
352 0.000124284 
353 0.000124167 
354 0.000123642 
355 0.000123564 
356 0.000122535 
357 0.00012243 
358 0.000120947 
359 0.000120911 
360 0.000120149 
361 0.000119989 
362 0.00011872 
363 0.000118566 
364 0.000118314 
365 0.000114203 
366 0.000114192 
367 0.000114082 
368 0.000113102 
369 0.000112879 
370 0.000112173 
371 0.000111892 
372 0.000110584 
373 0.00011056 
374 0.000109526 
375 0.000109253 
376 0.000109132 
377 0.000104402 
378 0.000104388 
379 0.000104321 
380 0.000103998 
381 0.000101716 
382 0.000101689 
383 0.000100855 
384 0.000100803 
385 9.86792e-05 
386 9.86544e-05 
387 9.81249e-05 
388 9.79707e-05 
389 9.74171e-05 
390 9.73773e-05 
391 9.20728e-05 
392 9.20652e-05 
393 9.20421e-05 
394 9.19069e-05 
395 9.13544e-05 
396 9.13108e-05 
397 8.99203e-05 
398 8.98775e-05 
399 8.94109e-05 
400 8.91378e-05 
401 8.35616e-05 
402 8.35517e-05 
403 8.35303e-05 
404 8.34233e-05 
405 8.31214e-05 
406 8.23467e-05 
407 8.23121e-05 
408 8.06128e-05 
409 8.05972e-05 
410 8.03964e-05 
411 7.95211e-05 
412 7.94956e-05 
413 7.77575e-05 
414 7.7744e-05 
415 7.67915e-05 
416 7.6766e-05 
417 7.58572e-05 
418 7.58321e-05 
419 7.54264e-05 
420 7.46514e-05 
421 7.46242e-05 
422 7.22284e-05 
423 7.22165e-05 
424 7.21325e-05 
425 7.19076e-05 
426 7.04299e-05 
427 7.04145e-05 
428 7.00228e-05 
429 7.00044e-05 
430 6.94221e-05 
431 6.93499e-05 
432 6.87443e-05 
433 6.8592e-05 
434 6.77773e-05 
435 6.77671e-05 
436 6.69677e-05 
437 6.69586e-05 
438 6.68212e-05 
439 6.58606e-05 
440 6.58211e-05 
441 6.56065e-05 
442 6.52381e-05 
443 6.51901e-05 
444 6.39463e-05 
445 6.39368e-05 
446 6.35352e-05 
447 6.31688e-05 
448 6.27402e-05 
449 6.26296e-05 
450 6.25682e-05 
451 6.22676e-05 
452 6.11629e-05 
453 6.11497e-05 
454 6.09613e-05 
455 6.07104e-05 
456 6.06112e-05 
457 6.05959e-05 
458 6.03778e-05 
459 6.02914e-05 
460 5.90608e-05 
461 5.90329e-05 
462 5.88218e-05 
463 5.82557e-05 
464 5.81989e-05 
465 5.79534e-05 
466 5.79035e-05 
467 5.60118e-05 
468 5.60041e-05 
469 5.59339e-05 
470 5.57032e-05 
471 5.4586e-05 
472 5.45744e-05 
473 5.44804e-05 
474 5.12959e-05 
475 5.12915e-05 
476 5.12496e-05 
477 5.11387e-05 
478 5.05733e-05 
479 5.05579e-05 
480 4.82236e-05 
481 4.82192e-05 
482 4.81988e-05 
483 4.79086e-05 
484 4.7863e-05 
485 4.69891e-05 
486 4.69747e-05 
487 4.40802e-05 
488 4.40767e-05 
489 4.40682e-05 
490 4.40198e-05 
491 4.07872e-05 
492 4.07847e-05 
493 4.07798e-05 
494 4.07451e-05 
495 4.05259e-05 
496 4.05007e-05 
497 4.04112e-05 
498 3.9897e-05 
499 3.98894e-05 
500 3.8964e-05 
501 3.89579e-05 
502 3.86491e-05 
503 3.86232e-05 
504 3.84036e-05 
505 3.72774e-05 
506 3.72752e-05 
507 3.72426e-05 
508 3.68574e-05 
509 3.68468e-05 
510 3.51166e-05 
511 3.51139e-05 
512 3.51037e-05 
513 3.50554e-05 
514 3.44371e-05 
515 3.44294e-05 
516 3.4303e-05 
517 3.42909e-05 
518 3.30219e-05 
519 3.30201e-05 
520 3.29984e-05 
521 3.29157e-05 
522 3.14614e-05 
523 3.14593e-05 
524 3.14486e-05 
525 3.14216e-05 
526 3.05095e-05 
527 3.05065e-05 
528 3.04658e-05 
529 3.02519e-05 
530 2.93762e-05 
531 2.93735e-05 
532 2.93422e-05 
533 2.92916e-05 
534 2.88794e-05 
535 2.88446e-05 
536 2.5358e-05 
537 2.53567e-05 
538 2.53556e-05 
539 2.53545e-05 
540 2.5352e-05 
541 2.53415e-05 
542 2.5306e-05 
543 2.52321e-05 
544 2.50605e-05 
545 2.50574e-05 
546 2.4917e-05 
547 2.48917e-05 
548 2.46332e-05 
549 2.46293e-05 
550 2.35841e-05 
551 2.35833e-05 
552 2.35794e-05 
553 2.35611e-05 
554 2.30819e-05 
555 2.30797e-05 
556 2.29163e-05 
557 2.29132e-05 
558 2.18013e-05 
559 2.18004e-05 
560 2.17925e-05 
561 2.17657e-05 
562 2.07799e-05 
563 2.0779e-05 
564 2.07728e-05 
565 2.07606e-05 
566 2.06274e-05 
567 2.06117e-05 
568 2.04704e-05 
569 2.04626e-05 
570 1.96666e-05 
571 1.9666e-05 
572 1.96629e-05 
573 1.96425e-05 
574 1.93342e-05 
575 1.9333e-05 
576 1.91431e-05 
577 1.91315e-05 
578 1.82041e-05 
579 1.82036e-05 
580 1.82014e-05 
581 1.81918e-05 
582 1.81706e-05 
583 1.74284e-05 
584 1.74278e-05 
585 1.74244e-05 
586 1.74119e-05 
587 1.73477e-05 
588 1.73458e-05 
589 1.71099e-05 
590 1.71089e-05 
591 1.70916e-05 
592 1.69057e-05 
593 1.69046e-05 
594 1.5701e-05 
595 1.57006e-05 
596 1.56999e-05 
597 1.56957e-05 
598 1.56779e-05 
599 1.56392e-05 
600 1.55961e-05 
601 1.55863e-05 
602 1.52703e-05 
603 1.52696e-05 
604 1.52644e-05 
605 1.4791e-05 
606 1.47905e-05 
607 1.47855e-05 
608 1.40303e-05 
609 1.40299e-05 
610 1.40279e-05 
611 1.4022e-05 
612 1.40077e-05 
613 1.39603e-05 
614 1.39563e-05 
615 1.38865e-05 
616 1.38773e-05 
617 1.37779e-05 
618 1.37767e-05 
619 1.31897e-05 
620 1.31894e-05 
621 1.31884e-05 
622 1.31815e-05 
623 1.30771e-05 
624 1.3075e-05 
625 1.29972e-05 
626 1.29965e-05 
627 1.28054e-05 
628 1.28046e-05 
629 1.27288e-05 
630 1.25597e-05 
631 1.25587e-05 
632 1.25439e-05 
633 1.23415e-05 
634 1.23406e-05 
635 1.23337e-05 
636 1.22114e-05 
637 1.22109e-05 
638 1.22045e-05 
639 1.20124e-05 
640 1.20114e-05 
641 1.19444e-05 
642 1.19438e-05 
643 1.19373e-05 
644 1.15181e-05 
645 1.15178e-05 
646 1.15141e-05 
647 1.07592e-05 
648 1.07589e-05 
649 1.07578e-05 
650 1.07531e-05 
651 1.07309e-05 
652 1.06704e-05 
653 1.0668e-05 
654 1.05756e-05 
655 1.05713e-05 
656 1.01188e-05 
657 1.01186e-05 
658 1.01172e-05 
659 1.01086e-05 
660 1.0062e-05 
661 1.00607e-05 
662 9.94577e-06 
663 9.94524e-06 
664 9.90222e-06 
665 9.90035e-06 
666 9.89425e-06 
667 9.84433e-06 
668 9.84252e-06 
669 9.83437e-06 
670 9.7155e-06 
671 9.71133e-06 
672 9.63476e-06 
673 9.61899e-06 
674 9.57548e-06 
675 9.44658e-06 
676 9.44371e-06 
677 9.40301e-06 
678 9.39676e-06 
679 9.25084e-06 
680 9.2489e-06 
681 9.2418e-06 
682 9.19269e-06 
683 9.18922e-06 
684 9.12189e-06 
685 9.11913e-06 
686 9.04033e-06 
687 9.03667e-06 
688 9.00724e-06 
689 8.8726e-06 
690 8.87208e-06 
691 8.58494e-06 
692 8.58477e-06 
693 8.58225e-06 
694 8.52814e-06 
695 8.40085e-06 
696 8.4002e-06 
697 8.3576e-06 
698 8.21546e-06 
699 8.21476e-06 
700 8.04021e-06 
701 8.0393e-06 
702 7.76663e-06 
703 7.76641e-06 
704 7.76382e-06 
705 7.74743e-06 
706 7.52265e-06 
707 7.52236e-06 
708 7.51773e-06 
709 7.46169e-06 
710 7.46128e-06 
711 7.27088e-06 
712 7.27051e-06 
713 7.26589e-06 
714 7.10534e-06 
715 7.10512e-06 
716 7.10127e-06 
717 6.99144e-06 
718 6.99084e-06 
719 6.83031e-06 
720 6.82977e-06 
721 6.82571e-06 
722 6.81357e-06 
723 6.81292e-06 
724 6.7456e-06 
725 6.74381e-06 
726 6.61493e-06 
727 6.61455e-06 
728 6.60791e-06 
729 6.46765e-06 
730 6.46737e-06 
731 6.4344e-06 
732 6.431e-06 
733 6.31915e-06 
734 6.3186e-06 
735 6.28548e-06 
736 6.28358e-06 
737 6.15756e-06 
738 6.15723e-06 
739 6.15472e-06 
740 6.0313e-06 
741 6.03087e-06 
742 5.9263e-06 
743 5.92564e-06 
744 5.83194e-06 
745 5.83058e-06 
746 5.77948e-06 
747 5.77928e-06 
748 5.69548e-06 
749 5.69429e-06 
750 5.62137e-06 
751 5.62022e-06 
752 5.60622e-06 
753 5.53664e-06 
754 5.53528e-06 
755 5.53101e-06 
756 5.51633e-06 
757 5.44804e-06 
758 5.44786e-06 
759 5.38637e-06 
760 5.3839e-06 
761 5.33909e-06 
762 5.33339e-06 
763 5.29056e-06 
764 5.24892e-06 
765 5.24843e-06 
766 5.20808e-06 
767 5.20664e-06 
768 5.19918e-06 
769 5.15945e-06 
770 5.15895e-06 
771 5.11968e-06 
772 5.11861e-06 
773 5.07879e-06 
774 5.07665e-06 
775 5.03776e-06 
776 5.0356e-06 
777 5.02998e-06 
778 4.99082e-06 
779 4.95187e-06 
780 4.95153e-06 
781 4.94784e-06 
782 4.90871e-06 
783 4.88501e-06 
784 4.88274e-06 
785 4.85473e-06 
786 4.85437e-06 
787 4.80582e-06 
788 4.80482e-06 
789 4.75705e-06 
790 4.75675e-06 
791 4.70985e-06 
792 4.70859e-06 
793 4.66186e-06 
794 4.65937e-06 
795 4.60896e-06 
796 4.60879e-06 
797 4.59179e-06 
798 4.54641e-06 
799 4.54494e-06 
800 4.5053e-06 
801 4.50346e-06 
802 4.45949e-06 
803 4.45819e-06 
804 4.42937e-06 
805 4.42912e-06 
806 4.4003e-06 
807 4.3736e-06 
808 4.3724e-06 
809 4.34645e-06 
810 4.31993e-06 
811 4.31694e-06 
812 4.28956e-06 
813 4.26071e-06 
814 4.22985e-06 
815 4.22927e-06 
816 4.19567e-06 
817 4.19439e-06 
818 4.1621e-06 
819 4.16087e-06 
820 4.12582e-06 
821 4.12557e-06 
822 4.09177e-06 
823 4.09127e-06 
824 4.05516e-06 
825 4.05395e-06 
826 4.01501e-06 
827 4.01482e-06 
828 3.97314e-06 
829 3.97301e-06 
830 3.92814e-06 
831 3.92792e-06 
832 3.88005e-06 
833 3.87858e-06 
834 3.82622e-06 
835 3.82582e-06 
836 3.76845e-06 
837 3.76664e-06 
838 3.70824e-06 
839 3.7079e-06 
840 3.69944e-06 
841 3.62684e-06 
842 3.62632e-06 
843 3.55279e-06 
844 3.55273e-06 
845 3.55107e-06 
846 3.53959e-06 
847 3.47644e-06 
848 3.47629e-06 
849 3.47373e-06 
850 3.38339e-06 
851 3.38315e-06 
852 3.365e-06 
853 3.26113e-06 
854 3.26102e-06 
855 3.26043e-06 
856 3.16819e-06 
857 3.16811e-06 
858 3.16243e-06 
859 3.02849e-06 
860 3.02841e-06 
861 3.02755e-06 
862 3.02021e-06 
863 2.93783e-06 
864 2.93775e-06 
865 2.93699e-06 
866 2.89517e-06 
867 2.89482e-06 
868 2.85286e-06 
869 2.85248e-06 
870 2.85195e-06 
871 2.82665e-06 
872 2.8261e-06 
873 2.82123e-06 
874 2.69361e-06 
875 2.69355e-06 
876 2.69303e-06 
877 2.69193e-06 
878 2.67273e-06 
879 2.58937e-06 
880 2.58927e-06 
881 2.58873e-06 
882 2.57657e-06 
883 2.47331e-06 
884 2.47322e-06 
885 2.47291e-06 
886 2.44401e-06 
887 2.4438e-06 
888 2.43833e-06 
889 2.38726e-06 
890 2.38723e-06 
891 2.38594e-06 
892 2.38192e-06 
893 2.36963e-06 
894 2.36893e-06 
895 2.34451e-06 
896 2.34448e-06 
897 2.34017e-06 
898 2.30536e-06 
899 2.3053e-06 
900 2.30494e-06 
901 2.3001e-06 
902 2.29998e-06 
903 2.2841e-06 
904 2.28405e-06 
905 2.273e-06 
906 2.27298e-06 
907 2.27144e-06 
908 2.26286e-06 
909 2.24878e-06 
910 2.24804e-06 
911 2.24381e-06 
912 2.16651e-06 
913 2.16651e-06 
914 2.16649e-06 
915 2.16623e-06 
916 2.16605e-06 
917 2.16297e-06 
918 2.15535e-06 
919 2.15478e-06 
920 2.15341e-06 
921 2.1298e-06 
922 2.12976e-06 
923 2.12969e-06 
924 2.12962e-06 
925 2.1293e-06 
926 2.1279e-06 
927 2.12663e-06 
928 2.12662e-06 
929 2.12625e-06 
930 2.12572e-06 
931 2.12234e-06 
932 2.12231e-06 
933 2.12233e-06 
934 2.12212e-06 
935 2.13056e-06 
936 2.13055e-06 
937 2.13059e-06 
938 2.13066e-06 
939 2.13082e-06 
940 2.13108e-06 
941 2.13118e-06 
942 2.13128e-06 
943 2.13138e-06 
944 2.13148e-06 
945 2.1316e-06 
946 2.13174e-06 
947 2.13196e-06 
948 2.13299e-06 
949 2.13304e-06 
950 2.13368e-06 
951 2.1339e-06 
952 2.13506e-06 
953 2.13516e-06 
954 2.13579e-06 
955 2.13618e-06 
956 2.18158e-06 
957 2.18156e-06 
958 2.18161e-06 
959 2.18171e-06 
960 2.18181e-06 
961 2.18184e-06 
