1 0.5115199 
2 0.513335 
3 0.5151484 
4 0.5174321 
5 0.5171005 
6 0.5178641 
7 0.5180331 
8 0.5169382 
9 0.517358 
10 0.5184817 
11 0.5181333 
12 0.5129708 
13 0.5164594 
14 0.5165315 
15 0.5181665 
16 0.5121697 
17 0.5169972 
18 0.5157149 
19 0.5168698 
20 0.5164316 
21 0.5166379 
22 0.5194835 
23 0.5015383 
24 0.5103984 
25 0.515594 
26 0.5207495 
27 0.5190178 
28 0.515279 
29 0.5200073 
30 0.5182564 
31 0.5199304 
32 0.514972 
33 0.5211683 
34 0.5002335 
35 0.505287 
36 0.5072595 
37 0.5196171 
38 0.5252274 
39 0.5133718 
40 0.5204356 
41 0.5124978 
42 0.5209949 
43 0.5003079 
44 0.514255 
45 0.5249207 
46 0.5175728 
47 0.526096 
48 0.5059441 
49 0.523433 
50 0.526856 
51 0.5250651 
52 0.5288397 
53 0.5217994 
54 0.5279597 
55 0.5213198 
56 0.5222426 
57 0.522898 
58 0.5233606 
59 0.5239415 
60 0.5242468 
61 0.5246895 
62 0.525066 
63 0.5253647 
64 0.5258146 
65 0.5261032 
66 0.5264612 
67 0.5266141 
68 0.5267683 
69 0.5269143 
70 0.5269494 
71 0.5269959 
72 0.5270491 
73 0.5270881 
74 0.5270522 
75 0.5270545 
76 0.5274141 
77 0.527682 
78 0.5280363 
79 0.5282831 
80 0.528567 
81 0.5288363 
82 0.5290968 
83 0.5292611 
84 0.5294469 
85 0.5295733 
86 0.5296598 
87 0.5297797 
88 0.5301181 
89 0.530222 
90 0.5303418 
91 0.5304216 
92 0.5303407 
93 0.5306168 
94 0.5304961 
95 0.5301591 
96 0.5308601 
97 0.5317729 
98 0.5325051 
99 0.5318259 
100 0.5308433 
101 0.5306297 
102 0.5290875 
103 0.5290477 
104 0.5130778 
105 0.5150724 
106 0.5256073 
107 0.5268024 
108 0.524152 
109 0.5254405 
110 0.5134022 
111 0.5190256 
112 0.5251862 
113 0.522019 
114 0.5232363 
115 0.5268017 
116 0.5173986 
117 0.5248823 
118 0.5288544 
119 0.5131648 
120 0.5276107 
121 0.5309487 
122 0.5138579 
123 0.5199242 
124 0.5251062 
125 0.5314331 
126 0.5155624 
127 0.5223698 
128 0.529128 
129 0.5314176 
130 0.5291841 
131 0.5337995 
132 0.5236947 
133 0.5301074 
134 0.5326728 
135 0.5297898 
136 0.5341061 
137 0.5158157 
138 0.5245247 
139 0.5296145 
140 0.5318946 
141 0.5202438 
142 0.5279097 
143 0.5262174 
144 0.5303512 
145 0.5217398 
146 0.525534 
147 0.5297125 
148 0.5201875 
149 0.525732 
150 0.5245275 
151 0.5271704 
152 0.526234 
153 0.5257166 
154 0.5270237 
155 0.5244137 
156 0.5278776 
157 0.5176127 
158 0.5231395 
159 0.5250415 
160 0.5269979 
161 0.5200539 
162 0.5221845 
163 0.5242909 
164 0.5235436 
165 0.5253108 
166 0.5194526 
167 0.5224135 
168 0.5253973 
169 0.5025823 
170 0.5114661 
171 0.5179203 
172 0.5108904 
173 0.5207109 
174 0.5229464 
175 0.5006231 
176 0.5086326 
177 0.5164688 
178 0.5160971 
179 0.5190175 
180 0.5193865 
181 0.5139453 
182 0.5169467 
183 0.5194417 
184 0.500122 
185 0.5116973 
186 0.5191378 
187 0.517426 
188 0.5071319 
189 0.5156813 
190 0.5164835 
191 0.5165412 
192 0.5156934 
193 0.5181648 
194 0.5083537 
195 0.5154998 
196 0.5145271 
197 0.5176873 
198 0.5145204 
199 0.5169763 
200 0.5091335 
201 0.5133185 
202 0.5160338 
203 0.5069831 
204 0.5114426 
205 0.5147882 
206 0.513772 
207 0.5162838 
208 0.512145 
209 0.5142841 
210 0.5150393 
211 0.5159756 
212 0.5107362 
213 0.5131885 
214 0.5159081 
215 0.5133414 
216 0.5157115 
217 0.5130487 
218 0.5154037 
219 0.5106024 
220 0.5129035 
221 0.5153853 
222 0.5124184 
223 0.5144121 
224 0.5080516 
225 0.5112511 
226 0.5132949 
227 0.514578 
228 0.5134955 
229 0.5062994 
230 0.5098958 
231 0.5137473 
232 0.5120556 
233 0.5125729 
234 0.5138138 
235 0.5118935 
236 0.5128117 
237 0.5138128 
238 0.5126635 
239 0.5026076 
240 0.5060493 
241 0.5084552 
242 0.5117785 
243 0.5102668 
244 0.5122606 
245 0.5113435 
246 0.5008977 
247 0.5054238 
248 0.5087375 
