-31.043948 -13.178034 5.700952
-30.938976813079318 -14.082863815393107 5.0054025387436649
-30.650851394023903 -14.894076926309273 4.2487558816560158
-30.420917437143679 -15.692198771986329 3.4592606188821318
-30.384654502375216 -16.54373071420919 2.6931230676095486
-30.441792377303102 -17.43891177447972 1.9799841144967127
-30.348891154437041 -18.332991422147892 1.2704930565935497
-29.966867188213303 -19.12892795439766 0.54083548810459847
-29.378248191508231 -19.778197128947038 -0.19775008880762776
-28.789887338977078 -20.387355620247703 -0.96928024153948167
-28.356245077478157 -21.080630675986967 -1.771770047430687
-28.039953368302942 -21.855713410216385 -2.5543443804014374
-27.627438596915397 -22.620066251223605 -3.2994678665467783
-26.967878565993299 -23.243871831146468 -3.9960324587486995
-26.118926076039127 -23.669119962741867 -4.6375459436831301
-25.242732239201118 -24.013108200026398 -5.2903592639208634
-24.471794180374996 -24.450484662143392 -6.0154392348749193
-23.817474223961749 -25.015168648994667 -6.7680287152062277
-23.12316032524107 -25.59183067792344 -7.4710283413508449
-22.243681110471879 -26.013279570805999 -8.0669685225313383
-21.217489180337164 -26.195602352557888 -8.5415866944344643
-20.162316411640539 -26.239854202027953 -8.9856722722201958
-19.157250685777939 -26.350181684506577 -9.5218632914814592
-18.234358694679035 -26.622368571956748 -10.144037033452758
-17.316919805663467 -26.961854869963325 -10.738034430118454
-16.290988287392558 -27.17532209750259 -11.191432849297497
-15.181025013627986 -27.13825167936648 -11.464714200744455
-14.073921271428883 -26.903025221854008 -11.644210667039355
-12.982782388125985 -26.656823687245037 -11.886606952657553
-11.900982007891278 -26.553567036828117 -12.247765873012439
-10.819649560094804 -26.573233771990793 -12.624664380285116
-9.7035689864758865 -26.543330342432569 -12.865701649837023
-8.5856266756380517 -26.310584180574605 -12.907191099783699
-7.5301447022089132 -25.871925829687356 -12.830611312746187
-6.5068797905358116 -25.359385367017456 -12.794198387014752
-5.4489116833936855 -24.929103000945478 -12.873514299687283
-4.3490554195854596 -24.627518269012473 -12.976012589279879
-3.2431587735127696 -24.346767258496623 -12.926730542708075
-2.2139420291268941 -23.94196619925826 -12.643243249065854
-1.3241615453119602 -23.358630993976103 -12.221364414540803
-0.50588808787936257 -22.648915852344288 -11.852404423448066
0.36659184132404643 -21.935559940420742 -11.655710082062679
1.3312889328903539 -21.326000393898745 -11.562831665669139
2.3300083503746052 -20.814654935052747 -11.354668900648122
3.2291233538850892 -20.322694551856259 -10.857907394581622
3.9013924593745286 -19.787412848411858 -10.104561566514915
4.3878869187121428 -19.154413271427771 -9.2846377172569934
4.888636371669338 -18.389261099468627 -8.6017931509435126
5.5372696660772505 -17.554387977312384 -8.1667580744302608
6.3046302537149623 -16.74919484977314 -7.8923372337943798
7.0743146173498346 -16.001292181601205 -7.5078392487300487
7.685513412877512 -15.341197709868231 -6.8118424101243065
8.0219502998462229 -14.834597718459456 -5.8446428789231231
8.158171334128717 -14.443006103685958 -4.7763052150745118
8.3349190511584261 -13.981537663822845 -3.7475641778529529
8.7231614623611247 -13.314804498417837 -2.9082893137776882
9.2872418521501192 -12.479911477536593 -2.3653479182593076
9.8821502385833622 -11.577390138493056 -1.9869357738141729
10.386555273438514 -10.700322588406072 -1.4594073093471758
10.721328649998719 -10.00777991424582 -0.61670878275687424
10.883923136390809 -9.625111883665344 0.44983296840745818
10.98922193357906 -9.4488230713817707 1.5770296496985676
11.19425951880519 -9.1761473750739295 2.6681843257694315
11.552039515085639 -8.5884943283600048 3.5812496909421534
11.992286863151952 -7.712411659610158 4.1731129890610461
12.437596374416128 -6.7142791298844173 4.5180679156779231
12.888523065314933 -5.7400913190790916 4.917646314325065
13.339348533332373 -4.9340116026452785 5.5954419540344755
13.727142446978393 -4.3739297689689085 6.5170808047636912
14.010463637741738 -3.9018683024896377 7.5223051015281435
14.201330130057753 -3.2377169677954729 8.4366884387367058
14.333782605054447 -2.2971383959492253 9.0774440130516627
14.4717757110561 -1.2057977826510156 9.3968766532554611
14.701838867345163 -0.098058184921391289 9.5789842289703273
15.048581700973575 0.95059257153292731 9.8841376114344843
15.412101702105033 1.900612552208047 10.411215072436821
15.641298214054187 2.8215279016746395 11.053378241253183
15.655288221283181 3.8282167287007201 11.599860235917932
15.505264177433464 4.9262963747002262 11.887826710572298
15.342867895465549 6.0592384241105579 11.934875739869007
15.304940010288613 7.2044798922710998 11.923819944468084
15.395145008334119 8.3421488681294367 12.026207380476803
15.472798766698162 9.4631800512302391 12.251039340241771
15.370070326040528 10.586589603275595 12.451854544260721
15.042779845113467 11.68407826306502 12.469328830092573
14.601798246347359 12.722894609581031 12.272397285659634
14.20851907225391 13.758500233904892 11.978691164430389
13.942949553387773 14.848632649224545 11.74559414529662
13.736707454478767 15.969256334322901 11.622764278038016
13.423791655249758 17.065421211075442 11.504377104746757
12.910723871022677 18.057398099872159 11.247774723783063
12.264455196743235 18.897717820751971 10.812615137071061
11.622730412901499 19.680975386851294 10.275714304568565
11.077836416566898 20.550487160858193 9.7652561563807634
10.613072704998357 21.514277478069747 9.3545248162393815
10.096598458425198 22.464886091203397 8.9768012931466394
9.4191674094823661 23.259319788352055 8.504970621195195
8.6212452584766854 23.810968398081314 7.894846433901038
7.8139382944531413 24.215277507709597 7.1889487375262346
7.0634088776041937 24.690258218715481 6.4650448653597259
6.3787053155682001 25.33063758340154 5.805856580508804
5.6899095372992496 26.027539024247925 5.2119499973784533
4.9000929435278442 26.579694120243659 4.5936082953021495
4.0268451386069994 26.846942929589868 3.902301396811882
3.161265712310493 26.881896082519727 3.1519285674546964
2.334638313878346 26.908481803084033 2.3590887907369864
1.531204880911287 27.102217919264312 1.5654716539561035
0.72231439586098356 27.417710143636778 0.81759039147250256
-0.13939596977189683 27.640474369114887 0.097877398980951005
-1.0317440474840862 27.588180604983584 -0.61699178467207538
-1.87468267713009 27.273041736166874 -1.3263946544256215
-2.6634983465050901 26.888287926277286 -2.0628420309537683
-3.4581714589024699 26.634651392654497 -2.8478225286258287
-4.2865332414344275 26.534545206582965 -3.6334397032658119
-5.1502843154763926 26.402875131232125 -4.3726597766204263
-6.0007332521721546 26.032533785235429 -5.0414555738188547
-6.7494098355151788 25.39644533202889 -5.6301580693367335
-7.3981790362019346 24.642216341402015 -6.1987508259898974
-8.0547732369112417 23.954799256279287 -6.8370675357420954
-8.785971658830638 23.417968270818978 -7.5372119255041676
-9.5704227200781578 22.925947163394902 -8.2107521017877545
-10.325773387149798 22.280601541836472 -8.7758892961752348
-10.943065472851034 21.414465429729912 -9.197613982212502
-11.401995449827117 20.419784693746045 -9.5342211432986961
-11.82295831334284 19.424013801202118 -9.9120957398476151
-12.331214502762061 18.512226000531466 -10.38377461059323
-12.931063076153993 17.664519240182532 -10.867426361039962
-13.518644856587184 16.755704342495342 -11.236057516579443
-13.958506656700015 15.717497014712155 -11.425633466538104
-14.201727014740767 14.600018740089029 -11.492910588872613
-14.352018978477854 13.467727224467316 -11.579029878348566
-14.56845890605279 12.359573285801577 -11.770228065279847
-14.908216920338305 11.290083180772877 -12.000404346393989
-15.282789460828496 10.215620133910187 -12.111729306099248
-15.53308909061022 9.1061995448692326 -12.004027922822422
-15.561773462070599 7.9949416043481545 -11.7313914214149
-15.42137873621523 6.8910583252330895 -11.460469719285452
-15.273698565560068 5.7641846992977825 -11.323395501536242
-15.250124516166887 4.619731389144409 -11.28984465525391
-15.345131826203637 3.4861931639560031 -11.17663933261781
-15.431177521553689 2.4099051306993564 -10.807220591435158
-15.36930694616043 1.4573973953739019 -10.178116867472907
-15.108235928998592 0.60635683493428483 -9.4584564072973034
-14.711864084671536 -0.28189321763580949 -8.8579675360918255
-14.314378772712649 -1.2902146437553605 -8.4913512011915824
-14.014900684043868 -2.3746913406472712 -8.2759655393647584
-13.80275843380505 -3.4493963954166063 -7.9543638478634664
-13.613168735289733 -4.3780074150743964 -7.3211128808283776
-13.404994019663574 -5.0201591949537754 -6.3983340756930511
-13.151245651172738 -5.4249679307019516 -5.3568009672662003
-12.813503039182944 -5.8641055417562793 -4.3570303211329682
-12.385653944164662 -6.5554119367607591 -3.5546431342178657
-11.915120016488409 -7.4689423210119337 -3.049020552328745
-11.436925122896646 -8.4511293040935538 -2.7040500078402978
-10.965694640907904 -9.3648138517450246 -2.2043057937947541
-10.578422658694427 -10.054962829843005 -1.3790517001520988
-10.366681224156899 -10.432028555547914 -0.31835232756865911
-10.301877013670024 -10.62890088649617 0.8087692975940296
-10.212591640760371 -10.942384704641364 1.9068597172182937
-9.9338826145716173 -11.550115211164615 2.8377490716353595
-9.4377962993446687 -12.385366371750598 3.4459248416344814
-8.8231796468102779 -13.285401772182336 3.7996069648174777
-8.2198389146118895 -14.172528279525535 4.2028029958355093
-7.766638825688057 -14.96960420077051 4.8889190841844448
-7.5224387674572579 -15.581536024082991 5.8248973257172993
-7.3447405645205199 -16.054810765902548 6.8530819177747651
-6.9809372891043298 -16.558037374563522 7.8156728126895683
-6.3326632094705948 -17.172532920950889 8.5294886977684534
-5.5178345284777404 -17.874885412433148 8.9167328588580013
-4.7113140656719965 -18.656802997175344 9.1409076060744674
-4.022682787189134 -19.507846881581315 9.4775300965216829
-3.4652252480672909 -20.326311696325646 10.051110290819166
-2.9048255711253752 -21.016146118391692 10.773399175066412
-2.1571422533912585 -21.573955194411717 11.436853690390478
-1.2000633545792518 -22.044224556246718 11.848932247133872
-0.1651223249410354 -22.51257817130362 11.984867082976251
0.8251875205145992 -23.087307667099502 12.020225048038339
1.7244830111420382 -23.78191395456464 12.162773559839039
2.5820508960598003 -24.478795250829158 12.464577322742915
3.5246009631489827 -25.039505156880509 12.795191266042877
4.5960583327562805 -25.401367106472303 12.96941892755124
5.716637712438728 -25.627742052944566 12.914272627437157
6.8180694164065176 -25.884728432842863 12.730911742828901
7.8821787545438866 -26.286069142486074 12.592913970883112
8.9204301027319328 -26.770267048824518 12.574592592227717
9.9970664975952772 -27.162712592846567 12.580697786576968
11.123113352688378 -27.326903466787154 12.453606632878627
12.221078815823354 -27.28169515257839 12.131982570670944
13.276705545586964 -27.20163072910729 11.693330458421197
14.345799128925284 -27.26297717179488 11.285481822083637
15.435419570059832 -27.468228663268199 10.996468395365401
16.542147077097535 -27.640355201990193 10.753368470042359
17.631855348980142 -27.588224395116772 10.403049979992758
18.607218027691108 -27.283946680163197 9.8846619917080751
19.47301105866644 -26.87969144755586 9.2519153612518696
20.37279102261472 -26.573772951337499 8.6113848378790436
21.370307761517875 -26.438835914141389 8.0633884172549539
22.410028743595994 -26.343883031529383 7.5909980791656553
23.392520711855003 -26.073972605843366 7.067671088585282
24.191406148462125 -25.556961189391043 6.42968602965973
24.799721740608682 -24.907792668054565 5.7071224092460939
25.403271643992664 -24.297245003208662 4.9485027617669406
26.15187462402767 -23.82434401164419 4.2212802533407654
27.000737590463402 -23.430608961213693 3.5597953814837227
27.792035626663868 -22.931084826584403 2.9007472343766905
28.362835261608314 -22.232583117471453 2.196103791654211
28.688554381392002 -21.416680745200622 1.460197618220803
28.954693871243563 -20.609010590250261 0.69270232815096366
29.364830450868965 -19.885079298402839 -0.09447741065704128
29.917732371843741 -19.228318253589219 -0.85362899159178407
30.431501125249238 -18.510979197879678 -1.5818094432762455
30.707178868236532 -17.65545266178523 -2.2886133084573985
30.70325572615501 -16.729991331883802 -2.9639209746279827
30.593947222704934 -15.818187398133418 -3.6486445405713015
30.611115131048464 -14.947146781794123 -4.3912149398560745
30.810304026807099 -14.114284407681936 -5.1528050996977326
31.022276389743475 -13.251436893160472 -5.8734570200789094
31.016280048210959 -12.307621261298385 -6.5164851584928405
30.712789649506799 -11.348585767547631 -7.0624798078910249
30.242580058394445 -10.4350884042261 -7.5699234056071862
29.827609654769851 -9.5359328851159635 -8.1435069900730159
29.588830397132678 -8.6206199181135972 -8.7896879678947535
29.431554250377108 -7.6758012178118893 -9.4169125288562157
29.135461285081707 -6.702050853208009 -9.9346123402309718
28.584912748124232 -5.7718118930936626 -10.306841444890241
27.852519156635367 -4.9389356886674092 -10.595060139352785
27.1040669210877 -4.138214137372886 -10.925868973763565
26.468374079560601 -3.284481522242543 -11.348340712572295
25.928162301643802 -2.3696597003295783 -11.776324738623131
25.327663125132077 -1.44748186068101 -12.082858886967967
24.552383853309692 -0.61854435972863764 -12.213599807276207
23.629719214007434 0.059901164467701037 -12.235970845384625
22.660689802651753 0.66831540965544622 -12.285891718891619
21.743395742496631 1.3382184584976948 -12.429509958538182
20.908266484924532 2.1059202668349233 -12.586362477425181
20.079272159657286 2.8917557009621344 -12.606566649420904
19.169771998678559 3.5561608982930406 -12.42015608016175
18.168326136174937 4.0149878441940228 -12.110244729635124
17.104003474445236 4.3400470004635521 -11.841255149952575
16.025931426584492 4.6996455322427142 -11.707000496015388
14.997071832566402 5.1953240307660646 -11.633392999883089
14.038491431971151 5.7804799666699358 -11.429111074075555
13.137181676474313 6.2946320336732287 -10.957713643180512
12.274970665776843 6.5858691362157398 -10.267383924301281
11.387764565716717 6.6435826261208364 -9.5482040147152709
10.392976672446281 6.6117014814675201 -8.9877881057848672
9.3033892668930527 6.664958210120659 -8.6437427922075987
8.2115863116531518 6.8801319407771242 -8.3787962960362083
7.2074243035714787 7.1961690109335024 -7.9432858463293865
6.3909973058231806 7.4655582771276983 -7.1971024054133679
5.815824651980682 7.5605247218000793 -6.2139586966616962
5.3584686440100828 7.4606357050077277 -5.1694115490731658
4.7665698977096342 7.2538301874139934 -4.215931429580059
3.9089147531750736 7.0672716228752313 -3.4861994241997665
2.8685143875828167 6.989330312662795 -3.0139073463822994
1.7966308247936551 7.0276606273352291 -2.6148011685204393
0.83366021664586865 7.1317343902365993 -2.011234534024267
0.14620656607243887 7.2409020315517072 -1.1056597352910276
-0.19834671516050292 7.3104232936641909 -0.015564320776256219
-0.37775409135454158 7.3187708372314573 1.1158994533068021
-0.71652781601315318 7.2599923329661777 2.2070844642350114
-1.4010839903519674 7.1469715458481105 3.1174781528122679
-2.3695904367907996 7.0250605318611168 3.7175953689573586
-3.4507899714066443 6.9637026280724239 4.0928733316145109
-4.5081843751506367 7.0227772271959434 4.5311097601539903
-5.3958626748143583 7.1963285547818101 5.2346411626980203
-6.0250773515338683 7.388963407379272 6.1722247719724255
-6.52252701267094 7.463059492708136 7.2017458252123019
-7.1372185682359479 7.3273287821483812 8.158654639060801
-7.9822316939873676 7.0124797384158466 8.8624812937794299
-8.9990826362709324 6.6604541851436059 9.250198037771348
-10.095472272064105 6.4205078354857577 9.4781730585825148
-11.192175734947204 6.3398718652006059 9.798381246929317
-12.204025251601752 6.3247536229608947 10.33360530534938
-13.121576536544316 6.1948178758144206 11.006370484316047
-14.014677840657015 5.8228057828879232 11.617822075406471
-14.929953532189311 5.2487943087251407 11.992740181239018
-15.889796741404105 4.6386162366884118 12.119872869715907
-16.919815871823573 4.1390571993370839 12.159852719860094
-17.996115094545999 3.7687945298676286 12.287960753507516
-19.052702739833244 3.4019970931277523 12.536596158781176
-20.038743347031055 2.8727849968527468 12.780101815134177
-20.916402841993392 2.143155514834342 12.859578622958262
-21.704427713401589 1.3233137810526934 12.728621363557139
-22.511533650808751 0.54534794251984042 12.491420563736801
-23.415218054652016 -0.13294553421948341 12.302582597650336
-24.367580062880283 -0.76439125603825198 12.217926458513482
-25.257619433397245 -1.4820003199666392 12.141166144416319
-25.981364777289897 -2.3440696266695955 11.932284878148769
-26.525225987324763 -3.2743486302942384 11.545573474287334
-27.024646503452391 -4.1815195281214894 11.05489920089247
-27.633881428679668 -5.0322767228724805 10.587948838134738
-28.347549898658382 -5.846888792962984 10.213711717215448
-29.018333984910868 -6.7072783175872619 9.8626185123150716
-29.4819614633413 -7.6525928102434442 9.4114561774966834
-29.694168444643108 -8.6112344110431032 8.8217403209451302
-29.804165529924425 -9.5274444346633853 8.1422501248903938
-30.03017045465468 -10.421452021916469 7.4617585379949425
-30.428379546737389 -11.31135813160966 6.8594751656122179
-30.841571269129975 -12.226856333562763 6.3074417813707688
