1 0.334562 
2 0.641786 
3 0.0567952 
4 0.0602908 
5 0.0394955 
6 0.026736 
7 0.0343195 
8 0.0234784 
9 0.0289721 
10 0.0219618 
11 0.0280885 
12 0.0218005 
13 0.0279885 
14 0.0217688 
15 0.027949 
16 0.0217492 
17 0.0279177 
18 0.0217325 
19 0.0278893 
20 0.0217173 
21 0.0278627 
22 0.0217033 
23 0.0278373 
24 0.0216902 
25 0.027813 
26 0.0216779 
27 0.0277896 
28 0.0216664 
29 0.0277671 
30 0.0216555 
31 0.0277453 
32 0.0216452 
33 0.0277241 
34 0.0216354 
35 0.0277035 
36 0.0216261 
37 0.0276833 
38 0.0216171 
39 0.0276636 
40 0.0216085 
41 0.0276441 
42 0.0216002 
43 0.0276249 
44 0.0215921 
45 0.0276059 
46 0.0215842 
47 0.0275871 
48 0.0215765 
49 0.0272087 
50 0.0220249 
51 0.0268404 
52 0.0220169 
53 0.0268236 
54 0.0220089 
55 0.0264823 
56 0.0224528 
57 0.0261497 
58 0.0224444 
59 0.0261344 
60 0.022436 
61 0.0261192 
62 0.0224278 
63 0.0258121 
64 0.0228638 
65 0.0255123 
66 0.0228549 
67 0.0254984 
68 0.0228461 
69 0.0254845 
70 0.0228373 
71 0.0254706 
72 0.0228286 
73 0.0251948 
74 0.0232533 
75 0.0249253 
76 0.0232439 
77 0.0249126 
78 0.0232345 
79 0.0248999 
80 0.0232252 
81 0.0248873 
82 0.0232159 
83 0.0243957 
84 0.0233847 
85 0.0249329 
86 0.0231688 
87 0.0248453 
88 0.023222 
89 0.0247641 
90 0.0232705 
91 0.0246888 
92 0.0233147 
93 0.0246189 
94 0.0230968 
95 0.02481 
96 0.0231916 
97 0.0246862 
98 0.023274 
99 0.0245775 
100 0.0233453 
101 0.0244819 
102 0.0234068 
103 0.0243974 
104 0.0230197 
105 0.0249884 
106 0.0232077 
107 0.0245588 
108 0.0232825 
109 0.0244593 
110 0.0229141 
111 0.0250326 
112 0.0231153 
113 0.02459 
114 0.0231979 
115 0.0244815 
116 0.0228412 
117 0.0250431 
118 0.0230496 
119 0.0245936 
120 0.0231369 
121 0.0244798 
122 0.0232122 
123 0.02438 
124 0.0228485 
125 0.024947 
126 0.0230472 
127 0.0245086 
128 0.0231302 
129 0.0244001 
130 0.0232017 
131 0.0243049 
132 0.0232631 
133 0.0242212 
134 0.0228846 
135 0.0248002 
136 0.0230657 
137 0.0243809 
138 0.0231406 
139 0.024282 
140 0.0232049 
141 0.0244949 
142 0.0229892 
143 0.0244164 
144 0.0230365 
145 0.0243438 
146 0.0230793 
147 0.0242766 
148 0.0231179 
149 0.0242144 
150 0.0231527 
151 0.0241566 
152 0.0231839 
153 0.0241029 
154 0.0232118 
155 0.0240529 
156 0.0232366 
157 0.0244623 
158 0.0228316 
159 0.02445 
160 0.0228229 
161 0.0244377 
162 0.0228142 
163 0.0244254 
164 0.0228055 
165 0.0244132 
166 0.0227967 
167 0.0244009 
168 0.022788 
169 0.0243887 
170 0.0227793 
171 0.0243765 
172 0.0227706 
173 0.0243643 
174 0.0227619 
175 0.0243521 
176 0.0227532 
177 0.0243399 
178 0.0227445 
179 0.0243278 
180 0.0227357 
181 0.0243156 
182 0.022727 
183 0.0243035 
184 0.0227183 
185 0.0242914 
186 0.0227096 
187 0.0242793 
188 0.0227008 
189 0.0242672 
190 0.0226921 
191 0.0242552 
192 0.0226834 
193 0.0242431 
194 0.0226746 
195 0.0242311 
196 0.0226659 
197 0.0242191 
198 0.0226571 
199 0.0242071 
200 0.0226484 
201 0.0241951 
202 0.0226397 
203 0.0241832 
204 0.0226309 
205 0.0241712 
206 0.0226222 
207 0.0241593 
208 0.0226134 
209 0.0241474 
210 0.0226047 
211 0.0241355 
212 0.022596 
213 0.0241236 
214 0.0225872 
215 0.0241117 
216 0.0225785 
217 0.0240999 
218 0.0225697 
219 0.024088 
220 0.022561 
221 0.0240762 
222 0.0225523 
223 0.0240644 
224 0.0225436 
225 0.0240526 
226 0.0225348 
227 0.0240409 
228 0.0225261 
229 0.0240291 
230 0.0225174 
231 0.0240174 
232 0.0225087 
233 0.0240056 
234 0.0225 
235 0.0239939 
236 0.0224913 
237 0.0239822 
238 0.0224826 
239 0.0239705 
240 0.0224739 
241 0.0239589 
242 0.0224652 
243 0.0239472 
244 0.0224566 
245 0.0239356 
246 0.0224479 
247 0.023924 
248 0.0224392 
249 0.023487 
250 0.0232191 
251 0.0230665 
252 0.023209 
253 0.0230566 
254 0.0231988 
255 0.0230468 
256 0.0228036 
257 0.0234149 
258 0.0228215 
259 0.0233768 
260 0.022837 
261 0.0233414 
262 0.0228502 
263 0.0233083 
264 0.0228615 
265 0.0230221 
266 0.0231094 
267 0.023019 
268 0.0226757 
269 0.0233938 
270 0.022751 
271 0.0233046 
272 0.0228073 
273 0.0232338 
274 0.0228489 
275 0.023177 
276 0.022879 
277 0.023131 
278 0.0229 
279 0.0230932 
280 0.0229141 
281 0.0230619 
282 0.0224893 
283 0.0234091 
284 0.0226304 
285 0.0232649 
286 0.0227261 
287 0.023163 
288 0.0227898 
289 0.0230899 
290 0.022831 
291 0.0230365 
292 0.0228565 
293 0.0229967 
294 0.0225869 
295 0.0231993 
296 0.0226974 
297 0.0230887 
298 0.0227654 
299 0.0230146 
300 0.0228059 
301 0.0229637 
302 0.0228284 
303 0.0229276 
304 0.0228393 
305 0.022901 
306 0.0225877 
307 0.023069 
308 0.0227075 
309 0.0229616 
310 0.0227672 
311 0.0229001 
312 0.0227946 
313 0.0228629 
314 0.0228046 
315 0.0228385 
316 0.0228053 
317 0.022821 
318 0.0228011 
319 0.0228071 
320 0.0227942 
321 0.0227951 
322 0.0225604 
323 0.0229559 
324 0.0226498 
325 0.0228697 
326 0.0226961 
327 0.0228173 
328 0.0227179 
329 0.0227836 
330 0.0227258 
331 0.0227604 
332 0.022726 
333 0.0227432 
334 0.0227218 
335 0.0227292 
336 0.0227151 
337 0.0227171 
338 0.0227071 
339 0.022706 
340 0.0226983 
341 0.0226955 
342 0.022689 
343 0.0226854 
344 0.0226796 
345 0.0226754 
346 0.02267 
347 0.0226655 
348 0.0226603 
349 0.0226557 
350 0.0226506 
351 0.0226459 
352 0.0226409 
353 0.0226361 
354 0.0226312 
355 0.0228526 
356 0.0224611 
357 0.0227336 
358 0.0225283 
359 0.0226675 
360 0.0225588 
361 0.0226286 
362 0.0225699 
363 0.0226038 
364 0.0225711 
365 0.0225862 
366 0.022567 
367 0.0225725 
368 0.0225602 
369 0.0225607 
370 0.022552 
371 0.0225499 
372 0.0225431 
373 0.0225396 
374 0.0225338 
375 0.0225297 
376 0.0225243 
377 0.0227703 
378 0.0223207 
379 0.0226653 
380 0.022384 
381 0.0225966 
382 0.02242 
383 0.0225503 
384 0.0224388 
385 0.022518 
386 0.0224469 
387 0.0224942 
388 0.0224483 
389 0.0224758 
390 0.0224455 
391 0.0227394 
392 0.0222172 
393 0.0226337 
394 0.0222832 
395 0.0225602 
396 0.0223245 
397 0.022508 
398 0.0223491 
399 0.02247 
400 0.0223623 
401 0.0224414 
402 0.022368 
403 0.0224192 
404 0.0223686 
405 0.0224011 
406 0.0223658 
407 0.0223859 
408 0.0223608 
409 0.0223725 
410 0.0223542 
411 0.0227848 
412 0.0219915 
413 0.0226663 
414 0.0220706 
415 0.0225757 
416 0.022128 
417 0.0225056 
418 0.022169 
419 0.0224508 
420 0.0221975 
421 0.0224074 
422 0.0222166 
423 0.02277 
424 0.0220957 
425 0.0224712 
426 0.0221188 
427 0.0224303 
428 0.0221375 
429 0.0223937 
430 0.0221525 
431 0.0223607 
432 0.0221643 
433 0.0223312 
434 0.0221726 
435 0.0226598 
436 0.0218313 
437 0.0226495 
438 0.0218223 
439 0.0226393 
440 0.0218133 
441 0.0226291 
442 0.0218043 
443 0.0226189 
444 0.0217953 
445 0.0226087 
446 0.0217863 
447 0.0225985 
448 0.0217773 
449 0.0225883 
450 0.0217683 
451 0.0225781 
452 0.0217593 
453 0.022568 
454 0.0217503 
455 0.0225578 
456 0.0217412 
457 0.0225476 
458 0.0217322 
459 0.0225375 
460 0.0217232 
461 0.0225273 
462 0.0217142 
463 0.0225172 
464 0.0217051 
465 0.0225071 
466 0.0216961 
467 0.0224969 
468 0.021687 
469 0.0224868 
470 0.021678 
471 0.0224767 
472 0.0216689 
473 0.0224666 
474 0.0216599 
475 0.0224565 
476 0.0216508 
477 0.0224464 
478 0.0216418 
479 0.0224363 
480 0.0216327 
481 0.0224262 
482 0.0216237 
483 0.0224162 
484 0.0216146 
485 0.0224061 
486 0.0216055 
487 0.022396 
488 0.0215965 
489 0.022386 
490 0.0215874 
491 0.0223759 
492 0.0215783 
493 0.0223659 
494 0.0215692 
495 0.0223559 
496 0.0215602 
497 0.0223458 
498 0.0215511 
499 0.0223358 
500 0.021542 
501 0.0223258 
502 0.0215329 
503 0.0223158 
504 0.0215239 
505 0.0223058 
506 0.0215148 
507 0.0222958 
508 0.0215057 
509 0.0222858 
510 0.0214966 
511 0.0222758 
512 0.0214875 
513 0.0222659 
514 0.0214784 
515 0.0222559 
516 0.0214694 
517 0.0222459 
518 0.0214603 
519 0.022236 
520 0.0214512 
521 0.022226 
522 0.0214421 
523 0.0222161 
524 0.021433 
525 0.0222062 
526 0.021424 
527 0.0221963 
528 0.0214149 
529 0.0221863 
530 0.0214058 
531 0.0221764 
532 0.0213967 
533 0.0221665 
534 0.0213876 
535 0.0221566 
536 0.0213786 
537 0.0221467 
538 0.0213695 
539 0.0221368 
540 0.0213604 
541 0.022127 
542 0.0213513 
543 0.0221171 
544 0.0213423 
545 0.0221072 
546 0.0213332 
547 0.0220974 
548 0.0213241 
549 0.0220875 
550 0.0213151 
551 0.0220777 
552 0.021306 
553 0.0220678 
554 0.0212969 
555 0.022058 
556 0.0212879 
557 0.0220482 
558 0.0212788 
559 0.0220384 
560 0.0212698 
561 0.0220286 
562 0.0212607 
563 0.0220188 
564 0.0212517 
565 0.022009 
566 0.0212426 
567 0.0219992 
568 0.0212336 
569 0.0219894 
570 0.0212245 
571 0.0219796 
572 0.0212155 
573 0.0219698 
574 0.0212064 
575 0.0219601 
576 0.0211974 
577 0.0219503 
578 0.0211884 
579 0.0219406 
580 0.0211793 
581 0.0219308 
582 0.0211703 
583 0.0219211 
584 0.0211613 
585 0.0219113 
586 0.0211523 
587 0.0219016 
588 0.0211433 
589 0.0218919 
590 0.0211342 
591 0.0218822 
592 0.0211252 
593 0.0218725 
594 0.0211162 
595 0.0218628 
596 0.0211072 
597 0.0218531 
598 0.0210982 
599 0.0218434 
600 0.0210892 
601 0.0218337 
602 0.0210802 
603 0.021824 
604 0.0210712 
605 0.0218143 
606 0.0210622 
607 0.0218047 
608 0.0210532 
609 0.021795 
610 0.0210443 
611 0.0217854 
612 0.0210353 
613 0.0217757 
614 0.0210263 
615 0.0217661 
616 0.0210173 
617 0.0217564 
618 0.0210084 
619 0.0217468 
620 0.0209994 
621 0.0217372 
622 0.0209904 
623 0.0217275 
624 0.0209815 
625 0.0217179 
626 0.0209725 
627 0.0217083 
628 0.0209635 
629 0.0216987 
630 0.0209546 
631 0.0216891 
632 0.0209456 
633 0.0216795 
634 0.0209367 
635 0.0216699 
636 0.0209278 
637 0.0216603 
638 0.0209188 
639 0.0216508 
640 0.0209099 
641 0.0216412 
642 0.020901 
643 0.0216316 
644 0.020892 
645 0.0216221 
646 0.0208831 
647 0.0216125 
648 0.0208742 
649 0.0216029 
650 0.0208653 
651 0.0215934 
652 0.0208563 
653 0.0215839 
654 0.0208474 
655 0.0215743 
656 0.0208385 
657 0.0215648 
658 0.0208296 
659 0.0215553 
660 0.0208207 
661 0.0215457 
662 0.0208118 
663 0.0215362 
664 0.0208029 
665 0.0215267 
666 0.020794 
667 0.0215172 
668 0.0207851 
669 0.0215077 
670 0.0207762 
671 0.0214982 
672 0.0207674 
673 0.0214887 
674 0.0207585 
675 0.0214792 
676 0.0207496 
677 0.0214697 
678 0.0207407 
679 0.0214602 
680 0.0207318 
681 0.0214508 
682 0.020723 
683 0.0214413 
684 0.0207141 
685 0.0214318 
686 0.0207052 
687 0.0214224 
688 0.0206964 
689 0.0214129 
690 0.0206875 
691 0.0214035 
692 0.0206787 
693 0.021394 
694 0.0206698 
695 0.0213846 
696 0.020661 
697 0.0213751 
698 0.0206521 
699 0.0213657 
700 0.0206433 
701 0.0213562 
702 0.0206344 
703 0.0213468 
704 0.0206256 
705 0.0213374 
706 0.0206167 
707 0.021328 
708 0.0206079 
709 0.0213185 
710 0.0205991 
711 0.0213091 
712 0.0205902 
713 0.0212997 
714 0.0205814 
715 0.0212903 
716 0.0205726 
717 0.0212809 
718 0.0205637 
719 0.0212715 
720 0.0205549 
721 0.0212621 
722 0.0205461 
723 0.0212527 
724 0.0205373 
725 0.0212433 
726 0.0205285 
727 0.021234 
728 0.0205196 
729 0.0212246 
730 0.0205108 
731 0.0212152 
732 0.020502 
733 0.0212058 
734 0.0204932 
735 0.0211965 
736 0.0204844 
737 0.0211871 
738 0.0204756 
739 0.0211777 
740 0.0204668 
741 0.0211684 
742 0.020458 
743 0.021159 
744 0.0204492 
745 0.0211497 
746 0.0204404 
747 0.0211403 
748 0.0204316 
749 0.021131 
750 0.0204228 
751 0.0211216 
752 0.020414 
753 0.0211123 
754 0.0204052 
755 0.021103 
756 0.0203964 
757 0.0210936 
758 0.0203876 
759 0.0210843 
760 0.0203788 
761 0.021075 
762 0.0203701 
763 0.0210656 
764 0.0203613 
765 0.0210563 
766 0.0203525 
767 0.021047 
768 0.0203437 
769 0.0210377 
770 0.0203349 
771 0.0210284 
772 0.0203261 
773 0.0210191 
774 0.0203174 
775 0.0210098 
776 0.0203086 
777 0.0210005 
778 0.0202998 
779 0.0209912 
780 0.020291 
781 0.0209819 
782 0.0202823 
783 0.0209726 
784 0.0202735 
785 0.0209633 
786 0.0202647 
787 0.020954 
788 0.020256 
789 0.0209447 
790 0.0202472 
791 0.0209354 
792 0.0202384 
793 0.0209261 
794 0.0202297 
795 0.0209169 
796 0.0202209 
797 0.0209076 
798 0.0202121 
799 0.0208983 
800 0.0202034 
801 0.020889 
802 0.0201946 
803 0.0208798 
804 0.0201859 
805 0.0208705 
806 0.0201771 
807 0.0208612 
808 0.0201683 
809 0.020852 
810 0.0201596 
811 0.0208427 
812 0.0201508 
813 0.0208335 
814 0.0201421 
815 0.0208242 
816 0.0201333 
817 0.020815 
818 0.0201246 
819 0.0208057 
820 0.0201158 
821 0.0207965 
822 0.0201071 
823 0.0207873 
824 0.0200984 
825 0.020778 
826 0.0200896 
827 0.0207688 
828 0.0200809 
829 0.0207596 
830 0.0200722 
831 0.0207503 
832 0.0200634 
833 0.0207411 
834 0.0200547 
835 0.0207319 
836 0.020046 
837 0.0207227 
838 0.0200372 
839 0.0207135 
840 0.0200285 
841 0.0207043 
842 0.0200198 
843 0.0206951 
844 0.0200111 
845 0.0206858 
846 0.0200024 
847 0.0206766 
848 0.0199937 
849 0.0206675 
850 0.019985 
851 0.0206583 
852 0.0199763 
853 0.0206491 
854 0.0199676 
855 0.0206399 
856 0.0199589 
857 0.0206307 
858 0.0199502 
859 0.0206215 
860 0.0199415 
861 0.0206124 
862 0.0199328 
863 0.0206032 
864 0.0199241 
865 0.020594 
866 0.0199155 
867 0.0205849 
868 0.0199068 
869 0.0205757 
870 0.0198981 
871 0.0205665 
872 0.0198895 
873 0.0205574 
874 0.0198808 
875 0.0205483 
876 0.0198722 
877 0.0205391 
878 0.0198636 
879 0.02053 
880 0.0198549 
881 0.0205208 
882 0.0198463 
883 0.0205117 
884 0.0198377 
885 0.0205026 
886 0.019829 
887 0.0204935 
888 0.0198204 
889 0.0204844 
890 0.0198118 
891 0.0204753 
892 0.0198032 
893 0.0204662 
894 0.0197947 
895 0.0204571 
896 0.0197861 
897 0.020448 
898 0.0197775 
899 0.0204389 
900 0.0197689 
901 0.0204298 
902 0.0197604 
903 0.0204207 
904 0.0197518 
905 0.0204117 
906 0.0197433 
907 0.0204026 
908 0.0197347 
909 0.0203936 
910 0.0197262 
911 0.0203845 
912 0.0197177 
913 0.0203755 
914 0.0197092 
915 0.0203664 
916 0.0197007 
917 0.0203574 
918 0.0196922 
919 0.0203484 
920 0.0196837 
921 0.0203393 
922 0.0196752 
923 0.0203303 
924 0.0196668 
925 0.0203213 
926 0.0196583 
927 0.0203123 
928 0.0196499 
929 0.0203033 
930 0.0196414 
931 0.0202943 
932 0.019633 
933 0.0202853 
934 0.0196246 
935 0.0202763 
936 0.0196162 
937 0.0202674 
938 0.0196078 
939 0.0202584 
940 0.0195994 
941 0.0202494 
942 0.019591 
943 0.0202405 
944 0.0195826 
945 0.0202315 
946 0.0195743 
947 0.0202226 
948 0.0195659 
949 0.0202137 
950 0.0195576 
951 0.0202047 
952 0.0195493 
953 0.0201958 
954 0.019541 
955 0.0201869 
956 0.0195326 
957 0.020178 
958 0.0195244 
959 0.0201691 
960 0.0195161 
961 0.0201602 
962 0.0195078 
963 0.0201513 
964 0.0194995 
965 0.0201424 
966 0.019213 
967 0.0203507 
968 0.0193465 
969 0.0202116 
970 0.0194396 
971 0.0201103 
972 0.0193099 
973 0.020181 
974 0.019461 
975 0.0202781 
976 0.019152 
977 0.0202898 
978 0.01935 
979 0.0200974 
980 0.0191419 
981 0.0203901 
982 0.0191384 
983 0.0203774 
984 0.0191327 
985 0.0203664 
986 0.0191259 
987 0.0201547 
988 0.0194248 
989 0.0201167 
990 0.0192519 
991 0.0200296 
992 0.019101 
993 0.0202515 
994 0.0193946 
995 0.0201065 
996 0.0190322 
997 0.0202662 
998 0.0191702 
999 0.0201661 
1000 0.0192086 
1001 0.0201286 
1002 0.0192153 
1003 0.0201105 
1004 0.019212 
1005 0.0200986 
1006 0.0192056 
1007 0.0198897 
1008 0.0192229 
1009 0.0201541 
1010 0.0190795 
1011 0.0202211 
1012 0.0190353 
1013 0.0199051 
1014 0.0191876 
1015 0.0201118 
1016 0.0190923 
1017 0.0201367 
1018 0.0190717 
1019 0.0201314 
1020 0.0190634 
1021 0.0201211 
1022 0.0190572 
1023 0.02011 
1024 0.0190512 
1025 0.0200988 
1026 0.0190453 
1027 0.0200876 
1028 0.0190394 
1029 0.0200764 
1030 0.0190335 
1031 0.019724 
1032 0.0192573 
1033 0.0198455 
1034 0.0191996 
1035 0.0198558 
1036 0.0191848 
1037 0.0198491 
1038 0.0191764 
1039 0.0198399 
1040 0.0191691 
1041 0.0198303 
1042 0.0191618 
1043 0.0198207 
1044 0.0191546 
1045 0.0198111 
1046 0.0191474 
1047 0.0198015 
1048 0.0191403 
1049 0.0197918 
1050 0.0191331 
1051 0.0197822 
1052 0.0188255 
1053 0.0200109 
1054 0.0189217 
1055 0.0199689 
1056 0.0189252 
1057 0.0199554 
1058 0.0189197 
1059 0.0199447 
1060 0.0189133 
1061 0.0199344 
1062 0.0189067 
1063 0.019924 
1064 0.0189002 
1065 0.0199137 
1066 0.0188937 
1067 0.0199033 
1068 0.0188871 
1069 0.019893 
1070 0.0188806 
1071 0.0198827 
1072 0.0188741 
1073 0.0198724 
1074 0.0188675 
1075 0.0198621 
1076 0.018861 
1077 0.0194748 
1078 0.0193009 
1079 0.0197057 
1080 0.0188904 
1081 0.0194451 
1082 0.0189331 
1083 0.020006 
1084 0.0189476 
1085 0.0194082 
1086 0.0189235 
1087 0.0199847 
1088 0.0189333 
1089 0.0193903 
1090 0.0189093 
1091 0.0199644 
1092 0.0189187 
1093 0.0193726 
1094 0.0188951 
1095 0.0199442 
1096 0.0185945 
1097 0.0197917 
1098 0.0187748 
1099 0.0197472 
1100 0.0187767 
1101 0.0197354 
1102 0.0187705 
1103 0.0197251 
1104 0.018764 
1105 0.0197149 
1106 0.0187575 
1107 0.0197047 
1108 0.018751 
1109 0.0196945 
1110 0.0187445 
1111 0.0196843 
1112 0.0187379 
1113 0.0196742 
1114 0.0187314 
1115 0.019664 
1116 0.0187249 
1117 0.0196539 
1118 0.0187184 
1119 0.0196437 
1120 0.0187118 
1121 0.0196336 
1122 0.0187053 
1123 0.0196234 
1124 0.0186988 
1125 0.0196133 
1126 0.0186923 
1127 0.0196032 
1128 0.0186857 
1129 0.0195931 
1130 0.0186792 
1131 0.019583 
1132 0.0186727 
1133 0.0195729 
1134 0.0186661 
1135 0.0195628 
1136 0.0186596 
1137 0.0195527 
1138 0.0186531 
1139 0.0195427 
1140 0.0186465 
1141 0.0195326 
1142 0.01864 
1143 0.0195225 
1144 0.0186335 
1145 0.0195125 
1146 0.0186269 
1147 0.0195024 
1148 0.0186204 
1149 0.0194924 
1150 0.0186139 
1151 0.0194824 
1152 0.0186073 
1153 0.0194724 
1154 0.0186008 
1155 0.0194623 
1156 0.0185943 
1157 0.0194523 
1158 0.0185877 
1159 0.0194423 
1160 0.0185812 
1161 0.0194323 
1162 0.0185746 
1163 0.0194223 
1164 0.0185681 
1165 0.0194124 
1166 0.0185616 
1167 0.0194024 
1168 0.018555 
1169 0.0193924 
1170 0.0185485 
1171 0.0193824 
1172 0.0185419 
1173 0.0193725 
1174 0.0185354 
1175 0.0193625 
1176 0.0185288 
1177 0.0193526 
1178 0.0185223 
1179 0.0193427 
1180 0.0185158 
1181 0.0193327 
1182 0.0188075 
1183 0.0192423 
1184 0.0185286 
1185 0.0193022 
1186 0.0185022 
1187 0.0192973 
1188 0.0184942 
1189 0.0192878 
1190 0.0184876 
1191 0.0192779 
1192 0.018481 
1193 0.0192681 
1194 0.0184744 
1195 0.0192582 
1196 0.0184679 
1197 0.0192484 
1198 0.0184613 
1199 0.0192385 
1200 0.0184547 
1201 0.0192287 
1202 0.0184482 
1203 0.0192189 
1204 0.0184416 
1205 0.019209 
1206 0.018435 
1207 0.0191992 
1208 0.0184285 
1209 0.0191894 
1210 0.0184219 
1211 0.0191796 
1212 0.0184153 
1213 0.0191698 
1214 0.0184088 
1215 0.01916 
1216 0.0184022 
1217 0.0193417 
1218 0.0184165 
1219 0.0190526 
1220 0.0184877 
1221 0.01902 
1222 0.0184866 
1223 0.0190095 
1224 0.0184795 
1225 0.0190008 
1226 0.0184718 
1227 0.0189923 
1228 0.018464 
1229 0.0189838 
1230 0.0184563 
1231 0.0189754 
1232 0.0184486 
1233 0.0189669 
1234 0.0184409 
1235 0.0189584 
1236 0.0184331 
1237 0.0189499 
1238 0.0184254 
1239 0.0191764 
1240 0.0181438 
1241 0.0192598 
1242 0.0181049 
1243 0.0192602 
1244 0.0180953 
1245 0.0192507 
1246 0.0180891 
1247 0.0192401 
1248 0.0183914 
1249 0.0189676 
1250 0.0182859 
1251 0.0190051 
1252 0.0182581 
1253 0.0190055 
1254 0.018247 
1255 0.0189979 
1256 0.0182396 
1257 0.0189885 
1258 0.0182329 
1259 0.0189788 
1260 0.0182264 
1261 0.0189691 
1262 0.01822 
1263 0.0189593 
1264 0.0183957 
1265 0.0186573 
1266 0.0183399 
1267 0.0188771 
1268 0.0184109 
1269 0.018626 
1270 0.0185171 
1271 0.0188721 
1272 0.0181897 
1273 0.0189378 
1274 0.0181466 
1275 0.0189443 
1276 0.0179534 
1277 0.0189184 
1278 0.0184005 
1279 0.0187969 
1280 0.0181853 
1281 0.0188843 
1282 0.0183079 
1283 0.0186258 
1284 0.0182204 
1285 0.0188401 
1286 0.0183091 
1287 0.0188528 
1288 0.0181802 
1289 0.0187388 
1290 0.0182496 
1291 0.0186676 
1292 0.0181148 
1293 0.018927 
1294 0.0181076 
1295 0.0187546 
1296 0.0181965 
1297 0.0188536 
1298 0.0179426 
1299 0.0188611 
1300 0.0180922 
1301 0.0189104 
1302 0.0181469 
1303 0.0187041 
1304 0.0181391 
1305 0.0186959 
1306 0.0181314 
1307 0.0186877 
1308 0.0181236 
1309 0.0186795 
1310 0.0181158 
1311 0.0186713 
1312 0.018108 
1313 0.0186631 
1314 0.0181002 
1315 0.0186549 
1316 0.0180924 
1317 0.0186467 
1318 0.0180846 
1319 0.0186385 
1320 0.0180768 
1321 0.0186303 
1322 0.018069 
1323 0.0186221 
1324 0.0180613 
1325 0.018614 
1326 0.0180535 
1327 0.0186058 
1328 0.0180457 
1329 0.0185976 
1330 0.0180379 
1331 0.0185894 
1332 0.0180301 
1333 0.0185813 
1334 0.0180223 
1335 0.0185731 
1336 0.0180145 
1337 0.018565 
1338 0.0180068 
1339 0.0185568 
1340 0.017999 
1341 0.0185486 
1342 0.0179912 
1343 0.0185405 
1344 0.0179834 
1345 0.0185324 
1346 0.0179756 
1347 0.0185242 
1348 0.0179679 
1349 0.0185161 
1350 0.0179601 
1351 0.0185079 
1352 0.0179523 
1353 0.0184998 
1354 0.0179445 
1355 0.0184917 
1356 0.0179367 
1357 0.0184835 
1358 0.017929 
1359 0.0184754 
1360 0.0179212 
1361 0.0184673 
1362 0.0179134 
1363 0.0181413 
1364 0.0185358 
1365 0.0178265 
1366 0.0185276 
1367 0.0178188 
1368 0.0185194 
1369 0.0178111 
1370 0.0185113 
1371 0.0178033 
1372 0.0185031 
1373 0.0177956 
1374 0.018495 
1375 0.0177879 
1376 0.0184869 
1377 0.0177801 
1378 0.0184787 
1379 0.0177724 
1380 0.0184706 
1381 0.0177647 
1382 0.0184625 
1383 0.017757 
1384 0.0184543 
1385 0.0177492 
1386 0.0184462 
1387 0.0177415 
1388 0.0184381 
1389 0.0177338 
1390 0.01843 
1391 0.0177261 
1392 0.0184219 
1393 0.0177184 
1394 0.0184137 
1395 0.0177106 
1396 0.0184056 
1397 0.0177029 
1398 0.0183975 
1399 0.0173612 
1400 0.0187592 
1401 0.0173626 
1402 0.0187429 
1403 0.0173607 
1404 0.0187292 
1405 0.0173572 
1406 0.0187166 
1407 0.0173531 
1408 0.0187046 
1409 0.0173486 
1410 0.0184554 
1411 0.017681 
1412 0.0184307 
1413 0.0176673 
1414 0.0181922 
1415 0.0176527 
1416 0.0184218 
1417 0.0174741 
1418 0.0185381 
1419 0.0173906 
1420 0.0183594 
1421 0.0176745 
1422 0.0183622 
1423 0.0174757 
1424 0.018276 
1425 0.0176979 
1426 0.0183163 
1427 0.0174807 
1428 0.0182462 
1429 0.0176905 
1430 0.0182688 
1431 0.0175065 
1432 0.0182028 
1433 0.0174215 
1434 0.0185463 
1435 0.0174852 
1436 0.0181904 
1437 0.0174074 
1438 0.0185253 
1439 0.0174728 
1440 0.0181722 
1441 0.017396 
1442 0.018503 
1443 0.0174611 
1444 0.0181535 
1445 0.0173848 
1446 0.0184807 
1447 0.0174494 
1448 0.0181348 
1449 0.0173737 
1450 0.0184584 
1451 0.0174378 
1452 0.0181162 
1453 0.0173625 
1454 0.0184362 
1455 0.0174261 
1456 0.0180592 
1457 0.0173987 
1458 0.0183923 
1459 0.0174264 
1460 0.0180329 
1461 0.0173912 
1462 0.0183685 
1463 0.0174156 
1464 0.0180138 
1465 0.0173803 
1466 0.0183464 
1467 0.0174039 
1468 0.0179953 
1469 0.0173692 
1470 0.0183244 
1471 0.0173922 
1472 0.0179769 
1473 0.017358 
1474 0.0179473 
1475 0.0176067 
1476 0.0178461 
1477 0.0176314 
1478 0.0178264 
1479 0.0176278 
1480 0.0178171 
1481 0.0176206 
1482 0.0174866 
1483 0.0179059 
1484 0.0175155 
1485 0.017895 
1486 0.0175082 
1487 0.0178869 
1488 0.0175007 
1489 0.0178789 
1490 0.0172926 
1491 0.0180245 
1492 0.0173361 
1493 0.0180216 
1494 0.0169912 
1495 0.0182572 
1496 0.017226 
1497 0.0180868 
1498 0.0172338 
1499 0.0180846 
1500 0.0170591 
1501 0.0180883 
1502 0.0171985 
1503 0.0180911 
1504 0.0171932 
1505 0.017902 
1506 0.0171136 
1507 0.0181526 
1508 0.0171093 
1509 0.017879 
1510 0.0172567 
1511 0.0179462 
1512 0.0172616 
1513 0.0179419 
1514 0.0170523 
1515 0.0181339 
1516 0.0170575 
1517 0.0179381 
1518 0.0171286 
1519 0.0180223 
1520 0.0171315 
1521 0.0180188 
1522 0.0171281 
1523 0.0176777 
1524 0.0172789 
1525 0.0177841 
1526 0.0172966 
1527 0.0179672 
1528 0.0170266 
1529 0.0178629 
1530 0.017108 
1531 0.017937 
1532 0.0171154 
1533 0.017938 
1534 0.0167944 
1535 0.0182049 
1536 0.0168134 
1537 0.0179546 
1538 0.0172666 
1539 0.0178141 
1540 0.0170318 
1541 0.0179066 
1542 0.017046 
1543 0.0179233 
1544 0.0170467 
1545 0.0177417 
1546 0.0170949 
1547 0.0178084 
1548 0.0171041 
1549 0.0178167 
1550 0.0169338 
1551 0.0179307 
1552 0.0169498 
1553 0.0179495 
1554 0.0169503 
1555 0.017627 
1556 0.0170452 
1557 0.017735 
1558 0.0170705 
1559 0.0177593 
1560 0.0170739 
1561 0.0177585 
1562 0.0170711 
1563 0.0177508 
1564 0.0167663 
1565 0.0181152 
1566 0.0167561 
1567 0.0179067 
1568 0.0167857 
1569 0.0179711 
1570 0.0167928 
1571 0.0179825 
1572 0.0167927 
1573 0.0177524 
1574 0.0170055 
1575 0.017737 
1576 0.0170001 
1577 0.0177242 
1578 0.0168271 
1579 0.017801 
1580 0.0168434 
1581 0.0178252 
1582 0.0168472 
1583 0.0178277 
1584 0.016846 
1585 0.0176453 
1586 0.0168821 
1587 0.0177018 
1588 0.0168933 
1589 0.0177163 
1590 0.0168948 
1591 0.0177147 
1592 0.0166794 
1593 0.0178295 
1594 0.0169159 
1595 0.0174618 
1596 0.0169617 
1597 0.0175177 
1598 0.0169785 
1599 0.0175356 
1600 0.0169824 
1601 0.017537 
1602 0.0169809 
1603 0.0175317 
1604 0.016712 
1605 0.0176524 
1606 0.0170133 
1607 0.0175651 
1608 0.0167152 
1609 0.0176559 
1610 0.0167315 
1611 0.0176917 
1612 0.0167369 
1613 0.017701 
1614 0.0167374 
1615 0.0176983 
1616 0.0167356 
1617 0.0176903 
1618 0.0167329 
1619 0.0173496 
1620 0.0167847 
1621 0.0177989 
1622 0.0167497 
1623 0.0173745 
1624 0.0167895 
1625 0.0176174 
1626 0.016778 
1627 0.0175937 
1628 0.0167701 
1629 0.0174024 
1630 0.0167938 
1631 0.0176158 
1632 0.0165852 
1633 0.0176562 
1634 0.0165912 
1635 0.0176728 
1636 0.0165931 
1637 0.0176759 
1638 0.0165928 
1639 0.0174968 
1640 0.0166101 
1641 0.0177246 
1642 0.0165991 
1643 0.0175106 
1644 0.0166108 
1645 0.0175447 
1646 0.0166157 
1647 0.017557 
1648 0.0166168 
1649 0.0175575 
1650 0.0166161 
1651 0.0175518 
1652 0.0166142 
1653 0.0173017 
1654 0.0166396 
1655 0.0176189 
1656 0.0166234 
1657 0.0173198 
1658 0.0166421 
1659 0.0173641 
1660 0.0166516 
1661 0.0173851 
1662 0.0166555 
1663 0.0173921 
1664 0.0166561 
1665 0.017391 
1666 0.0166549 
1667 0.0173852 
1668 0.0166527 
1669 0.017377 
1670 0.0164431 
1671 0.0174474 
1672 0.0166648 
1673 0.0174012 
1674 0.0164431 
1675 0.0174525 
1676 0.016664 
1677 0.0173937 
1678 0.0164431 
1679 0.0174363 
1680 0.0164431 
1681 0.0174588 
1682 0.0164431 
1683 0.0174677 
1684 0.0164431 
1685 0.0174677 
1686 0.0164431 
1687 0.017183 
1688 0.0166959 
1689 0.0171767 
1690 0.0166928 
1691 0.0171691 
1692 0.0164431 
1693 0.0175309 
1694 0.0164431 
1695 0.0171957 
1696 0.0164431 
1697 0.0175455 
1698 0.0164431 
1699 0.0171937 
1700 0.0164431 
1701 0.0172362 
1702 0.0164431 
1703 0.0172627 
1704 0.016446 
1705 0.0172761 
1706 0.0164472 
1707 0.0172804 
1708 0.0164473 
1709 0.0172787 
1710 0.0164467 
1711 0.017273 
1712 0.0164456 
1713 0.0172648 
1714 0.0164442 
1715 0.0172549 
1716 0.0164431 
1717 0.0172437 
1718 0.0164431 
1719 0.0172314 
1720 0.0162803 
1721 0.0172715 
1722 0.0164435 
1723 0.0172415 
1724 0.0162803 
1725 0.0172694 
1726 0.0162803 
1727 0.0172848 
1728 0.0162803 
1729 0.0172909 
1730 0.0162803 
1731 0.0172904 
1732 0.0162803 
1733 0.0172853 
1734 0.0162803 
1735 0.0170868 
1736 0.0164514 
1737 0.0170788 
1738 0.0162803 
1739 0.0173127 
1740 0.0162803 
1741 0.0170906 
1742 0.0162803 
1743 0.0171169 
1744 0.0164546 
1745 0.017085 
1746 0.0162803 
1747 0.0171048 
1748 0.0162803 
1749 0.017116 
1750 0.0162803 
1751 0.0171205 
1752 0.0162803 
1753 0.01712 
1754 0.0162803 
1755 0.0171157 
1756 0.0162803 
1757 0.0171086 
1758 0.0162803 
1759 0.0170995 
1760 0.0160988 
1761 0.0171402 
1762 0.0162803 
1763 0.017115 
1764 0.0160988 
1765 0.0171441 
1766 0.0162803 
1767 0.01711 
1768 0.0160988 
1769 0.0171323 
1770 0.0160988 
1771 0.0171452 
1772 0.0162803 
1773 0.0167865 
1774 0.0162803 
1775 0.0171419 
1776 0.0160988 
1777 0.0171404 
1778 0.0160988 
1779 0.0171353 
1780 0.0160988 
1781 0.016804 
1782 0.0162803 
1783 0.0171503 
1784 0.0160988 
1785 0.0168059 
1786 0.0162803 
1787 0.0171449 
1788 0.0160988 
1789 0.0167986 
1790 0.0162803 
1791 0.0168036 
1792 0.0162803 
1793 0.0168053 
1794 0.0162803 
1795 0.0168044 
1796 0.0162803 
1797 0.0168011 
1798 0.0162803 
1799 0.016796 
1800 0.0162803 
1801 0.0167894 
1802 0.0160988 
1803 0.0168129 
1804 0.0162803 
1805 0.0167985 
1806 0.0160988 
1807 0.0168159 
1808 0.0162803 
1809 0.0167961 
1810 0.0160988 
1811 0.0168089 
1812 0.0160988 
1813 0.0168172 
1814 0.0162803 
1815 0.01679 
1816 0.0160988 
1817 0.0167963 
1818 0.0160988 
1819 0.0167993 
1820 0.0160988 
1821 0.0167993 
1822 0.0160988 
1823 0.016797 
1824 0.0160988 
1825 0.0167926 
1826 0.0160988 
1827 0.0167865 
1828 0.0159394 
1829 0.016807 
1830 0.0160988 
1831 0.0167937 
1832 0.0159394 
1833 0.0168083 
1834 0.0160988 
1835 0.0167899 
1836 0.0159394 
1837 0.0168002 
1838 0.0160988 
1839 0.0167786 
1840 0.0159394 
1841 0.0167857 
1842 0.0159394 
1843 0.0167893 
1844 0.0159394 
1845 0.01679 
1846 0.0159394 
1847 0.0167881 
1848 0.0159394 
1849 0.0167842 
1850 0.0159394 
1851 0.0167786 
1852 0.0159394 
1853 0.016468 
1854 0.0160988 
1855 0.0167841 
1856 0.0159394 
1857 0.0164679 
1858 0.0160988 
1859 0.0167793 
1860 0.0157286 
1861 0.0167998 
1862 0.0159394 
1863 0.0167773 
1864 0.0157286 
1865 0.0167932 
1866 0.0159394 
1867 0.0164663 
1868 0.0160988 
1869 0.016465 
1870 0.0160988 
1871 0.0164628 
1872 0.0159394 
1873 0.016777 
1874 0.0157286 
1875 0.016781 
1876 0.0157286 
1877 0.016782 
1878 0.0157286 
1879 0.0167804 
1880 0.0157286 
1881 0.0167768 
1882 0.0157286 
1883 0.0167714 
1884 0.0157286 
1885 0.0164653 
1886 0.0159394 
1887 0.0167668 
1888 0.0157286 
1889 0.0164621 
1890 0.0159394 
1891 0.0164614 
1892 0.0159394 
1893 0.0164599 
1894 0.0159394 
1895 0.0164576 
1896 0.0159394 
1897 0.0164546 
1898 0.0157286 
1899 0.0167619 
1900 0.0157286 
1901 0.0164553 
1902 0.0157286 
1903 0.0167591 
1904 0.0157286 
1905 0.0164528 
1906 0.0157286 
1907 0.016459 
1908 0.0159394 
1909 0.0164509 
1910 0.0157286 
1911 0.0164555 
1912 0.0157286 
1913 0.016459 
1914 0.0159394 
1915 0.0164484 
1916 0.0157286 
1917 0.0164505 
1918 0.0157286 
1919 0.0164517 
1920 0.0157286 
1921 0.016452 
1922 0.0157286 
1923 0.0164514 
1924 0.0157286 
1925 0.0164501 
1926 0.0157286 
1927 0.0164479 
1928 0.0157286 
1929 0.0164452 
1930 0.0157286 
1931 0.0164431 
1932 0.0157286 
1933 0.0164431 
1934 0.0155415 
1935 0.016444 
1936 0.0157286 
1937 0.0164431 
1938 0.0155415 
1939 0.0164431 
1940 0.0157286 
1941 0.0164431 
1942 0.0155415 
1943 0.0164431 
1944 0.0155415 
1945 0.0164431 
1946 0.0157286 
1947 0.0162803 
1948 0.0157286 
1949 0.0162803 
1950 0.0155415 
1951 0.0164431 
1952 0.0155415 
1953 0.0164431 
1954 0.0155415 
1955 0.0164431 
1956 0.0155415 
1957 0.0164431 
1958 0.0155415 
1959 0.0164431 
1960 0.0155415 
1961 0.0162803 
1962 0.0155415 
1963 0.0164431 
1964 0.0155415 
1965 0.0162803 
1966 0.0155415 
1967 0.0164431 
1968 0.0155415 
1969 0.0162803 
1970 0.0155415 
1971 0.0162803 
1972 0.0155415 
1973 0.0162803 
1974 0.0155415 
1975 0.0162803 
1976 0.0155415 
1977 0.0162803 
1978 0.0155415 
1979 0.0162803 
1980 0.0155415 
1981 0.0160988 
1982 0.0155415 
1983 0.0162803 
1984 0.0155415 
1985 0.0162803 
1986 0.0153877 
1987 0.0162803 
1988 0.0155415 
1989 0.0162803 
1990 0.0153877 
1991 0.0162803 
1992 0.0153877 
1993 0.0162803 
1994 0.0155415 
1995 0.0160988 
1996 0.0155415 
1997 0.0160988 
1998 0.0155415 
1999 0.0160988 
2000 0.0155415 
