-0.37016185410904734 -1.4525245502433843 0.44378159342253937
-0.45906368840080886 -1.5816145831933928 0.30176525534855969
-0.49530376468835063 -1.683621963411895 0.12197117255660879
-0.48976918208685272 -1.7944199219970622 -0.053817356590847458
-0.4590317820637006 -1.9411341686603676 -0.19661567653489329
-0.38607246561198472 -2.0960138056591258 -0.31473416745157573
-0.26973533273175482 -2.2401363716877518 -0.4110369091539246
-0.12154735340372104 -2.3666076213748917 -0.48797546275890397
0.056902080057096106 -2.4630192238685114 -0.54225117972821502
0.25319531117348926 -2.5321386787501416 -0.57436953370219002
0.46160824018196145 -2.5671965471048326 -0.57975924986344685
0.67300714090775593 -2.5676923608493798 -0.56200773978430185
0.87895797650569341 -2.5338870906462279 -0.51739340099502718
1.069434498000192 -2.4681430556221482 -0.44436238097973429
1.2380231343495416 -2.3731357506658486 -0.34852271586744193
1.3727265412622056 -2.2493698370140978 -0.23207793361698059
1.4721585705868401 -2.1049895568401706 -0.10250140614255117
1.5248793066909472 -1.9442661628155131 0.036309396862572792
1.5329474991355441 -1.7784808726502277 0.17505983353816812
1.5197690989671981 -1.6145763896604113 0.31029401224609604
1.5053097424756499 -1.4521474628766202 0.44443081245387883
1.4904723092535237 -1.2898721631352299 0.57883331423284257
1.4744833641500514 -1.1267042807305283 0.71289988579967367
1.4459169362825774 -0.95275336469206806 0.83194411809679103
1.3916085021861464 -0.76411879341191835 0.91550194697128195
1.3176534740997126 -0.56995458002868904 0.96483120896803098
1.2210571546522389 -0.37930980657527591 0.97478665516329721
1.1067318041817356 -0.20080227617132296 0.9473607421715986
0.97893909102902055 -0.042862555833451298 0.88029729210476171
0.84677270218766021 0.087597591618723242 0.77485152757496523
0.71891228559011089 0.18623067844970101 0.63471183331551884
0.60936268320389142 0.24613569008434921 0.46145742297974246
0.52850404401602746 0.2708510219381175 0.26565290098658317
0.49007256389083481 0.27969032431038143 0.056253780218922522
0.49137856592311824 0.27067294726560082 -0.15628847005484789
0.53809132576689334 0.24946482319055946 -0.36222668131486385
0.62975551680404418 0.22710421720302026 -0.55123899093431294
0.76055178691928638 0.20877969166327331 -0.71505197352782546
0.92289966260734646 0.2003250192344464 -0.84657621165042074
1.1062932230498828 0.20375452238807915 -0.94424302218839185
1.3039850835850251 0.22418810896395741 -1.0006467065232396
1.5052324245680186 0.25794798154877208 -1.0196784353064947
1.7008574504142622 0.3116738451062398 -0.99886633513500844
1.8846433416344472 0.37869923848565579 -0.9431080700012382
2.048177039981173 0.45830988153317853 -0.85362591048419534
2.1851143038177789 0.54852404798253629 -0.73492496582055722
2.2912472624072331 0.64562875061958025 -0.59208815630850475
2.3584045363730461 0.74713466268461959 -0.42882059246244963
2.3895995834326262 0.84729048464557943 -0.25307091810180682
2.3746939454035125 0.94273848951876493 -0.072226143254304029
2.3205359461134414 1.0338722583028759 0.10483969888702767
2.22509555111067 1.1157094506319296 0.27064318434705326
2.0924911442905922 1.1865043861999109 0.41704604624186131
1.9275427109563226 1.241105522483847 0.53818160662412629
1.7361382725677541 1.279181319922114 0.62348837352334752
1.5280384613374962 1.3010658479623332 0.67257219060330276
1.3120574767177375 1.3060152149334656 0.67514903373055712
1.0986851963476347 1.2996793388014238 0.63411968013505082
0.90015080652392354 1.2844143569892319 0.54337998471331972
0.7274152377464046 1.2694053856236829 0.40915341834921332
0.59230426649515566 1.2702026523033445 0.2361836349920125
0.49670521858888078 1.2940265254801622 0.043100550586050758
0.42699388099515972 1.3677624410077311 -0.14210851878525127
0.35254102637980095 1.4901530302977364 -0.28972681945109041
0.25842665954679872 1.632399166832871 -0.39999836002226086
0.13772978955617565 1.7800310138412514 -0.46826137277839791
-0.0047060071889744801 1.9204794710287754 -0.50051794913109171
-0.16576579854622467 2.0435092645754667 -0.49683742347603216
-0.34090516680380312 2.1394786459664163 -0.4622912158937475
-0.52541138597217185 2.2024727404655686 -0.4034080687116553
-0.712112836736984 2.2258906117018835 -0.32263041959063965
-0.89472082089744875 2.2116745255440984 -0.22773058289640927
-1.0631539580042437 2.1520993655760834 -0.12210038652985754
-1.2148383629823747 2.0556339020669454 -0.015089970356171926
-1.3388302416945439 1.9220896499587565 0.090584817671609655
-1.4328541824757386 1.7584367013785793 0.18563848731717075
-1.4918854382663957 1.5700177568149964 0.26406624785254984
-1.5149847228793778 1.3654001652379806 0.31645419310601991
-1.5056709461722579 1.1533844945224287 0.33388388186989099
-1.4699236604253474 0.94732063951733603 0.302255145015628
-1.4369977803237159 0.76104515192163757 0.21342351123772232
-1.4568981124688725 0.58241121946080709 0.10987706910047312
-1.4987866939544803 0.38840708447244088 0.042565272470950939
-1.5039637593148076 0.17687642914143964 0.022649403445564723
-1.4668323679012407 -0.0328862264402058 0.024148642631675869
-1.3828893179438437 -0.22934360453910738 0.033094101149004088
-1.2570526859271987 -0.40203832972687537 0.035399662566749847
-1.0992788275752541 -0.54609188857190749 0.02363296771862106
-0.91956684434052549 -0.65135033939406828 -0.023295289061664226
-0.74531952719272931 -0.72044236815521911 -0.12430775794468694
-0.57911057345592887 -0.75681607044665289 -0.25017531078470095
-0.40840084316821756 -0.81073023039935377 -0.35695161099655698
-0.23614756823844557 -0.89377329795039551 -0.44056156682400066
-0.067227124489132609 -1.0020219951469571 -0.49891313815089677
0.092220253324324125 -1.1344987198393153 -0.52891241171062087
0.23550406410350924 -1.2869526451228215 -0.51881976140327879
0.36254597959774226 -1.4405124217122836 -0.45060506247045967
0.45292650527761102 -1.5736368643258296 -0.31351448674748295
0.49485065253291333 -1.6780789322078147 -0.13622974211575128
0.49082241939033178 -1.787826977474601 0.040366188770560883
0.46149098985970172 -1.9323825136585808 0.18545034506681526
0.39042573601940428 -2.0866580970214081 0.30527772113107687
0.27649892928475112 -2.231630308529069 0.4029156319243527
0.13028695757094499 -2.3593046836404223 0.48140023992719977
-0.046719220865934837 -2.4576751456342576 0.53656455022231331
-0.24208874314681014 -2.5285486070834042 0.57028262762662507
-0.45011833789730815 -2.5653091140588531 0.57731568578967885
-0.66165247988652043 -2.5668366583722526 0.56199703704566817
-0.86814712603520039 -2.5333784425813204 0.52002624433937561
-1.0596067412785293 -2.468418454952102 0.44919105070219156
-1.2296432323282998 -2.3755647914831819 0.35402570957669044
-1.3664510456141765 -2.2533502922496398 0.23856138155543527
-1.4683181130458307 -2.1097848957991543 0.11002100455638926
-1.5235837930714473 -1.948900308374754 -0.027726985053431526
-1.5332887665218591 -1.7824546351697033 -0.16589904172473413
-1.5196763722743636 -1.6179331861434245 -0.30064688134760925
-1.5046777059823229 -1.4550432717750781 -0.43417022495645441
-1.4892611346010014 -1.2922923965219903 -0.5679257050541251
-1.4727538700557756 -1.1287690271548554 -0.70140350967039777
-1.4451024987578207 -0.95550428329348691 -0.82160533918742296
-1.391475300059434 -0.76719356259059501 -0.90616829200188442
-1.318785773916912 -0.57297602961503258 -0.95685565054503396
-1.2232265821648456 -0.38191733650329096 -0.96832069504213425
-1.1098084880432362 -0.2026416714634407 -0.94234158533920698
-0.9827339219211888 -0.043505635820177323 -0.87678716854202421
-0.85065786699787593 0.088211082428425097 -0.77277582430450487
-0.72292698108698505 0.1885470306670245 -0.63369064220229654
-0.61304468574782522 0.24996332297870688 -0.46111492951113242
-0.5313113876971941 0.27603578699859471 -0.26579918115713347
-0.49222002664565501 0.286206904440863 -0.056561886212194303
-0.4925557462804655 0.27817159600563568 0.156077080333551
-0.53808680776206974 0.25764233846352441 0.36243949841713247
-0.62860121648440359 0.23535123052161389 0.5521172143022639
-0.75865208060201161 0.21686314573394422 0.71662570728465358
-0.92063811584942357 0.20788681621395141 0.84869968252245587
-1.1037983952803418 0.2107645743821065 0.94697381260654201
-1.3013645562608178 0.23070171804290995 1.0042118723431277
-1.502708669930886 0.26385926150520528 1.0240721123217915
-1.6986038215121635 0.31676854824837647 1.0037085510320738
-1.8827603102658521 0.38334372105347425 0.94870291759286085
-2.0469056507150247 0.4624876617368136 0.85976257057401495
-2.18478607689527 0.55185745651838014 0.74146594253675024
-2.2917690615828894 0.64813596512159755 0.59874338620476886
-2.3601085155945563 0.74846314627650024 0.43563700057889637
-2.3920056967467009 0.84902801974342734 0.26037536338886463
-2.3782899130758608 0.94416792665239213 0.079114776144785806
-2.3251882470755096 1.0345168080393843 -0.098372468567588897
-2.2305772695762229 1.1165734217593715 -0.26434179073119968
-2.0990739114268235 1.187628145649376 -0.4115142170199298
-1.9349581781720251 1.2427254628631055 -0.53332391940276358
-1.7442129346851258 1.2815651824253784 -0.61959975388563604
-1.5364623492526464 1.3039974726321715 -0.66967365782722554
-1.320595425631377 1.3095374001495166 -0.67344510949344727
-1.1069795117725885 1.3037921385440625 -0.63375425596379464
-0.90787414632157548 1.2889979716706277 -0.54417909010784005
-0.73443003279919661 1.2742398482597008 -0.41085682533926443
-0.59829352132753821 1.2753185550798052 -0.23860903445372292
-0.50212610979866856 1.2985553283861513 -0.045689846755742343
-0.43153345847857588 1.3720376918721249 0.13917552108033843
-0.35613783401949489 1.4943803841895058 0.28631463963817921
-0.26097781854319452 1.6362072899075375 0.39617251125632647
-0.13921337360252839 1.7831347449062394 0.46400307985817407
0.0043156317664377469 1.922532574728385 0.49592118355508419
0.16642667270240216 2.044154991538023 0.49180754848419794
0.34266832141897469 2.1382461416729077 0.45697308097553407
0.52779227345801405 2.1996572579625289 0.39784865900459737
0.71471936350065202 2.2212514957343381 0.31696785973786945
0.89745820275905885 2.2050991934410362 0.22237778831288041
1.0656050296402346 2.1438077662890764 0.11697242650625668
1.2163623117357041 2.0454315117875792 0.010288374076716379
1.3394520263733856 1.9104269299942116 -0.094680230876468041
1.4320395346948436 1.7453223386642942 -0.18867112254843368
1.4899085028430212 1.5559184500795096 -0.26566654425275971
1.5113867338097531 1.3506069000519914 -0.31608990178648511
1.5009076595593482 1.1385088936072907 -0.33121494251255529
1.4647841622686129 0.9330040635204585 -0.29668033151406281
1.4331342499376041 0.74763285096547372 -0.2055399859886031
1.4562199086451115 0.56910277448376501 -0.10210741299035249
1.497420132657223 0.37413286863362305 -0.037163058663541318
1.5016765083446213 0.16246468372489378 -0.018076619216726472
1.4627011597671307 -0.047002121193748247 -0.019533304444219791
1.3773743185960003 -0.24293228464095376 -0.027641151131127761
1.2498240325137173 -0.41438442826199517 -0.028704388097962281
1.0912907102113636 -0.5574595466276796 -0.015358915970642772
0.9111326710945733 -0.66095193234463467 0.034171702991858295
0.73791315404078583 -0.72757026922955936 0.13834197911690671
0.57155607327724212 -0.76414470713373694 0.26353853526755067
0.4001815956180258 -0.82073771941863238 0.36782131521363759
0.22715515836020542 -0.90448839683045834 0.44918385329636223
0.058631313440755964 -1.0149705287813908 0.50454987208725988
-0.10092372597011393 -1.1477232884406836 0.53266719429483056
-0.24364934003386568 -1.3004374460237504 0.51697156779458742
