-0.39888798103569195 -1.42578900611499 0.43832737543487393
-0.4610317204370083 -1.5286781619907677 0.26551898331102997
-0.47792663384465445 -1.6114291038362294 0.077019376626458844
-0.46600575565673225 -1.7230241365428067 -0.11026590624773396
-0.4281566940978348 -1.8739360785435422 -0.26345621223272869
-0.34737111881168664 -2.0203303788724019 -0.38670742584843332
-0.22825808038963871 -2.1514048805599946 -0.4860865688936436
-0.08170072292357812 -2.2628741212271395 -0.56387091451856497
0.091414932873538426 -2.3452536165467981 -0.61620796548895362
0.27968665879229648 -2.4020099689684353 -0.64331557505592452
0.47450180470050562 -2.4251931290349744 -0.64043840104402683
0.66742711141325928 -2.4169694940079127 -0.61249817245784366
0.84995511515505517 -2.3791335157119269 -0.55579111618225396
1.0123880176940232 -2.3163456501617401 -0.47271936900910189
1.1504456427225163 -2.2336729638082846 -0.37221668875102615
1.2596618590774953 -2.1323775206420832 -0.25633369087428964
1.3438391451803964 -2.0185343868220311 -0.13137761094009659
1.3959304550816058 -1.8922821183122593 0.0017594800534000358
1.4133115696659464 -1.7526000210107455 0.14249533744129822
1.4073546214818435 -1.6038081488535092 0.28817955133692164
1.3974154447874112 -1.4523459850722096 0.43582430719964493
1.3877717343611777 -1.3014595808237117 0.58382967081967874
1.380015626554544 -1.1528125260693209 0.73373620242525694
1.3651091949855052 -0.9932760465954974 0.87545647964150275
1.3241320185230183 -0.80796716883872521 0.98414540008936902
1.2592445893311768 -0.60672575388436001 1.052627096968572
1.1671345682356729 -0.40298472389064283 1.0714280715885407
1.053053328430009 -0.2107806662764086 1.0408693926038293
0.92393694593225828 -0.043133591348046119 0.95917547585052976
0.79322876986232693 0.089563382282725923 0.83172340195993899
0.67238951214311826 0.18354662722427345 0.66788847699640186
0.57537862555972563 0.2356431806545688 0.47634571237278622
0.50730215876224061 0.2560251700496286 0.2706241861157706
0.47505198271463639 0.2635970395320763 0.057678272518245317
0.47229069328647705 0.25612808237024443 -0.15708020905780612
0.50502147247942963 0.23661200014858946 -0.37154688214677506
0.57927251527738344 0.21249362114999867 -0.57968298023179077
0.69826175070129293 0.18821386974902704 -0.77203096748644262
0.86094592927433211 0.17106632632220917 -0.93462638703465928
1.0594319268210886 0.16610388424808337 -1.0583747571293245
1.2833257018963451 0.18134932077802438 -1.1265294920355247
1.5130714407339769 0.21558982124731468 -1.1388596517016059
1.7302353586752524 0.27470018137000773 -1.0928445650016949
1.9206225556987302 0.34758913918268314 -0.99968517353764508
2.0726856231675104 0.43142319149426966 -0.86817508567231128
2.1826177117611598 0.51946923404702294 -0.71330611982292669
2.2523414496119765 0.60587639137651428 -0.5467342012201869
2.2858254327472669 0.68803687048351669 -0.37606981859037786
2.2939726903171294 0.76401765355641871 -0.2070384789138498
2.2734618731484004 0.83649421872077334 -0.039973722653055897
2.2304026390272695 0.9092863301270051 0.12563443449501416
2.1575099997716003 0.9796575746831836 0.28663307872474481
2.0510756833495862 1.0474072959965501 0.43775527002333103
1.9081516759900787 1.1065123039345175 0.57149384668427505
1.7285283735187738 1.1538554026330152 0.67186105839468946
1.5222519856030934 1.1865160280659033 0.73202404444771485
1.3010278365532155 1.2015680992720519 0.73579728387665255
1.0819302636559223 1.2038390952416418 0.68466490691256332
0.88329811678508785 1.1964249022043494 0.57459990599680932
0.71777795908712483 1.1898993820403221 0.41790858916325491
0.59549557413012488 1.1984089620725205 0.2265385503751465
0.50987633880978023 1.228534563071874 0.017957451702002768
0.44390553757547163 1.3093155836486796 -0.18685707183448547
0.3681955397388213 1.4426144644582277 -0.35289030561698109
0.26713526876953858 1.5978336409824705 -0.4733280243144759
0.13513926479796257 1.7569804261914452 -0.53949250210399591
-0.018931130975311912 1.9015742722700204 -0.55855746518201066
-0.1879763302154078 2.0182094473216914 -0.53335844512577313
-0.36254127712432771 2.0979497391315536 -0.47589747718684761
-0.53543284337545538 2.1397604285162948 -0.39670992815792716
-0.70020117350384059 2.1444907361146148 -0.30129655178211823
-0.85323755053955652 2.1185210022774603 -0.19872437077702421
-0.99094519231699119 2.0590210352240277 -0.091037597605475792
-1.1161867473964233 1.974023787721773 0.015580049044174973
-1.2211666711882758 1.8611247908900306 0.12034473737657067
-1.3067343391926567 1.7217282923620858 0.21676455057875821
-1.3667432628100982 1.5563244391849362 0.29951138328410942
-1.3973001854507614 1.3670584578400387 0.35831899037428566
-1.3969885398149742 1.1596264801157774 0.38001932038584124
-1.3678408367748875 0.94631520777824585 0.34194439633972645
-1.3431070295322909 0.74783000353300089 0.23214743188245299
-1.3733017307063113 0.56361940548277045 0.11500004256023232
-1.4148316508043095 0.37816536375128779 0.050341799049399442
-1.4178946005404385 0.18503710688058442 0.034679509808287032
-1.3839081980236323 -0.0059256145204975331 0.037420109866081519
-1.3088302193639885 -0.18537551874211158 0.046380509933867851
-1.1954173300771029 -0.34636079167343486 0.047736573079459325
-1.0513783958003478 -0.48355889734032437 0.034106714082877999
-0.8847794880892661 -0.58634297261763946 -0.017268918426188998
-0.72522304445385377 -0.65439565991003934 -0.1255200005764808
-0.57028799852720813 -0.6910167643279066 -0.26452869672221285
-0.39991258484048492 -0.74603116500889488 -0.39079230946506099
-0.22229153498432611 -0.8340005387699353 -0.49101702486741949
-0.045423173986265157 -0.95182818852556894 -0.55929815803614202
0.1228676755928213 -1.0990726992356583 -0.588303263581618
0.27228225890172131 -1.2651330837027754 -0.55769992629270226
0.39212065278251385 -1.4159912623917503 -0.44830126081478694
0.45722211560275866 -1.5236827964877648 -0.27861892022907908
0.4786128846462957 -1.6073405354870796 -0.091570602812968055
0.46721760345703461 -1.7162608221464546 0.095838964663324422
0.43095126392186944 -1.8648723890940986 0.25148224111136758
0.35203636596263932 -2.0115300834891299 0.37670045204467328
0.2350785866761223 -2.1437960581616577 0.47758894024708637
0.090119809122970504 -2.256561763463182 0.55699483648252923
-0.081768315897011182 -2.3407659690827436 0.61029576200846414
-0.26900398371723999 -2.3989752610611386 0.63929450956095724
-0.46324682785171201 -2.4235801878181928 0.63842606710433214
-0.65606649857498556 -2.4161932751970028 0.6134295217936484
-0.83967412070847292 -2.3787002017217338 0.5594525996760501
-1.0042027086660945 -2.3164282809115013 0.47787970921036599
-1.143898983313433 -2.2352530130827342 0.37747053370820211
-1.2546087303214661 -2.1350626579726253 0.26249725598875923
-1.3404335468151272 -2.0219060866713972 0.13853021759592868
-1.3943569297032228 -1.8958091710475082 0.0066263373429651115
-1.4134056827866581 -1.7561653256666718 -0.1329882347676152
-1.4073643126408777 -1.6071024657068036 -0.27788834382826838
-1.3969224103318785 -1.4551221429267152 -0.4249503217803568
-1.3867098156247828 -1.3036475988369816 -0.57232570764038049
-1.3781482805780205 -1.154214151356727 -0.7214177843837275
-1.3638913052271808 -0.99548395068733964 -0.86394165359590003
-1.3235934621104868 -0.81088475177487351 -0.97366126164353473
-1.2600628889145369 -0.60998165164295426 -1.0436471149488276
-1.1692195138360781 -0.40606460486822776 -1.0643114195949699
-1.0562028206410654 -0.21311304992383359 -1.0355944741354997
-0.92788382344766707 -0.044174799164496598 -0.95578936957021043
-0.79717841893022445 0.090025924064288249 -0.82994169989480582
-0.67633062178367642 0.18585034181299578 -0.66707187484827313
-0.57892907464640164 0.23937325742694709 -0.47610756247043218
-0.51008135504228191 0.26099031411004031 -0.27073666914738087
-0.47737021618307052 0.26972460829703887 -0.057928145430800881
-0.47386938369569059 0.26314789550629464 0.15676332512696481
-0.50555340856231767 0.24437905856519637 0.37134810155193648
-0.57853229013120733 0.22050802184767254 0.57989676076941765
-0.69649119020044836 0.19619469843632928 0.77292650330241286
-0.85851538675937 0.17856179749407913 0.93619629790752323
-1.0564331605022457 0.17297493466272965 1.0607869240378103
-1.2799969097170452 0.1875754458333132 1.1302248068273755
-1.5100317466489694 0.22099006950569267 1.1438108702336172
-1.7277949356947637 0.2791973107208196 1.0985694991978032
-1.9189883491484205 0.35167995073031633 1.0064288478002108
-2.0721870201134331 0.43489651049620393 0.87534966857964447
-2.1833682452814003 0.522112932273335 0.72050433171963724
-2.2539853223988215 0.60788282214791467 0.55362879970949208
-2.2883407688609294 0.68958416914417608 0.38281943811316826
-2.2967998477521654 0.7660841678524779 0.21402366705691869
-2.277077223270465 0.83789932389337851 0.046655755166137979
-2.2346731086824052 0.90999185310581354 -0.11928547557725175
-2.1623030271764292 0.98051176887908242 -0.28042037687906635
-2.0569449484294089 1.0482747271038766 -0.43208288733886824
-1.9149353166503797 1.1076826449991803 -0.56639144803797559
-1.7362654835417968 1.1556651501102932 -0.66770186006136456
-1.5306097570308992 1.188851424706004 -0.72898464559636034
-1.3095931669466678 1.2045201982123115 -0.73420525955556049
-1.090172482294762 1.2074238152237009 -0.68465190021119549
-0.89079346803684145 1.2005003730029522 -0.57582162493205014
-0.72439388366659219 1.1942587851878332 -0.41992373239424258
-0.60114018315473638 1.2030678135462964 -0.2291291528294753
-0.51499262361216158 1.2327636452226354 -0.020598501998066711
-0.4480622607690104 1.3136627520492794 0.18394918079035
-0.37131088727321432 1.4470900017486175 0.34924457210907084
-0.26910784927518494 1.6017648405636948 0.46891296736662674
-0.13603039476059517 1.7598954952838495 0.53433672579865088
0.019022785208638773 1.9030203663533534 0.55286933940193883
0.18880749515496253 2.0178005724163279 0.52721035301385244
0.36397756848170243 2.0956312282010052 0.46963352462557845
0.53704825124896549 2.13609555272369 0.39041228492946267
0.70176055088361211 2.1393069379534051 0.29522471787234011
0.8548528958970224 2.111946735233488 0.19313430341516438
0.99225451284971222 2.0512647535165929 0.085740684264945757
1.1169187125096176 1.9647891425598958 -0.020549695980966738
1.2214558351585367 1.8506444883143929 -0.12471336349447092
1.3060596182417177 1.7097376090972736 -0.22022370827199869
1.3652357479021937 1.543031972148899 -0.30165038773566305
1.3943175624324147 1.3525873033795461 -0.35839616764961391
1.3927154440941494 1.1444012595633817 -0.37736060386250436
1.363101600014841 0.93137181079839948 -0.33550202909494425
1.3400119721979777 0.73391136442771954 -0.22295820753924439
1.3731853019202327 0.55032900170605958 -0.10674755153096109
1.4135999941340669 0.3644318123692693 -0.044895147957124147
1.4157478502209162 0.17121647648709862 -0.029879785534574231
1.380020792349125 -0.019439900162238857 -0.032473071281966401
1.3036544378165211 -0.19841996990934538 -0.040483600097232626
1.1885885751725032 -0.35829201006494266 -0.040467767151132053
1.043815527846953 -0.49455538500290169 -0.025100202216372752
0.8771310351969559 -0.5954873354567547 0.028965726166574959
0.71872878915619998 -0.66112307814007865 0.14053579078230344
0.56299131310667472 -0.69793233666676957 0.2795077540602835
0.39135531418017622 -0.75583776830420402 0.40320487471740124
0.21258961140387941 -0.84493799350102905 0.50073541477414185
0.035981122673456233 -0.96526437978566082 0.56530210587696539
-0.13253233110966436 -1.1129860122171051 0.59121570579339311
-0.28088288729934202 -1.278672160318238 0.55292107585186978
