-0.36473358776544385 -1.4529295874132273 0.43899015569908839
-0.46355762172126558 -1.587400907113844 0.30755547135152006
-0.50904274132610916 -1.6954805569892706 0.13037974865598853
-0.50870664222218087 -1.8101012290735246 -0.042859486674868545
-0.48182187021570927 -1.9610309894913669 -0.18226343366752656
-0.41015165816993249 -2.1227181754099753 -0.29868614596245568
-0.29235169321903909 -2.2735472207540601 -0.39366907820697095
-0.1404967051249317 -2.4057397057772114 -0.46938309587976906
0.042748960761793485 -2.5060455479360555 -0.52231012857660108
0.24376510880643665 -2.5774750772313113 -0.55291192111650567
0.45729051085919697 -2.6132143914526584 -0.55708104783623547
0.67320884224806443 -2.613013482817117 -0.53820312888689514
0.8824975632606139 -2.5773380973159679 -0.49243439716781556
1.0754537454431603 -2.5084918696261909 -0.41869643595299927
1.245205624974 -2.4085409589437479 -0.32228426774441171
1.3787131781606177 -2.2786816823538052 -0.20594662361333152
1.4739811539926806 -2.1280328007103666 -0.077575055233276985
1.5196260457484849 -1.9620120442318048 0.058056250272637076
1.5227381520148533 -1.792661931002316 0.19183925774257657
1.509736470566214 -1.6252944871164097 0.32234776616260252
1.4982488367814335 -1.4591165740697312 0.4522114387674302
1.4865838896648913 -1.2928349677015709 0.5820778951712362
1.4721630672820472 -1.1239898851267509 0.70887425680197258
1.442195097633534 -0.94411778605018326 0.81449011326068943
1.3875385706565833 -0.75455610762273428 0.88255058151954702
1.3161714346061955 -0.56427281925928729 0.91952274148699786
1.2249129273935477 -0.38031398174667591 0.92225596635429952
1.1183049776922835 -0.20826955491423324 0.89381564369791666
0.99908084588017143 -0.054476769238004485 0.83180601720203784
0.87384808064314257 0.075889394718733127 0.73593148260929298
0.74964850394432414 0.17802387363063163 0.6075827262451563
0.63938457658325398 0.24335686327916756 0.44538164229298066
0.5547988065902143 0.27242252889606067 0.25795137012060465
0.51279828359254809 0.28322078596496231 0.054055257504891152
0.51216938450939231 0.27359507854468657 -0.15443304052137424
0.55894411385302556 0.24935374699940482 -0.35532779118703089
0.65162183097783444 0.2223949473273831 -0.53735692416240799
0.78238471658014752 0.19830696046881968 -0.69272321369737699
0.94252047769889402 0.1828447144012941 -0.81630816764118352
1.1215318665631577 0.17771175081628277 -0.9086837990678639
1.3143117905307371 0.18787049938460515 -0.9645852714666564
1.5135723061346391 0.20994970308730238 -0.98831672532178083
1.7125650363231784 0.25201908087249847 -0.97617671193090361
1.9055766305728969 0.30930047166429969 -0.9303441811651697
2.0845344665988272 0.38280863681657723 -0.84877532405647416
2.2398564253264341 0.47202207847894945 -0.73301447670512654
2.3633853707213044 0.57374734305127906 -0.58645391369300826
2.4417802912788744 0.68423510826270051 -0.41417751361692012
2.4749767102961346 0.79603327537537494 -0.2259840289654127
2.4511789937757 0.9043426750978204 -0.03376556977784486
2.380073442265664 1.0066680543872264 0.1485347120593096
2.2625325465089494 1.0964797390227146 0.31110878185189023
2.1089513997520184 1.1712954578345021 0.44536624181937473
1.9281595288295439 1.2270570372186693 0.54685614674942151
1.7300756651912361 1.2657591972628339 0.60978081308691645
1.5245412350249108 1.2887704376622904 0.63766434489284418
1.3187799219043761 1.2971403901084351 0.62476789875329097
1.119884396973821 1.2966583386768196 0.57650265322274585
0.93641538389580192 1.2889197741050442 0.48762264072041939
0.7757759767566017 1.282448170405992 0.36306040037109699
0.64814703792597694 1.2904898886534544 0.2042804076314933
0.55545068249944529 1.3203145655225259 0.025731570442914051
0.48706888682352811 1.4000117952284354 -0.14733920274166312
0.41358900953949235 1.5298233401727044 -0.28644895797611192
0.3192936754440599 1.6811464431894088 -0.39030505933524223
0.19778099513759409 1.8379005236849026 -0.45300059003494947
0.053185114048770708 1.9873836775394651 -0.48078975202185842
-0.11303063178926616 2.1194599378909826 -0.47334708622046834
-0.29729784374354834 2.2231960679688361 -0.43489093176412547
-0.49419592410071966 2.2904537215480665 -0.37119334730597153
-0.69439672715960987 2.313053609541647 -0.28532648018149581
-0.89025647971111199 2.2918542564450988 -0.18534319235221494
-1.0691064705653563 2.2197697258083546 -0.07659117928900637
-1.2265553431515781 2.1078714016813107 0.030710257260544577
-1.3512676651800382 1.9570762930644678 0.13301190874562224
-1.4420108001404011 1.7776602449190924 0.22025472526558007
-1.4947330995343133 1.5771137977473353 0.28670506303309945
-1.5116856827465357 1.3661827776039193 0.32375576415056373
-1.4992746194861406 1.1548426144667114 0.32428875292094439
-1.4684660363897553 0.9557764028851844 0.27902961079041577
-1.4507229062064293 0.77426960292654523 0.18931189757413883
-1.4845351814077534 0.59308697454632642 0.097315689123793528
-1.5280083061001597 0.39126326181391835 0.044015404652219321
-1.527248354066695 0.17437242251796498 0.032255731268366457
-1.4832502590242334 -0.03782383946460785 0.035760171326009609
-1.3922286990667152 -0.23464085126372308 0.043236481839433114
-1.2610740852975062 -0.40606738213174626 0.042195074176119736
-1.1001003145090207 -0.54775899067247447 0.025596014589387175
-0.9204150177294308 -0.65038085987103156 -0.026250034413612299
-0.74691346705419781 -0.7181088253407989 -0.1277016147019655
-0.57831698757078276 -0.75678539912453824 -0.24904495460263998
-0.40600118947510144 -0.81595489007337019 -0.34864233446772414
-0.23497462435153116 -0.90253031889920432 -0.42540612563014574
-0.068972727166143638 -1.0113858705814522 -0.47878585596619572
0.086898896929897926 -1.1412741206061154 -0.50700172471089666
0.22766535638924718 -1.2889893801659584 -0.50111388097154641
0.35690516327632038 -1.4405108268116045 -0.44478864632989989
0.4566989698434844 -1.5786445361110688 -0.31877691736114078
0.50822342307299517 -1.6893493475974177 -0.14457802332493014
0.50966909125990245 -1.8031593685414558 0.029790820487405483
0.48424523170470601 -1.9519558353881516 0.17157537892515878
0.41463694316276112 -2.1129186601627574 0.28963085979747921
0.29941960602602502 -2.2646325273535997 0.38593286756387007
0.14963175154478181 -2.3981403393265452 0.46318357547260036
-0.032170653709463266 -2.5005406379714712 0.51703028574516263
-0.23241542271684371 -2.5738230995268614 0.54925688723004973
-0.44577279816045134 -2.6112778946509252 0.55506775504705397
-0.66205623735647767 -2.6120004364726839 0.538555649570713
-0.87184354658562657 -2.5766542921422202 0.49529355629411559
-1.0655273408340573 -2.5088942064063189 0.42365389918332386
-1.236775439571739 -2.411311526471688 0.32789777953084626
-1.372632074874278 -2.2828853051977882 0.21251359465071826
-1.4704844803887738 -2.1328768702830088 0.085112104764073923
-1.5186303674883079 -1.9665552113075038 -0.049555430508792291
-1.5230337738598911 -1.7965931850656562 -0.18278880051908925
-1.5093414480747633 -1.6286882093402386 -0.31277125815765022
-1.4973054942223931 -1.4620634605556386 -0.44201705204479719
-1.4850761378049546 -1.2953440330931094 -0.57125877612144194
-1.4703745062476523 -1.126334451041223 -0.69776762636876288
-1.4414762571847202 -0.94708254981626605 -0.80485070812885151
-1.3874879944209211 -0.75760725318563926 -0.87390359683915886
-1.3173293593857631 -0.56704124800937938 -0.91217434221154492
-1.2269757931746659 -0.38256748308646082 -0.91621088567693154
-1.1211928251565013 -0.20974987074420148 -0.88897841659857502
-1.0026526421928148 -0.05484189694993704 -0.82823242116832541
-0.87759856065759512 0.076628250293087646 -0.73363346987697375
-0.75369503591004017 0.1803233442819028 -0.60629683813318769
-0.64324518635941785 0.24712754447243762 -0.44477609439086929
-0.5579021458169221 0.27758262678892953 -0.25791561225180293
-0.51531146737045996 0.28978354266340628 -0.054266990672278255
-0.51372880133708221 0.28122487846295341 0.15428611166599782
-0.55931457348349756 0.25773367141212594 0.35558363007421956
-0.6508193724610547 0.23089274360751583 0.53823408949307516
-0.78079009431973423 0.20667802235904478 0.69420979293271423
-0.94048667597165125 0.19071704537838075 0.81827352761897054
-1.119212948004968 0.18504740436137398 0.91120756924425506
-1.3117794899926549 0.1947207167494574 0.96787097377073639
-1.5109194114838354 0.21618244878395895 0.99241325246383938
-1.710044686432115 0.25735271249890973 0.98076572718739408
-1.9033393080884955 0.3140695371585695 0.93574455132590795
-2.082741845490617 0.38694914537891106 0.85494710525057915
-2.2390187868521791 0.47509462678902531 0.73984834435267632
-2.3635983019814653 0.57577415078481653 0.59359009062688795
-2.4435350537582736 0.68510027466137191 0.42132674691694222
-2.4777388495781656 0.79731568692340049 0.23356065888844368
-2.4554363327960167 0.9050579812868903 0.040838019329917569
-2.3854123842766946 1.0068501976280082 -0.14219670369439405
-2.2687902625145124 1.0971385411418457 -0.30518933167939838
-2.1162103953697398 1.172325546539283 -0.44047218044106662
-1.935967971337105 1.2287478151858717 -0.54273832209874251
-1.7382527336432898 1.2681950897252698 -0.60663876861966781
-1.5328033146533226 1.2916792244839994 -0.63538296196663524
-1.3269539284857903 1.3006068246484681 -0.62347370525539858
-1.1277784620158375 1.3006564810429955 -0.57623054270488405
-0.94388207508815136 1.2933506586458918 -0.4882319252156016
-0.78271286402087814 1.287162868837596 -0.36440912201032222
-0.65427813073442598 1.2955221011631666 -0.20631379305364314
-0.5610836598870077 1.3248339409532113 -0.027940402637956913
-0.49180919396309092 1.4044410329930035 0.14475606581629155
-0.41731899538061706 1.5343506029410332 0.28334885167221713
-0.32181095386058045 1.6853925997673087 0.38674735929659992
-0.19902794559801942 1.8415287937931357 0.44892187379279946
-0.0530968336128314 1.9899849267210856 0.47624560779337421
0.11444320762446646 2.1205710338982673 0.46821553219372908
0.29989123735392237 2.2221788791832853 0.42936220788792723
0.49736289117186649 2.2875734502343605 0.36537441961201222
0.69781654520927405 2.3080383090698109 0.27939225989663674
0.89362055002054575 2.2846478855500822 0.1797839432407832
1.0719021867753378 2.2106359175901984 0.07133089183553025
1.2281904767484746 2.0967276368409626 -0.035458101370523396
1.3517807448512302 1.9444922121657511 -0.13683122388779195
1.4409219571701537 1.7637683628576144 -0.22277698413370148
1.4924094916509305 1.5625030017588972 -0.28759909099410108
1.5077879747881933 1.3512368216902992 -0.32259628705029092
1.4945571432902023 1.1401741408736135 -0.32090830840444273
1.4638135173422728 0.94181658161775517 -0.27317015945117645
1.4476680726612026 0.76098289297359234 -0.18179305079488525
1.484304733122056 0.57955128126393296 -0.090337838049926691
1.5265786918257789 0.37673172664239729 -0.039231352764777377
1.5248146382804397 0.15981713909773271 -0.027915305917501791
1.4789127437362262 -0.0520476126778344 -0.031184771730434192
1.3865203606278425 -0.24828131216000454 -0.037731899995044567
1.2537249786035309 -0.41842205440800684 -0.035434995837546182
1.0920909025186383 -0.55912915817184683 -0.017236766164688427
0.91202728982592451 -0.65991235064367981 0.03716722540703904
0.73939865762387047 -0.72533498704141219 0.1414797425972556
0.57051716647577033 -0.76453934073039032 0.26184584799103666
0.39776675384019 -0.82634416265841326 0.35884648997815322
0.22618381097274134 -0.91344059643306907 0.43346619147711862
0.060699514211395605 -1.0243619474569245 0.48411935838494691
-0.095219826495449869 -1.1542984634977924 0.51076596932931495
-0.23555516534266377 -1.3022912147775558 0.49998289065987173
