1 16.376247 
2 16.376236 
3 16.376217 
4 16.376199 
5 16.376198 
6 16.376195 
7 16.376193 
8 16.376173 
9 16.376167 
10 16.376166 
11 16.377047 
12 16.377017 
13 16.376974 
14 16.376934 
15 16.376892 
16 16.376842 
17 16.376819 
18 16.37679 
19 16.376767 
20 16.376746 
21 16.376732 
22 16.37672 
23 16.376712 
24 16.3767 
25 16.376693 
26 16.376686 
27 16.376683 
28 16.376681 
29 16.376678 
30 16.376677 
31 16.376675 
32 16.376672 
33 16.376669 
34 16.376668 
35 16.376665 
36 16.376663 
37 16.376661 
38 16.376659 
39 16.376657 
40 16.376654 
41 16.37665 
42 16.376649 
43 16.376646 
44 16.376646 
45 16.376644 
46 16.376643 
47 16.376639 
48 16.376638 
49 16.376637 
50 16.376637 
51 16.376635 
52 16.376635 
53 16.376634 
54 16.376634 
55 16.376633 
56 16.376633 
57 16.376633 
58 16.37663 
59 16.376625 
60 16.376625 
61 16.376625 
62 16.376625 
63 16.376625 
64 16.376625 
65 16.376625 
66 16.376625 
67 16.376625 
68 16.376625 
69 16.376625 
70 16.376625 
71 16.376624 
72 16.376624 
73 16.376622 
74 16.376618 
75 16.376618 
76 16.376617 
77 16.376617 
78 16.376604 
79 16.376604 
80 16.376604 
81 16.376604 
82 16.376604 
83 16.376604 
84 16.376603 
85 16.376603 
86 16.376603 
87 16.376603 
88 16.376603 
89 16.376603 
90 16.376603 
91 16.376603 
92 16.376603 
93 16.376603 
94 16.376603 
95 16.376603 
96 16.376602 
97 16.3766 
98 16.376599 
99 16.376599 
100 16.376599 
101 16.376599 
102 16.376598 
103 16.376582 
104 16.376582 
105 16.376582 
106 16.376582 
107 16.376576 
108 16.376576 
109 16.376576 
110 16.376576 
111 16.376576 
112 16.376576 
113 16.376575 
114 16.376575 
115 16.376575 
116 16.376575 
117 16.376575 
118 16.376575 
119 16.376575 
120 16.376575 
121 16.376575 
122 16.376575 
123 16.376575 
124 16.376575 
125 16.376575 
126 16.376575 
127 16.376575 
128 16.376575 
129 16.376575 
130 16.376575 
131 16.376575 
132 16.376575 
133 16.376575 
134 16.376574 
135 16.376571 
136 16.37657 
137 16.37657 
138 16.37657 
139 16.37657 
140 16.37657 
141 16.37657 
142 16.37657 
143 16.37657 
144 16.37657 
145 16.37657 
146 16.37657 
147 16.37657 
148 16.37657 
149 16.37657 
150 16.37657 
151 16.37657 
152 16.37657 
153 16.37657 
154 16.37657 
155 16.37657 
156 16.37657 
157 16.376557 
158 16.376557 
159 16.376557 
160 16.376556 
161 16.376556 
162 16.376556 
163 16.376556 
164 16.376556 
165 16.376556 
166 16.376556 
167 16.376556 
168 16.376556 
169 16.376556 
170 16.376556 
171 16.376556 
172 16.376556 
173 16.376556 
174 16.376556 
175 16.376556 
176 16.376555 
177 16.376554 
178 16.376548 
179 16.376547 
180 16.376547 
181 16.376547 
182 16.376547 
183 16.376547 
184 16.376547 
185 16.376547 
186 16.376547 
187 16.376547 
188 16.376547 
189 16.376547 
190 16.376547 
191 16.376547 
192 16.376547 
193 16.376547 
194 16.376547 
195 16.376547 
196 16.376547 
197 16.376547 
198 16.376547 
199 16.376547 
200 16.376547 
201 16.376547 
202 16.376547 
203 16.376547 
204 16.376547 
205 16.376547 
206 16.376547 
207 16.376546 
208 16.376531 
209 16.376531 
210 16.376531 
211 16.376531 
212 16.376531 
213 16.376531 
214 16.376531 
215 16.376531 
216 16.376531 
217 16.376531 
218 16.376531 
219 16.376531 
220 16.376531 
221 16.376531 
222 16.376531 
223 16.376531 
224 16.376531 
225 16.376531 
226 16.37653 
227 16.37653 
228 16.376529 
229 16.376529 
230 16.376528 
231 16.376528 
232 16.376524 
233 16.376523 
234 16.376521 
235 16.376521 
236 16.37652 
237 16.37652 
238 16.37652 
239 16.37652 
240 16.37652 
241 16.37652 
242 16.37652 
243 16.37652 
244 16.376518 
245 16.376518 
246 16.376518 
247 16.376518 
248 16.376518 
249 16.376517 
250 16.376516 
251 16.376516 
252 16.376516 
253 16.376516 
254 16.376516 
255 16.376516 
256 16.376516 
257 16.376516 
258 16.376515 
259 16.376515 
260 16.376515 
261 16.376515 
262 16.376515 
263 16.376506 
264 16.376506 
265 16.376506 
