1 0.997803 
2 0.999027 
3 0.99927 
4 0.997689 
5 0.998905 
6 0.998071 
7 0.997105 
8 0.998996 
9 0.998832 
10 0.997627 
11 0.997576 
12 0.996904 
13 0.998877 
14 0.997336 
15 0.995996 
16 0.995056 
17 1 
18 0.99935 
19 0.996109 
20 0.997629 
21 0.992632 
22 0.999321 
23 0.998447 
24 0.997112 
25 0.995286 
26 0.99306 
27 0.991684 
28 0.997702 
29 0.996022 
30 0.994955 
31 0.993039 
32 0.991757 
33 0.983116 
34 0.999401 
35 0.99806 
36 0.997786 
37 0.997643 
38 0.995662 
39 0.997401 
40 0.996243 
41 0.991446 
42 0.998043 
43 0.997022 
44 0.99505 
45 0.993863 
46 0.993054 
47 0.98829 
48 0.986562 
49 0.981523 
50 0.997222 
51 0.998005 
52 0.997065 
53 0.993701 
54 0.985738 
55 0.998626 
56 0.99671 
57 0.995149 
58 0.993929 
59 0.992691 
60 0.990618 
61 0.98981 
62 0.989075 
63 0.987849 
64 0.984178 
65 0.98159 
66 0.979833 
67 0.976458 
68 0.9985 
69 0.997535 
70 0.994949 
71 0.991762 
72 0.985091 
73 0.979945 
74 0.977405 
75 0.969368 
76 0.991938 
77 0.999128 
78 0.996325 
79 0.994932 
80 0.991333 
81 0.989224 
82 0.984459 
83 0.98087 
84 0.975226 
85 0.970819 
86 0.966781 
87 0.995825 
88 0.994373 
89 0.988076 
90 0.98237 
91 0.977552 
92 0.969883 
93 0.965114 
94 0.998111 
95 0.996881 
96 0.992064 
97 0.988772 
98 0.986805 
99 0.983494 
100 0.979145 
101 0.973775 
102 0.97119 
103 0.965815 
104 0.959328 
105 0.998661 
106 0.995959 
107 0.994768 
108 0.993552 
109 0.991884 
110 0.98918 
111 0.987249 
112 0.98431 
113 0.981511 
114 0.976668 
115 0.974019 
116 0.97204 
117 0.965454 
118 0.962971 
119 0.957195 
120 0.9986 
121 0.997149 
122 0.988502 
123 0.984647 
124 0.979623 
125 0.971698 
126 0.965405 
127 0.962974 
128 0.959003 
129 0.953877 
130 0.998384 
131 0.993868 
132 0.990826 
133 0.987831 
134 0.984865 
135 0.980536 
136 0.976061 
137 0.964827 
138 0.959488 
139 0.957343 
140 0.953165 
141 0.999198 
142 0.958365 
143 0.953447 
144 0.948509 
145 0.968534 
146 0.998444 
147 0.99606 
148 0.994986 
149 0.993204 
150 0.992026 
151 0.98944 
152 0.987624 
153 0.984758 
154 0.982627 
155 0.981076 
156 0.979081 
157 0.975668 
158 0.968768 
159 0.964391 
160 0.958421 
161 0.952659 
162 0.951107 
163 0.945852 
164 0.960306 
165 0.997323 
166 0.988997 
167 0.977679 
168 0.967569 
169 0.956891 
170 0.948282 
171 0.946375 
172 0.942356 
173 0.998662 
174 0.997671 
175 0.993535 
176 0.990854 
177 0.988109 
178 0.981944 
179 0.978772 
180 0.973684 
181 0.969151 
182 0.962685 
183 0.957648 
184 0.951801 
185 0.949375 
186 0.944491 
187 0.943006 
188 0.939776 
189 0.997369 
190 0.987261 
191 0.971785 
192 0.943117 
193 0.937551 
194 0.933865 
195 0.998247 
196 0.991211 
197 0.983815 
198 0.978917 
199 0.973501 
200 0.963289 
201 0.957478 
202 0.951463 
203 0.947152 
204 0.941841 
205 0.936453 
206 0.934398 
207 0.928998 
208 0.997416 
209 0.998266 
210 0.995527 
211 0.986363 
212 0.979588 
213 0.973522 
214 0.969629 
215 0.962056 
216 0.951441 
217 0.936312 
218 0.930398 
219 0.926916 
220 0.992409 
221 0.997568 
222 0.99401 
223 0.992854 
224 0.990119 
225 0.988598 
226 0.986239 
227 0.983508 
228 0.978669 
229 0.976528 
230 0.973355 
231 0.965756 
232 0.963354 
233 0.961218 
234 0.959786 
235 0.954251 
236 0.951537 
237 0.947354 
238 0.943344 
239 0.938873 
240 0.936312 
241 0.931164 
242 0.928075 
243 0.92586 
244 0.921676 
245 0.99937 
246 0.970091 
247 0.997845 
248 0.996977 
249 0.995289 
250 0.992556 
251 0.989382 
252 0.987111 
253 0.984959 
254 0.981984 
255 0.977347 
256 0.971611 
257 0.965152 
258 0.959306 
259 0.954093 
260 0.948858 
261 0.939644 
262 0.93238 
263 0.925904 
264 0.924236 
265 0.922182 
266 0.919586 
267 0.912822 
268 0.999357 
269 0.979716 
270 0.996552 
271 0.995211 
272 0.994181 
273 0.990402 
274 0.987115 
275 0.98516 
276 0.979352 
277 0.973177 
278 0.969597 
279 0.962116 
280 0.953388 
281 0.945681 
282 0.933776 
283 0.929665 
284 0.921413 
285 0.913228 
286 0.911265 
287 0.903257 
288 0.998493 
289 0.984367 
290 0.999017 
291 0.996869 
292 0.995202 
293 0.991635 
294 0.99053 
295 0.98453 
296 0.981658 
297 0.976952 
298 0.975671 
299 0.972793 
300 0.971215 
301 0.969881 
302 0.966093 
303 0.963789 
304 0.961088 
305 0.957879 
306 0.953403 
307 0.940951 
308 0.93945 
309 0.930501 
310 0.92774 
311 0.924961 
312 0.923235 
313 0.918945 
314 0.914347 
315 0.912205 
316 0.910765 
317 0.908858 
318 0.901164 
319 0.997813 
320 0.993594 
321 0.969985 
322 0.921624 
323 0.906087 
324 0.899185 
325 0.996824 
326 0.993785 
327 0.963927 
328 0.920672 
329 0.90324 
330 0.899823 
331 0.893729 
332 0.997875 
333 0.993032 
334 0.996351 
335 0.994727 
336 0.993465 
337 0.986275 
338 0.981639 
339 0.977676 
340 0.968689 
341 0.959258 
342 0.951578 
343 0.935659 
344 0.916263 
345 0.897955 
346 0.892667 
347 0.889091 
348 0.877104 
349 0.998723 
350 0.992341 
351 0.995607 
352 0.994053 
353 0.993074 
354 0.98568 
355 0.974668 
356 0.966314 
357 0.941968 
358 0.915243 
359 0.895922 
360 0.885244 
361 0.881369 
362 0.877818 
363 0.871122 
364 0.998215 
365 0.99573 
366 0.994764 
367 0.9937 
368 0.988445 
369 0.985086 
370 0.979976 
371 0.974892 
372 0.968205 
373 0.959086 
374 0.941547 
375 0.927651 
376 0.923222 
377 0.913072 
378 0.903143 
379 0.890699 
380 0.884197 
381 0.874521 
382 0.871986 
383 0.869781 
384 0.865138 
385 0.993133 
386 0.980347 
387 0.962412 
388 0.918259 
389 0.886419 
390 0.873456 
391 0.867526 
392 0.864453 
393 0.997077 
394 0.997623 
395 0.994029 
396 0.988985 
397 0.965966 
398 0.947195 
399 0.924567 
400 0.898705 
401 0.86645 
402 0.861196 
403 0.854349 
404 0.997052 
405 0.995668 
406 0.99439 
407 0.99365 
408 0.990235 
409 0.986651 
410 0.981833 
411 0.96087 
412 0.93875 
413 0.902948 
414 0.877511 
415 0.860818 
416 0.856066 
417 0.84744 
418 0.996039 
419 0.994973 
420 0.993059 
421 0.991632 
422 0.990303 
423 0.986554 
424 0.98186 
425 0.97951 
426 0.976853 
427 0.970803 
428 0.957387 
429 0.954034 
430 0.952564 
431 0.939533 
432 0.931714 
433 0.912638 
434 0.898489 
435 0.882328 
436 0.868952 
437 0.862154 
438 0.859026 
439 0.857061 
440 0.856103 
441 0.852272 
442 0.847779 
443 0.842823 
444 0.996686 
445 0.993912 
446 0.991754 
447 0.988527 
448 0.984447 
449 0.98354 
450 0.981232 
451 0.978772 
452 0.975395 
453 0.964609 
454 0.957511 
455 0.953882 
456 0.941071 
457 0.936079 
458 0.92368 
459 0.917216 
460 0.907384 
461 0.89956 
462 0.882863 
463 0.874562 
464 0.859606 
465 0.853366 
466 0.849982 
467 0.847927 
468 0.846201 
469 0.840456 
470 0.996014 
471 0.995049 
472 0.992935 
473 0.991137 
474 0.988771 
475 0.985488 
476 0.980967 
477 0.977098 
478 0.976196 
479 0.973781 
480 0.971475 
481 0.968197 
482 0.964325 
483 0.961749 
484 0.960158 
485 0.952134 
486 0.950879 
487 0.94872 
488 0.945395 
489 0.942249 
490 0.940096 
491 0.937666 
492 0.935139 
493 0.933657 
494 0.931837 
495 0.927613 
496 0.925575 
497 0.922963 
498 0.921282 
499 0.918746 
500 0.91667 
501 0.912359 
502 0.910849 
503 0.905341 
504 0.901501 
505 0.893767 
506 0.890587 
507 0.888184 
508 0.883796 
509 0.881821 
510 0.879453 
511 0.876706 
512 0.874276 
513 0.871964 
514 0.866928 
515 0.863149 
516 0.858822 
517 0.856962 
518 0.852916 
519 0.850644 
520 0.848836 
521 0.8432 
522 0.836776 
523 0.996899 
524 0.99502 
525 0.990531 
526 0.989263 
527 0.981692 
528 0.968447 
529 0.957619 
530 0.947016 
531 0.942596 
532 0.931899 
533 0.915477 
534 0.896298 
535 0.873022 
536 0.862392 
537 0.850422 
538 0.846929 
539 0.838266 
540 0.835423 
541 0.998545 
542 0.997704 
543 0.990694 
544 0.996729 
545 0.991322 
546 0.989693 
547 0.979544 
548 0.971935 
549 0.959684 
550 0.948789 
551 0.934646 
552 0.926362 
553 0.910843 
554 0.901598 
555 0.878361 
556 0.863488 
557 0.851285 
558 0.842355 
559 0.835646 
560 0.83271 
561 0.830634 
562 0.82317 
563 0.996793 
564 0.994903 
565 0.993917 
566 0.992933 
567 0.990453 
568 0.988582 
569 0.979943 
570 0.962339 
571 0.950516 
572 0.933082 
573 0.913519 
574 0.882141 
575 0.850147 
576 0.838578 
577 0.833753 
578 0.825301 
579 0.821923 
580 0.999019 
581 0.944361 
582 0.997433 
583 0.997388 
584 0.994009 
585 0.989144 
586 0.980156 
587 0.971713 
588 0.961808 
589 0.94658 
590 0.940037 
591 0.930396 
592 0.925309 
593 0.908593 
594 0.893801 
595 0.878552 
596 0.86849 
597 0.850151 
598 0.840167 
599 0.833122 
600 0.824112 
601 0.819927 
602 0.815658 
603 0.804579 
604 0.996616 
605 0.998416 
606 0.994667 
607 0.990973 
608 0.986084 
609 0.983251 
610 0.980716 
611 0.976927 
612 0.974234 
613 0.965872 
614 0.96364 
615 0.95742 
616 0.955013 
617 0.949939 
618 0.936284 
619 0.930368 
620 0.917456 
621 0.906057 
622 0.891058 
623 0.879222 
624 0.866323 
625 0.852946 
626 0.843756 
627 0.833888 
628 0.824397 
629 0.816439 
630 0.811183 
631 0.808801 
632 0.804576 
633 0.796982 
634 0.9407 
635 0.833033 
636 0.799641 
637 0.796976 
638 0.791916 
639 0.788217 
640 0.994345 
641 0.978291 
642 0.95747 
643 0.937373 
644 0.913825 
645 0.89598 
646 0.869707 
647 0.849704 
648 0.833583 
649 0.816717 
650 0.805169 
651 0.796726 
652 0.790241 
653 0.783934 
654 0.998289 
655 0.996136 
656 0.993986 
657 0.991295 
658 0.985636 
659 0.979122 
660 0.974306 
661 0.963627 
662 0.936376 
663 0.930604 
664 0.91035 
665 0.889211 
666 0.86034 
667 0.837759 
668 0.812972 
669 0.803984 
670 0.798067 
671 0.79388 
672 0.785109 
673 0.779975 
674 0.997661 
675 0.992307 
676 0.986433 
677 0.977182 
678 0.964721 
679 0.936547 
680 0.908657 
681 0.879782 
682 0.831804 
683 0.799831 
684 0.791032 
685 0.786747 
686 0.782456 
687 0.777295 
688 0.771306 
689 0.994499 
690 0.992911 
691 0.971468 
692 0.951801 
693 0.933643 
694 0.91776 
695 0.910542 
696 0.891387 
697 0.867935 
698 0.841722 
699 0.820844 
700 0.804008 
701 0.789359 
702 0.780019 
703 0.776928 
704 0.775474 
705 0.771458 
706 0.761477 
707 0.998834 
708 0.994193 
709 0.992061 
710 0.985272 
711 0.974398 
712 0.950193 
713 0.917736 
714 0.891285 
715 0.850491 
716 0.823897 
717 0.8013 
718 0.789378 
719 0.776841 
720 0.767686 
721 0.764466 
722 0.760013 
723 0.752185 
724 0.999471 
725 0.995615 
726 0.993933 
727 0.991846 
728 0.966466 
729 0.91965 
730 0.84716 
731 0.798487 
732 0.7665 
733 0.75753 
734 0.752416 
735 0.750652 
736 0.745763 
737 0.997872 
738 0.996534 
739 0.994905 
740 0.992707 
741 0.985515 
742 0.983059 
743 0.97949 
744 0.961083 
745 0.944394 
746 0.9234 
747 0.911062 
748 0.886729 
749 0.871752 
750 0.854677 
751 0.829332 
752 0.812819 
753 0.791832 
754 0.781131 
755 0.768182 
756 0.764007 
757 0.755359 
758 0.748552 
759 0.74533 
760 0.73892 
761 0.99713 
762 0.993912 
763 0.990599 
764 0.986388 
765 0.956215 
766 0.911044 
767 0.842401 
768 0.783429 
769 0.749944 
770 0.743654 
771 0.739831 
772 0.735695 
773 0.997775 
774 0.995061 
775 0.993094 
776 0.989194 
777 0.967756 
778 0.908105 
779 0.859638 
780 0.801451 
781 0.763703 
782 0.74308 
783 0.738303 
784 0.733712 
785 0.731051 
786 0.725258 
787 0.996074 
788 0.993876 
789 0.991629 
790 0.989085 
791 0.972641 
792 0.914542 
793 0.847891 
794 0.767128 
795 0.739837 
796 0.731414 
797 0.72685 
798 0.720013 
799 0.994245 
800 0.99047 
801 0.9867 
802 0.983361 
803 0.976921 
804 0.943787 
805 0.887201 
806 0.824137 
807 0.766834 
808 0.736474 
809 0.72879 
810 0.722969 
811 0.719732 
812 0.715761 
813 0.708769 
814 0.998087 
815 0.997225 
816 0.995021 
817 0.99306 
818 0.992071 
819 0.987804 
820 0.979965 
821 0.963742 
822 0.948459 
823 0.935161 
824 0.929693 
825 0.919201 
826 0.905752 
827 0.889842 
828 0.882338 
829 0.863578 
830 0.844034 
831 0.810341 
832 0.799782 
833 0.784361 
834 0.77169 
835 0.760655 
836 0.752421 
837 0.743296 
838 0.733286 
839 0.72838 
840 0.718025 
841 0.709641 
842 0.707754 
843 0.706651 
844 0.99419 
845 0.973246 
846 0.917731 
847 0.814736 
848 0.731722 
849 0.71248 
850 0.703392 
851 0.699176 
852 0.997223 
853 0.995859 
854 0.992834 
855 0.991638 
856 0.989083 
857 0.986855 
858 0.984337 
859 0.978809 
860 0.977339 
861 0.975166 
862 0.972566 
863 0.97003 
864 0.954213 
865 0.908999 
866 0.876463 
867 0.835976 
868 0.798142 
869 0.75717 
870 0.733501 
871 0.716499 
872 0.709743 
873 0.703979 
874 0.700396 
875 0.693167 
876 0.6897 
877 0.863514 
878 0.99676 
879 0.995211 
880 0.992511 
881 0.98685 
882 0.984046 
883 0.981443 
884 0.977944 
885 0.973117 
886 0.970517 
887 0.967204 
888 0.965267 
889 0.960293 
890 0.95776 
891 0.951391 
892 0.949644 
893 0.947686 
894 0.944951 
895 0.942118 
896 0.936608 
897 0.933065 
898 0.929876 
899 0.920228 
900 0.916883 
901 0.912423 
902 0.910156 
903 0.906961 
904 0.904436 
905 0.89871 
906 0.894685 
907 0.887058 
908 0.876932 
909 0.874876 
910 0.871969 
911 0.868342 
912 0.866224 
913 0.854328 
914 0.847666 
915 0.834578 
916 0.829904 
917 0.823141 
918 0.817181 
919 0.808824 
920 0.797646 
921 0.791411 
922 0.786478 
923 0.779069 
924 0.773915 
925 0.770578 
926 0.761599 
927 0.75443 
928 0.74883 
929 0.744772 
930 0.739506 
931 0.733898 
932 0.727142 
933 0.722028 
934 0.715418 
935 0.712826 
936 0.708936 
937 0.705903 
938 0.703691 
939 0.699344 
940 0.695433 
941 0.690853 
942 0.688104 
943 0.685907 
944 0.681832 
945 0.675786 
946 0.729788 
947 0.997678 
948 0.997664 
949 0.993555 
950 0.989376 
951 0.973979 
952 0.970638 
953 0.966342 
954 0.959323 
955 0.95197 
956 0.946226 
957 0.936827 
958 0.926268 
959 0.910805 
960 0.904546 
961 0.897857 
962 0.891978 
963 0.889406 
964 0.8827 
965 0.87565 
966 0.867809 
967 0.856431 
968 0.843875 
969 0.837129 
970 0.830863 
971 0.824208 
972 0.815839 
973 0.809788 
974 0.800612 
975 0.792588 
976 0.78849 
977 0.785154 
978 0.780711 
979 0.769015 
980 0.762908 
981 0.758185 
982 0.745191 
983 0.735631 
984 0.727952 
985 0.720272 
986 0.711275 
987 0.704625 
988 0.701031 
989 0.697372 
990 0.694771 
991 0.69042 
992 0.687531 
993 0.686544 
994 0.685336 
995 0.682772 
996 0.681625 
997 0.679894 
998 0.673955 
999 0.996806 
1000 0.995774 
1001 0.992785 
1002 0.990698 
1003 0.987469 
1004 0.984967 
1005 0.983496 
1006 0.980991 
1007 0.975812 
1008 0.971202 
1009 0.969108 
1010 0.966323 
1011 0.961959 
1012 0.95827 
1013 0.955103 
1014 0.949888 
1015 0.945351 
1016 0.939242 
1017 0.935011 
1018 0.932735 
1019 0.923652 
1020 0.920527 
1021 0.915271 
1022 0.911425 
1023 0.902456 
1024 0.899426 
1025 0.893914 
1026 0.890763 
1027 0.885422 
1028 0.880754 
1029 0.876777 
1030 0.874649 
1031 0.870333 
1032 0.864931 
1033 0.860793 
1034 0.856288 
1035 0.852912 
1036 0.843828 
1037 0.836666 
1038 0.832212 
1039 0.830133 
1040 0.825835 
1041 0.823955 
1042 0.819041 
1043 0.812448 
1044 0.808254 
1045 0.801117 
1046 0.794751 
1047 0.787062 
1048 0.78317 
1049 0.769114 
1050 0.765815 
1051 0.758835 
1052 0.752579 
1053 0.74777 
1054 0.74377 
1055 0.734792 
1056 0.731571 
1057 0.72871 
1058 0.720532 
1059 0.715511 
1060 0.71359 
1061 0.706251 
1062 0.704361 
1063 0.699611 
1064 0.695515 
1065 0.692988 
1066 0.691223 
1067 0.688731 
1068 0.687539 
1069 0.68531 
1070 0.681245 
1071 0.679169 
1072 0.673677 
1073 0.670903 
1074 0.996732 
1075 0.993285 
1076 0.985515 
1077 0.982503 
1078 0.978226 
1079 0.971181 
1080 0.949462 
1081 0.937304 
1082 0.930797 
1083 0.90756 
1084 0.89325 
1085 0.88214 
1086 0.870335 
1087 0.852206 
1088 0.840502 
1089 0.823765 
1090 0.816583 
1091 0.802626 
1092 0.788324 
1093 0.782854 
1094 0.767642 
1095 0.756014 
1096 0.739175 
1097 0.735116 
1098 0.725333 
1099 0.712204 
1100 0.70153 
1101 0.696124 
1102 0.685753 
1103 0.68191 
1104 0.67933 
1105 0.67453 
1106 0.672286 
1107 0.670538 
1108 0.671657 
1109 0.997795 
1110 0.99592 
1111 0.993223 
1112 0.990984 
1113 0.989055 
1114 0.987055 
1115 0.983415 
1116 0.979611 
1117 0.976271 
1118 0.969256 
1119 0.962561 
1120 0.95591 
1121 0.951271 
1122 0.93924 
1123 0.921189 
1124 0.90329 
1125 0.874591 
1126 0.850388 
1127 0.823019 
1128 0.811746 
1129 0.792078 
1130 0.767142 
1131 0.746645 
1132 0.731775 
1133 0.709713 
1134 0.691587 
1135 0.684816 
1136 0.679796 
1137 0.675657 
1138 0.662392 
1139 0.658508 
1140 0.652657 
1141 0.9964 
1142 0.993144 
1143 0.989261 
1144 0.979441 
1145 0.973216 
1146 0.96615 
1147 0.959019 
1148 0.951008 
1149 0.939352 
1150 0.927334 
1151 0.916957 
1152 0.900118 
1153 0.883741 
1154 0.873788 
1155 0.85106 
1156 0.842601 
1157 0.824162 
1158 0.81221 
1159 0.802211 
1160 0.796135 
1161 0.779218 
1162 0.767138 
1163 0.756504 
1164 0.746878 
1165 0.727804 
1166 0.720856 
1167 0.706411 
1168 0.700603 
1169 0.691836 
1170 0.677727 
1171 0.673755 
1172 0.669514 
1173 0.664996 
1174 0.662504 
1175 0.659658 
1176 0.657631 
1177 0.654644 
1178 0.652555 
1179 0.655299 
1180 0.998554 
1181 0.997586 
1182 0.996657 
1183 0.995031 
1184 0.991415 
1185 0.988512 
1186 0.987302 
1187 0.984715 
1188 0.981781 
1189 0.978742 
1190 0.974344 
1191 0.968708 
1192 0.965984 
1193 0.962631 
1194 0.949858 
1195 0.942588 
1196 0.932288 
1197 0.923325 
1198 0.914288 
1199 0.910631 
1200 0.897951 
1201 0.890094 
1202 0.882719 
1203 0.870649 
1204 0.860036 
1205 0.852236 
1206 0.838913 
1207 0.832427 
1208 0.821521 
1209 0.812288 
1210 0.801829 
1211 0.79395 
1212 0.786986 
1213 0.779858 
1214 0.768846 
1215 0.764082 
1216 0.751941 
1217 0.742933 
1218 0.736298 
1219 0.729549 
1220 0.718867 
1221 0.715958 
1222 0.708228 
1223 0.700453 
1224 0.692885 
1225 0.684455 
1226 0.677487 
1227 0.672386 
1228 0.671361 
1229 0.669092 
1230 0.666426 
1231 0.663223 
1232 0.660661 
1233 0.656053 
1234 0.653286 
1235 0.651464 
1236 0.649549 
1237 0.644924 
1238 0.652377 
1239 0.998335 
1240 0.995955 
1241 0.993997 
1242 0.992923 
1243 0.991877 
1244 0.990309 
1245 0.988724 
1246 0.985266 
1247 0.982564 
1248 0.981289 
1249 0.978944 
1250 0.975339 
1251 0.973721 
1252 0.966392 
1253 0.960693 
1254 0.948269 
1255 0.934793 
1256 0.922312 
1257 0.912152 
1258 0.904873 
1259 0.892531 
1260 0.871956 
1261 0.846986 
1262 0.821401 
1263 0.80868 
1264 0.797033 
1265 0.782188 
1266 0.762827 
1267 0.747233 
1268 0.729904 
1269 0.714535 
1270 0.707553 
1271 0.687985 
1272 0.673702 
1273 0.668325 
1274 0.66495 
1275 0.66211 
1276 0.658003 
1277 0.65354 
1278 0.650541 
1279 0.647355 
1280 0.645485 
1281 0.636566 
1282 0.630257 
1283 0.626962 
1284 0.622151 
1285 0.6165 
1286 0.997382 
1287 0.995981 
1288 0.992692 
1289 0.979098 
1290 0.97536 
1291 0.965603 
1292 0.956156 
1293 0.95337 
1294 0.941136 
1295 0.932173 
1296 0.922424 
1297 0.910199 
1298 0.899386 
1299 0.884296 
1300 0.876559 
1301 0.850195 
1302 0.838938 
1303 0.824278 
1304 0.811931 
1305 0.792197 
1306 0.783833 
1307 0.778403 
1308 0.757914 
1309 0.741797 
1310 0.721322 
1311 0.707122 
1312 0.690159 
1313 0.682063 
1314 0.673573 
1315 0.659157 
1316 0.646203 
1317 0.63923 
1318 0.63006 
1319 0.625632 
1320 0.621734 
1321 0.619877 
1322 0.618258 
1323 0.6161 
1324 0.611976 
1325 0.608571 
1326 0.998675 
1327 0.993904 
1328 0.989899 
1329 0.966291 
1330 0.94755 
1331 0.866078 
1332 0.789515 
1333 0.725773 
1334 0.659825 
1335 0.620716 
1336 0.614064 
1337 0.610217 
1338 0.608959 
1339 0.604784 
1340 0.598428 
1341 0.997374 
1342 0.99624 
1343 0.993816 
1344 0.987119 
1345 0.956379 
1346 0.881064 
1347 0.76764 
1348 0.686429 
1349 0.623723 
1350 0.610543 
1351 0.603626 
1352 0.600566 
1353 0.598344 
1354 0.614404 
1355 0.997026 
1356 0.995738 
1357 0.981154 
1358 0.995012 
1359 0.991765 
1360 0.989834 
1361 0.986564 
1362 0.985288 
1363 0.983561 
1364 0.980461 
1365 0.978542 
1366 0.974809 
1367 0.971752 
1368 0.965423 
1369 0.96395 
1370 0.960512 
1371 0.958845 
1372 0.954595 
1373 0.951554 
1374 0.947431 
1375 0.943068 
1376 0.9398 
1377 0.936508 
1378 0.935108 
1379 0.933921 
1380 0.931938 
1381 0.927937 
1382 0.925469 
1383 0.916856 
1384 0.908368 
1385 0.902809 
1386 0.894951 
1387 0.885098 
1388 0.874305 
1389 0.860884 
1390 0.851935 
1391 0.841913 
1392 0.826904 
1393 0.816391 
1394 0.805951 
1395 0.795351 
1396 0.788859 
1397 0.785047 
1398 0.778453 
1399 0.763364 
1400 0.755681 
1401 0.740113 
1402 0.731782 
1403 0.722845 
1404 0.715045 
1405 0.701962 
1406 0.696989 
1407 0.686454 
1408 0.676823 
1409 0.666599 
1410 0.661063 
1411 0.653334 
1412 0.649642 
1413 0.645826 
1414 0.637969 
1415 0.631158 
1416 0.625541 
1417 0.617461 
1418 0.615404 
1419 0.612143 
1420 0.608714 
1421 0.604479 
1422 0.6027 
1423 0.601417 
1424 0.59978 
1425 0.598123 
1426 0.59455 
1427 0.592671 
1428 0.590012 
1429 0.58714 
1430 0.585299 
1431 0.581126 
1432 0.995926 
1433 0.992136 
1434 0.990901 
1435 0.988827 
1436 0.9758 
1437 0.955977 
1438 0.933464 
1439 0.905084 
1440 0.88548 
1441 0.85229 
1442 0.815004 
1443 0.779571 
1444 0.755832 
1445 0.72407 
1446 0.710431 
1447 0.681298 
1448 0.645732 
1449 0.623856 
1450 0.60553 
1451 0.592529 
1452 0.589234 
1453 0.587632 
1454 0.585817 
1455 0.584747 
1456 0.584092 
1457 0.583586 
1458 0.582196 
1459 0.580222 
1460 0.998176 
1461 0.996841 
1462 0.984134 
1463 0.961679 
1464 0.756627 
1465 0.591411 
1466 0.579958 
1467 0.573766 
1468 0.571188 
1469 0.564723 
1470 0.996921 
1471 0.995027 
1472 0.992466 
1473 0.988064 
1474 0.983388 
1475 0.97775 
1476 0.969375 
1477 0.955219 
1478 0.945954 
1479 0.934524 
1480 0.92046 
1481 0.912004 
1482 0.888257 
1483 0.867236 
1484 0.851264 
1485 0.835549 
1486 0.81848 
1487 0.799553 
1488 0.782783 
1489 0.767713 
1490 0.75184 
1491 0.742292 
1492 0.729794 
1493 0.711882 
1494 0.693371 
1495 0.680328 
1496 0.66226 
1497 0.65238 
1498 0.636562 
1499 0.626714 
1500 0.618521 
1501 0.603985 
1502 0.597118 
1503 0.581878 
1504 0.57755 
1505 0.575332 
1506 0.571213 
1507 0.56903 
1508 0.566992 
1509 0.562189 
1510 0.997472 
1511 0.995961 
1512 0.991974 
1513 0.988129 
1514 0.985088 
1515 0.983345 
1516 0.980433 
1517 0.973578 
1518 0.971503 
1519 0.96762 
1520 0.96424 
1521 0.960005 
1522 0.949993 
1523 0.937885 
1524 0.925768 
1525 0.912204 
1526 0.896444 
1527 0.879655 
1528 0.868803 
1529 0.85023 
1530 0.8412 
1531 0.822191 
1532 0.800431 
1533 0.790327 
1534 0.776256 
1535 0.763898 
1536 0.743608 
1537 0.728051 
1538 0.710921 
1539 0.703358 
1540 0.68984 
1541 0.679451 
1542 0.658795 
1543 0.645013 
1544 0.633839 
1545 0.619173 
1546 0.601674 
1547 0.588102 
1548 0.583058 
1549 0.580171 
1550 0.57852 
1551 0.572506 
1552 0.568349 
1553 0.566363 
1554 0.559154 
1555 0.576197 
1556 0.996087 
1557 0.994707 
1558 0.991529 
1559 0.989121 
1560 0.928024 
1561 0.831917 
1562 0.721086 
1563 0.611723 
1564 0.56265 
1565 0.549257 
1566 0.544204 
1567 0.538469 
1568 0.997685 
1569 0.994383 
1570 0.989993 
1571 0.985675 
1572 0.980037 
1573 0.972469 
1574 0.963655 
1575 0.959929 
1576 0.95025 
1577 0.938798 
1578 0.93593 
1579 0.926579 
1580 0.915782 
1581 0.901759 
1582 0.89591 
1583 0.885109 
1584 0.878242 
1585 0.873859 
1586 0.858789 
1587 0.839367 
1588 0.825454 
1589 0.81771 
1590 0.813443 
1591 0.804021 
1592 0.789333 
1593 0.772017 
1594 0.767405 
1595 0.755946 
1596 0.748128 
1597 0.739854 
1598 0.72612 
1599 0.71024 
1600 0.697023 
1601 0.6781 
1602 0.668276 
1603 0.660354 
1604 0.654647 
1605 0.647049 
1606 0.639272 
1607 0.628109 
1608 0.614835 
1609 0.607879 
1610 0.599785 
1611 0.586404 
1612 0.578729 
1613 0.572205 
1614 0.564088 
1615 0.562051 
1616 0.559735 
1617 0.55645 
1618 0.553019 
1619 0.551831 
1620 0.549535 
1621 0.544181 
1622 0.538625 
1623 0.546912 
1624 0.996549 
1625 0.996407 
1626 0.992958 
1627 0.992884 
1628 0.99066 
1629 0.988966 
1630 0.985932 
1631 0.984432 
1632 0.982574 
1633 0.97931 
1634 0.976022 
1635 0.973473 
1636 0.971532 
1637 0.968747 
1638 0.964926 
1639 0.961196 
1640 0.959005 
1641 0.955853 
1642 0.949526 
1643 0.945596 
1644 0.936296 
1645 0.930052 
1646 0.919738 
1647 0.90554 
1648 0.898325 
1649 0.885437 
1650 0.871978 
1651 0.860055 
1652 0.85766 
1653 0.845232 
1654 0.835431 
1655 0.815223 
1656 0.810648 
1657 0.791257 
1658 0.78422 
1659 0.770759 
1660 0.759511 
1661 0.73719 
1662 0.726554 
1663 0.708298 
1664 0.696148 
1665 0.68419 
1666 0.67035 
1667 0.656037 
1668 0.647727 
1669 0.639384 
1670 0.628389 
1671 0.622013 
1672 0.613162 
1673 0.602514 
1674 0.596031 
1675 0.583237 
1676 0.577006 
1677 0.572852 
1678 0.56944 
1679 0.564923 
1680 0.560726 
1681 0.556753 
1682 0.55366 
1683 0.551435 
1684 0.548253 
1685 0.545726 
1686 0.536738 
1687 0.534163 
1688 0.530489 
1689 0.528024 
1690 0.997866 
1691 0.996375 
1692 0.99326 
1693 0.978577 
1694 0.760217 
1695 0.574536 
1696 0.535252 
1697 0.527714 
1698 0.523663 
1699 0.527832 
1700 0.995702 
1701 0.994561 
1702 0.99268 
1703 0.981089 
1704 0.938429 
1705 0.824623 
1706 0.68481 
1707 0.593268 
1708 0.534902 
1709 0.523563 
1710 0.516534 
1711 0.512729 
1712 0.511713 
1713 0.999436 
1714 0.997251 
1715 0.994684 
1716 0.992261 
1717 0.990566 
1718 0.987433 
1719 0.984241 
1720 0.981158 
1721 0.97808 
1722 0.976245 
1723 0.974167 
1724 0.97099 
1725 0.968347 
1726 0.965944 
1727 0.955673 
1728 0.949861 
1729 0.947442 
1730 0.943266 
1731 0.934673 
1732 0.919324 
1733 0.90745 
1734 0.898861 
1735 0.895825 
1736 0.882591 
1737 0.871013 
1738 0.863849 
1739 0.856382 
1740 0.848497 
1741 0.843005 
1742 0.835375 
1743 0.822807 
1744 0.814572 
1745 0.811574 
1746 0.800241 
1747 0.791989 
1748 0.784882 
1749 0.77374 
1750 0.762532 
1751 0.760714 
1752 0.755717 
1753 0.749067 
1754 0.746393 
1755 0.741746 
1756 0.736192 
1757 0.720672 
1758 0.713833 
1759 0.705854 
1760 0.694076 
1761 0.686609 
1762 0.671842 
1763 0.666632 
1764 0.660581 
1765 0.648817 
1766 0.642101 
1767 0.636461 
1768 0.628482 
1769 0.62646 
1770 0.618622 
1771 0.603419 
1772 0.601076 
1773 0.591874 
1774 0.583789 
1775 0.575191 
1776 0.565784 
1777 0.561936 
1778 0.559689 
1779 0.557651 
1780 0.553908 
1781 0.551683 
1782 0.549377 
1783 0.545787 
1784 0.543028 
1785 0.539065 
1786 0.536867 
1787 0.534106 
1788 0.531902 
1789 0.530305 
1790 0.527667 
1791 0.52318 
1792 0.52091 
1793 0.518059 
1794 0.513676 
1795 0.510244 
1796 0.502838 
1797 0.501551 
1798 0.510787 
1799 0.996298 
1800 0.994939 
1801 0.992289 
1802 0.98948 
1803 0.98332 
1804 0.975726 
1805 0.973021 
1806 0.963031 
1807 0.960653 
1808 0.948716 
1809 0.943119 
1810 0.927338 
1811 0.905641 
1812 0.891926 
1813 0.858572 
1814 0.817254 
1815 0.77136 
1816 0.742335 
1817 0.702976 
1818 0.678119 
1819 0.652801 
1820 0.63233 
1821 0.595448 
1822 0.565581 
1823 0.549453 
1824 0.544077 
1825 0.531869 
1826 0.525559 
1827 0.517786 
1828 0.514057 
1829 0.510651 
1830 0.50806 
1831 0.501243 
1832 0.497811 
1833 0.495718 
1834 0.538061 
1835 0.998537 
1836 0.996069 
1837 0.994433 
1838 0.989671 
1839 0.986633 
1840 0.971456 
1841 0.966052 
1842 0.948841 
1843 0.939111 
1844 0.899569 
1845 0.826796 
1846 0.778219 
1847 0.688252 
1848 0.623742 
1849 0.586223 
1850 0.562475 
1851 0.54364 
1852 0.525259 
1853 0.509386 
1854 0.499062 
1855 0.493386 
1856 0.485773 
1857 0.498351 
1858 0.996963 
1859 0.994365 
1860 0.992336 
1861 0.990275 
1862 0.988317 
1863 0.985334 
1864 0.981636 
1865 0.976925 
1866 0.973549 
1867 0.967592 
1868 0.963995 
1869 0.962611 
1870 0.958531 
1871 0.954243 
1872 0.951838 
1873 0.946318 
1874 0.940198 
1875 0.935817 
1876 0.924641 
1877 0.917156 
1878 0.913691 
1879 0.906266 
1880 0.892248 
1881 0.878131 
1882 0.869947 
1883 0.865499 
1884 0.85853 
1885 0.840722 
1886 0.816542 
1887 0.794484 
1888 0.782339 
1889 0.769786 
1890 0.759691 
1891 0.74843 
1892 0.732492 
1893 0.717322 
1894 0.700572 
1895 0.693761 
1896 0.689121 
1897 0.671887 
1898 0.658906 
1899 0.655107 
1900 0.648037 
1901 0.638423 
1902 0.631095 
1903 0.616902 
1904 0.604974 
1905 0.585973 
1906 0.577421 
1907 0.571001 
1908 0.567303 
1909 0.557587 
1910 0.550073 
1911 0.546457 
1912 0.538143 
1913 0.534835 
1914 0.529443 
1915 0.524222 
1916 0.520886 
1917 0.516541 
1918 0.512888 
1919 0.509328 
1920 0.506371 
1921 0.504793 
1922 0.501854 
1923 0.500578 
1924 0.498817 
1925 0.496669 
1926 0.495552 
1927 0.4936 
1928 0.488922 
1929 0.486977 
1930 0.484769 
1931 0.482842 
1932 0.502494 
1933 0.997185 
1934 0.994739 
1935 0.986441 
1936 0.970551 
1937 0.959694 
1938 0.94218 
1939 0.934563 
1940 0.925209 
1941 0.907744 
1942 0.864102 
1943 0.783307 
1944 0.700909 
1945 0.638909 
1946 0.57435 
1947 0.537028 
1948 0.523224 
1949 0.509776 
1950 0.496452 
1951 0.489248 
1952 0.479822 
1953 0.473385 
1954 0.473054 
1955 0.992874 
1956 0.986591 
1957 0.981744 
1958 0.96318 
1959 0.925601 
1960 0.84365 
1961 0.748119 
1962 0.678707 
1963 0.600478 
1964 0.547063 
1965 0.497964 
1966 0.48421 
1967 0.479303 
1968 0.475273 
1969 0.472412 
1970 0.467774 
1971 0.474872 
1972 0.996712 
1973 0.995337 
1974 0.992353 
1975 0.989214 
1976 0.98671 
1977 0.982247 
1978 0.975777 
1979 0.972135 
1980 0.957494 
1981 0.935992 
1982 0.896761 
1983 0.853101 
1984 0.786931 
1985 0.736421 
1986 0.696172 
1987 0.654969 
1988 0.631922 
1989 0.59584 
1990 0.547323 
1991 0.516376 
1992 0.501268 
1993 0.496099 
1994 0.488549 
1995 0.483672 
1996 0.477213 
1997 0.473947 
1998 0.470363 
1999 0.467567 
2000 0.465671 
2001 0.479598 
2002 0.997089 
2003 0.994199 
2004 0.988276 
2005 0.984467 
2006 0.972166 
2007 0.962242 
2008 0.950363 
2009 0.915111 
2010 0.816488 
2011 0.725991 
2012 0.638644 
2013 0.539757 
2014 0.504142 
2015 0.486922 
2016 0.478407 
2017 0.470188 
2018 0.465242 
2019 0.459889 
2020 0.457823 
2021 0.461458 
2022 0.984131 
2023 0.879428 
2024 0.633434 
2025 0.463745 
2026 0.453164 
2027 0.453539 
2028 0.995229 
2029 0.99518 
2030 0.99292 
2031 0.990032 
2032 0.986877 
2033 0.976964 
2034 0.966077 
2035 0.956819 
2036 0.945148 
2037 0.938255 
2038 0.907577 
2039 0.872551 
2040 0.844825 
2041 0.814557 
2042 0.796891 
2043 0.753916 
2044 0.729847 
2045 0.678946 
2046 0.632498 
2047 0.591153 
2048 0.548157 
2049 0.533778 
2050 0.506901 
2051 0.497544 
2052 0.483841 
2053 0.477988 
2054 0.468033 
2055 0.46359 
2056 0.45829 
2057 0.455934 
2058 0.453042 
2059 0.448954 
2060 0.471434 
2061 0.996755 
2062 0.994271 
2063 0.991861 
2064 0.990415 
2065 0.987286 
2066 0.983685 
2067 0.980647 
2068 0.977904 
2069 0.974767 
2070 0.965664 
2071 0.952035 
2072 0.941646 
2073 0.933141 
2074 0.913488 
2075 0.905528 
2076 0.877917 
2077 0.842054 
2078 0.812395 
2079 0.772372 
2080 0.741628 
2081 0.717109 
2082 0.682959 
2083 0.645223 
2084 0.608323 
2085 0.577528 
2086 0.554266 
2087 0.542558 
2088 0.524265 
2089 0.514149 
2090 0.501084 
2091 0.489322 
2092 0.479549 
2093 0.474628 
2094 0.468107 
2095 0.465445 
2096 0.46201 
2097 0.455667 
2098 0.453483 
2099 0.450718 
2100 0.446761 
2101 0.445278 
2102 0.44231 
2103 0.994831 
2104 0.9914 
2105 0.987964 
2106 0.984374 
2107 0.981501 
2108 0.975953 
2109 0.972503 
2110 0.970119 
2111 0.964407 
2112 0.960519 
2113 0.958068 
2114 0.951984 
2115 0.946044 
2116 0.937555 
2117 0.930218 
2118 0.923489 
2119 0.908231 
2120 0.886508 
2121 0.86619 
2122 0.831882 
2123 0.809444 
2124 0.788043 
2125 0.764298 
2126 0.744015 
2127 0.721634 
2128 0.693868 
2129 0.676674 
2130 0.638481 
2131 0.614656 
2132 0.603204 
2133 0.577774 
2134 0.561781 
2135 0.542036 
2136 0.525767 
2137 0.508573 
2138 0.486456 
2139 0.476462 
2140 0.471191 
2141 0.467931 
2142 0.462861 
2143 0.459391 
2144 0.456456 
2145 0.453371 
2146 0.452295 
2147 0.449594 
2148 0.447809 
2149 0.443167 
2150 0.441176 
2151 0.994279 
2152 0.991292 
2153 0.986969 
2154 0.977637 
2155 0.97551 
2156 0.97323 
2157 0.96016 
2158 0.952082 
2159 0.945102 
2160 0.925947 
2161 0.904725 
2162 0.890081 
2163 0.85802 
2164 0.793535 
2165 0.710133 
2166 0.652787 
2167 0.603538 
2168 0.537152 
2169 0.516954 
2170 0.483088 
2171 0.475157 
2172 0.469718 
2173 0.462515 
2174 0.454751 
2175 0.452237 
2176 0.450276 
2177 0.448478 
2178 0.446153 
2179 0.44367 
2180 0.442289 
2181 0.444672 
2182 0.997037 
2183 0.994529 
2184 0.991989 
2185 0.989226 
2186 0.987053 
2187 0.98547 
2188 0.983188 
2189 0.974089 
2190 0.966626 
2191 0.963747 
2192 0.959676 
2193 0.95796 
2194 0.947821 
2195 0.944152 
2196 0.940728 
2197 0.938189 
2198 0.935463 
2199 0.931547 
2200 0.925663 
2201 0.922864 
2202 0.91941 
2203 0.91659 
2204 0.908789 
2205 0.905556 
2206 0.893966 
2207 0.886027 
2208 0.873183 
2209 0.855991 
2210 0.845178 
2211 0.812254 
2212 0.793166 
2213 0.77393 
2214 0.74264 
2215 0.719639 
2216 0.694994 
2217 0.677761 
2218 0.651534 
2219 0.629798 
2220 0.611155 
2221 0.590034 
2222 0.567834 
2223 0.547192 
2224 0.528237 
2225 0.51238 
2226 0.498186 
2227 0.492563 
2228 0.484948 
2229 0.482212 
2230 0.47828 
2231 0.47348 
2232 0.469132 
2233 0.466275 
2234 0.464503 
2235 0.462624 
2236 0.461149 
2237 0.46005 
2238 0.457885 
2239 0.456684 
2240 0.454665 
2241 0.453636 
2242 0.452249 
2243 0.45045 
2244 0.44625 
2245 0.440525 
2246 0.436757 
2247 0.481045 
2248 0.994923 
2249 0.992287 
2250 0.990273 
2251 0.987685 
2252 0.98186 
2253 0.97847 
2254 0.974447 
2255 0.970141 
2256 0.967652 
2257 0.964101 
2258 0.960445 
2259 0.958143 
2260 0.955896 
2261 0.953591 
2262 0.949552 
2263 0.948235 
2264 0.945647 
2265 0.941693 
2266 0.940273 
2267 0.933841 
2268 0.923837 
2269 0.905067 
2270 0.898577 
2271 0.891859 
2272 0.87533 
2273 0.862005 
2274 0.846286 
2275 0.832936 
2276 0.810894 
2277 0.783028 
2278 0.752011 
2279 0.724512 
2280 0.693019 
2281 0.672407 
2282 0.64616 
2283 0.631419 
2284 0.61519 
2285 0.589393 
2286 0.569491 
2287 0.563583 
2288 0.546573 
2289 0.534084 
2290 0.519679 
2291 0.510513 
2292 0.505302 
2293 0.499248 
2294 0.494315 
2295 0.491185 
2296 0.487784 
2297 0.484525 
2298 0.479437 
2299 0.477506 
2300 0.475736 
2301 0.473581 
2302 0.470688 
2303 0.467959 
2304 0.465129 
2305 0.463389 
2306 0.461417 
2307 0.458867 
2308 0.456238 
2309 0.453294 
2310 0.447364 
2311 0.443909 
2312 0.437229 
2313 0.432197 
2314 0.527708 
2315 0.99581 
2316 0.991383 
2317 0.987959 
2318 0.984625 
2319 0.978051 
2320 0.974571 
2321 0.966887 
2322 0.959587 
2323 0.947275 
2324 0.933588 
2325 0.898854 
2326 0.855728 
2327 0.807784 
2328 0.758544 
2329 0.693231 
2330 0.648139 
2331 0.609154 
2332 0.579743 
2333 0.54753 
2334 0.503752 
2335 0.483465 
2336 0.472126 
2337 0.46235 
2338 0.454576 
2339 0.447003 
2340 0.440515 
2341 0.43572 
2342 0.433316 
2343 0.42739 
2344 0.432549 
2345 0.997091 
2346 0.994152 
2347 0.990948 
2348 0.988031 
2349 0.985587 
2350 0.983152 
2351 0.980131 
2352 0.975933 
2353 0.973468 
2354 0.970069 
2355 0.967223 
2356 0.964197 
2357 0.960248 
2358 0.957318 
2359 0.956141 
2360 0.953947 
2361 0.951573 
2362 0.948964 
2363 0.942178 
2364 0.938881 
2365 0.935753 
2366 0.930245 
2367 0.925963 
2368 0.921964 
2369 0.920387 
2370 0.915413 
2371 0.907947 
2372 0.900998 
2373 0.888234 
2374 0.876862 
2375 0.868627 
2376 0.863635 
2377 0.85775 
2378 0.849953 
2379 0.828448 
2380 0.817687 
2381 0.804784 
2382 0.799054 
2383 0.787765 
2384 0.782326 
2385 0.76517 
2386 0.75268 
2387 0.738062 
2388 0.718342 
2389 0.708645 
2390 0.692237 
2391 0.677455 
2392 0.67068 
2393 0.656892 
2394 0.639111 
2395 0.62386 
2396 0.621288 
2397 0.611871 
2398 0.599718 
2399 0.587051 
2400 0.580861 
2401 0.564573 
2402 0.553756 
2403 0.544212 
2404 0.537066 
2405 0.531147 
2406 0.527956 
2407 0.524027 
2408 0.516565 
2409 0.505724 
2410 0.498806 
2411 0.494454 
2412 0.48695 
2413 0.48405 
2414 0.480461 
2415 0.47508 
2416 0.472385 
2417 0.467462 
2418 0.464884 
2419 0.461007 
2420 0.459233 
2421 0.457938 
2422 0.453695 
2423 0.451821 
2424 0.450821 
2425 0.448597 
2426 0.446799 
2427 0.445075 
2428 0.443424 
2429 0.442467 
2430 0.440908 
2431 0.439542 
2432 0.438863 
2433 0.436956 
2434 0.432881 
2435 0.431539 
2436 0.426083 
2437 0.433415 
2438 0.995728 
2439 0.993298 
2440 0.987502 
2441 0.984495 
2442 0.981864 
2443 0.974474 
2444 0.971747 
2445 0.953882 
2446 0.945755 
2447 0.935446 
2448 0.902544 
2449 0.875367 
2450 0.774811 
2451 0.672884 
2452 0.60062 
2453 0.526794 
2454 0.486561 
2455 0.466465 
2456 0.454492 
2457 0.444224 
2458 0.439143 
2459 0.430998 
2460 0.427683 
2461 0.425683 
2462 0.420729 
2463 0.997693 
2464 0.994492 
2465 0.99112 
2466 0.988195 
2467 0.985176 
2468 0.981978 
2469 0.979045 
2470 0.976864 
2471 0.973483 
2472 0.971142 
2473 0.967453 
2474 0.965315 
2475 0.958496 
2476 0.950344 
2477 0.945221 
2478 0.939648 
2479 0.91221 
2480 0.879385 
2481 0.836702 
2482 0.786458 
2483 0.752062 
2484 0.666482 
2485 0.641933 
2486 0.61128 
2487 0.573067 
2488 0.531724 
2489 0.499393 
2490 0.481931 
2491 0.466271 
2492 0.451267 
2493 0.445318 
2494 0.440507 
2495 0.437649 
2496 0.435194 
2497 0.429736 
2498 0.425695 
2499 0.424285 
2500 0.423097 
2501 0.421463 
2502 0.438893 
2503 0.995773 
2504 0.994563 
2505 0.992408 
2506 0.988856 
2507 0.985789 
2508 0.984565 
2509 0.98119 
2510 0.978228 
2511 0.971911 
2512 0.970642 
2513 0.96764 
2514 0.965303 
2515 0.963244 
2516 0.960546 
2517 0.955831 
2518 0.953226 
2519 0.95178 
2520 0.947889 
2521 0.945485 
2522 0.942326 
2523 0.938548 
2524 0.931321 
2525 0.929173 
2526 0.925297 
2527 0.92211 
2528 0.920715 
2529 0.916247 
2530 0.913468 
2531 0.905545 
2532 0.895078 
2533 0.893538 
2534 0.887816 
2535 0.884569 
2536 0.873911 
2537 0.864526 
2538 0.856991 
2539 0.851847 
2540 0.843332 
2541 0.838869 
2542 0.826685 
2543 0.819468 
2544 0.817216 
2545 0.808224 
2546 0.790836 
2547 0.778924 
2548 0.770544 
2549 0.761705 
2550 0.754432 
2551 0.734667 
2552 0.723149 
2553 0.715911 
2554 0.701164 
2555 0.694427 
2556 0.684332 
2557 0.674347 
2558 0.666624 
2559 0.660653 
2560 0.650882 
2561 0.645292 
2562 0.640201 
2563 0.630696 
2564 0.624404 
2565 0.617261 
2566 0.605238 
2567 0.594908 
2568 0.589382 
2569 0.581796 
2570 0.570012 
2571 0.558097 
2572 0.554362 
2573 0.547437 
2574 0.534623 
2575 0.528875 
2576 0.524108 
2577 0.517274 
2578 0.510998 
2579 0.501394 
2580 0.494662 
2581 0.49001 
2582 0.481162 
2583 0.4774 
2584 0.472355 
2585 0.469617 
2586 0.466336 
2587 0.46323 
2588 0.461368 
2589 0.460032 
2590 0.458744 
2591 0.45723 
2592 0.453366 
2593 0.446434 
2594 0.443177 
2595 0.436774 
2596 0.43383 
2597 0.428971 
2598 0.426429 
2599 0.418497 
2600 0.426474 
2601 0.994537 
2602 0.991451 
2603 0.988417 
2604 0.985309 
2605 0.981956 
2606 0.978317 
2607 0.975203 
2608 0.971614 
2609 0.964771 
2610 0.961914 
2611 0.957701 
2612 0.943645 
2613 0.935385 
2614 0.908698 
2615 0.866152 
2616 0.842833 
2617 0.807969 
2618 0.773372 
2619 0.726529 
2620 0.694604 
2621 0.666778 
2622 0.642306 
2623 0.621237 
2624 0.597735 
2625 0.579339 
2626 0.555245 
2627 0.524503 
2628 0.512645 
2629 0.497409 
2630 0.47611 
2631 0.45908 
2632 0.448014 
2633 0.444791 
2634 0.440041 
2635 0.435621 
2636 0.431291 
2637 0.428341 
2638 0.426827 
2639 0.424992 
2640 0.419781 
2641 0.415984 
2642 0.512106 
2643 0.999331 
2644 0.996736 
2645 0.991848 
2646 0.989979 
2647 0.983256 
2648 0.977186 
2649 0.971093 
2650 0.965849 
2651 0.951756 
2652 0.897155 
2653 0.84602 
2654 0.737512 
2655 0.670467 
2656 0.61791 
2657 0.561348 
2658 0.494259 
2659 0.465746 
2660 0.45276 
2661 0.438716 
2662 0.425189 
2663 0.420319 
2664 0.414419 
2665 0.410349 
2666 0.428126 
2667 0.994681 
2668 0.991534 
2669 0.987902 
2670 0.979586 
2671 0.971445 
2672 0.959249 
2673 0.931169 
2674 0.823973 
2675 0.655986 
2676 0.570371 
2677 0.474964 
2678 0.446463 
2679 0.430522 
2680 0.424037 
2681 0.416501 
2682 0.410901 
2683 0.410924 
2684 0.994832 
2685 0.993617 
2686 0.991934 
2687 0.991882 
2688 0.988556 
2689 0.986061 
2690 0.984839 
2691 0.98206 
2692 0.9796 
2693 0.970965 
2694 0.965983 
2695 0.953995 
2696 0.930069 
2697 0.866372 
2698 0.773784 
2699 0.686825 
2700 0.588771 
2701 0.50928 
2702 0.467748 
2703 0.437519 
2704 0.431073 
2705 0.423943 
2706 0.418225 
2707 0.415375 
2708 0.413117 
2709 0.411126 
2710 0.409818 
2711 0.408687 
2712 0.406178 
2713 0.625448 
2714 0.993944 
2715 0.992328 
2716 0.988517 
2717 0.983253 
2718 0.971978 
2719 0.96798 
2720 0.957208 
2721 0.938163 
2722 0.89916 
2723 0.827756 
2724 0.749681 
2725 0.690262 
2726 0.648538 
2727 0.571294 
2728 0.531769 
2729 0.490928 
2730 0.464797 
2731 0.450234 
2732 0.433304 
2733 0.422255 
2734 0.415385 
2735 0.408001 
2736 0.404585 
2737 0.399348 
2738 0.397774 
2739 0.994013 
2740 0.993814 
2741 0.990643 
2742 0.987624 
2743 0.985204 
2744 0.981937 
2745 0.979713 
2746 0.976917 
2747 0.972948 
2748 0.969706 
2749 0.96638 
2750 0.964142 
2751 0.96015 
2752 0.956217 
2753 0.95293 
2754 0.950037 
2755 0.946317 
2756 0.940349 
2757 0.937438 
2758 0.934407 
2759 0.924277 
2760 0.917155 
2761 0.907758 
2762 0.901136 
2763 0.878647 
2764 0.861053 
2765 0.830029 
2766 0.817853 
2767 0.778179 
2768 0.752694 
2769 0.71318 
2770 0.682981 
2771 0.654401 
2772 0.625142 
2773 0.610548 
2774 0.590662 
2775 0.566311 
2776 0.542165 
2777 0.527055 
2778 0.501025 
2779 0.488869 
2780 0.467189 
2781 0.459099 
2782 0.448806 
2783 0.439979 
2784 0.42736 
2785 0.423607 
2786 0.418643 
2787 0.414563 
2788 0.411996 
2789 0.40967 
2790 0.408096 
2791 0.406294 
2792 0.403711 
2793 0.401966 
2794 0.398715 
2795 0.40964 
2796 0.993823 
2797 0.990192 
2798 0.988005 
2799 0.984651 
2800 0.981607 
2801 0.97976 
2802 0.975278 
2803 0.974031 
2804 0.970592 
2805 0.967144 
2806 0.960265 
2807 0.957516 
2808 0.951117 
2809 0.94747 
2810 0.944035 
2811 0.94176 
2812 0.934665 
2813 0.931957 
2814 0.927478 
2815 0.923752 
2816 0.917189 
2817 0.91291 
2818 0.908049 
2819 0.905043 
2820 0.901574 
2821 0.895189 
2822 0.891125 
2823 0.886697 
2824 0.881836 
2825 0.875945 
2826 0.86469 
2827 0.847583 
2828 0.835545 
2829 0.826178 
2830 0.821814 
2831 0.815018 
2832 0.804669 
2833 0.787766 
2834 0.769305 
2835 0.745385 
2836 0.740962 
2837 0.724864 
2838 0.707387 
2839 0.691359 
2840 0.681758 
2841 0.664131 
2842 0.6515 
2843 0.630976 
2844 0.619522 
2845 0.610046 
2846 0.578102 
2847 0.567801 
2848 0.559963 
2849 0.537968 
2850 0.52515 
2851 0.519667 
2852 0.50312 
2853 0.492356 
2854 0.487482 
2855 0.476962 
2856 0.46632 
2857 0.461042 
2858 0.454259 
2859 0.449458 
2860 0.446837 
2861 0.444228 
2862 0.439432 
2863 0.436346 
2864 0.434043 
2865 0.432115 
2866 0.430156 
2867 0.428188 
2868 0.425629 
2869 0.423319 
2870 0.419939 
2871 0.417829 
2872 0.413631 
2873 0.411171 
2874 0.407186 
2875 0.403885 
2876 0.402425 
2877 0.398025 
2878 0.394634 
2879 0.499394 
2880 0.996472 
2881 0.99346 
2882 0.991849 
2883 0.983738 
2884 0.978656 
2885 0.967971 
2886 0.960625 
2887 0.95673 
2888 0.933447 
2889 0.916728 
2890 0.875623 
2891 0.764137 
2892 0.63642 
2893 0.565393 
2894 0.504456 
2895 0.461936 
2896 0.434018 
2897 0.422282 
2898 0.410966 
2899 0.402738 
2900 0.39491 
2901 0.394439 
2902 0.993301 
2903 0.989653 
2904 0.986087 
2905 0.982543 
2906 0.976548 
2907 0.969628 
2908 0.967005 
2909 0.96374 
2910 0.960649 
2911 0.952768 
2912 0.948689 
2913 0.93583 
2914 0.932206 
2915 0.926963 
2916 0.923735 
2917 0.921095 
2918 0.907684 
2919 0.889283 
2920 0.862205 
2921 0.826395 
2922 0.813112 
2923 0.787644 
2924 0.748757 
2925 0.701271 
2926 0.65326 
2927 0.615492 
2928 0.596059 
2929 0.572832 
2930 0.527041 
2931 0.50476 
2932 0.49055 
2933 0.46669 
2934 0.445351 
2935 0.43502 
2936 0.428776 
2937 0.42246 
2938 0.415449 
2939 0.412397 
2940 0.406538 
2941 0.404531 
2942 0.401302 
2943 0.399615 
2944 0.397344 
2945 0.396299 
2946 0.395436 
2947 0.393499 
2948 0.99393 
2949 0.993907 
2950 0.990981 
2951 0.987596 
2952 0.983832 
2953 0.98062 
2954 0.97721 
2955 0.973647 
2956 0.970891 
2957 0.967702 
2958 0.956673 
2959 0.939031 
2960 0.933719 
2961 0.926962 
2962 0.913441 
2963 0.89812 
2964 0.873458 
2965 0.830215 
2966 0.716106 
2967 0.631918 
2968 0.562348 
2969 0.491432 
2970 0.465346 
2971 0.447037 
2972 0.437863 
2973 0.426978 
2974 0.417024 
2975 0.410823 
2976 0.407052 
2977 0.402374 
2978 0.39848 
2979 0.395795 
2980 0.394471 
2981 0.390132 
2982 0.520397 
2983 0.995369 
2984 0.992301 
2985 0.988818 
2986 0.985105 
2987 0.982199 
2988 0.9784 
2989 0.975499 
2990 0.972774 
2991 0.967177 
2992 0.959415 
2993 0.955131 
2994 0.947958 
2995 0.944127 
2996 0.936642 
2997 0.932765 
2998 0.929821 
2999 0.927499 
3000 0.920891 
3001 0.914867 
3002 0.907215 
3003 0.887673 
3004 0.869877 
3005 0.848449 
3006 0.822768 
3007 0.801914 
3008 0.763447 
3009 0.734938 
3010 0.707453 
3011 0.674683 
3012 0.639872 
3013 0.619138 
3014 0.588412 
3015 0.547653 
3016 0.518887 
3017 0.503654 
3018 0.481473 
3019 0.470767 
3020 0.465535 
3021 0.455134 
3022 0.449298 
3023 0.443054 
3024 0.438044 
3025 0.434066 
3026 0.427394 
3027 0.423468 
3028 0.420973 
3029 0.41677 
3030 0.414379 
3031 0.410837 
3032 0.409473 
3033 0.406862 
3034 0.404078 
3035 0.397848 
3036 0.395543 
3037 0.393815 
3038 0.388596 
3039 0.997292 
3040 0.993668 
3041 0.990678 
3042 0.987162 
3043 0.983757 
3044 0.979875 
3045 0.977708 
3046 0.975746 
3047 0.972232 
3048 0.968812 
3049 0.964918 
3050 0.961357 
3051 0.958758 
3052 0.957119 
3053 0.95386 
3054 0.947795 
3055 0.943646 
3056 0.938739 
3057 0.930675 
3058 0.921129 
3059 0.913955 
3060 0.905216 
3061 0.884602 
3062 0.856891 
3063 0.834749 
3064 0.801685 
3065 0.781195 
3066 0.757149 
3067 0.738906 
3068 0.716501 
3069 0.687145 
3070 0.651642 
3071 0.61201 
3072 0.578242 
3073 0.536802 
3074 0.512906 
3075 0.490749 
3076 0.480378 
3077 0.462757 
3078 0.446461 
3079 0.434345 
3080 0.424039 
3081 0.420898 
3082 0.4186 
3083 0.414566 
3084 0.410365 
3085 0.408416 
3086 0.404116 
3087 0.402471 
3088 0.400595 
3089 0.396627 
3090 0.393582 
3091 0.391645 
3092 0.390115 
3093 0.388292 
3094 0.409436 
3095 0.987203 
3096 0.9818 
3097 0.971944 
3098 0.963174 
3099 0.948991 
3100 0.925059 
3101 0.821885 
3102 0.599778 
3103 0.452873 
3104 0.414812 
3105 0.407212 
3106 0.39946 
3107 0.396287 
3108 0.3922 
3109 0.387901 
3110 0.395401 
3111 0.994478 
3112 0.991742 
3113 0.988596 
3114 0.985511 
3115 0.969366 
3116 0.961804 
3117 0.875159 
3118 0.663034 
3119 0.449488 
3120 0.414323 
3121 0.40576 
3122 0.399099 
3123 0.393407 
3124 0.389388 
3125 0.386746 
3126 0.385359 
3127 0.601319 
3128 0.993504 
3129 0.994775 
3130 0.990748 
3131 0.987178 
3132 0.983213 
3133 0.980596 
3134 0.978915 
3135 0.975555 
3136 0.970801 
3137 0.966594 
3138 0.963218 
3139 0.953117 
3140 0.931731 
3141 0.915954 
3142 0.889819 
3143 0.873589 
3144 0.866216 
3145 0.836756 
3146 0.801031 
3147 0.769937 
3148 0.754793 
3149 0.739412 
3150 0.706336 
3151 0.674315 
3152 0.645827 
3153 0.628668 
3154 0.589911 
3155 0.549935 
3156 0.525082 
3157 0.500964 
3158 0.490843 
3159 0.474557 
3160 0.456042 
3161 0.439173 
3162 0.418802 
3163 0.413314 
3164 0.408595 
3165 0.403949 
3166 0.399405 
3167 0.39386 
3168 0.391718 
3169 0.390121 
3170 0.387726 
3171 0.386082 
3172 0.383824 
3173 0.382399 
3174 0.381165 
3175 0.428447 
3176 0.995196 
3177 0.99271 
3178 0.990412 
3179 0.987889 
3180 0.984359 
3181 0.982574 
3182 0.979474 
3183 0.975871 
3184 0.968577 
3185 0.965614 
3186 0.960732 
3187 0.957905 
3188 0.954881 
3189 0.946031 
3190 0.927592 
3191 0.914891 
3192 0.909396 
3193 0.904651 
3194 0.889401 
3195 0.881391 
3196 0.863595 
3197 0.847914 
3198 0.835456 
3199 0.826511 
3200 0.817625 
3201 0.794526 
3202 0.769385 
3203 0.750959 
3204 0.710988 
3205 0.681734 
3206 0.651894 
3207 0.617255 
3208 0.583122 
3209 0.547094 
3210 0.532687 
3211 0.518817 
3212 0.502181 
3213 0.478237 
3214 0.468182 
3215 0.45507 
3216 0.447521 
3217 0.439325 
3218 0.434058 
3219 0.428245 
3220 0.423721 
3221 0.418439 
3222 0.414901 
3223 0.411176 
3224 0.40696 
3225 0.404034 
3226 0.40006 
3227 0.397671 
3228 0.393669 
3229 0.3918 
3230 0.388225 
3231 0.386422 
3232 0.385556 
3233 0.381527 
3234 0.394883 
3235 0.994411 
3236 0.99287 
3237 0.990307 
3238 0.98754 
3239 0.984569 
3240 0.980324 
3241 0.977428 
3242 0.973751 
3243 0.971004 
3244 0.960352 
3245 0.957108 
3246 0.955163 
3247 0.950118 
3248 0.94769 
3249 0.941812 
3250 0.937186 
3251 0.933479 
3252 0.922156 
3253 0.920301 
3254 0.915766 
3255 0.907202 
3256 0.900757 
3257 0.893399 
3258 0.884051 
3259 0.877681 
3260 0.859113 
3261 0.837927 
3262 0.822854 
3263 0.810908 
3264 0.794119 
3265 0.758334 
3266 0.730348 
3267 0.6854 
3268 0.662095 
3269 0.646446 
3270 0.611738 
3271 0.581742 
3272 0.555506 
3273 0.536319 
3274 0.526343 
3275 0.505034 
3276 0.477033 
3277 0.467094 
3278 0.455892 
3279 0.446804 
3280 0.441911 
3281 0.430624 
3282 0.426065 
3283 0.420401 
3284 0.413149 
3285 0.409529 
3286 0.403036 
3287 0.401088 
3288 0.399513 
3289 0.398114 
3290 0.395205 
3291 0.39358 
3292 0.391879 
3293 0.389959 
3294 0.388256 
3295 0.38627 
3296 0.382604 
3297 0.38041 
3298 0.40491 
3299 0.997534 
3300 0.994983 
3301 0.992203 
3302 0.989417 
3303 0.985492 
3304 0.982171 
3305 0.978263 
3306 0.975347 
3307 0.967413 
3308 0.95873 
3309 0.953394 
3310 0.934002 
3311 0.925531 
3312 0.895271 
3313 0.882668 
3314 0.864965 
3315 0.844 
3316 0.810648 
3317 0.769574 
3318 0.721215 
3319 0.655842 
3320 0.574187 
3321 0.52831 
3322 0.50082 
3323 0.465054 
3324 0.452531 
3325 0.434638 
3326 0.423814 
3327 0.414114 
3328 0.406563 
3329 0.400197 
3330 0.393582 
3331 0.38933 
3332 0.386117 
3333 0.380886 
3334 0.388785 
3335 0.994132 
3336 0.991442 
3337 0.991184 
3338 0.988211 
3339 0.984895 
3340 0.981962 
3341 0.975233 
3342 0.972247 
3343 0.962048 
3344 0.937191 
3345 0.924327 
3346 0.897966 
3347 0.87175 
3348 0.827186 
3349 0.714636 
3350 0.584814 
3351 0.50073 
3352 0.455153 
3353 0.434855 
3354 0.421421 
3355 0.404561 
3356 0.395394 
3357 0.389051 
3358 0.384226 
3359 0.380992 
3360 0.379379 
3361 0.99703 
3362 0.994334 
3363 0.990704 
3364 0.987074 
3365 0.98345 
3366 0.979652 
3367 0.976133 
3368 0.972716 
3369 0.96918 
3370 0.96681 
3371 0.96427 
3372 0.95759 
3373 0.955475 
3374 0.951615 
3375 0.947916 
3376 0.9408 
3377 0.933151 
3378 0.927932 
3379 0.924686 
3380 0.920256 
3381 0.912553 
3382 0.904942 
3383 0.899651 
3384 0.897218 
3385 0.890792 
3386 0.884668 
3387 0.880373 
3388 0.872169 
3389 0.866187 
3390 0.856192 
3391 0.845502 
3392 0.833764 
3393 0.822657 
3394 0.803055 
3395 0.788443 
3396 0.771215 
3397 0.746517 
3398 0.723994 
3399 0.689187 
3400 0.660579 
3401 0.645353 
3402 0.607988 
3403 0.583561 
3404 0.569858 
3405 0.547539 
3406 0.526612 
3407 0.517774 
3408 0.499538 
3409 0.483344 
3410 0.471472 
3411 0.460166 
3412 0.453139 
3413 0.447283 
3414 0.443647 
3415 0.439069 
3416 0.436692 
3417 0.433274 
3418 0.427765 
3419 0.423982 
3420 0.419274 
3421 0.415383 
3422 0.412725 
3423 0.410239 
3424 0.408771 
3425 0.404964 
3426 0.401928 
3427 0.400442 
3428 0.396918 
3429 0.395273 
3430 0.394593 
3431 0.393664 
3432 0.391736 
3433 0.390447 
3434 0.389676 
3435 0.385213 
3436 0.38261 
3437 0.376489 
3438 0.444029 
3439 0.994796 
3440 0.992456 
3441 0.989564 
3442 0.986259 
3443 0.983039 
3444 0.979302 
3445 0.976847 
3446 0.974053 
3447 0.966068 
3448 0.962014 
3449 0.951703 
3450 0.925033 
3451 0.890996 
3452 0.846916 
3453 0.70526 
3454 0.569031 
3455 0.501484 
3456 0.452313 
3457 0.425488 
3458 0.41171 
3459 0.403281 
3460 0.393835 
3461 0.386992 
3462 0.382869 
3463 0.375565 
3464 0.386303 
3465 0.993941 
3466 0.990598 
3467 0.988316 
3468 0.985177 
3469 0.981403 
3470 0.977601 
3471 0.973836 
3472 0.970434 
3473 0.967025 
3474 0.959408 
3475 0.946632 
3476 0.943523 
3477 0.932278 
3478 0.923251 
3479 0.901931 
3480 0.879141 
3481 0.850549 
3482 0.822434 
3483 0.762321 
3484 0.701562 
3485 0.648541 
3486 0.575124 
3487 0.50862 
3488 0.46755 
3489 0.44765 
3490 0.431516 
3491 0.425226 
3492 0.415778 
3493 0.407488 
3494 0.399516 
3495 0.393795 
3496 0.38868 
3497 0.377416 
3498 0.374771 
3499 0.992714 
3500 0.9926 
3501 0.989398 
3502 0.986319 
3503 0.982228 
3504 0.975397 
3505 0.972257 
3506 0.966275 
3507 0.962668 
3508 0.959502 
3509 0.955445 
3510 0.951705 
3511 0.947733 
3512 0.944 
3513 0.941884 
3514 0.939335 
3515 0.936059 
3516 0.934237 
3517 0.930101 
3518 0.926107 
3519 0.923478 
3520 0.921798 
3521 0.919118 
3522 0.915975 
3523 0.906833 
3524 0.89575 
3525 0.889372 
3526 0.883496 
3527 0.878317 
3528 0.872021 
3529 0.860741 
3530 0.84863 
3531 0.829064 
3532 0.818277 
3533 0.810922 
3534 0.804344 
3535 0.785806 
3536 0.764956 
3537 0.742929 
3538 0.699865 
3539 0.649113 
3540 0.625095 
3541 0.583417 
3542 0.564434 
3543 0.546095 
3544 0.5391 
3545 0.51148 
3546 0.493226 
3547 0.47068 
3548 0.463428 
3549 0.453544 
3550 0.438722 
3551 0.427887 
3552 0.422932 
3553 0.41878 
3554 0.41571 
3555 0.411697 
3556 0.408507 
3557 0.406603 
3558 0.403634 
3559 0.400921 
3560 0.397714 
3561 0.396139 
3562 0.394388 
3563 0.392944 
3564 0.39034 
3565 0.386496 
3566 0.384251 
3567 0.382812 
3568 0.379729 
3569 0.377056 
3570 0.374376 
3571 0.37969 
3572 0.997205 
3573 0.994184 
3574 0.994088 
3575 0.990295 
3576 0.98697 
3577 0.984927 
3578 0.981736 
3579 0.978675 
3580 0.977349 
3581 0.973857 
3582 0.969876 
3583 0.964046 
3584 0.960128 
3585 0.954171 
3586 0.950494 
3587 0.946366 
3588 0.933472 
3589 0.929449 
3590 0.921592 
3591 0.909008 
3592 0.888472 
3593 0.873279 
3594 0.848563 
3595 0.8325 
3596 0.789055 
3597 0.753486 
3598 0.724727 
3599 0.678496 
3600 0.643753 
3601 0.619661 
3602 0.591895 
3603 0.542153 
3604 0.502339 
3605 0.489306 
3606 0.46091 
3607 0.429694 
3608 0.417209 
3609 0.410581 
3610 0.406403 
3611 0.399059 
3612 0.395673 
3613 0.392524 
3614 0.389963 
3615 0.386707 
3616 0.385229 
3617 0.38175 
3618 0.379289 
3619 0.37745 
3620 0.373181 
3621 0.597933 
3622 0.995465 
3623 0.992218 
3624 0.990518 
3625 0.989148 
3626 0.961525 
3627 0.9312 
3628 0.907415 
3629 0.780329 
3630 0.580955 
3631 0.47025 
3632 0.429783 
3633 0.403596 
3634 0.389394 
3635 0.380881 
3636 0.373347 
3637 0.37122 
3638 0.370096 
3639 0.380068 
3640 0.989217 
3641 0.891889 
3642 0.628461 
3643 0.42372 
3644 0.38437 
3645 0.373984 
3646 0.369948 
3647 0.368966 
3648 0.432355 
3649 0.99762 
3650 0.993904 
3651 0.991297 
3652 0.988556 
3653 0.984775 
3654 0.981933 
3655 0.978978 
3656 0.976648 
3657 0.972025 
3658 0.970754 
3659 0.969486 
3660 0.965985 
3661 0.962659 
3662 0.960192 
3663 0.958253 
3664 0.956384 
3665 0.95398 
3666 0.951564 
3667 0.94765 
3668 0.94447 
3669 0.942334 
3670 0.941079 
3671 0.939123 
3672 0.935293 
3673 0.933406 
3674 0.928287 
3675 0.925893 
3676 0.922632 
3677 0.917544 
3678 0.915592 
3679 0.913225 
3680 0.908888 
3681 0.905698 
3682 0.901578 
3683 0.89498 
3684 0.891364 
3685 0.888191 
3686 0.883509 
3687 0.876112 
3688 0.871603 
3689 0.865568 
3690 0.860129 
3691 0.854149 
3692 0.847658 
3693 0.841311 
3694 0.837272 
3695 0.830021 
3696 0.82337 
3697 0.813175 
3698 0.806497 
3699 0.802892 
3700 0.790407 
3701 0.787809 
3702 0.778718 
3703 0.77226 
3704 0.764309 
3705 0.75371 
3706 0.734935 
3707 0.728404 
3708 0.716789 
3709 0.704719 
3710 0.697991 
3711 0.690925 
3712 0.683883 
3713 0.661893 
3714 0.656929 
3715 0.653075 
3716 0.645574 
3717 0.633998 
3718 0.629361 
3719 0.623937 
3720 0.615312 
3721 0.604337 
3722 0.595003 
3723 0.582574 
3724 0.566008 
3725 0.550611 
3726 0.539224 
3727 0.531825 
3728 0.523687 
3729 0.517748 
3730 0.509412 
3731 0.507415 
3732 0.50356 
3733 0.495944 
3734 0.491842 
3735 0.487764 
3736 0.484734 
3737 0.481565 
3738 0.480085 
3739 0.474325 
3740 0.470585 
3741 0.468195 
3742 0.464793 
3743 0.462654 
3744 0.459979 
3745 0.457568 
3746 0.454496 
3747 0.452247 
3748 0.443479 
3749 0.437706 
3750 0.434329 
3751 0.431172 
3752 0.429236 
3753 0.425678 
3754 0.4233 
3755 0.419907 
3756 0.415078 
3757 0.412913 
3758 0.407689 
3759 0.393443 
3760 0.383815 
3761 0.371092 
3762 0.383815 
3763 0.996601 
3764 0.993612 
3765 0.993529 
3766 0.990652 
3767 0.987749 
3768 0.984692 
3769 0.983465 
3770 0.980207 
3771 0.976491 
3772 0.971679 
3773 0.97008 
3774 0.965974 
3775 0.962512 
3776 0.96032 
3777 0.954963 
3778 0.951396 
3779 0.941673 
3780 0.934061 
3781 0.930615 
3782 0.923465 
3783 0.915554 
3784 0.911698 
3785 0.905887 
3786 0.89264 
3787 0.883415 
3788 0.863438 
3789 0.857258 
3790 0.844652 
3791 0.832966 
3792 0.824748 
3793 0.808625 
3794 0.79205 
3795 0.771424 
3796 0.750047 
3797 0.71386 
3798 0.679226 
3799 0.657961 
3800 0.629828 
3801 0.605727 
3802 0.572879 
3803 0.549355 
3804 0.543706 
3805 0.530471 
3806 0.517008 
3807 0.495211 
3808 0.469964 
3809 0.45598 
3810 0.446506 
3811 0.439417 
3812 0.435521 
3813 0.430652 
3814 0.425445 
3815 0.420988 
3816 0.416921 
3817 0.411589 
3818 0.406581 
3819 0.404753 
3820 0.402331 
3821 0.393583 
3822 0.389343 
3823 0.386068 
3824 0.382135 
3825 0.377754 
3826 0.374629 
3827 0.371665 
3828 0.367211 
3829 0.509761 
3830 0.996178 
3831 0.995026 
3832 0.992253 
3833 0.989214 
3834 0.987013 
3835 0.983143 
3836 0.976965 
3837 0.973846 
3838 0.9666 
3839 0.960437 
3840 0.955715 
3841 0.946409 
3842 0.940959 
3843 0.933746 
3844 0.92418 
3845 0.916457 
3846 0.898419 
3847 0.890548 
3848 0.87954 
3849 0.872217 
3850 0.859138 
3851 0.837808 
3852 0.818016 
3853 0.801028 
3854 0.776855 
3855 0.763619 
3856 0.744846 
3857 0.713342 
3858 0.679631 
3859 0.64504 
3860 0.619398 
3861 0.595996 
3862 0.577385 
3863 0.563538 
3864 0.534759 
3865 0.503862 
3866 0.489195 
3867 0.474311 
3868 0.464568 
3869 0.45339 
3870 0.446655 
3871 0.439379 
3872 0.429806 
3873 0.420702 
3874 0.413025 
3875 0.405243 
3876 0.386959 
3877 0.373454 
3878 0.368989 
3879 0.421853 
3880 0.996898 
3881 0.995642 
3882 0.993428 
3883 0.991332 
3884 0.988097 
3885 0.985199 
3886 0.981644 
3887 0.974644 
3888 0.94769 
3889 0.91475 
3890 0.849131 
3891 0.705225 
3892 0.530652 
3893 0.449719 
3894 0.425344 
3895 0.408205 
3896 0.389729 
3897 0.380439 
3898 0.375769 
3899 0.367019 
3900 0.368301 
3901 0.993344 
3902 0.989995 
3903 0.989883 
3904 0.981976 
3905 0.974473 
3906 0.934471 
3907 0.864144 
3908 0.699497 
3909 0.549268 
3910 0.460279 
3911 0.415126 
3912 0.393935 
3913 0.382494 
3914 0.376118 
3915 0.371186 
3916 0.368662 
3917 0.365414 
3918 0.363786 
3919 0.557133 
3920 0.97972 
3921 0.992744 
3922 0.992564 
3923 0.989087 
3924 0.989015 
3925 0.985333 
3926 0.98181 
3927 0.978174 
3928 0.975081 
3929 0.970817 
3930 0.964268 
3931 0.953289 
3932 0.949553 
3933 0.946351 
3934 0.942823 
3935 0.934135 
3936 0.927791 
3937 0.918461 
3938 0.913221 
3939 0.908797 
3940 0.900864 
3941 0.879371 
3942 0.869944 
3943 0.865284 
3944 0.852038 
3945 0.839916 
3946 0.820911 
3947 0.807718 
3948 0.793696 
3949 0.771924 
3950 0.757418 
3951 0.734333 
3952 0.702787 
3953 0.668887 
3954 0.641372 
3955 0.618904 
3956 0.582098 
3957 0.561481 
3958 0.552556 
3959 0.539098 
3960 0.52252 
3961 0.501753 
3962 0.47567 
3963 0.458776 
3964 0.444187 
3965 0.438764 
3966 0.431986 
3967 0.427272 
3968 0.422968 
3969 0.417596 
3970 0.41252 
3971 0.407156 
3972 0.401906 
3973 0.397164 
3974 0.391079 
3975 0.388198 
3976 0.385221 
3977 0.379213 
3978 0.375881 
3979 0.372255 
3980 0.363355 
3981 0.384542 
3982 0.995355 
3983 0.995305 
3984 0.988887 
3985 0.985657 
3986 0.982099 
3987 0.979028 
3988 0.971615 
3989 0.968325 
3990 0.961167 
3991 0.958832 
3992 0.955049 
3993 0.947351 
3994 0.938691 
3995 0.921464 
3996 0.910347 
3997 0.899363 
3998 0.885542 
3999 0.876488 
4000 0.860726 
4001 0.847097 
4002 0.82376 
4003 0.795098 
4004 0.757781 
4005 0.678128 
4006 0.619359 
4007 0.57278 
4008 0.521108 
4009 0.497629 
4010 0.473081 
4011 0.455534 
4012 0.445176 
4013 0.427541 
4014 0.410485 
4015 0.405117 
4016 0.400142 
4017 0.393509 
4018 0.386669 
4019 0.380989 
4020 0.375963 
4021 0.373193 
4022 0.371127 
4023 0.366112 
4024 0.362529 
4025 0.360323 
4026 0.993269 
4027 0.988744 
4028 0.9826 
4029 0.97932 
4030 0.975745 
4031 0.972317 
4032 0.964972 
4033 0.96122 
4034 0.953087 
4035 0.940834 
4036 0.930999 
4037 0.925906 
4038 0.913028 
4039 0.909404 
4040 0.8991 
4041 0.86522 
4042 0.846426 
4043 0.818864 
4044 0.788136 
4045 0.749507 
4046 0.696451 
4047 0.630146 
4048 0.573033 
4049 0.518267 
4050 0.492683 
4051 0.450306 
4052 0.428608 
4053 0.414207 
4054 0.399026 
4055 0.391852 
4056 0.386509 
4057 0.381183 
4058 0.379103 
4059 0.375802 
4060 0.373751 
4061 0.370988 
4062 0.368604 
4063 0.366816 
4064 0.36604 
4065 0.364981 
4066 0.361629 
4067 0.360262 
4068 0.371782 
4069 0.99341 
4070 0.9907 
4071 0.984493 
4072 0.965766 
4073 0.946759 
4074 0.919901 
4075 0.831127 
4076 0.664356 
4077 0.485596 
4078 0.414717 
4079 0.391231 
4080 0.381181 
4081 0.371994 
4082 0.367529 
4083 0.364742 
4084 0.362172 
4085 0.358698 
4086 0.550518 
4087 0.994371 
4088 0.982831 
4089 0.965582 
4090 0.874218 
4091 0.724463 
4092 0.49878 
4093 0.397115 
4094 0.371514 
4095 0.363643 
4096 0.357721 
4097 0.355554 
4098 0.359501 
4099 0.995201 
4100 0.991094 
4101 0.987617 
4102 0.983663 
4103 0.9413 
4104 0.895582 
4105 0.830114 
4106 0.71541 
4107 0.616797 
4108 0.50986 
4109 0.460582 
4110 0.419084 
4111 0.388342 
4112 0.37853 
4113 0.369464 
4114 0.364582 
4115 0.360632 
4116 0.358126 
4117 0.355557 
4118 0.354471 
4119 0.994141 
4120 0.865028 
4121 0.366347 
4122 0.356867 
4123 0.354414 
4124 0.355244 
4125 0.994998 
4126 0.986378 
4127 0.720116 
4128 0.397663 
4129 0.364148 
4130 0.35723 
4131 0.354552 
4132 0.353151 
4133 0.360464 
4134 0.990962 
4135 0.987809 
4136 0.982266 
4137 0.975281 
4138 0.964118 
4139 0.942644 
4140 0.92774 
4141 0.902882 
4142 0.863489 
4143 0.83098 
4144 0.780313 
4145 0.74686 
4146 0.695275 
4147 0.645716 
4148 0.609257 
4149 0.570644 
4150 0.502267 
4151 0.47435 
4152 0.419858 
4153 0.401908 
4154 0.391179 
4155 0.38112 
4156 0.372828 
4157 0.368547 
4158 0.365716 
4159 0.361923 
4160 0.358234 
4161 0.356773 
4162 0.354159 
4163 0.352964 
4164 0.35193 
4165 0.417863 
4166 0.98513 
4167 0.948637 
4168 0.842517 
4169 0.680069 
4170 0.483228 
4171 0.387413 
4172 0.366343 
4173 0.354975 
4174 0.350983 
4175 0.490363 
4176 0.996516 
4177 0.991636 
4178 0.986711 
4179 0.978379 
4180 0.972743 
4181 0.966198 
4182 0.958203 
4183 0.941279 
4184 0.92139 
4185 0.898304 
4186 0.85991 
4187 0.80792 
4188 0.7251 
4189 0.645698 
4190 0.554017 
4191 0.500416 
4192 0.481263 
4193 0.442358 
4194 0.414399 
4195 0.393391 
4196 0.369002 
4197 0.358796 
4198 0.353021 
4199 0.348407 
4200 0.389048 
4201 0.995037 
4202 0.992934 
4203 0.99063 
4204 0.988401 
4205 0.985318 
4206 0.982842 
4207 0.979442 
4208 0.976092 
4209 0.974013 
4210 0.970603 
4211 0.965413 
4212 0.960125 
4213 0.956526 
4214 0.952417 
4215 0.949253 
4216 0.944359 
4217 0.937945 
4218 0.926216 
4219 0.921997 
4220 0.918197 
4221 0.911449 
4222 0.901923 
4223 0.882417 
4224 0.856753 
4225 0.836443 
4226 0.806347 
4227 0.786015 
4228 0.764226 
4229 0.736468 
4230 0.707937 
4231 0.683421 
4232 0.644887 
4233 0.618274 
4234 0.590926 
4235 0.5448 
4236 0.527801 
4237 0.503661 
4238 0.483237 
4239 0.466662 
4240 0.454189 
4241 0.448475 
4242 0.440013 
4243 0.429307 
4244 0.419748 
4245 0.411576 
4246 0.402954 
4247 0.397568 
4248 0.39247 
4249 0.385851 
4250 0.379603 
4251 0.374541 
4252 0.368989 
4253 0.365432 
4254 0.360371 
4255 0.356633 
4256 0.354544 
4257 0.352684 
4258 0.346803 
4259 0.347263 
4260 0.995637 
4261 0.979304 
4262 0.965637 
4263 0.944519 
4264 0.927873 
4265 0.906107 
4266 0.837666 
4267 0.734464 
4268 0.570946 
4269 0.435624 
4270 0.387095 
4271 0.369813 
4272 0.362853 
4273 0.358676 
4274 0.354182 
4275 0.350428 
4276 0.346255 
4277 0.345228 
4278 0.352282 
4279 0.992085 
4280 0.988733 
4281 0.985517 
4282 0.982338 
4283 0.979007 
4284 0.975001 
4285 0.971606 
4286 0.968911 
4287 0.965347 
4288 0.956762 
4289 0.951398 
4290 0.944898 
4291 0.930567 
4292 0.925461 
4293 0.909418 
4294 0.884781 
4295 0.840702 
4296 0.817639 
4297 0.783762 
4298 0.749137 
4299 0.70705 
4300 0.688351 
4301 0.623354 
4302 0.555319 
4303 0.503111 
4304 0.47243 
4305 0.44544 
4306 0.428797 
4307 0.41324 
4308 0.40128 
4309 0.389652 
4310 0.381859 
4311 0.374576 
4312 0.369629 
4313 0.365434 
4314 0.360824 
4315 0.358533 
4316 0.353488 
4317 0.350031 
4318 0.347154 
4319 0.346107 
4320 0.997666 
4321 0.994447 
4322 0.991788 
4323 0.988534 
4324 0.985877 
4325 0.982974 
4326 0.97954 
4327 0.976258 
4328 0.972873 
4329 0.965449 
4330 0.954981 
4331 0.937196 
4332 0.912104 
4333 0.891464 
4334 0.769924 
4335 0.649711 
4336 0.471573 
4337 0.425278 
4338 0.392046 
4339 0.368904 
4340 0.360949 
4341 0.356417 
4342 0.352219 
4343 0.347907 
4344 0.345363 
4345 0.343792 
4346 0.349114 
4347 0.994497 
4348 0.990962 
4349 0.987978 
4350 0.979756 
4351 0.976856 
4352 0.973467 
4353 0.970502 
4354 0.965687 
4355 0.960309 
4356 0.958383 
4357 0.95534 
4358 0.951663 
4359 0.93794 
4360 0.922586 
4361 0.891797 
4362 0.855328 
4363 0.79374 
4364 0.735857 
4365 0.696041 
4366 0.63063 
4367 0.558167 
4368 0.510099 
4369 0.457849 
4370 0.423362 
4371 0.402857 
4372 0.389862 
4373 0.384448 
4374 0.376924 
4375 0.37122 
4376 0.367946 
4377 0.362283 
4378 0.359144 
4379 0.355359 
4380 0.353379 
4381 0.351047 
4382 0.346065 
4383 0.342963 
4384 0.342008 
4385 0.497696 
4386 0.996412 
4387 0.9949 
4388 0.990091 
4389 0.97914 
4390 0.96856 
4391 0.935562 
4392 0.813887 
4393 0.676028 
4394 0.460351 
4395 0.39781 
4396 0.367842 
4397 0.355648 
4398 0.350735 
4399 0.343376 
4400 0.339352 
4401 0.358073 
4402 0.995472 
4403 0.992804 
4404 0.990377 
4405 0.986944 
4406 0.985301 
4407 0.98223 
4408 0.97873 
4409 0.974719 
4410 0.970972 
4411 0.967578 
4412 0.964715 
4413 0.963105 
4414 0.95338 
4415 0.949236 
4416 0.94515 
4417 0.932865 
4418 0.92852 
4419 0.924495 
4420 0.909897 
4421 0.903932 
4422 0.890595 
4423 0.877722 
4424 0.862263 
4425 0.847332 
4426 0.820727 
4427 0.79589 
4428 0.781897 
4429 0.757382 
4430 0.732476 
4431 0.722593 
4432 0.700152 
4433 0.67745 
4434 0.665827 
4435 0.645251 
4436 0.616701 
4437 0.594108 
4438 0.573409 
4439 0.560755 
4440 0.544545 
4441 0.536405 
4442 0.517033 
4443 0.492772 
4444 0.479567 
4445 0.461318 
4446 0.449009 
4447 0.436717 
4448 0.425024 
4449 0.412866 
4450 0.408465 
4451 0.402117 
4452 0.394965 
4453 0.38817 
4454 0.384195 
4455 0.37763 
4456 0.373698 
4457 0.370444 
4458 0.367924 
4459 0.365409 
4460 0.362709 
4461 0.358838 
4462 0.356374 
4463 0.354257 
4464 0.352698 
4465 0.350319 
4466 0.34673 
4467 0.344419 
4468 0.34081 
4469 0.357353 
4470 0.995519 
4471 0.992711 
4472 0.989589 
4473 0.986492 
4474 0.982744 
4475 0.976241 
4476 0.968974 
4477 0.961092 
4478 0.95857 
4479 0.950807 
4480 0.939662 
4481 0.93014 
4482 0.912458 
4483 0.899289 
4484 0.885929 
4485 0.870577 
4486 0.843831 
4487 0.787857 
4488 0.725255 
4489 0.683794 
4490 0.615334 
4491 0.535215 
4492 0.498511 
4493 0.469096 
4494 0.430848 
4495 0.419384 
4496 0.407798 
4497 0.392769 
4498 0.384542 
4499 0.377336 
4500 0.372067 
4501 0.366069 
4502 0.361674 
4503 0.358022 
4504 0.353323 
4505 0.347474 
4506 0.344752 
4507 0.341127 
4508 0.337592 
4509 0.339544 
4510 0.335977 
4511 0.404264 
4512 0.996608 
4513 0.995666 
4514 0.98935 
4515 0.982973 
4516 0.974581 
4517 0.969311 
4518 0.96351 
4519 0.955186 
4520 0.919227 
4521 0.873928 
4522 0.799051 
4523 0.710049 
4524 0.622966 
4525 0.498958 
4526 0.437987 
4527 0.407644 
4528 0.392767 
4529 0.385014 
4530 0.374719 
4531 0.359121 
4532 0.348712 
4533 0.338646 
4534 0.337688 
4535 0.349058 
4536 0.33224 
4537 0.993365 
4538 0.988566 
4539 0.982971 
4540 0.977628 
4541 0.971185 
4542 0.960642 
4543 0.953718 
4544 0.938931 
4545 0.912006 
4546 0.846828 
4547 0.743265 
4548 0.639312 
4549 0.54305 
4550 0.427316 
4551 0.368443 
4552 0.35056 
4553 0.339975 
4554 0.336324 
4555 0.333946 
4556 0.421419 
4557 0.996425 
4558 0.994346 
4559 0.991427 
4560 0.988274 
4561 0.986489 
4562 0.984152 
4563 0.981476 
4564 0.978389 
4565 0.975817 
4566 0.973493 
4567 0.970892 
4568 0.964616 
4569 0.961991 
4570 0.958444 
4571 0.95122 
4572 0.942415 
4573 0.937471 
4574 0.930872 
4575 0.92219 
4576 0.909089 
4577 0.902383 
4578 0.89379 
4579 0.876313 
4580 0.863556 
4581 0.847128 
4582 0.827518 
4583 0.813977 
4584 0.792008 
4585 0.771303 
4586 0.744517 
4587 0.717831 
4588 0.679135 
4589 0.633229 
4590 0.592335 
4591 0.537436 
4592 0.510011 
4593 0.490392 
4594 0.474044 
4595 0.456707 
4596 0.447377 
4597 0.434551 
4598 0.422909 
4599 0.411584 
4600 0.403868 
4601 0.395541 
4602 0.385999 
4603 0.375688 
4604 0.369489 
4605 0.362578 
4606 0.356454 
4607 0.350929 
4608 0.346943 
4609 0.341726 
4610 0.337864 
4611 0.332502 
4612 0.339953 
4613 0.995069 
4614 0.992549 
4615 0.990478 
4616 0.988865 
4617 0.987328 
4618 0.984454 
4619 0.980981 
4620 0.979009 
4621 0.976793 
4622 0.974866 
4623 0.972022 
4624 0.968971 
4625 0.966434 
4626 0.959176 
4627 0.955808 
4628 0.949635 
4629 0.947624 
4630 0.940935 
4631 0.937839 
4632 0.934006 
4633 0.927199 
4634 0.923446 
4635 0.917174 
4636 0.913743 
4637 0.910191 
4638 0.902444 
4639 0.89812 
4640 0.893218 
4641 0.884521 
4642 0.87591 
4643 0.86864 
4644 0.863206 
4645 0.855845 
4646 0.845585 
4647 0.83688 
4648 0.831249 
4649 0.824898 
4650 0.816486 
4651 0.800095 
4652 0.794129 
4653 0.787671 
4654 0.780692 
4655 0.771927 
4656 0.766988 
4657 0.761497 
4658 0.758828 
4659 0.737756 
4660 0.732708 
4661 0.722775 
4662 0.716339 
4663 0.693478 
4664 0.680867 
4665 0.666983 
4666 0.641788 
4667 0.626362 
4668 0.607869 
4669 0.597045 
4670 0.574383 
4671 0.564615 
4672 0.554322 
4673 0.541145 
4674 0.52649 
4675 0.508343 
4676 0.488764 
4677 0.472996 
4678 0.461336 
4679 0.45343 
4680 0.448508 
4681 0.439002 
4682 0.43267 
4683 0.42786 
4684 0.420191 
4685 0.413259 
4686 0.407629 
4687 0.402813 
4688 0.400506 
4689 0.396084 
4690 0.393933 
4691 0.39196 
4692 0.386289 
4693 0.383912 
4694 0.380701 
4695 0.378594 
4696 0.375342 
4697 0.373709 
4698 0.372292 
4699 0.370192 
4700 0.366656 
4701 0.364592 
4702 0.362382 
4703 0.360375 
4704 0.358812 
4705 0.358216 
4706 0.356231 
4707 0.355021 
4708 0.354241 
4709 0.353519 
4710 0.352758 
4711 0.351593 
4712 0.350334 
4713 0.348866 
4714 0.345017 
4715 0.342768 
4716 0.340815 
4717 0.338545 
4718 0.337257 
4719 0.331781 
4720 0.337304 
4721 0.995074 
4722 0.992283 
4723 0.988918 
4724 0.987519 
4725 0.984827 
4726 0.981894 
4727 0.97896 
4728 0.975348 
4729 0.971422 
4730 0.966065 
4731 0.964085 
4732 0.960388 
4733 0.95448 
4734 0.951413 
4735 0.941455 
4736 0.93623 
4737 0.924491 
4738 0.917752 
4739 0.911436 
4740 0.901385 
4741 0.89829 
4742 0.896246 
4743 0.879495 
4744 0.859404 
4745 0.831033 
4746 0.803116 
4747 0.785675 
4748 0.755705 
4749 0.722973 
4750 0.697541 
4751 0.679782 
4752 0.64606 
4753 0.605133 
4754 0.576934 
4755 0.536166 
4756 0.492803 
4757 0.458182 
4758 0.44109 
4759 0.415684 
4760 0.406098 
4761 0.398295 
4762 0.39015 
4763 0.384678 
4764 0.381182 
4765 0.374147 
4766 0.371025 
4767 0.366492 
4768 0.362798 
4769 0.360396 
4770 0.357814 
4771 0.355484 
4772 0.353103 
4773 0.350527 
4774 0.3483 
4775 0.346395 
4776 0.343212 
4777 0.341542 
4778 0.339927 
4779 0.336472 
4780 0.335063 
4781 0.332856 
4782 0.331891 
4783 0.328532 
4784 0.558389 
4785 0.997067 
4786 0.994627 
4787 0.99075 
4788 0.983732 
4789 0.972003 
4790 0.955947 
4791 0.941658 
4792 0.909095 
4793 0.886782 
4794 0.850246 
4795 0.807473 
4796 0.748927 
4797 0.693587 
4798 0.629506 
4799 0.527973 
4800 0.475111 
4801 0.436327 
4802 0.398653 
4803 0.377097 
4804 0.361428 
4805 0.351137 
4806 0.342007 
4807 0.337539 
4808 0.331505 
4809 0.325458 
4810 0.324167 
4811 0.989135 
4812 0.983777 
4813 0.977987 
4814 0.962659 
4815 0.918095 
4816 0.855843 
4817 0.695809 
4818 0.567104 
4819 0.431674 
4820 0.369353 
4821 0.348134 
4822 0.338444 
4823 0.33287 
4824 0.329343 
4825 0.326167 
4826 0.324859 
4827 0.322965 
4828 0.480123 
4829 0.988937 
4830 0.958436 
4831 0.880514 
4832 0.761312 
4833 0.578552 
4834 0.394419 
4835 0.343627 
4836 0.331648 
4837 0.321185 
4838 0.317667 
4839 0.412517 
4840 0.996788 
4841 0.99459 
4842 0.989925 
4843 0.97944 
4844 0.976277 
4845 0.956863 
4846 0.931636 
4847 0.908714 
4848 0.877515 
4849 0.801646 
4850 0.724083 
4851 0.586445 
4852 0.490395 
4853 0.441163 
4854 0.399107 
4855 0.379673 
4856 0.358484 
4857 0.335956 
4858 0.321478 
4859 0.314874 
4860 0.34517 
4861 0.995822 
4862 0.99215 
4863 0.989152 
4864 0.980413 
4865 0.976894 
4866 0.964199 
4867 0.95637 
4868 0.947402 
4869 0.939032 
4870 0.925777 
4871 0.916474 
4872 0.900333 
4873 0.896008 
4874 0.887212 
4875 0.873457 
4876 0.865799 
4877 0.854608 
4878 0.84275 
4879 0.828763 
4880 0.805003 
4881 0.788617 
4882 0.77064 
4883 0.738523 
4884 0.724792 
4885 0.705922 
4886 0.681929 
4887 0.661869 
4888 0.633848 
4889 0.591165 
4890 0.571254 
4891 0.541576 
4892 0.518227 
4893 0.484149 
4894 0.462343 
4895 0.444004 
4896 0.437089 
4897 0.419761 
4898 0.404485 
4899 0.396927 
4900 0.389456 
4901 0.381806 
4902 0.374748 
4903 0.371095 
4904 0.368319 
4905 0.36459 
4906 0.359338 
4907 0.355257 
4908 0.351652 
4909 0.348685 
4910 0.345973 
4911 0.342759 
4912 0.340421 
4913 0.337704 
4914 0.334982 
4915 0.332608 
4916 0.330007 
4917 0.32773 
4918 0.32181 
4919 0.312063 
4920 0.380741 
4921 0.994972 
4922 0.992895 
4923 0.986592 
4924 0.983772 
4925 0.978552 
4926 0.975599 
4927 0.970572 
4928 0.967257 
4929 0.963854 
4930 0.954718 
4931 0.945153 
4932 0.92608 
4933 0.911681 
4934 0.900174 
4935 0.893191 
4936 0.879535 
4937 0.858917 
4938 0.840458 
4939 0.820237 
4940 0.795553 
4941 0.768851 
4942 0.737673 
4943 0.694112 
4944 0.648692 
4945 0.6192 
4946 0.572147 
4947 0.548391 
4948 0.515749 
4949 0.464678 
4950 0.443462 
4951 0.425627 
4952 0.397448 
4953 0.389643 
4954 0.375598 
4955 0.365384 
4956 0.359823 
4957 0.353838 
4958 0.349704 
4959 0.342754 
4960 0.334388 
4961 0.329886 
4962 0.32638 
4963 0.322201 
4964 0.318656 
4965 0.315642 
4966 0.313676 
4967 0.311085 
4968 0.308362 
4969 0.307406 
4970 0.521648 
4971 0.996852 
4972 0.990743 
4973 0.988294 
4974 0.986751 
4975 0.978699 
4976 0.972348 
4977 0.96392 
4978 0.953447 
4979 0.946734 
4980 0.939065 
4981 0.924453 
4982 0.909261 
4983 0.892007 
4984 0.8783 
4985 0.860725 
4986 0.843304 
4987 0.830846 
4988 0.788271 
4989 0.752675 
4990 0.699923 
4991 0.648688 
4992 0.597973 
4993 0.555196 
4994 0.502869 
4995 0.478775 
4996 0.452048 
4997 0.421459 
4998 0.402346 
4999 0.384121 
5000 0.366299 
5001 0.350944 
5002 0.324661 
5003 0.30899 
5004 0.315419 
5005 0.313289 
5006 0.309564 
5007 0.993955 
5008 0.9913 
5009 0.991244 
5010 0.988607 
5011 0.9871 
5012 0.98446 
5013 0.980612 
5014 0.978033 
5015 0.97378 
5016 0.9673 
5017 0.962154 
5018 0.95816 
5019 0.954267 
5020 0.941361 
5021 0.935117 
5022 0.9194 
5023 0.911282 
5024 0.892338 
5025 0.876111 
5026 0.848999 
5027 0.831122 
5028 0.820383 
5029 0.799393 
5030 0.763871 
5031 0.7372 
5032 0.694386 
5033 0.655002 
5034 0.610049 
5035 0.55534 
5036 0.521952 
5037 0.491761 
5038 0.445081 
5039 0.411326 
5040 0.389491 
5041 0.370781 
5042 0.355986 
5043 0.346256 
5044 0.336543 
5045 0.329496 
5046 0.323822 
5047 0.319418 
5048 0.316169 
5049 0.3137 
5050 0.311434 
5051 0.309813 
5052 0.308086 
5053 0.305622 
5054 0.304035 
5055 0.302628 
5056 0.301189 
5057 0.380294 
5058 0.998769 
5059 0.992627 
5060 0.99027 
5061 0.986553 
5062 0.979262 
5063 0.975396 
5064 0.972201 
5065 0.965504 
5066 0.955196 
5067 0.951574 
5068 0.948019 
5069 0.94109 
5070 0.937631 
5071 0.930029 
5072 0.91639 
5073 0.906677 
5074 0.902306 
5075 0.888269 
5076 0.874279 
5077 0.86071 
5078 0.844036 
5079 0.827569 
5080 0.817904 
5081 0.798508 
5082 0.784051 
5083 0.763193 
5084 0.756346 
5085 0.739531 
5086 0.723498 
5087 0.703166 
5088 0.68626 
5089 0.654949 
5090 0.632444 
5091 0.617684 
5092 0.589614 
5093 0.568985 
5094 0.548135 
5095 0.520876 
5096 0.50116 
5097 0.473102 
5098 0.462672 
5099 0.435875 
5100 0.419443 
5101 0.405593 
5102 0.39591 
5103 0.38616 
5104 0.378531 
5105 0.372993 
5106 0.367887 
5107 0.362099 
5108 0.358725 
5109 0.353052 
5110 0.345755 
5111 0.340773 
5112 0.3369 
5113 0.33146 
5114 0.328302 
5115 0.324338 
5116 0.322489 
5117 0.318732 
5118 0.31699 
5119 0.312213 
5120 0.299014 
5121 0.319906 
5122 0.996871 
5123 0.994105 
5124 0.98969 
5125 0.974626 
5126 0.840272 
5127 0.585169 
5128 0.357354 
5129 0.325161 
5130 0.308386 
5131 0.299882 
5132 0.296457 
5133 0.29549 
5134 0.347566 
5135 0.994308 
5136 0.991231 
5137 0.987561 
5138 0.984192 
5139 0.980939 
5140 0.978949 
5141 0.976009 
5142 0.973543 
5143 0.971496 
5144 0.967858 
5145 0.960911 
5146 0.95773 
5147 0.950934 
5148 0.944092 
5149 0.940128 
5150 0.938728 
5151 0.936132 
5152 0.928145 
5153 0.920891 
5154 0.91874 
5155 0.91057 
5156 0.906188 
5157 0.90015 
5158 0.893108 
5159 0.879126 
5160 0.872126 
5161 0.863983 
5162 0.858782 
5163 0.85183 
5164 0.844318 
5165 0.840612 
5166 0.831682 
5167 0.822909 
5168 0.81699 
5169 0.808813 
5170 0.804741 
5171 0.793642 
5172 0.785201 
5173 0.775069 
5174 0.752825 
5175 0.743313 
5176 0.731376 
5177 0.719723 
5178 0.699701 
5179 0.683883 
5180 0.67419 
5181 0.664489 
5182 0.652897 
5183 0.645647 
5184 0.633331 
5185 0.613462 
5186 0.595726 
5187 0.581062 
5188 0.563886 
5189 0.54376 
5190 0.532252 
5191 0.51837 
5192 0.503745 
5193 0.476327 
5194 0.456451 
5195 0.435394 
5196 0.418134 
5197 0.409974 
5198 0.40193 
5199 0.390157 
5200 0.381503 
5201 0.372259 
5202 0.362547 
5203 0.358383 
5204 0.350586 
5205 0.347188 
5206 0.342402 
5207 0.340195 
5208 0.337285 
5209 0.334761 
5210 0.332047 
5211 0.329365 
5212 0.326021 
5213 0.323478 
5214 0.321085 
5215 0.318327 
5216 0.315014 
5217 0.312889 
5218 0.309609 
5219 0.305272 
5220 0.301494 
5221 0.299057 
5222 0.297276 
5223 0.296273 
5224 0.293755 
5225 0.290301 
5226 0.294219 
5227 0.994693 
5228 0.991941 
5229 0.990155 
5230 0.987076 
5231 0.984623 
5232 0.977236 
5233 0.968151 
5234 0.946819 
5235 0.926518 
5236 0.862981 
5237 0.794735 
5238 0.734164 
5239 0.631574 
5240 0.467336 
5241 0.377765 
5242 0.345103 
5243 0.324357 
5244 0.312111 
5245 0.307221 
5246 0.303018 
5247 0.297821 
5248 0.29337 
5249 0.291478 
5250 0.290099 
5251 0.287934 
5252 0.287003 
5253 0.307236 
5254 0.99432 
5255 0.990059 
5256 0.977176 
5257 0.970418 
5258 0.962664 
5259 0.868965 
5260 0.785016 
5261 0.65966 
5262 0.384172 
5263 0.339985 
5264 0.307412 
5265 0.297426 
5266 0.289849 
5267 0.286781 
5268 0.286824 
5269 0.997032 
5270 0.994337 
5271 0.990863 
5272 0.988602 
5273 0.986824 
5274 0.983504 
5275 0.980131 
5276 0.971788 
5277 0.954075 
5278 0.922009 
5279 0.85266 
5280 0.781595 
5281 0.679378 
5282 0.543747 
5283 0.44712 
5284 0.388417 
5285 0.357711 
5286 0.337366 
5287 0.319216 
5288 0.307939 
5289 0.301222 
5290 0.297727 
5291 0.292369 
5292 0.289152 
5293 0.287501 
5294 0.286034 
5295 0.283455 
5296 0.403366 
5297 0.996799 
5298 0.99153 
5299 0.988283 
5300 0.986654 
5301 0.983403 
5302 0.981607 
5303 0.976233 
5304 0.975135 
5305 0.968871 
5306 0.96369 
5307 0.960918 
5308 0.952446 
5309 0.942535 
5310 0.934912 
5311 0.923342 
5312 0.911054 
5313 0.892241 
5314 0.86543 
5315 0.849111 
5316 0.817154 
5317 0.789849 
5318 0.761046 
5319 0.738155 
5320 0.709398 
5321 0.679945 
5322 0.655538 
5323 0.605951 
5324 0.533546 
5325 0.497224 
5326 0.46308 
5327 0.424238 
5328 0.395287 
5329 0.379515 
5330 0.366649 
5331 0.346509 
5332 0.332098 
5333 0.324875 
5334 0.314585 
5335 0.307809 
5336 0.297063 
5337 0.294233 
5338 0.289527 
5339 0.286501 
5340 0.284354 
5341 0.279972 
5342 0.277379 
5343 0.411166 
5344 0.996402 
5345 0.993391 
5346 0.988278 
5347 0.986758 
5348 0.985236 
5349 0.98297 
5350 0.980605 
5351 0.975634 
5352 0.973187 
5353 0.970396 
5354 0.967938 
5355 0.966292 
5356 0.962228 
5357 0.954703 
5358 0.95195 
5359 0.946459 
5360 0.933725 
5361 0.92574 
5362 0.919035 
5363 0.916776 
5364 0.898927 
5365 0.874474 
5366 0.850955 
5367 0.83045 
5368 0.803156 
5369 0.763349 
5370 0.730229 
5371 0.700926 
5372 0.656669 
5373 0.620862 
5374 0.572977 
5375 0.511553 
5376 0.470182 
5377 0.449386 
5378 0.424005 
5379 0.40817 
5380 0.398846 
5381 0.388074 
5382 0.376536 
5383 0.365406 
5384 0.354473 
5385 0.344525 
5386 0.335348 
5387 0.327199 
5388 0.320564 
5389 0.307584 
5390 0.299468 
5391 0.292674 
5392 0.285321 
5393 0.278746 
5394 0.273864 
5395 0.302346 
5396 0.994726 
5397 0.991821 
5398 0.987938 
5399 0.985691 
5400 0.983941 
5401 0.981591 
5402 0.973417 
5403 0.968035 
5404 0.965038 
5405 0.94622 
5406 0.935236 
5407 0.926743 
5408 0.909825 
5409 0.899642 
5410 0.875789 
5411 0.852685 
5412 0.827532 
5413 0.795193 
5414 0.772335 
5415 0.746716 
5416 0.713419 
5417 0.676233 
5418 0.605716 
5419 0.536124 
5420 0.485665 
5421 0.431613 
5422 0.405332 
5423 0.387137 
5424 0.361572 
5425 0.344657 
5426 0.332386 
5427 0.323274 
5428 0.316997 
5429 0.31079 
5430 0.306041 
5431 0.303112 
5432 0.297601 
5433 0.295576 
5434 0.29234 
5435 0.289662 
5436 0.28765 
5437 0.285473 
5438 0.28378 
5439 0.278173 
5440 0.275905 
5441 0.278831 
5442 0.274845 
5443 0.295164 
5444 0.274486 
5445 0.324812 
5446 0.995808 
5447 0.994493 
5448 0.991841 
5449 0.986207 
5450 0.976576 
5451 0.968626 
5452 0.967233 
5453 0.962789 
5454 0.954724 
5455 0.946349 
5456 0.938076 
5457 0.92958 
5458 0.916323 
5459 0.902626 
5460 0.893369 
5461 0.868711 
5462 0.838891 
5463 0.803635 
5464 0.756424 
5465 0.732758 
5466 0.701185 
5467 0.671069 
5468 0.64636 
5469 0.609891 
5470 0.547163 
5471 0.486215 
5472 0.422481 
5473 0.390155 
5474 0.363328 
5475 0.349235 
5476 0.337925 
5477 0.329403 
5478 0.319831 
5479 0.313027 
5480 0.308218 
5481 0.302849 
5482 0.294842 
5483 0.288689 
5484 0.278911 
5485 0.275308 
5486 0.271607 
5487 0.285705 
5488 0.270791 
5489 0.271569 
5490 0.374313 
5491 0.986569 
5492 0.976307 
5493 0.95257 
5494 0.894784 
5495 0.831894 
5496 0.75153 
5497 0.589776 
5498 0.401592 
5499 0.36454 
5500 0.343268 
5501 0.320542 
5502 0.279869 
5503 0.267315 
5504 0.509118 
5505 0.989568 
5506 0.969899 
5507 0.947757 
5508 0.898478 
5509 0.788053 
5510 0.669095 
5511 0.490076 
5512 0.440775 
5513 0.408371 
5514 0.354235 
5515 0.310964 
5516 0.267628 
5517 0.262391 
5518 0.356106 
5519 0.99738 
5520 0.995366 
5521 0.992736 
5522 0.990144 
5523 0.987511 
5524 0.985007 
5525 0.981412 
5526 0.97831 
5527 0.975224 
5528 0.972121 
5529 0.968921 
5530 0.966598 
5531 0.964343 
5532 0.961169 
5533 0.958715 
5534 0.956804 
5535 0.95144 
5536 0.939961 
5537 0.927734 
5538 0.919168 
5539 0.907012 
5540 0.883907 
5541 0.852911 
5542 0.83209 
5543 0.777128 
5544 0.720196 
5545 0.673022 
5546 0.608 
5547 0.549481 
5548 0.479984 
5549 0.430468 
5550 0.404448 
5551 0.381228 
5552 0.364387 
5553 0.344517 
5554 0.329441 
5555 0.315996 
5556 0.303076 
5557 0.292751 
5558 0.284146 
5559 0.27398 
5560 0.269326 
5561 0.265257 
5562 0.260264 
5563 0.257071 
5564 0.415266 
5565 0.997263 
5566 0.994131 
5567 0.993225 
5568 0.989881 
5569 0.987406 
5570 0.983847 
5571 0.98068 
5572 0.978271 
5573 0.976957 
5574 0.973266 
5575 0.957688 
5576 0.931983 
5577 0.89763 
5578 0.836855 
5579 0.758611 
5580 0.645531 
5581 0.483091 
5582 0.41978 
5583 0.379545 
5584 0.34409 
5585 0.307894 
5586 0.282119 
5587 0.263189 
5588 0.256372 
5589 0.253575 
5590 0.280743 
5591 0.998112 
5592 0.996207 
5593 0.992926 
5594 0.989475 
5595 0.987235 
5596 0.983984 
5597 0.981379 
5598 0.97589 
5599 0.972874 
5600 0.970078 
5601 0.968572 
5602 0.966807 
5603 0.96363 
5604 0.961285 
5605 0.959395 
5606 0.957676 
5607 0.954928 
5608 0.951389 
5609 0.949303 
5610 0.946615 
5611 0.940802 
5612 0.93811 
5613 0.93434 
5614 0.920191 
5615 0.914622 
5616 0.908949 
5617 0.889575 
5618 0.880374 
5619 0.875398 
5620 0.871554 
5621 0.858246 
5622 0.853825 
5623 0.847116 
5624 0.843143 
5625 0.835466 
5626 0.823928 
5627 0.816234 
5628 0.80637 
5629 0.797237 
5630 0.787364 
5631 0.78093 
5632 0.763811 
5633 0.74711 
5634 0.733081 
5635 0.710161 
5636 0.681933 
5637 0.667954 
5638 0.6405 
5639 0.612152 
5640 0.58817 
5641 0.561164 
5642 0.528845 
5643 0.499011 
5644 0.469689 
5645 0.452587 
5646 0.437015 
5647 0.416761 
5648 0.402463 
5649 0.395933 
5650 0.385498 
5651 0.380057 
5652 0.37374 
5653 0.36383 
5654 0.358476 
5655 0.352629 
5656 0.346519 
5657 0.337816 
5658 0.331038 
5659 0.327631 
5660 0.319952 
5661 0.312267 
5662 0.305235 
5663 0.298688 
5664 0.294925 
5665 0.292733 
5666 0.289516 
5667 0.28762 
5668 0.284264 
5669 0.2819 
5670 0.280279 
5671 0.272966 
5672 0.271934 
5673 0.269927 
5674 0.268668 
5675 0.266617 
5676 0.264056 
5677 0.261819 
5678 0.259911 
5679 0.259022 
5680 0.257776 
5681 0.256668 
5682 0.256049 
5683 0.253302 
5684 0.251664 
5685 0.252804 
5686 0.24963 
5687 0.479432 
5688 0.995941 
5689 0.9933 
5690 0.990632 
5691 0.988508 
5692 0.983508 
5693 0.972537 
5694 0.97015 
5695 0.954295 
5696 0.943664 
5697 0.931631 
5698 0.91791 
5699 0.901 
5700 0.874753 
5701 0.842658 
5702 0.792109 
5703 0.72975 
5704 0.681811 
5705 0.586326 
5706 0.50927 
5707 0.449696 
5708 0.412478 
5709 0.362282 
5710 0.331044 
5711 0.309432 
5712 0.288918 
5713 0.273244 
5714 0.25663 
5715 0.248593 
5716 0.245696 
5717 0.242597 
5718 0.287935 
5719 0.996103 
5720 0.993715 
5721 0.991791 
5722 0.989628 
5723 0.98777 
5724 0.985391 
5725 0.982654 
5726 0.980512 
5727 0.977243 
5728 0.969913 
5729 0.966744 
5730 0.960286 
5731 0.948442 
5732 0.942437 
5733 0.921838 
5734 0.900086 
5735 0.875768 
5736 0.852273 
5737 0.840103 
5738 0.821205 
5739 0.806499 
5740 0.781683 
5741 0.75939 
5742 0.7332 
5743 0.699735 
5744 0.656121 
5745 0.622059 
5746 0.586242 
5747 0.548772 
5748 0.516831 
5749 0.477753 
5750 0.446511 
5751 0.418669 
5752 0.394924 
5753 0.374563 
5754 0.357719 
5755 0.341904 
5756 0.331861 
5757 0.321819 
5758 0.31134 
5759 0.300054 
5760 0.290778 
5761 0.282213 
5762 0.277906 
5763 0.273164 
5764 0.270359 
5765 0.264034 
5766 0.260082 
5767 0.256538 
5768 0.25298 
5769 0.251536 
5770 0.248881 
5771 0.246345 
5772 0.243337 
5773 0.242197 
5774 0.251951 
5775 0.246875 
5776 0.253899 
5777 0.249333 
5778 0.988214 
5779 0.968828 
5780 0.905632 
5781 0.722056 
5782 0.523714 
5783 0.322054 
5784 0.263333 
5785 0.249831 
5786 0.242706 
5787 0.238549 
5788 0.398949 
5789 0.997842 
5790 0.9798 
5791 0.934773 
5792 0.746132 
5793 0.515124 
5794 0.394203 
5795 0.343672 
5796 0.279456 
5797 0.244533 
5798 0.238361 
5799 0.296841 
5800 0.248114 
5801 0.243575 
5802 0.996175 
5803 0.994823 
5804 0.992657 
5805 0.991329 
5806 0.988732 
5807 0.985236 
5808 0.981576 
5809 0.976428 
5810 0.967476 
5811 0.960483 
5812 0.935034 
5813 0.915511 
5814 0.894147 
5815 0.851083 
5816 0.815679 
5817 0.780608 
5818 0.700703 
5819 0.665589 
5820 0.595029 
5821 0.530861 
5822 0.4861 
5823 0.421218 
5824 0.368686 
5825 0.333127 
5826 0.304151 
5827 0.276748 
5828 0.266598 
5829 0.255455 
5830 0.249546 
5831 0.245945 
5832 0.242568 
5833 0.239374 
5834 0.237988 
5835 0.235879 
5836 0.234215 
5837 0.375019 
5838 0.997925 
5839 0.994947 
5840 0.993663 
5841 0.9921 
5842 0.990638 
5843 0.989089 
5844 0.985804 
5845 0.980211 
5846 0.969676 
5847 0.959155 
5848 0.94535 
5849 0.936044 
5850 0.914475 
5851 0.897238 
5852 0.869934 
5853 0.843841 
5854 0.813819 
5855 0.784676 
5856 0.764968 
5857 0.727264 
5858 0.662783 
5859 0.595854 
5860 0.533871 
5861 0.473963 
5862 0.437503 
5863 0.400969 
5864 0.368761 
5865 0.339537 
5866 0.326315 
5867 0.311363 
5868 0.301861 
5869 0.282968 
5870 0.265892 
5871 0.255612 
5872 0.248854 
5873 0.242221 
5874 0.238367 
5875 0.236156 
5876 0.233519 
5877 0.232551 
5878 0.231498 
5879 0.230736 
5880 0.37419 
5881 0.996748 
5882 0.99376 
5883 0.991848 
5884 0.989173 
5885 0.986585 
5886 0.983503 
5887 0.980603 
5888 0.977351 
5889 0.97387 
5890 0.972105 
5891 0.969237 
5892 0.965882 
5893 0.961111 
5894 0.959542 
5895 0.956828 
5896 0.94973 
5897 0.938662 
5898 0.923071 
5899 0.915055 
5900 0.902276 
5901 0.888138 
5902 0.872648 
5903 0.845827 
5904 0.826853 
5905 0.807697 
5906 0.753259 
5907 0.725565 
5908 0.68066 
5909 0.628365 
5910 0.558911 
5911 0.47458 
5912 0.419538 
5913 0.372521 
5914 0.338633 
5915 0.317018 
5916 0.29879 
5917 0.280356 
5918 0.26942 
5919 0.260736 
5920 0.253863 
5921 0.244245 
5922 0.241218 
5923 0.235407 
5924 0.231416 
5925 0.228145 
5926 0.226696 
5927 0.225704 
5928 0.224471 
5929 0.250814 
5930 0.995781 
5931 0.9863 
5932 0.977294 
5933 0.944546 
5934 0.87123 
5935 0.816132 
5936 0.582451 
5937 0.322478 
5938 0.251219 
5939 0.234083 
5940 0.226479 
5941 0.222496 
5942 0.221201 
5943 0.231424 
5944 0.994477 
5945 0.992781 
5946 0.989516 
5947 0.987991 
5948 0.985183 
5949 0.9832 
5950 0.980023 
5951 0.97431 
5952 0.965235 
5953 0.959109 
5954 0.955714 
5955 0.942295 
5956 0.934739 
5957 0.916533 
5958 0.898653 
5959 0.878726 
5960 0.87408 
5961 0.847428 
5962 0.80448 
5963 0.757514 
5964 0.707663 
5965 0.649123 
5966 0.59163 
5967 0.554825 
5968 0.494313 
5969 0.442282 
5970 0.386674 
5971 0.359758 
5972 0.33084 
5973 0.293802 
5974 0.277907 
5975 0.269072 
5976 0.257431 
5977 0.251542 
5978 0.244264 
5979 0.240051 
5980 0.235398 
5981 0.231152 
5982 0.229211 
5983 0.225729 
5984 0.223569 
5985 0.222072 
5986 0.22086 
5987 0.218406 
5988 0.219921 
5989 0.216411 
5990 0.223578 
5991 0.215622 
5992 0.215921 
5993 0.229979 
5994 0.217798 
5995 0.235179 
5996 0.212703 
5997 0.283045 
5998 0.251064 
5999 0.99608 
6000 0.991115 
6001 0.987888 
6002 0.982641 
6003 0.980316 
6004 0.968492 
6005 0.959484 
6006 0.951444 
6007 0.943965 
6008 0.939113 
6009 0.931127 
6010 0.907937 
6011 0.880072 
6012 0.861514 
6013 0.825254 
6014 0.802178 
6015 0.763921 
6016 0.730189 
6017 0.696198 
6018 0.643213 
6019 0.560788 
6020 0.489552 
6021 0.423383 
6022 0.391355 
6023 0.341386 
6024 0.313775 
6025 0.288024 
6026 0.272993 
6027 0.259096 
6028 0.250376 
6029 0.243027 
6030 0.234877 
6031 0.228964 
6032 0.224704 
6033 0.216786 
6034 0.212569 
6035 0.210545 
6036 0.275189 
6037 0.995042 
6038 0.992468 
6039 0.991446 
6040 0.989467 
6041 0.988106 
6042 0.987074 
6043 0.984934 
6044 0.982266 
6045 0.979471 
6046 0.977563 
6047 0.975079 
6048 0.973449 
6049 0.967618 
6050 0.959823 
6051 0.953651 
6052 0.951134 
6053 0.946631 
6054 0.940167 
6055 0.923157 
6056 0.910313 
6057 0.891929 
6058 0.87601 
6059 0.863001 
6060 0.846243 
6061 0.83327 
6062 0.809311 
6063 0.784128 
6064 0.766402 
6065 0.726847 
6066 0.686397 
6067 0.631775 
6068 0.567496 
6069 0.519658 
6070 0.473824 
6071 0.442822 
6072 0.413001 
6073 0.390981 
6074 0.372473 
6075 0.353006 
6076 0.341785 
6077 0.319523 
6078 0.299647 
6079 0.289377 
6080 0.28087 
6081 0.273545 
6082 0.266686 
6083 0.260525 
6084 0.255324 
6085 0.2507 
6086 0.247591 
6087 0.241948 
6088 0.235383 
6089 0.230903 
6090 0.227637 
6091 0.222635 
6092 0.220502 
6093 0.2188 
6094 0.215702 
6095 0.213069 
6096 0.210973 
6097 0.20822 
6098 0.206971 
6099 0.206086 
6100 0.489122 
6101 0.996506 
6102 0.990202 
6103 0.972643 
6104 0.946563 
6105 0.873893 
6106 0.672237 
6107 0.415806 
6108 0.307351 
6109 0.226018 
6110 0.2039 
6111 0.215271 
6112 0.198668 
6113 0.317069 
6114 0.995348 
6115 0.986634 
6116 0.973171 
6117 0.943382 
6118 0.878516 
6119 0.807484 
6120 0.685066 
6121 0.573778 
6122 0.455394 
6123 0.389397 
6124 0.333351 
6125 0.297746 
6126 0.267058 
6127 0.239136 
6128 0.207514 
6129 0.196144 
6130 0.205587 
6131 0.213103 
6132 0.192749 
6133 0.265523 
6134 0.994865 
6135 0.992698 
6136 0.99034 
6137 0.988961 
6138 0.98689 
6139 0.985002 
6140 0.98051 
6141 0.966964 
6142 0.936915 
6143 0.893062 
6144 0.832306 
6145 0.762817 
6146 0.640918 
6147 0.451469 
6148 0.34633 
6149 0.29995 
6150 0.261624 
6151 0.244312 
6152 0.22973 
6153 0.215173 
6154 0.20172 
6155 0.192943 
6156 0.202846 
6157 0.226192 
6158 0.19404 
6159 0.230015 
6160 0.189613 
6161 0.277537 
6162 0.998853 
6163 0.997847 
6164 0.993959 
6165 0.990955 
6166 0.980909 
6167 0.967588 
6168 0.962839 
6169 0.940361 
6170 0.924683 
6171 0.898736 
6172 0.860517 
6173 0.802335 
6174 0.761548 
6175 0.682213 
6176 0.581572 
6177 0.493493 
6178 0.405306 
6179 0.346556 
6180 0.295795 
6181 0.265669 
6182 0.253623 
6183 0.238783 
6184 0.224777 
6185 0.206396 
6186 0.194305 
6187 0.186917 
6188 0.259192 
6189 0.995574 
6190 0.994113 
6191 0.992222 
6192 0.988968 
6193 0.986894 
6194 0.985599 
6195 0.982817 
6196 0.981695 
6197 0.979103 
6198 0.976801 
6199 0.974833 
6200 0.97372 
6201 0.971189 
6202 0.967912 
6203 0.966686 
6204 0.964444 
6205 0.962264 
6206 0.960512 
6207 0.949237 
6208 0.936116 
6209 0.922261 
6210 0.903913 
6211 0.895416 
6212 0.880513 
6213 0.857585 
6214 0.841457 
6215 0.823315 
6216 0.80897 
6217 0.792062 
6218 0.772223 
6219 0.725291 
6220 0.688139 
6221 0.652047 
6222 0.609534 
6223 0.555032 
6224 0.489417 
6225 0.455422 
6226 0.420959 
6227 0.391238 
6228 0.362743 
6229 0.336126 
6230 0.31906 
6231 0.293423 
6232 0.282402 
6233 0.27232 
6234 0.264148 
6235 0.258722 
6236 0.250659 
6237 0.247041 
6238 0.241363 
6239 0.235296 
6240 0.230777 
6241 0.226809 
6242 0.219029 
6243 0.212521 
6244 0.208607 
6245 0.203329 
6246 0.199632 
6247 0.19749 
6248 0.195331 
6249 0.192046 
6250 0.188583 
6251 0.1854 
6252 0.184635 
6253 0.202456 
6254 0.187608 
6255 0.209714 
6256 0.182025 
6257 0.251129 
6258 0.198137 
6259 0.186429 
6260 0.219683 
6261 0.178288 
6262 0.99853 
6263 0.996559 
6264 0.994498 
6265 0.992444 
6266 0.988553 
6267 0.986535 
6268 0.981898 
6269 0.978743 
6270 0.973494 
6271 0.971167 
6272 0.9683 
6273 0.964241 
6274 0.957265 
6275 0.94859 
6276 0.935517 
6277 0.904356 
6278 0.870813 
6279 0.822203 
6280 0.766195 
6281 0.676285 
6282 0.5849 
6283 0.498716 
6284 0.406228 
6285 0.286925 
6286 0.237657 
6287 0.203814 
6288 0.193567 
6289 0.185633 
6290 0.182724 
6291 0.180145 
6292 0.178456 
6293 0.177436 
6294 0.177646 
6295 0.175771 
6296 0.265512 
6297 0.997797 
6298 0.976943 
6299 0.911938 
6300 0.457117 
6301 0.253747 
6302 0.20955 
6303 0.176984 
6304 0.18325 
6305 0.170923 
6306 0.251041 
6307 0.997064 
6308 0.994152 
6309 0.992333 
6310 0.990552 
6311 0.988411 
6312 0.987207 
6313 0.985241 
6314 0.98235 
6315 0.978791 
6316 0.96961 
6317 0.961302 
6318 0.945354 
6319 0.928076 
6320 0.913096 
6321 0.881235 
6322 0.833834 
6323 0.805178 
6324 0.767372 
6325 0.69887 
6326 0.629137 
6327 0.568323 
6328 0.495796 
6329 0.403319 
6330 0.353502 
6331 0.308358 
6332 0.266798 
6333 0.247863 
6334 0.233608 
6335 0.217957 
6336 0.200153 
6337 0.187344 
6338 0.180081 
6339 0.17509 
6340 0.172483 
6341 0.166651 
6342 0.16558 
6343 0.169417 
6344 0.163254 
6345 0.169928 
6346 0.165877 
6347 0.241257 
6348 0.193955 
6349 0.173083 
6350 0.159269 
6351 0.187704 
6352 0.157335 
6353 0.998426 
6354 0.988042 
6355 0.974313 
6356 0.957402 
6357 0.934098 
6358 0.894105 
6359 0.824992 
6360 0.746012 
6361 0.590586 
6362 0.350589 
6363 0.251867 
6364 0.189548 
6365 0.167943 
6366 0.160432 
6367 0.158195 
6368 0.156902 
6369 0.156179 
6370 0.215027 
6371 0.998506 
6372 0.996967 
6373 0.995128 
6374 0.992389 
6375 0.989662 
6376 0.981746 
6377 0.972724 
6378 0.962373 
6379 0.921832 
6380 0.879398 
6381 0.616083 
6382 0.346819 
6383 0.220077 
6384 0.18448 
6385 0.163353 
6386 0.1529 
6387 0.150242 
6388 0.148409 
6389 0.147572 
6390 0.14687 
6391 0.148333 
6392 0.169477 
6393 0.145909 
6394 0.166367 
6395 0.143677 
6396 0.161872 
6397 0.141496 
6398 0.194374 
6399 0.998309 
6400 0.996809 
6401 0.994494 
6402 0.99313 
6403 0.946996 
6404 0.83006 
6405 0.57846 
6406 0.302071 
6407 0.216028 
6408 0.172586 
6409 0.150899 
6410 0.140194 
6411 0.152732 
6412 0.13927 
6413 0.144264 
6414 0.136328 
6415 0.204632 
6416 0.174974 
6417 0.151487 
6418 0.134689 
6419 0.181357 
6420 0.996896 
6421 0.962783 
6422 0.795932 
6423 0.290527 
6424 0.174906 
6425 0.146718 
6426 0.133418 
6427 0.150127 
6428 0.13339 
6429 0.143083 
6430 0.12899 
6431 0.143893 
6432 0.127088 
6433 0.175729 
6434 0.139547 
6435 0.124216 
6436 0.160803 
6437 0.135903 
6438 0.121857 
6439 0.189666 
6440 0.997311 
6441 0.995585 
6442 0.993326 
6443 0.991561 
6444 0.98736 
6445 0.979085 
6446 0.976106 
6447 0.971656 
6448 0.969769 
6449 0.967013 
6450 0.95748 
6451 0.954232 
6452 0.947941 
6453 0.940649 
6454 0.923015 
6455 0.909922 
6456 0.898326 
6457 0.884854 
6458 0.869407 
6459 0.840355 
6460 0.824935 
6461 0.810397 
6462 0.787935 
6463 0.771594 
6464 0.747239 
6465 0.705197 
6466 0.660848 
6467 0.588821 
6468 0.533825 
6469 0.475342 
6470 0.439275 
6471 0.395206 
6472 0.34436 
6473 0.291635 
6474 0.257963 
6475 0.23579 
6476 0.214098 
6477 0.193919 
6478 0.183393 
6479 0.170577 
6480 0.164388 
6481 0.158685 
6482 0.151937 
6483 0.144793 
6484 0.139332 
6485 0.133078 
6486 0.128402 
6487 0.122556 
6488 0.120839 
6489 0.119361 
6490 0.118529 
6491 0.169417 
6492 0.128294 
6493 0.116087 
6494 0.145244 
6495 0.114858 
6496 0.190766 
6497 0.150795 
6498 0.123099 
6499 0.113192 
6500 0.17501 
6501 0.140861 
6502 0.116933 
6503 0.112037 
6504 0.150528 
6505 0.109755 
6506 0.178161 
6507 0.997374 
6508 0.993494 
6509 0.988026 
6510 0.983654 
6511 0.980613 
6512 0.970273 
6513 0.959854 
6514 0.947209 
6515 0.92017 
6516 0.908135 
6517 0.88422 
6518 0.862289 
6519 0.847867 
6520 0.828738 
6521 0.797367 
6522 0.775757 
6523 0.754776 
6524 0.719471 
6525 0.666548 
6526 0.537593 
6527 0.409753 
6528 0.348165 
6529 0.281878 
6530 0.222354 
6531 0.176723 
6532 0.163079 
6533 0.154268 
6534 0.141971 
6535 0.131795 
6536 0.117821 
6537 0.112461 
6538 0.108072 
6539 0.106969 
6540 0.106654 
6541 0.120456 
6542 0.104841 
6543 0.163625 
6544 0.140768 
6545 0.122081 
6546 0.108278 
6547 0.102278 
6548 0.153423 
6549 0.136661 
6550 0.122129 
6551 0.109353 
6552 0.0996521 
6553 0.116806 
6554 0.0988349 
6555 0.144682 
6556 0.107783 
6557 0.0983255 
6558 0.188817 
6559 0.15105 
6560 0.122657 
6561 0.103365 
6562 0.0940506 
6563 0.156143 
6564 0.120294 
6565 0.0975185 
6566 0.10004 
6567 0.0909462 
6568 0.983546 
6569 0.960992 
6570 0.911591 
6571 0.859796 
6572 0.795459 
6573 0.657971 
6574 0.415036 
6575 0.202406 
6576 0.111276 
6577 0.0981509 
6578 0.0921678 
6579 0.0907679 
6580 0.0900514 
6581 0.0888006 
6582 0.0915403 
6583 0.0898194 
6584 0.0880171 
6585 0.0880406 
6586 0.092464 
6587 0.0870688 
6588 0.0875838 
6589 0.0854356 
6590 0.103598 
6591 0.0958391 
6592 0.0889861 
6593 0.0839412 
6594 0.140795 
6595 0.123227 
6596 0.107593 
6597 0.0931039 
6598 0.0825424 
6599 0.0980987 
6600 0.0834453 
6601 0.0882148 
6602 0.0796415 
6603 0.102363 
6604 0.0807957 
6605 0.0958889 
6606 0.0884992 
6607 0.0830136 
6608 0.0790062 
6609 0.0765567 
6610 0.0796192 
6611 0.076522 
6612 0.0751154 
6613 0.168914 
6614 0.119185 
6615 0.996786 
6616 0.993402 
6617 0.985526 
6618 0.981026 
6619 0.975149 
6620 0.960718 
6621 0.944511 
6622 0.932147 
6623 0.909498 
6624 0.856908 
6625 0.810504 
6626 0.717871 
6627 0.603974 
6628 0.465654 
6629 0.371233 
6630 0.288856 
6631 0.227039 
6632 0.16659 
6633 0.136587 
6634 0.117016 
6635 0.102031 
6636 0.0858587 
6637 0.0773709 
6638 0.0744404 
6639 0.0722201 
6640 0.0725561 
6641 0.0726863 
6642 0.0707636 
6643 0.0879881 
6644 0.079925 
6645 0.0735291 
6646 0.0696348 
6647 0.0751628 
6648 0.0709434 
6649 0.0684493 
6650 0.0719296 
6651 0.0660411 
6652 0.0700169 
6653 0.0945577 
6654 0.0654059 
6655 0.0783918 
6656 0.0644564 
6657 0.0808088 
6658 0.0711112 
6659 0.0641036 
6660 0.0732994 
6661 0.0644479 
6662 0.0873733 
6663 0.0650368 
6664 0.0657064 
6665 0.0650086 
6666 0.0610888 
6667 0.0814029 
6668 0.0739853 
6669 0.0679827 
6670 0.0632201 
6671 0.0599727 
6672 0.0689492 
6673 0.0646544 
6674 0.0611581 
6675 0.0589659 
6676 0.103835 
6677 0.0837572 
6678 0.0720146 
6679 0.0621029 
6680 0.0574557 
6681 0.0612519 
6682 0.0562853 
6683 0.0741298 
6684 0.0657967 
6685 0.058702 
6686 0.0550587 
6687 0.111992 
6688 0.0956681 
6689 0.0817695 
6690 0.0700796 
6691 0.0606105 
6692 0.0541167 
6693 0.0685668 
6694 0.0573803 
6695 0.0527278 
6696 0.207381 
6697 0.174191 
6698 0.149552 
6699 0.128628 
6700 0.108885 
6701 0.0942548 
6702 0.0808793 
6703 0.0709796 
6704 0.0616714 
6705 0.0525429 
6706 0.122941 
6707 0.0743608 
6708 0.0515434 
6709 0.0497266 
