2.2044545004003373 0.0060889886658238856 -0.012863678004812574
2.1992101976017193 0.12772667196183923 0.03543394781548901
2.1898917499654038 0.24918355564545258 0.085844380974244905
2.1734883654644079 0.36920932433127351 0.13836769302998042
2.1491807223915731 0.48685640545505715 0.19360215211511533
2.1162340183555335 0.60119294729268202 0.25166091012149572
2.0734245788703434 0.71100081673538595 0.31227280563011617
2.0200971660105576 0.81520809382695991 0.37456571146854489
1.9557266669832363 0.91274425297125206 0.43740232197022078
1.879943799476252 1.0024104853277631 0.49946313042838059
1.7927293198148584 1.0830158112065233 0.55923295561765185
1.6943556516191958 1.1532712959921489 0.61507014593281295
1.5854927696351253 1.2117921041526114 0.66511601895709593
1.4676635677802867 1.2578986674290926 0.70778509733374306
1.3425341849528436 1.2909388306205098 0.74153025479097612
1.2121052444283695 1.3107187136724809 0.76485527010470189
1.0785580319776313 1.317196899997735 0.77619175141855701
0.94443064704329238 1.3108992179271222 0.77400116692037901
0.81237011278297933 1.2932621346256408 0.75713020196303249
0.68495035329607046 1.2666418624202647 0.72444017619947376
0.56439533335630421 1.2344355758114369 0.67546984750110195
0.4525663304412455 1.2012514962644762 0.61008332115796526
0.34977385850297321 1.1721915186678804 0.53010289774354558
0.25577232283306595 1.1518468423945154 0.43747499084613056
0.17068517783412029 1.1455025315114922 0.33399951473058026
0.098590966098646843 1.1619387963100487 0.22412431409631905
0.025826646054775373 1.1756135011761346 0.11694167710804915
-0.050371071351827487 1.1780655297582467 0.010576708081599318
-0.12695255020155433 1.1687471858673151 -0.096808199099486528
-0.19796914767660601 1.1459765567483124 -0.20591966664065525
-0.26626104581200133 1.1225284175377677 -0.31355483740400658
-0.3461983725878871 1.116665186833329 -0.41406487664091346
-0.43636210266317532 1.1236623174709943 -0.50551649771737128
-0.53503245325278503 1.138654344460007 -0.58529534235738878
-0.64140104921777719 1.1573418869580734 -0.65121156690202597
-0.75422062674293677 1.1753743368988092 -0.70249932929279191
-0.87201221733584933 1.1890989964761207 -0.7393586906470061
-0.99310657409469261 1.195929785241254 -0.76241641220799683
-1.1157270856128623 1.1939734444379062 -0.77257797726666144
-1.2381473233860703 1.1819289789226088 -0.77066354257455194
-1.3585813283698318 1.1593441852079611 -0.75781766591938937
-1.4752647812676836 1.1261152319633081 -0.73506462763305724
-1.5865841736390234 1.0822205475978006 -0.70337949429622004
-1.6909008628326077 1.0275497376721854 -0.66355022906668282
-1.7866808178812541 0.96243288227805213 -0.61659765240351971
-1.8727346689798605 0.88765111936915875 -0.56393473202598943
-1.948318780837345 0.80428306608429023 -0.50706095669285867
-2.0128499703572431 0.71326318391437193 -0.44741643280280036
-2.0661954207515136 0.61559989072047161 -0.38642821366556274
-2.1083906442385394 0.51209078325558566 -0.32551845445952043
-2.1400806593487851 0.4035678056697713 -0.26597045255059176
-2.1621124425785712 0.29077331621225067 -0.20881459294831062
-2.1755624952329584 0.17454048091536065 -0.15450553286945112
-2.1815180548956632 0.055657153078224997 -0.10309629359795439
-2.1806066322377586 -0.065186325575093462 -0.054118965012165822
-2.1734286445020881 -0.1871969487465473 -0.0065537903999157345
-2.1602655498878307 -0.30941708474031027 0.041068724743932673
-2.1413049866907392 -0.43102984772059572 0.089998722804045542
-2.1159425563312393 -0.55098840733752386 0.14153038213587027
-2.0834261757210113 -0.66816730031623583 0.19647170814767692
-2.0425837038958461 -0.78134304899684082 0.25510076291637174
-1.9922680014403076 -0.88930637565137283 0.3170614255066101
-1.9315917722168483 -0.9911224554880369 0.38151206236459306
-1.8594320815133141 -1.0855055777544633 0.44729254917211847
-1.775410932026614 -1.1715186762128971 0.51312227414008915
-1.6785344803748135 -1.2472562806938046 0.57699899208076444
-1.5690430660546222 -1.3108544807908185 0.6366991024074603
-1.4480092018956079 -1.3609525212551943 0.69001781604784096
-1.3171253658826005 -1.3965218885623372 0.73489045799846697
-1.1784133168362358 -1.416877512860562 0.76928776405640231
-1.0345879687628541 -1.4211966915131435 0.79060391619679782
-0.88905248884614074 -1.409918138400895 0.79698796562504615
-0.74520794060992457 -1.3844707921073456 0.78671473656320845
-0.60671576779950531 -1.3473271440379286 0.7584403496887403
-0.47717214209286318 -1.3027859967204587 0.71116084640917954
-0.3584975848806361 -1.2566421679158453 0.64575843718022308
-0.25053582650350892 -1.2147047626105485 0.56409391108935325
-0.15126144088942139 -1.1814390584829626 0.46829056002669395
-0.062517104060368436 -1.16641157151369 0.35923664210463591
0.0090444356050504021 -1.1785319867270621 0.24796461759945251
0.078274830998296172 -1.1894584816339182 0.14082937656905242
0.15316545390487896 -1.1893338995991127 0.03196718334497263
0.23007567711688381 -1.1768043311082379 -0.080101172721777802
0.29354278564583053 -1.1448907012564524 -0.19079123115712168
0.35339333810391993 -1.1146797972035536 -0.29496619488280534
0.42460106044234963 -1.0991342697016566 -0.39526807095871974
0.50670644011338328 -1.0968863885876847 -0.48909721578697657
0.5974676806123157 -1.1037382010711034 -0.57318021076160486
0.69616386883830728 -1.115961039605549 -0.6452394794988241
0.80198386015978318 -1.1296621150605484 -0.70416589435719001
0.9141029845953047 -1.1411968632182883 -0.74956233811704198
1.0312344784315879 -1.1478171550960297 -0.7816009205724771
1.1520896862418557 -1.1466786324533411 -0.80002907974148108
1.2747788268586604 -1.1362282264139474 -0.8055523207603239
1.3971474172931186 -1.115593287381885 -0.79895457149717719
1.5171752206694111 -1.0842355091574978 -0.78097972802913262
1.6327905662501727 -1.0418252648458266 -0.75233255353996986
1.7415028737705047 -0.9876254566892253 -0.71361748683800119
1.8411108316238753 -0.92202423145542367 -0.66617959923350045
1.930241615375266 -0.84637771832514797 -0.61187641261741166
2.0076903034083435 -0.76166620250072192 -0.55249183379056288
2.0729353132551327 -0.66922670102717763 -0.48979014222150491
2.1254649988653789 -0.56994208631277121 -0.42561680120794182
2.1657996590469222 -0.46484662841935775 -0.36172531617782183
2.1951777418639109 -0.35498208831357936 -0.29945532277358744
2.2144096060293772 -0.2408479010308629 -0.23993873218039041
2.2249409177804589 -0.12321519772453776 -0.18353693040717906
2.2892923080069951 -0.011403978415845423 -0.088787018433593212
2.2643440724568369 0.13607553918623227 -0.034222939571647119
2.1858128954858316 0.24417143684038078 -0.03079039785928351
2.106075685141251 0.35016953025686365 -0.029084607769436777
2.0264253123020546 0.45621662611598801 -0.0273784067418439
1.9468736386709173 0.56231941863650015 -0.025671810002447309
1.8674324674312859 0.66848456901282249 -0.023964832847358127
1.7881135379952366 0.77471870245098207 -0.022257490636429025
1.7089285207775613 0.88102840521933712 -0.020549798786820402
1.6298890119980334 0.98742022171521049 -0.018841772766561946
1.5510065285138042 1.0939006515485254 -0.017133428088112024
1.4722925026838691 1.2004761466435332 -0.015424780301917351
1.3937582772675128 1.307153108359733 -0.013715844989974911
1.3154151003586652 1.4139378846330422 -0.012006637759398938
1.2372741203580546 1.5208367671383025 -0.010297174235995023
1.1593463809850486 1.6278559884741881 -0.0085874700578435527
1.0816428163310576 1.7350017193715541 -0.0068775408688952211
1.0540920334846662 1.8632213857631899 -0.046676978727947981
0.96978494522117442 1.9752761281876448 -0.036853429371959422
0.85797129515698767 2.0293430088393363 0.012535824627746059
0.74356994113669506 2.0741084825528606 0.064788452063144167
0.62741731152005187 2.1125082367657853 0.11950644561993262
0.51019408918014697 2.143276528190778 0.17758044070716295
0.392552460134722 2.1644364893195558 0.23934949436907837
0.27508340040072293 2.1745688429070795 0.30429810188890077
0.15820071111774325 2.1724347429700464 0.37144925396577483
0.042537015625151983 2.156781854612539 0.43962787479848264
-0.071156724702406735 2.1263773176207375 0.50720790054294473
-0.18175381677871993 2.08015974544678 0.57224361055688533
-0.2878077213597377 2.0177702007754497 0.63260850429831683
-0.38785929097225313 1.9396501721651163 0.68622005975838196
-0.48028859523199618 1.8467332424020964 0.73109273703807209
-0.56364636987018657 1.7405698985360971 0.76526625620682531
-0.6363979688866318 1.6231408134774696 0.78656543449657612
-0.6976970757369787 1.4972995572071486 0.79343295235544897
-0.74713451129757835 1.3661801831324569 0.78432509100481462
-0.78527376979950525 1.2334810326960211 0.7578569181157333
-0.81354336298024943 1.103704694774398 0.7125973700516014
-0.83551436281939861 0.98129927969786979 0.64905673677753406
-0.85599594747106944 0.8694855245165779 0.56873808928041003
-0.87973192448535609 0.77032578020933296 0.47369120648830404
-0.91235199016760393 0.68688126100476521 0.36545479601249325
-0.9595044757783503 0.63052067292808012 0.25200565145404696
-1.0056948527227272 0.57830389477016797 0.14408284513014336
-1.0448143969834849 0.51807463185802782 0.037017044993367089
-1.0748832044871461 0.45082920482419947 -0.071812015902266949
-1.0904086220383467 0.38094266201194349 -0.18305797668875151
-1.1008166001887372 0.31331276016248033 -0.29343421248259061
-1.1322228917009691 0.24449302038369447 -0.39711076579056537
-1.1815897517945717 0.17360112186384086 -0.4917077933032678
-1.2436052167194407 0.099729724853397525 -0.57432108391646353
-1.3139243232487456 0.021333399311581736 -0.64291503322229593
-1.388205348119397 -0.062854726060211419 -0.69678961031452302
-1.4625711068912568 -0.15378787911793423 -0.73586129396312749
-1.5337845775925425 -0.25163302173658253 -0.76049710653138547
-1.5987957318395323 -0.3563387660721965 -0.77108063223903911
-1.6555144326496114 -0.46684213957303822 -0.76875873319707444
-1.7021176260669466 -0.58174182485992221 -0.75450971267103606
-1.7372342989366965 -0.69948588900684971 -0.72929374467818286
-1.7594125549460378 -0.81852059274860145 -0.69404494959466734
-1.7675633612192254 -0.93717795013834237 -0.64985041223939366
-1.7614077193747795 -1.0537258761507851 -0.59823164798329143
-1.7410266371851584 -1.1666249029496403 -0.54089636541516461
-1.7070129746440226 -1.2746427637107614 -0.47958611580343175
-1.6599682544086243 -1.3768350637215481 -0.41604742189535432
-1.6007517554812374 -1.4726038490447924 -0.35193730975927467
-1.5307888416517812 -1.5619340885547313 -0.288753708094526
-1.4513761468361523 -1.6450133275591186 -0.22767047411686989
-1.3638320206814523 -1.7221891035511117 -0.16940105520251916
-1.2696467300010059 -1.7939446161763872 -0.1139922194620028
-1.169976337097413 -1.8604596548103731 -0.061063134333519405
-1.0659821463620378 -1.9218331098564998 -0.0096242113974799436
-0.95865963105463059 -1.9778945997935189 0.041606580547104623
-0.84875854483493529 -2.0280037129094031 0.093982344967796894
-0.73690040382198119 -2.0714216099937244 0.1485114843723005
-0.6235453218151239 -2.1066207582833245 0.20602627155453399
-0.5091724672985507 -2.1322055946601988 0.26659366148626978
-0.3942526664371937 -2.1467466107849034 0.32971542064623877
-0.27932841741924969 -2.1488836211355857 0.39437945751195302
-0.16507586899241106 -2.137534344982515 0.45920578317144556
-0.052413907599366663 -2.1117166269664662 0.52258892398063728
0.057493624921758968 -2.070795918353828 0.58264806664387725
0.16331445049707363 -2.014859403466331 0.63750831034403155
0.26358489585894673 -1.944412983266719 0.6853469671789113
0.35691990916879135 -1.8605852498280853 0.72443731658826471
0.44209422648909819 -1.7650233345524076 0.75333451684971109
0.51780485462558135 -1.6594578990674254 0.77026389450965382
0.58354659035358603 -1.546521623483748 0.77427777571227763
0.63899417015544013 -1.428849903255073 0.76422781485418034
0.68443224156677585 -1.3094301072696284 0.7390416729100302
0.72093090788145309 -1.1916302944163146 0.69767361608577616
0.75109142286782837 -1.0790078758325885 0.6400604771958337
0.77837128970795288 -0.97475042441984017 0.56706993924469185
0.80663422099901338 -0.8817094279760207 0.48023849530900281
0.83971979906847982 -0.80255780340127403 0.38182013511681995
0.88196415390950567 -0.74192380887275111 0.27404298353025003
0.9339223904077486 -0.69733365884324605 0.16183238233503316
0.98043387024816897 -0.64286788680838558 0.051484910946264791
1.0178784845919804 -0.58067171283516339 -0.057371594993444922
1.0442103283757851 -0.51440114887662836 -0.16603180058211087
1.0595063730434882 -0.44642574047493822 -0.27756602790173995
1.0901484504051833 -0.3779644493462615 -0.38894888222775142
1.1446978638364991 -0.30882283623281348 -0.49156966374216421
1.2151848566135373 -0.23764216060743809 -0.58222389103656691
1.2975469754836244 -0.16161399654839137 -0.65799842866286229
1.3865972482162705 -0.078537556044292578 -0.7173789813516982
1.477361250150987 0.013222642942415763 -0.75932697136378347
1.5649991726418513 0.11410395552302686 -0.78390590560848883
1.6452566991027338 0.22343967848770405 -0.79165500120401699
1.7151538403379221 0.3394493889108397 -0.78440438555288117
1.7726195113171561 0.46029555241950432 -0.7636469231359061
1.8160182876243762 0.58405069319604053 -0.73085318387555331
1.8441372230896143 0.708756399817428 -0.68761409579748489
1.8560349838132342 0.83234922834432523 -0.63560110208915921
1.8521615211296629 0.95303773716173368 -0.57707170261653018
1.8330618938851366 1.0694678507735718 -0.5139246467428471
1.7996345544964165 1.1807707459087795 -0.44810306771614067
1.7526899536891622 1.2862760158980462 -0.38134103305991418
1.6935371931497432 1.3857349819797991 -0.31527397284024328
1.6239238107679779 1.4794524674366694 -0.25122915553514397
1.5452574359533555 1.567666478493899 -0.1900278844400945
1.4589776450334828 1.6506756105960425 -0.13204478553115406
1.3665295403034932 1.7286393052902189 -0.077077015132442112
1.2694287481113384 1.8017266035679338 -0.024195995387082593
1.1455716966742833 1.8446750974824822 0.0065709471768434693
1.0180966114092129 1.8226381614978431 -0.015958949025963468
0.88821673483399655 1.8296530686472627 -0.016795740128667927
0.75681820955373769 1.8406255216095262 -0.014861732599177106
0.6254241199550501 1.8520498817341144 -0.01292850609918453
0.49403438094618307 1.8639174888405734 -0.010996056724439122
0.36264890513490489 1.8762194484305772 -0.0090643802354149865
0.23126760286779086 1.8889466356901223 -0.0071334720602291143
0.09989038227047109 1.9020896995839076 -0.0052033272976824679
-0.031482850711286689 1.9156390670403747 -0.0032739407204214902
-0.1628521922695681 1.9295849472258164 -0.0013453067782203025
-0.29421774069147694 1.9439173359059734 0.00058258039861901461
-0.42557959631546205 1.9586260198934708 0.0025097269957491475
-0.55693786148677915 1.973700581579434 0.0044361395111440086
-0.68829264051218086 1.9891304035475932 0.0063618247513516453
-0.81964403961380594 2.0049046732691487 0.0082867898276343926
-0.95099216688227906 2.0210123878766435 0.010211042151997798
-1.0943648596191642 1.9931966108092478 0.046506124689050576
-1.17821249027279 1.8971970975822121 0.13033972981917386
-1.2726534426991425 1.8277772235521665 0.18916340671602466
-1.3661947663727816 1.7571490730819419 0.24752867542112517
-1.4518406881799191 1.6803329445696322 0.30897440669527731
-1.5284019132338869 1.5967652035458384 0.37289154833886196
-1.5947922398834242 1.5059788817910891 0.43808867487349468
-1.6499570618776329 1.4078482411747413 0.50307231111916484
-1.692565021536746 1.3025638516134292 0.56614846151051135
-1.7213944241199379 1.1908143104335733 0.62539165180802136
-1.7359426272465388 1.0739579067021727 0.67882650723046645
-1.7362550357446025 0.9537999439893573 0.72475993159606111
-1.7224546525962079 0.83221514803201735 0.76152686620997057
-1.6954825621159384 0.71123700688728109 0.78793071593092079
-1.6563853900130692 0.59276957689088872 0.80278108156249595
-1.6069632448583677 0.47841203068256388 0.80529571077508477
-1.5493830560514532 0.36944312998855988 0.79522017668703882
-1.4856194167286647 0.26711682961245864 0.77177621279692732
-1.4183108482012798 0.17215617257544377 0.73426099351103191
-1.3507324119085273 0.08453894753606625 0.68227627793155043
-1.2863712767685798 0.0031288849951440767 0.61647794549997426
-1.228915107087404 -0.073602787926757784 0.53792741804568533
-1.1821755045401843 -0.14675278810480408 0.44826165893427378
-1.1504695015438096 -0.21709496306620357 0.34998965020842704
-1.1393105876846537 -0.28431809564022725 0.24714919953770409
-1.1407376241341098 -0.35172494249792674 0.13912344799421422
-1.1243256641094896 -0.42486710941194761 0.026422960826988272
-1.0918898229792013 -0.49398229145401151 -0.084575707068134623
-1.0511203830024018 -0.5532612875514662 -0.19301639784790123
-1.005947418117952 -0.6056358210147148 -0.30192876910276151
-0.96600125436769158 -0.67253041110401979 -0.41446537842911391
-0.94289988986823914 -0.76890804398308055 -0.51741791813176907
-0.92607487973302127 -0.8782294906548338 -0.60619618511942308
-0.91005746807986709 -0.99978636795701736 -0.67924921179728004
-0.8896659886320667 -1.1312540252293639 -0.73504349180419448
-0.86025494480201126 -1.2692998044478669 -0.77225042810740374
-0.81839946340182923 -1.4093384527456481 -0.79040602578250996
-0.76278007464087838 -1.546018915464163 -0.79022401879195669
-0.69408111727463673 -1.6748248981877196 -0.77429449524734728
-0.61342620672207349 -1.7926099423260213 -0.74437940486070608
-0.52217166567651374 -1.8967792603218312 -0.70240637421836216
-0.4217652651185575 -1.9851499932475232 -0.65036378785537485
-0.31435624097891124 -2.0562952681434075 -0.59078380067489655
-0.20228465790633487 -2.110376315986819 -0.52633669050923437
-0.086978072023351963 -2.1476221259618447 -0.4591244676952651
0.030220286913378511 -2.1691478837421712 -0.39123073538448799
0.14852972878754872 -2.1759205631029137 -0.32430148537285552
0.26725541782248674 -2.1695283931323326 -0.25987536900542102
0.38590523186537762 -2.1522622061439689 -0.19884441007044251
0.50424603003790969 -2.1252097115047834 -0.14175941123484498
0.62179152945784577 -2.0898951578282015 -0.088660322779665124
0.73789028823614033 -2.0478820040530947 -0.038860452473161645
0.85181517272256879 -2.000310001903876 0.0088658028777779622
0.96282680084525329 -1.9480612553342871 0.056053987502739495
1.0699860043575413 -1.8913688705724527 0.1042453046165094
1.1722369587247432 -1.8301551911337892 0.15471566958980307
1.2684845842237498 -1.7640633780446637 0.20819404402935238
1.3573588135018353 -1.6925114232873812 0.2648472298906554
1.4377016352474581 -1.6149024436995842 0.32421790495809594
1.5088732469023811 -1.5309792797306103 0.38516180820970841
1.5695813409723907 -1.4403134226273433 0.44644102669557156
1.6191764801047768 -1.3430755992549224 0.50652605368791637
1.6566530425643859 -1.2397242580218673 0.56381372776927663
1.6815367483360435 -1.1311857118749169 0.61677737020824241
1.6939165953206194 -1.0187659328922367 0.66405092701269286
1.6935314476604129 -0.90390708038215717 0.70426936314184285
1.6808852826915277 -0.78807191132805432 0.73641119813349387
1.6566599486372489 -0.6727433095694868 0.75953136469039917
1.6216906087453862 -0.55918618147808663 0.7728765085216418
1.5773691602970323 -0.44839453050491951 0.77600357433958367
1.5247742577315493 -0.34157883862491423 0.7681200923294218
1.4653655972862192 -0.23974868407866434 0.74830952165759057
1.401073104648964 -0.14369032091563327 0.71546605662838625
1.334364010072608 -0.053392910379221448 0.668676704304346
1.2685193081827764 0.031865742937114722 0.60797797548119048
1.2074086818117029 0.11244504363964762 0.53342239686782966
1.1554151498847696 0.189338754641033 0.44623822744672786
1.1176230651526349 0.26327282793050516 0.34854262503337591
1.0987181014142469 0.33469841247729204 0.24372811735523492
1.093103502891513 0.40603235736036219 0.13399659253327159
1.0710405988647234 0.47917218860746885 0.024949660754906615
1.0371630377065326 0.54741646537368793 -0.081760386053559925
0.99467627857761509 0.60737618426892526 -0.18751658274014679
0.94596773187404615 0.66160472509546797 -0.29641939037047876
0.90490081594700056 0.73113324338471397 -0.4061499519702827
0.87662377704129824 0.82185106263898866 -0.50579787115080121
0.85416149042763168 0.92550431410665268 -0.59240889893405757
0.83261125124509727 1.0403145328994396 -0.6643013841307025
0.80747636951193202 1.1638695395576022 -0.71994400660340985
0.77464608002808377 1.2929596826853365 -0.75834498187604527
0.73118641995257305 1.4234995060083429 -0.77937700703174451
0.67597013180138732 1.5513014458599996 -0.7840969264276062
0.60902674766521692 1.6728965087873982 -0.77422697664517171
0.53098805822074302 1.7854949318245015 -0.75122687303491287
0.44270740433536132 1.886671466013301 -0.71656124747117134
0.34545537639625923 1.9742100425335665 -0.67186151774213965
0.24101602024243118 2.046977827736463 -0.61930548077549352
0.13095241036754485 2.1041521721325394 -0.56072997131878433
0.016860092512436295 2.1456859648620679 -0.4980736572220677
-0.1000351187000094 2.1718608554644954 -0.43316811730620225
-0.21856853694772949 2.1832135227719141 -0.36774019252031109
-0.33775866831156809 2.1812299050429633 -0.30332374179168292
-0.45693462849473809 2.1670834857385861 -0.24103092411770394
-0.57551463926716284 2.1422111543939528 -0.18166256606899758
-0.69296764437000602 2.1079601062068054 -0.12554633885445965
-0.80863279554186451 2.0655968423250872 -0.072521406743922628
-0.9219454243264279 2.016643526671178 -0.021695358447202669
-0.96012080891640317 1.9384581089919322 0.020882770541367307
-0.90592669944846882 1.9634142185558368 -0.0088988289795896899
-0.80686957841443341 1.8886263578887961 -0.0076102124420593595
-0.69888758754858504 1.8128447711902238 -0.0078416785940791326
-0.59065447050878406 1.7374884519392817 -0.0080736756424173266
-0.48216697130003316 1.6625629139453999 -0.0083062134001495661
-0.3734219727925252 1.5880734358581143 -0.008539301369222322
-0.26441649804863437 1.5140250589199375 -0.0087729487367512026
-0.15514771159324087 1.4404225848150596 -0.0090071643714484655
-0.045612920627042128 1.3672705736147455 -0.0092419568201808234
0.064190423817695713 1.2945733418201151 -0.0094773343046588767
0.17426472577929936 1.22233496050308 -0.0097133047182592965
0.28461224332725937 1.15055925354606 -0.0099498756229809623
0.39523508758149023 1.0792497959812029 -0.010187054246535928
0.50613522179068671 1.0084099124296881 -0.010424847479576354
0.61731446047017957 0.93804267564165744 -0.010663261873058463
0.72877446859949391 0.86815090513739135 -0.010902303635744204
0.84051676088000948 0.79873716595017752 -0.011141978631841716
0.9525427010529226 0.72980376747138676 -0.0113822923787852
1.0648535012778699 0.66135276239812912 -0.011623250045155254
1.1774502215723255 0.59338594578396675 -0.011864856448740062
1.290333769312076 0.52590485419298294 -0.012107116054738343
1.4035048987929053 0.45891076495757532 -0.012350032974104528
1.5169642108537389 0.39240469554020374 -0.012593610962036915
1.6307121525612966 0.32638740299940971 -0.012837853416609077
1.7447490169564208 0.2608593835602927 -0.013082763377545133
1.8590749428622491 0.19582087228957748 -0.013328343525139359
1.9736899147541889 0.1312718428754921 -0.013574596179320303
2.0885937626918571 0.067212007512486099 -0.013821523298859889
