2.1854894232195301 0.019591785470193551 0.013554381469825866
2.1540805919173036 0.12001421086360783 0.047924834206861881
2.1446478939014226 0.23850080283609792 0.098660523404178094
2.1283624579567952 0.35513451778593952 0.1513731899683288
2.1044252459948387 0.46891109260278674 0.20661539561836423
2.0721373113932073 0.57885925640284697 0.26439608269524367
2.0303440502219248 0.68385686764775344 0.32434194671932648
1.9784597381610078 0.78305113229163037 0.38554319127740161
1.9160574574223983 0.87548882288777019 0.44680396324649641
1.8428739133768552 0.9601366968961923 0.506792839217868
1.7589921582417614 1.035987688692654 0.5640258053992776
1.6647828668014999 1.1019421916577901 0.61692776335426946
1.5608601870557286 1.1569365772672771 0.66384230874396311
1.4486101967322946 1.2005038758249109 0.70337490546234249
1.3295769077467638 1.2320987719066054 0.73410997383503407
1.205586494671842 1.2515974300740058 0.7546873703874607
1.0786186696718629 1.2589762755099507 0.76366855502647579
0.95085090619881041 1.2547158583053415 0.75962868128688699
0.82458016725424088 1.2400772102060487 0.74141274066866103
0.70210898978764402 1.2171409956746393 0.70776144123296847
0.58551344297722197 1.1890083841521033 0.65793425129166638
0.47667846711472645 1.1600667638642241 0.59141656646747465
0.37632605101945632 1.1354731042189872 0.50974461119314818
0.28493967073749782 1.1201560206558694 0.41488383032930304
0.20350037743074906 1.1198488305523768 0.30900658550258542
0.13524940743274771 1.1407270790461197 0.19745647559236865
0.064719843588880582 1.1564222557134087 0.089112831754591906
-0.0088439403968700869 1.1603335326250952 -0.017628256805337382
-0.081720991106435256 1.1526257602203156 -0.12450064270708371
-0.15060569470518809 1.133241563403963 -0.23391563706482901
-0.22229255913768559 1.1176379213066936 -0.34505827721400578
-0.30775213852960748 1.1237506800244073 -0.44808311099285703
-0.40251465049584234 1.1427572457695976 -0.53922299408524577
-0.50620973735213681 1.1694819166681496 -0.61631698998245887
-0.61836989991316926 1.1988398645374947 -0.67729666484673989
-0.73758130141012601 1.2257327585463891 -0.721708137879289
-0.86194107728040015 1.2461689806516283 -0.75000584525129688
-0.98920972401036755 1.2574305775304242 -0.76314687371557455
-1.1170374572215742 1.2576798453212477 -0.76240329865003098
-1.2431468631820102 1.2460097516313251 -0.74910749872935356
-1.3654789474468183 1.2223170114071882 -0.72485212210718708
-1.4821051622598356 1.1866378801442221 -0.69096299390648341
-1.5912824460653043 1.139203252239585 -0.64882577465408464
-1.691522894519744 1.0804710451314063 -0.59979339684736943
-1.7819107587091125 1.0113291129464006 -0.54542913175475127
-1.8619155502166038 0.9327904654143131 -0.48734596477757358
-1.9312823859451806 0.84591485674731903 -0.42704392541975122
-1.9899506755516776 0.75161711561239475 -0.36591973597424626
-2.0382715359638803 0.65088489464333232 -0.3052481849292098
-2.0767365298650375 0.54459815274129397 -0.24612345478254302
-2.1062560945683213 0.43376190449910185 -0.1892732081019948
-2.1276382717972084 0.31935120968829256 -0.13501010872941224
-2.1417528061119193 0.20239218219884234 -0.083077663808388436
-2.1491604554265882 0.083863232807814908 -0.032913713775095853
-2.1501170470872135 -0.03528723112089624 0.016477739888364366
-2.1447695932630255 -0.15409330049403325 0.066263274170444503
-2.1328637497792768 -0.27157507669253433 0.11752471535987233
-2.1139697338105119 -0.38677399253774281 0.17091529297112176
-2.0871839031196839 -0.49862348146601621 0.22686519189915791
-2.0517663131708819 -0.60618880495033289 0.28518113641012399
-2.0068218699706364 -0.7084595406658899 0.34527858140605477
-1.9518202045709665 -0.80457970102770615 0.40617006512757731
-1.8864370082455237 -0.89362444154154685 0.46661950144455805
-1.8104687012777376 -0.97459733596128073 0.52530349768758322
-1.7242971382855352 -1.0466252577295687 0.58077926183667672
-1.6280714312426317 -1.1084806080591001 0.63140653043619066
-1.5228063144852884 -1.159586642140044 0.67586029597612274
-1.4097513257094094 -1.1993294333998945 0.71268437651660921
-1.2904689429876268 -1.227386567497958 0.74059589315037688
-1.166709656844366 -1.2435495018498719 0.7581874722691081
-1.0403351855342844 -1.2477732027532173 0.76391261283952294
-0.91346821854470062 -1.2408561244894318 0.75663213454122624
-0.78833482537375832 -1.2240498004869043 0.73494587042739201
-0.66711972030722078 -1.1994585808862803 0.69758924186401483
-0.55198395769243103 -1.1705414626466308 0.64336172540322201
-0.44443995887277588 -1.1420480836024689 0.57255470258090513
-0.34541632765910413 -1.1191713758696056 0.48649951344361719
-0.2552235689040982 -1.1069885599976848 0.38726839127487173
-0.1765305004710141 -1.1128614076142471 0.27732677225797564
-0.1088946114629304 -1.1353501339074579 0.16604022404716332
-0.037795123460781524 -1.1476103221803284 0.059432600246267862
0.035459972076347851 -1.1483590421900971 -0.04634289909920683
0.10713350786168017 -1.1375989070437047 -0.15284589263944376
0.17474663067362708 -1.1153896994638492 -0.26366923410533566
0.25142912376263732 -1.106866983371682 -0.37392544438444841
0.33996157610610966 -1.1170854703992361 -0.47431901626633788
0.43740914559184074 -1.138738162345732 -0.56194439831745058
0.54350745540988066 -1.1667212802575893 -0.63446816641038162
0.65734562046692013 -1.1957300964700346 -0.69055474384268478
0.77739389216167476 -1.2210603872795724 -0.73022400292322232
0.90177406622504219 -1.2391461405639128 -0.75416423846175462
1.0283003102507526 -1.2476406483786469 -0.76350830688241644
1.1548109745506305 -1.2448499709697078 -0.75934838603534061
1.279220405662816 -1.2304519601498458 -0.74344590371725661
1.3995121931936318 -1.2041527362913631 -0.71699813839507875
1.5138931814469976 -1.1660565519281485 -0.6813595606531373
1.6206432286086654 -1.1163720571527886 -0.6377818733118138
1.7183742543604792 -1.0554787283241165 -0.5876265131804822
1.8063772459475185 -0.98441434095576441 -0.53247003191895048
1.8840992349297585 -0.90421056548850132 -0.47388943193972016
1.9511409105089996 -0.81572448064784142 -0.41333634103582506
2.0076189758237488 -0.72000443535329495 -0.35218582416227445
2.0536885248506076 -0.61784793155970952 -0.29174286362447027
2.0902495090220317 -0.51034635436703557 -0.23298155628398018
2.1180623005623378 -0.39852383136143288 -0.17658277906187236
2.1378309266316582 -0.28327427101389363 -0.12279580513191406
2.150488271755556 -0.16567215591027684 -0.071232664978443064
2.1602400032931675 -0.057197697197869601 -0.022710232298003272
2.1077677428282011 0.049377127952944022 -0.016567168704236059
2.0435086899171839 0.16372132961017452 -0.015356205509646031
1.9788754260346118 0.27824946899216202 -0.014329086041001738
1.9142421621520405 0.39277760837414954 -0.013301966572357445
1.8496088982694689 0.50730574775613702 -0.012274847103713149
1.7849756343868972 0.62183388713812449 -0.011247727635068856
1.7203423705043253 0.73636202652011207 -0.010220608166424562
1.6557091066217537 0.85089016590209954 -0.0091934886977802673
1.591075842739182 0.96541830528408712 -0.0081663692291359738
1.5264425788566094 1.079946444666076 -0.0071392497604916656
1.4618093149740377 1.1944745840480637 -0.0061121302918473713
1.3971760510914661 1.3090027234300512 -0.0050850108232030787
1.3325427872088944 1.4235308628120387 -0.0040578913545587843
1.2679095233263227 1.5380590021940261 -0.0030307718859144913
1.2032762594437501 1.6525871415760154 -0.0020036524172701818
1.1386429955611792 1.7671152809580015 -0.00097653294862590245
1.0766460574158223 1.8714341307264923 0.0020679640334254215
0.98136429597044483 1.9244788822725531 0.046650920623970638
0.87452829844862845 1.9754777820426856 0.097138054507950072
0.76532329507557184 2.0199216576121151 0.14983088595451408
0.65478091400851468 2.0563411898474699 0.20502398689727483
0.54336684235513188 2.083484228201371 0.26279903067092347
0.43147742267864753 2.0999538640197879 0.32274807764492908
0.31958838469549311 2.1049038563161218 0.38393631737163864
0.20831951516052027 2.0973871457654454 0.44519027463811178
0.098463263281613103 2.0766783383544691 0.50520671795684291
-0.0090653296312742243 2.0422237645425114 0.56242307177868289
-0.11316389202974227 1.9938323776036546 0.61529568691948489
-0.21268829157267033 1.9318434628356971 0.66229534506435828
-0.3064677411566275 1.8570330707144342 0.70197594517130169
-0.39329617048642862 1.7704340827696481 0.73294611946928467
-0.47212171996523089 1.6734949242527917 0.75379706383729161
-0.54195410037243463 1.5678675497028132 0.76306407706979396
-0.6023492717019675 1.4557970930657593 0.75966076648332193
-0.65308539082332429 1.3397283302523033 0.74228016409124364
-0.69479249906077079 1.2225731689978629 0.7096925371428433
-0.72884643324245924 1.1077010071439068 0.66058031369785364
-0.75835941793765316 0.99864752792387068 0.59510114750850163
-0.78718044959254307 0.89875773726634889 0.51429641317205776
-0.81932316363245183 0.81093043380665708 0.41998158853416695
-0.85954857531502393 0.7392946212048831 0.31411996347955073
-0.91133136649810431 0.68959302659593869 0.20248019962837494
-0.96055055444311976 0.63701260497927559 0.094120559861687422
-1.0011008438682867 0.57582758426942693 -0.012260946419939044
-1.0314172276253319 0.50931442450945807 -0.11858106395672224
-1.0496511765025023 0.44012891897535122 -0.22748265639446394
-1.0707948960725746 0.36996448366662882 -0.3392659781517896
-1.1179711865619328 0.29850611558630569 -0.44366314875189877
-1.1815215164144675 0.22566784096371531 -0.53594816588945049
-1.2565597647056042 0.14908012968820167 -0.61382426304621263
-1.3381180375480675 0.066663993616420364 -0.675483840551098
-1.4211003400140216 -0.022861960480370924 -0.7205823415059156
-1.5011121973784756 -0.11993699888646087 -0.74944335628137559
-1.574618307127176 -0.22400457643476535 -0.76302720965339343
-1.6387778594674061 -0.33406382015569314 -0.76256780512221534
-1.6920858424786489 -0.44844393154680318 -0.74988726963567853
-1.7332003698999552 -0.56553784441092758 -0.72626748603053293
-1.7612336040381782 -0.68368315525562862 -0.69304083640322744
-1.7753708068682037 -0.80130372824629559 -0.65150783178784599
-1.7754611397866671 -0.9169672331150529 -0.60308702821679294
-1.7618747145280174 -1.0294711522114026 -0.54934371599698506
-1.7350631422290117 -1.137813615209053 -0.49179347369808446
-1.695762667253417 -1.241237920088079 -0.43189544561420651
-1.6446284809850971 -1.3391907227456981 -0.37106163690452126
-1.5825938501923988 -1.4314787896343311 -0.31052820492445071
-1.5109186861884509 -1.5182185656954246 -0.25138201629206625
-1.4307191444402505 -1.5995020318162714 -0.19442680774601742
-1.3432153390672019 -1.6755730767570931 -0.14000465236875337
-1.2497360545267484 -1.7466490811980042 -0.087941856126186699
-1.1513304363636341 -1.8126704590407976 -0.037727006931048829
-1.0490813243019317 -1.8735571320274453 0.011655227244542031
-0.94391199888674671 -1.9289155849445772 0.061314872469863481
-0.83652105250936304 -1.9780336133960144 0.11233114916886215
-0.72755910560317738 -2.0200983168379349 0.16540432451141046
-0.61749214062741131 -2.0537232683124986 0.22104767005876863
-0.5067250362011565 -2.0778406106226006 0.27911869361113467
-0.39570584010428589 -2.0913163110395478 0.33904530013900314
-0.28490573868496805 -2.0931362560232354 0.39989397213636235
-0.17492582381429617 -2.0825191535663024 0.46047590662225507
-0.066550361086013657 -2.0587426970742149 0.5194610992565597
0.039343538011494775 -2.0213264715376993 0.57536292439584469
0.14173607183615788 -1.9703075958411516 0.62670670357569591
0.23946377492804316 -1.9059541505604596 0.67201699262649062
0.33140090187342797 -1.8289588415779945 0.70983250972193146
0.41641518331415422 -1.740515957009992 0.73885511188093855
0.49325795386856608 -1.6417273676500614 0.75735382371926752
0.56127398076009205 -1.5345700791175698 0.76423701368997565
0.61985115921320122 -1.4212068661348143 0.7581651577036721
0.66887475618354486 -1.3041451499316292 0.73774490164167938
0.70886579923272264 -1.1864142863490614 0.70135966640767922
0.74187363555465402 -1.071661851290042 0.64821000626762282
0.77111633346706931 -0.96354834486287988 0.5785988406106175
0.80057622185198019 -0.86548067786102356 0.49372757301290393
0.83449587816460025 -0.78035036267039282 0.39558687428367545
0.87795061076042513 -0.71375471562349779 0.28655494602704623
0.93105464125819681 -0.66615544671179061 0.1751363329161055
0.97805995265356416 -0.61132860719641668 0.068003985391513741
1.0162891975152251 -0.5485459010571726 -0.038169178740772934
1.0436476161469348 -0.48099995577303123 -0.14506525253789515
1.0588569610391003 -0.41144981080803256 -0.25556000937360779
1.0874287349624108 -0.34135517424832929 -0.36555861728468281
1.1386936440031417 -0.2703781252409963 -0.4662989348239015
1.2048026693892329 -0.19747132610371304 -0.55470234361655346
1.2812374348581872 -0.12026091933667288 -0.62821237770829319
1.3628372487172635 -0.036996363785532033 -0.68584869570775797
1.4449780982498628 0.053560896554244675 -0.72715391776296112
1.5234921004055915 0.15164889978517035 -0.75265432310689229
1.5949514265970777 0.25682664025800128 -0.76309519428507289
1.6570305534346563 0.36778408477146707 -0.76017175360183264
1.708053303167351 0.48296599230305892 -0.74523598353819953
1.7467039969386524 0.60076740178697108 -0.71952177849364185
1.7720521912379759 0.71950294882934007 -0.68436384956247809
1.7831896304533144 0.83757822648052593 -0.64093626520204838
1.7802396580283912 0.95357574461448236 -0.59089370787102768
1.763438146119686 1.0661905537662044 -0.53572032718347562
1.7333875031747408 1.1744342413193116 -0.4770064685396877
1.690666355952553 1.2774686316808452 -0.41625787299599926
1.6360238398424607 1.3747953666438282 -0.35486641026691101
1.5707424650882409 1.4663947374866444 -0.29415150379858679
1.4960289170105061 1.5522996260715387 -0.23514234315215884
1.4131422760460854 1.632704526134289 -0.17851833349286444
1.3232240908373543 1.7077670975330677 -0.12455990186398115
1.2276238067706284 1.7777357258019415 -0.072893660104169145
1.1362133529052589 1.8398539477641964 -0.024946502742611204
1.0190190678483568 1.8498038387649927 -0.01711861718269668
0.8884401134391956 1.8515331437802394 -0.015750398600390299
0.75693919372238194 1.8528259016398747 -0.014727965140458672
0.62543827400557184 1.85411865949951 -0.013705531680527074
0.49393735428875823 1.8554114173591454 -0.012683098220595448
0.36243643457194796 1.8567041752187805 -0.011660664760663851
0.23093551485513425 1.8579969330784161 -0.010638231300732225
0.099434595138324061 1.8592896909380512 -0.0096157978408006276
-0.032066324578489611 1.8605824487976865 -0.0085933643808690039
-0.1635672442953035 1.8618752066573219 -0.0075709309209373759
-0.29506816401211339 1.8631679645169572 -0.0065484974610057799
-0.42656908372892732 1.8644607223765923 -0.0055260640010741527
-0.55807000344574098 1.8657534802362279 -0.0045036305411425281
-0.68957092316255131 1.8670462380958628 -0.0034811970812109305
-0.82107184287936119 1.8683389959554983 -0.0024587636212793341
-0.95257276259617119 1.8696317538151337 -0.0014363301613477366
-1.074272926735452 1.8667697122937696 0.002643743270634465
-1.1678048197024156 1.813464733444105 0.045196599663666695
-1.2645940151340098 1.7469603760659767 0.09537844787861223
-1.3576768427646937 1.6749263088018227 0.14790399178577432
-1.4444444678832342 1.5977423217595417 0.20290336449489821
-1.5236276388297478 1.5152023541687918 0.26047554204611767
-1.5939843958455742 1.4270783053400546 0.32017057242299324
-1.65444058771853 1.3333000547956571 0.38111106802924677
-1.7039006394099252 1.2339341542315991 0.44214200512908147
-1.7412698026416995 1.1292427046336591 0.50194662895850384
-1.7656298221301263 1.0196815300223789 0.55902908447499045
-1.7765837527956825 0.90618738965023016 0.61195243227058382
-1.7736781936287682 0.78984691781933347 0.65916473107601004
-1.7569489584757141 0.6719750236736437 0.69925465212611426
-1.7265985787767542 0.55410403071277403 0.7308200053404722
-1.6831332884545867 0.43778734029321553 0.75232284672298622
-1.6278234672749041 0.32458623132560138 0.76266666312563514
-1.5621090919715368 0.21608369600436669 0.76058317326941227
-1.4878374502392853 0.11367865766876339 0.74475577762038658
-1.4076303835512922 0.018439759600191452 0.71354958259293744
-1.3250891778583305 -0.06927173510468948 0.66595645669166825
-1.2447218401204594 -0.15019194133169 0.60191548979061693
-1.1713703904727524 -0.22582608470021537 0.52219039828175351
-1.1098315026867394 -0.29817474014805095 0.42835518269304207
-1.0660217613215102 -0.36944008389461547 0.32243853253723059
-1.047467456727478 -0.43946800471783187 0.2104855148857209
-1.0275461710556535 -0.50836510384604661 0.10214845228190229
-0.99584335638063382 -0.57419219165787183 -0.0037953304335090745
-0.95411578051266088 -0.63402718515051582 -0.10968796529389892
-0.90397300847908546 -0.68508481962496814 -0.21813504419096691
-0.85299589417008292 -0.73728822880422884 -0.33022853391201668
-0.81372634559654922 -0.81252450657428921 -0.43583808437671817
-0.7820183757589485 -0.90316551776109688 -0.52925174218316817
-0.75316402041122055 -1.0057865301450508 -0.60810015659358985
-0.72288818676303301 -1.1168738846110229 -0.67101011941745115
-0.68751096092355368 -1.2329308226520272 -0.71733632014657178
-0.64434820947648908 -1.3503423536307015 -0.74737844226446859
-0.59184287298582239 -1.4657979641867067 -0.76186147282921024
-0.52977682156103156 -1.5765083856417281 -0.76266843790633243
-0.45854521289605221 -1.680232112435964 -0.75117814666176486
-0.37883451923854566 -1.7750285885777497 -0.72868345509963095
-0.29154917228049482 -1.8591883438303474 -0.69644710808945254
-0.19756570915873467 -1.9312229514253199 -0.65573462521195514
-0.098177810259436768 -1.9905295678921822 -0.6081076895406623
0.0054735857226508727 -2.036471382156507 -0.55497628269590593
0.1123041292830434 -2.0689363757374295 -0.49784662490764009
0.22125332841185194 -2.0880432860291216 -0.43817052441380028
0.33157454268860714 -2.0939602358409517 -0.37737477088421184
0.44256451190349283 -2.0877340267651099 -0.31671567624492253
0.55360535610377937 -2.0702598431072214 -0.25733747449595601
0.66425044547408008 -2.0424978274043801 -0.20007899247391828
0.77408111655660206 -2.0056662892898052 -0.14534831875333784
0.88261670008878723 -1.9608781621496005 -0.093050462987508409
0.9893567568895304 -1.9092725912384747 -0.042624638073901773
1.0936515088120093 -1.8517026489249684 0.0068494437778360614
1.1947265963233304 -1.7887670968746037 0.056481021784568007
1.2916272789957739 -1.7207387290713836 0.1073728994276152
1.383293178456598 -1.6477460998208573 0.16030370417350134
1.468319555456582 -1.569475916442673 0.21584979909417751
1.5456957194807008 -1.4858806189322793 0.27386040238799558
1.6140436433050436 -1.3966741611072642 0.3338433380428189
1.6722622766613882 -1.3017551570700918 0.39489152239264463
1.7192503446905578 -1.2012057700716816 0.45580045885924686
1.753867431904728 -1.0952186146512837 0.51521740730766608
1.7755394148912491 -0.9844673804740911 0.57170026404639185
1.7835898665834851 -0.86984645846708286 0.6236979184698066
1.7776109077489284 -0.7524744969905468 0.66969689556857226
1.7576525376809076 -0.6337537575396972 0.70820398927432637
1.7238005121605504 -0.51524725620348732 0.73764499701812281
1.6770209409206649 -0.39858300229485877 0.75672305608841206
1.6185032838490352 -0.2854526400544169 0.76415584788609747
1.5498152814327286 -0.17745511636721961 0.75862894401834935
1.4730456614593839 -0.076042302706137876 0.73868593339758803
1.3911699211270705 0.017662770610729017 0.70263507509875867
1.3083903446159573 0.10380858515771663 0.65020369548542345
1.2293616666324922 0.18318871985487079 0.58147654025765505
1.1588966935998839 0.25756376790656299 0.49764570449136969
1.1020426177932141 0.32906220840582945 0.40049229046208201
1.0648264939023795 0.39953485327644794 0.29276850904618884
1.0499084993193666 0.469195161568219 0.18134686510372722
1.0265737853259813 0.53774562691098482 0.073607352276767554
0.99162702293740723 0.60269921206244148 -0.032998414674343758
0.94707042996384883 0.66069373396077813 -0.14018585202201608
0.8948270819979155 0.70920616254068336 -0.25041585233899366
0.8477412327927949 0.76729493768871604 -0.3604312605576685
0.81157638620407546 0.84610087283533353 -0.4615827883929155
0.78139811847566076 0.93925307373449962 -0.55042332317980469
0.75274538398603241 1.0434927701518557 -0.62489874337614904
0.72163808343873692 1.1556504407852146 -0.68361114971505443
0.6845833264684239 1.2722848874809218 -0.72593497606719182
0.6390321667911526 1.3898160466744862 -0.75211278613101151
0.58385976455933664 1.5049575928292172 -0.76324130278825753
0.51895034860923417 1.6149407226613457 -0.76089075024625474
0.44476594544571391 1.7174650201019619 -0.74636011392154955
0.36206751543638555 1.8104970433646819 -0.72091468838038564
0.27168584145242503 1.8921797006893157 -0.68572153209237963
0.17488374827165123 1.9614454460944621 -0.64240863203787302
0.072875548900351167 2.0173574188866983 -0.59243475641790433
-0.033099405429251175 2.0595250386272443 -0.53730364993369484
-0.14187533823412629 2.0878948529432826 -0.47860967563064644
-0.25249521354051402 2.102474936782512 -0.41784036516759948
-0.36411997224057485 2.1041286987566714 -0.3564605785457276
-0.47603833704694187 2.093685163204511 -0.29574032362657571
-0.58773391194286306 2.0722002102064225 -0.23670920396997919
-0.69874095583867757 2.0408685612881721 -0.18006346460004438
-0.80861976593239726 2.0006838153782605 -0.1261065208737048
-0.91694840145479606 1.9530373687828699 -0.074434327084681534
-1.0131117190846457 1.923507344056401 -0.037486584523567353
-0.97763367156867365 1.8600892763778769 -0.01906764650261606
-0.86503162745319639 1.7900449503135876 -0.016924738390661956
-0.75179156839487637 1.7231758255620828 -0.016278327698454574
-0.63855150933656224 1.6563067008105816 -0.015631917006247224
-0.52531145027824833 1.5894375760590802 -0.014985506314039878
-0.4120713912199282 1.5225684513075752 -0.014339095621832495
-0.29883133216161428 1.4556993265560743 -0.013692684929625148
-0.18559127310330031 1.3888302018045728 -0.013046274237417799
-0.072351214044986248 1.3219610770530714 -0.01239986354521045
0.040888845013333772 1.2550919523015667 -0.011753452853003069
0.15412890407164798 1.1882228275500655 -0.011107042160795718
0.26736896312996183 1.1213537027985643 -0.010460631468588373
0.38060902218828191 1.0544845780470591 -0.0098142207763809892
0.49384908124659604 0.987615453295558 -0.0091678100841736422
0.60708914030491001 0.9207463285440568 -0.0085213993919662952
0.72032919936322382 0.85387720379255572 -0.0078749886997589464
0.83356925842154406 0.78700807904105075 -0.0072285780075515629
0.94680931747985819 0.72013895428954944 -0.006582167315344215
1.060049376538172 0.65326982953804824 -0.0059357566231368689
1.1732894355964862 0.58640070478654693 -0.0052893459309295201
1.286529494654806 0.51953158003504218 -0.0046429352387221384
1.3997695537131201 0.45266245528354082 -0.0039965245465147896
1.5130096127714341 0.38579333053203968 -0.003350113854307443
1.6262496718297543 0.31892420578053471 -0.0027037031621000591
1.7394897308880681 0.25205508102903362 -0.0020572924698927125
1.8527297899463822 0.18518595627753226 -0.0014108817776853637
1.9659698490046964 0.11831683152603097 -0.00076447108547801515
2.0792099080630169 0.051447706774526175 -0.0001180603932706332
