2.195679191945997 -0.012330446074517831 0.025671213779645478
2.1964347104875248 0.10852821173292138 0.080529116355705588
2.185632260799947 0.22713652940674015 0.13477922743323034
2.1680238559454601 0.34345622125630976 0.19114924975945286
2.1426367422519923 0.45651367889076055 0.25023003474191574
2.1085286876479459 0.56538321871392583 0.31197512813031891
2.0643203232925318 0.66896074453231191 0.3758191835079337
2.0093459282844535 0.76639735045988477 0.44056261452507989
1.9430916701928287 0.85666750372174261 0.50470591292519851
1.8653376246622009 0.93863442391710994 0.56656762366166524
1.7763498857132054 1.0111892066879751 0.62430331886193557
1.6768165686075234 1.0731462906533848 0.67599475753481197
1.567955725009041 1.1236158472102193 0.71980327730692883
1.4517114704379077 1.1624384658847207 0.7543567079364295
1.3299999892765777 1.1893881059203188 0.77830670547933145
1.204952088868525 1.2047464400734611 0.79044475172389872
1.0787888651912778 1.2089241725333775 0.78956599324560173
0.95376002179287622 1.203021423193386 0.77468580750453508
0.83201602078132431 1.1888879658649438 0.74508932277161022
0.71561311230885438 1.1690760912724132 0.70003318249738
0.60631443763469017 1.147051348234724 0.63934469214864187
0.50558273588753111 1.1272097793415354 0.56334177000366681
0.41403013725328491 1.1142521441899762 0.47426749723180267
0.33297229983531268 1.1125996666031932 0.37466138747311228
0.26465853663138106 1.1271406262084753 0.26797858795358975
0.20629195250797594 1.1574881938024641 0.1554894736806737
0.13818825985863209 1.1777545331577051 0.041830858990044267
0.066859906105692049 1.1851379130159982 -0.069968251236503354
-0.0019850215689578565 1.1809975350109503 -0.18034066458352807
-0.067899408436743039 1.1683063845585071 -0.29208446076078287
-0.1416974895654729 1.1666619655686028 -0.40600556656402942
-0.23018440192116546 1.1918880883765957 -0.51061001768340197
-0.32735290837024766 1.2302478895186328 -0.60267192205142772
-0.43541522405795663 1.2773604702024988 -0.68015109007746666
-0.5555445419337417 1.32783103464047 -0.74039796806637959
-0.68704572964012911 1.3754672946429913 -0.78205794294255704
-0.82775227001584561 1.4149295105023689 -0.80457484782536381
-0.9744172908815919 1.4421257854531997 -0.80831629912324221
-1.1232668745852799 1.4541214511794058 -0.7944246553837111
-1.2701682499140019 1.4496303551427965 -0.76468994865175222
-1.4116875260364705 1.4284952710320704 -0.72142204174594904
-1.5449420262162386 1.3905732744353092 -0.66655602288713778
-1.6671874370882029 1.3362327830443075 -0.60236002014165724
-1.7761783552000938 1.2669085637596702 -0.53156232586208663
-1.871167404577625 1.1848724484486994 -0.45732237258938357
-1.9523875255906034 1.0920922379849825 -0.38226656142597021
-2.0204227972790396 0.99008474790191592 -0.30842378262803744
-2.076229620140158 0.88025810277230121 -0.23759431496726294
-2.121266417536706 0.76409692548347263 -0.17116059705845466
-2.1571894108457448 0.64315509795544357 -0.10987816177334714
-2.1858200889514339 0.51915058331167507 -0.053505618470355294
-2.2082922961943301 0.39362498938861878 -0.0008737727963440186
-2.2253973665951849 0.26792708824759892 0.049838522450657348
-2.2368910857546882 0.1431012647024541 0.10064021973353796
-2.2423980904722991 0.020374251545018707 0.1537355325372988
-2.2412054662187164 -0.099229736740846619 0.21077008896224991
-2.2319411042865069 -0.21501100385220867 0.27230379931705473
-2.212781473170216 -0.32610760378644621 0.33811616452546206
-2.1819013799409741 -0.43155983964325406 0.40721325408163006
-2.1381608201674651 -0.53072171357326248 0.47760491818641554
-2.080715212732696 -0.62270926213672029 0.54703032213737945
-2.009844129769276 -0.70682901196001502 0.61302911444921782
-1.9259265095713842 -0.78170111335674597 0.67328492368248716
-1.8304221687357665 -0.84619813198680394 0.72560325868383269
-1.7250736646978848 -0.89901759157876637 0.76767458249665865
-1.6127195187669521 -0.93948592795692787 0.79777318901778549
-1.49702760942651 -0.96903662922155198 0.81558989480183497
-1.3805166815368555 -0.98844912686297692 0.82070500719654793
-1.2654877252257761 -0.99896427375409935 0.81309472497488244
-1.1540290433623925 -1.0016659068704779 0.79238007676596323
-1.047617308771907 -0.99879581100136994 0.75922078369201218
-0.94687774453625029 -0.99302604789194882 0.71433597823576611
-0.85235308325645631 -0.98656217709116834 0.65766634748077535
-0.76375067228822568 -0.98236890326200621 0.58940132390065614
-0.68014269192026322 -0.98352923082672095 0.51005602419542306
-0.60107572164447254 -0.99278620503509729 0.42092876487928793
-0.52830369587180237 -1.0128667505305784 0.32362070752298416
-0.46635176323436978 -1.0483271977467554 0.22111804188814652
-0.41702988861794099 -1.0987512616239379 0.11788448790309369
-0.35879694526650224 -1.1423403351401653 0.0081271403160207371
-0.27934153548473623 -1.1575359999029202 -0.10416965993403808
-0.20463938890578642 -1.1595640827825255 -0.2106920096543862
-0.1392352077087336 -1.151214919139343 -0.31268275695275277
-0.063984101660197204 -1.148067229561379 -0.42327772968456867
0.039355873153102197 -1.1817439603399649 -0.53816313340073996
0.15433084436410566 -1.2394984859362355 -0.63472232800806794
0.27591569094346219 -1.3050589858387849 -0.71156620436710005
0.40837055025549851 -1.3733121080001602 -0.76727575143364124
0.55161501743184649 -1.4369179878719691 -0.80091821462703894
0.70346187800249982 -1.4894195470456544 -0.81282140120845658
0.86003415204991407 -1.5263065260962931 -0.80407870342944765
1.0170128899145481 -1.5447161553833921 -0.77654588109027556
1.1694673766254948 -1.5438676760498962 -0.73315298556174047
1.3137151506319587 -1.5250017245290413 -0.67756548129879435
1.4472694114812208 -1.4885098532334229 -0.61191363739364479
1.5679530239167283 -1.4354741791649255 -0.53893088699799641
1.6739655987840274 -1.3670290790399047 -0.4612106572738997
1.7649344862950274 -1.2860325075769627 -0.38219394775161913
1.8423806249206944 -1.1954796362699052 -0.3046874349829351
1.9074006203058216 -1.0962499227660714 -0.23024164894920995
1.9612342056830918 -0.9895152689008091 -0.1601701818477137
2.0054985762784812 -0.87628807051376523 -0.095488574175974783
2.0419830888411141 -0.75779900231180175 -0.036780161400103269
2.0728165861271015 -0.63577489803549359 0.016390573355064657
2.0982989360568363 -0.51120538287206585 0.064851677133936525
2.1192646868322167 -0.38590756645299684 0.11028311386695572
2.1358943669041643 -0.26141553586387156 0.15485412738870358
2.024401040110094 -0.12159187567346624 0.11778629303013954
1.88862749795575 -0.072135879182758766 0.017786213966986354
1.8517903655252177 0.055256265522688197 0.014073381542293519
1.8173652998418368 0.18684401870346634 0.01381405236263443
1.7827665591476882 0.31833376699896176 0.013553901307483044
1.7479704200374195 0.44971212197168131 0.013292958828724249
1.7129532761441397 0.58096576123278043 0.013031255518580254
1.677691648643695 0.71208143437020543 0.012768822096756428
1.6421621967065034 0.84304596884723915 0.012505689397573565
1.6063417278930163 0.97384627586923656 0.012241888357091028
1.5702072084889294 1.104469356216355 0.011977450000225614
1.5337357737762569 1.2349023060400837 0.011712405427870642
1.4969047382364273 1.3651323226214278 0.011446785804020134
1.4596916056815803 1.4951467100885538 0.01118062234290257
1.4220740793102584 1.6249328850917766 0.010913946296129117
1.384030071683725 1.7544783824337542 0.010646788939860598
1.3455377146191669 1.8837708606527621 0.010379181561998267
1.2067397939394044 1.9709154678832386 0.093130308280138213
1.0635407299612887 1.9319000862614175 0.21524771520552646
0.95983581228745585 1.9803667325003347 0.27119260350607205
0.85518020630664648 2.0268853320818057 0.32761009100342492
0.74909162216877201 2.0620251189733736 0.38711922250702313
0.64138008854609796 2.0843484543428494 0.44838561718043496
0.53196896369810776 2.0932069992659277 0.50954941336980974
0.42121921963734787 2.0884777403618853 0.56875750199667674
0.31020104646855901 2.0693452652860391 0.62433237637067496
0.20023494357178545 2.0356689372267107 0.67444812738355153
0.092933261179256876 1.9878554345230977 0.71724401956206074
-0.01002252614774253 1.9273179568251817 0.7514065852975178
-0.10743794261107135 1.8559928634841556 0.77603798848899719
-0.19822540513899756 1.7757152224833759 0.79054028677489385
-0.28162703661827782 1.6882711239184069 0.79437409303508544
-0.35714922166796981 1.595585758834583 0.78698413710781012
-0.424738123298943 1.4996481094875624 0.76825533662528966
-0.48491891997096637 1.4025067235103093 0.73819077198449146
-0.53825806095332929 1.3061960484788251 0.69624961696736443
-0.58617378617996851 1.2131001666101926 0.64216877796936411
-0.6307743590203293 1.1252001934970788 0.57627107061020277
-0.67498370630299287 1.0441623756252931 0.49982763044449591
-0.72073241747431571 0.97249114047969742 0.41422377524418291
-0.76990475962093108 0.91358353147373128 0.32171015671683428
-0.82408002309627559 0.87212559932824019 0.22580620095591239
-0.88395115945318803 0.838093130984506 0.12110172277677041
-0.94108599817843908 0.78357136157760676 0.0085112607894291623
-0.98732265752156911 0.71789745843037822 -0.10198974625532291
-1.0208986081012912 0.64943445856106263 -0.20925292154530672
-1.0455857213383211 0.57987604854203312 -0.31630363925092458
-1.08403084356346 0.50865188438935827 -0.42549842544191135
-1.1528223037198526 0.43817682526741975 -0.52569949134556992
-1.2352787809609547 0.36644423014490957 -0.61391472135092395
-1.3290860377912297 0.28910881685794348 -0.68807851852908841
-1.4299341876761731 0.20280190794916 -0.7457544157214151
-1.5322411234315445 0.10543994617726291 -0.7856168252394089
-1.6303597407671091 -0.0033881844592089649 -0.80703041076052118
-1.7192190954279791 -0.12253072268858345 -0.81058894927263492
-1.7946846400111558 -0.24943725049194732 -0.79792041661416979
-1.8547727064074404 -0.38099234268255711 -0.77162866665607421
-1.898058450579275 -0.51492446088164467 -0.73352170296601515
-1.9237065262784601 -0.64895043391296481 -0.68560388777674375
-1.9312649483889741 -0.78079458079393516 -0.62997355468581884
-1.921667918301047 -0.90830227011834008 -0.56909849431458492
-1.8963980207893232 -1.0302897843906287 -0.50524862223611644
-1.8568328359002959 -1.1461010111745202 -0.44023081244456985
-1.8043944798940561 -1.2554671581003471 -0.37555474372980907
-1.7403530370354385 -1.3583004180377736 -0.3125327425605246
-1.6665273444993722 -1.4548704305484053 -0.25216079125170149
-1.5845412897201403 -1.5456718417710142 -0.19498926451636034
-1.4956299512642348 -1.6309156827109301 -0.14112122163944529
-1.4012521938777442 -1.7108724999669345 -0.090126431496062226
-1.3025067485131505 -1.7856273444821738 -0.041147265753186467
-1.2001681069028938 -1.854951373417415 0.0068260425237377121
-1.0950571479235223 -1.9186294875973458 0.055066120209536287
-0.98758908740580453 -1.976075248778804 0.1046118480756599
-0.87805856842503016 -2.0265197060769786 0.15621747383050347
-0.76671828967390776 -2.069035146406117 0.21027054146703922
-0.65375397474915087 -2.1022808395234192 0.26689975339883981
-0.53943063423181947 -2.1254111750929647 0.32560612024803892
-0.42411242112752123 -2.137371555563317 0.38568427246038955
-0.30832073289544076 -2.1372518373541776 0.44615052614696654
-0.192782858880928 -2.1243015428147842 0.50585689420451807
-0.078435798246798735 -2.097802985416755 0.56352740249469901
0.033630157248394368 -2.0573876241969007 0.61772741475669501
0.14220109989149474 -2.0031712803797066 0.66707523725141027
0.24598416819822816 -1.9354496795131162 0.71017845419265158
0.34373863158303092 -1.8549651166920551 0.74565365938318173
0.4342709536381324 -1.7627883976153886 0.77221371379405901
0.51622185289135503 -1.6600946351402948 0.78812378400307193
0.58885372714786466 -1.548987140936652 0.79230598316979006
0.65151384626984299 -1.4316594244894156 0.78333333552763462
0.70409068815617093 -1.3108727057178806 0.75979089222797291
0.7472098259881228 -1.1901246604358136 0.72029607315760891
0.78310266418729568 -1.073432915563769 0.66462985949177522
0.81508779114100682 -0.96438656509713638 0.59374406497889187
0.84705954801980732 -0.86592891283894002 0.50939278660252951
0.88294050501302657 -0.78024583326051178 0.41394913088651847
0.92752756593102037 -0.71158898228006673 0.30953550085670251
0.98246758305782866 -0.65991644819378892 0.20158263986159669
1.0321910745686851 -0.60065837766207908 0.095413670601862094
1.0731897220274069 -0.53274673794716432 -0.011119246744311874
1.1030917984701458 -0.4591478618163245 -0.11972821302186562
1.1176692419227436 -0.38636470450330052 -0.22822572139520947
1.13908400636784 -0.31679244035437615 -0.33007702513482212
1.1781179009549518 -0.24583056715600543 -0.42407378884769248
1.2304835465446098 -0.17193788421770007 -0.5097123436570683
1.2923936732139096 -0.093922953790839925 -0.58424852245398229
1.3599634263919729 -0.010624971000529781 -0.64652707122120756
1.4295018448630545 0.078969127756258195 -0.69575046433264298
1.4976265786879772 0.17529259885500825 -0.73194282967223001
1.5612678362127319 0.2786003718622006 -0.75503693207303724
1.6179737117233635 0.38826094888601825 -0.76583149164155384
1.6659386754136687 0.50302456980970867 -0.7653364662640405
1.7037512679562434 0.62156097654854781 -0.75432241647167775
1.7305068443000946 0.74239049715100269 -0.73370115317445705
1.7447731097408536 0.86409733802928324 -0.70387967853700795
1.7457853009704865 0.98508320613120126 -0.66581580341585334
1.733300232295842 1.1035972637442972 -0.62067494346220231
1.7076368966121478 1.2180485085326851 -0.56982562641102896
1.6692673914789791 1.327103004309941 -0.51471151967154838
1.6183749851209186 1.429452791686584 -0.45672363238670283
1.5559276911065156 1.5244285980214713 -0.39746739672340786
1.4831375137751412 1.6119217512810113 -0.33841749544011207
1.4011829198374681 1.6921905023923387 -0.2807909188829234
1.3108044551110123 1.7655983270983058 -0.22572618796706254
1.2130791139710106 1.8327902679793182 -0.17378787299358697
1.1553716649211057 1.9444679583556044 -0.082672988576908996
1.0246742086077414 2.0120887010828468 -0.018890142697294034
0.88993175758726306 2.0019365347903935 -0.014078712900485124
0.75822660397687025 1.9838692768722521 -0.014808880368066791
0.62651257900334523 1.9648982046294619 -0.015537485776652043
0.49478985285016858 1.9450406384229293 -0.016264536934742883
0.36305860030182463 1.9243143672493066 -0.016990042321391258
0.23131900066514188 1.9027376407366035 -0.017714011080363024
0.099571237688881098 1.880329160955418 -0.018436453014056414
-0.032184500518514028 1.8571080740488697 -0.019157378577178398
-0.16394802157286265 1.8330939616843718 -0.019876798870180783
-0.29571912889994423 1.8083068323304436 -0.02059472563245953
-0.42749762182288553 1.7827671123618345 -0.021311171235319809
-0.55928329565116208 1.7564956369962941 -0.022026148674709548
-0.69107594177125919 1.729513641066361 -0.022739671563724931
-0.82287534773890825 1.7018427496296358 -0.023451754124890534
-0.95468129737286211 1.6735049684210324 -0.024162411182217444
-1.0624381160700145 1.7330141705622089 -0.09361472866492293
-1.2165836345151626 1.7603242880455869 -0.12903831329628343
-1.3279154959367121 1.6950810259983458 -0.092305982350452828
-1.4265223598031562 1.6166712449577247 -0.04861070595734255
-1.5225982700964069 1.5342165121547897 -0.0030699457005021798
-1.6145286883227201 1.4479596359531546 0.046058744140713224
-1.700387500306952 1.3579098243211913 0.099930412694662518
-1.7785973180239751 1.263887271914653 0.15888667900434167
-1.848024076680568 1.1654574203410388 0.22273520642069591
-1.9071783062038139 1.0619192671933648 0.2910676295502313
-1.9536066587252994 0.95227223215344803 0.36272564758886344
-1.9855858652974203 0.8361806604499995 0.43616881706900318
-2.0012620191235406 0.71372663666421132 0.50946481326897508
-1.9989015496141711 0.58559724875263175 0.58019827874764252
-1.9772845461994262 0.45328980869687108 0.64608648043745098
-1.9350683710263117 0.31925189810230037 0.70375691826525466
-1.8727025045149717 0.18626428837917597 0.7504275751158348
-1.7914910743564958 0.056853446823198539 0.78393409155854055
-1.6930188058765776 -0.065958952379951752 0.8020162228347425
-1.5802572869937077 -0.17885667383840387 0.8014912828039813
-1.4584368068761524 -0.27893143938805487 0.77982211370997712
-1.3339737688963442 -0.36617805097462419 0.73664761154048308
-1.2127811732707445 -0.44357196218490536 0.67255798115586318
-1.0990126578092152 -0.515614716402232 0.5884609516997853
-0.99692889138694973 -0.58892566073113406 0.48334344163304099
-0.94059427322026268 -0.66084892625634972 0.3684113258690781
-0.91324695587549332 -0.72366998505038937 0.26495513529921361
-0.88144971838723085 -0.78729528969352747 0.16222080664407401
-0.83542030561333169 -0.85252567388845124 0.054299095604676322
-0.77378455376045541 -0.90292400218247137 -0.057016558803178415
-0.70262486248877265 -0.92080749091315939 -0.16249708626321785
-0.63240721089228868 -0.94221518832529494 -0.26609704159086212
-0.57087079978766797 -0.98463379166599596 -0.36817140951901528
-0.51671818742528519 -1.0408949514931913 -0.46363054337473553
-0.46832589236473698 -1.106827849483988 -0.55015681064086663
-0.42382464636317108 -1.1798418484994868 -0.62674502158657375
-0.38108364170796477 -1.2586781175055684 -0.69332581166095897
-0.33673999676755134 -1.3433355100984701 -0.74865599060684673
-0.28777441363018241 -1.4328558172213071 -0.79195432059321336
-0.23256619742510981 -1.5254305289184202 -0.82351063084909504
-0.17020272406929582 -1.6192448263218173 -0.84319254517514142
-0.10042102442382679 -1.7125122521517311 -0.85077475418233561
-0.021920955503695924 -1.8022233298570871 -0.84517705521031483
0.065379313871881631 -1.8852367308862847 -0.82627382451209319
0.16025740575091552 -1.9587416606825996 -0.79468523605997143
0.26133752980689301 -2.019954123192897 -0.75148807584663491
0.3664744822786985 -2.0674845572100518 -0.69833591792514937
0.47405909061547002 -2.0989768286699637 -0.63714462905757552
0.58241761639425071 -2.1136508115173189 -0.57042447407178665
0.69019420171303525 -2.1126669127342823 -0.50061643422438873
0.79692261844129209 -2.0964453629551705 -0.43022458022906673
0.90270088591154107 -2.0660070685247636 -0.36172191114313701
1.0077218243136701 -2.0227232363632299 -0.2970279286038599
1.1122292011438204 -1.9683834994637266 -0.23725084468337415
1.2165157098615407 -1.9050059663748926 -0.18242318061670501
1.3206980113115097 -1.8343581451247672 -0.1315308462996532
1.4243315277919188 -1.7577374750890631 -0.082536684992210174
1.5271998499034121 -1.676321664896949 -0.03319951739171801
1.6272814869378232 -1.5901228116668085 0.019231113137452786
1.7226097770130746 -1.499287989549553 0.076633047536484977
1.8113180384785919 -1.4034957292545454 0.14003675335763519
1.89087398453357 -1.30202989478081 0.2095627007992491
1.9594465166217434 -1.1941153024360252 0.28453437588891767
2.0139648379707924 -1.0788286157050213 0.36339422853391129
2.0521565551779877 -0.95608173960412723 0.4439676745506918
2.0722811856819274 -0.82615355285488046 0.52381738636574604
2.0721835132678703 -0.69032013433441097 0.59989467196839086
2.0509657407699589 -0.55054583013344249 0.66922051419338069
2.0079057900981256 -0.40982885279158687 0.72834806971969601
1.9440968770465672 -0.27167343793159898 0.77432077821788436
1.8617817098216372 -0.13893306617636275 0.80503456429011344
1.7637409255854506 -0.014474407832115288 0.81862046544985623
1.653586242258867 0.098996728811333479 0.8133632481883406
1.5367378676134424 0.19849339391631773 0.78731581944282514
1.419845977666421 0.2839167846286661 0.74120476354952869
1.3087028003165042 0.35771816850177557 0.6765138292832078
1.2079203646069037 0.42362900070280474 0.59550832212646831
1.1209646177161643 0.48638725338107858 0.50004735649180976
1.053819715815892 0.55048639645030906 0.39148129072574872
1.0218373422243698 0.61553511133873196 0.27850994282891267
0.99429225030047175 0.677445449064904 0.16943954724354571
0.95518608369187374 0.73839083297370989 0.058584317682879875
0.90451265951083737 0.79461967805575706 -0.055632646905148901
0.84475975935257119 0.83166976451856689 -0.16895799988119081
0.78659648163088003 0.86257491349455484 -0.27547744746050445
0.73447183680909489 0.91071414083203872 -0.377500084165309
0.68826673141016359 0.97712768940156092 -0.47294200784225271
0.64542593852045149 1.0565714605042622 -0.55820780239963419
0.60336776138684645 1.1454037066459541 -0.63123517332204371
0.55959215708248888 1.240464561059343 -0.69089417509025863
0.5115242550760748 1.3391699555407077 -0.73673737178854715
0.45717095359708892 1.4392290755305226 -0.76873933898660918
0.39552638635270487 1.5382649282783865 -0.78760618337954436
0.32634678563371555 1.634124550362086 -0.79414124077569681
0.24998443401539261 1.7249106419289755 -0.78911869880556085
0.16641485424846836 1.808524002717067 -0.77272569612826136
0.076180549953455162 1.8831566122057339 -0.7456904662214503
-0.019846842698311343 1.947119757521474 -0.70904937461805417
-0.12057158639774525 1.9989194512184068 -0.66388166674771321
-0.22451759145814904 2.0377791178575047 -0.61173076330390208
-0.33056610501015965 2.0626632282134838 -0.55412556756678033
-0.43763155764315653 2.0734859272015607 -0.49288222290868494
-0.54475075523844474 2.0708367899492357 -0.42982933972163856
-0.65138428883310917 2.0554472768644629 -0.36662750026238022
-0.75728812749481511 2.0285822379882386 -0.30469676191429773
-0.86248558714979351 1.9909743358285774 -0.24526580645873763
-0.96695025736370199 1.9439761950665588 -0.18882739132414664
-1.2149336325314577 1.9359004878709201 -0.12108060340754986
-1.0957367873252828 1.6900240228923156 -0.034270459155105126
-0.95413037300161274 1.638992425342584 -0.034990121698583496
-0.8303736983415505 1.589948279855905 -0.032669618862961575
-0.70711927602941149 1.5400535994739757 -0.030348054234702888
-0.58437361805517285 1.4892973565779255 -0.028025408187656135
-0.46214295867842947 1.4376689938686726 -0.025701661717928231
-0.34043325177447081 1.3851584288612142 -0.023376796451288186
-0.21925016829351718 1.3317560581871561 -0.021050794650311372
-0.098599093834173743 1.2774527617039702 -0.018723639221264368
0.021514873668109294 1.2222399064094074 -0.016395313720725876
0.14108692613664334 1.1661093501596649 -0.014065802361942744
0.26011254743246359 1.1090534451898921 -0.011735090020917131
0.37858751531576085 1.0510650414357814 -0.009403162242224811
0.49650790328910877 0.99213748965499771 -0.0070700052445616755
0.61387008232186391 0.93226464434724643 -0.0047356059260151746
0.73067072245497511 0.87144086647196584 -0.0023999518690614062
0.84690679428570348 0.80966102596256906 -6.3031345283993956e-05
0.96257557033161834 0.74692050403633725 0.00227516668018526
1.0776746262734636 0.68321519529903951 0.0046146525445076502
1.1922018420762941 0.61854150964355115 0.0069554358832595534
1.3061554029885512 0.55289637394169477 0.0092975256268385004
1.4195338004186338 0.48627723352869667 0.011640929997153158
1.5323358326887067 0.41868205347962695 0.013985656504600215
1.644560605665351 0.35010931967739067 0.016331711945326927
1.7562075332668425 0.28055803967181192 0.018679102398781323
1.8672763378469273 0.21002774332942886 0.021027833225552059
1.9777670504547886 0.13851848327378619 0.023377909065496236
2.0876800109712121 0.066030835115974407 0.025729333836157789
