Component 1 of 1:
-31.164492 -13.165035 5.744471
-31.209209 -14.049712 5.059592
-31.195333 -14.922260 4.358034
-31.123074 -15.780263 3.642266
-30.992869 -16.621398 2.914767
-30.805344 -17.443433 2.178011
-30.561284 -18.244227 1.434454
-30.261587 -19.021719 0.686523
-29.907244 -19.773916 -0.063378
-29.499315 -20.498879 -0.812867
-29.038925 -21.194710 -1.559574
-28.527272 -21.859554 -2.301130
-27.965643 -22.491596 -3.035166
-27.355439 -23.089075 -3.759309
-26.698197 -23.650302 -4.471186
-25.995610 -24.173683 -5.168435
-25.249545 -24.657740 -5.848719
-24.462045 -25.101130 -6.509745
-23.635322 -25.502668 -7.149276
-22.771748 -25.861330 -7.765149
-21.873831 -26.176257 -8.355280
-20.944191 -26.446748 -8.917673
-19.985541 -26.672252 -9.450411
-19.000663 -26.852346 -9.951655
-17.992399 -26.986728 -10.419627
-16.963641 -27.075198 -10.852609
-15.917332 -27.117654 -11.248928
-14.856472 -27.114095 -11.606961
-13.784124 -27.064622 -11.925136
-12.703419 -26.969460 -12.201947
-11.617561 -26.828974 -12.435970
-10.529820 -26.643693 -12.625889
-9.443524 -26.414327 -12.770513
-8.362039 -26.141790 -12.868804
-7.288747 -25.827203 -12.919885
-6.227020 -25.471909 -12.923056
-5.180193 -25.077462 -12.877795
-4.151535 -24.645629 -12.783756
-3.144228 -24.178380 -12.640768
-2.161342 -23.677882 -12.448832
-1.205803 -23.146489 -12.208126
-0.280368 -22.586739 -11.919013
0.612424 -22.001345 -11.582061
1.470297 -21.393182 -11.198066
2.291303 -20.765267 -10.768079
3.073896 -20.120728 -10.293434
3.817002 -19.462753 -9.775764
4.520098 -18.794529 -9.217016
5.183268 -18.119164 -8.619439
5.807243 -17.439591 -7.985570
6.393413 -16.758477 -7.318197
6.943801 -16.078123 -6.620317
7.461003 -15.400379 -5.895087
7.948090 -14.726565 -5.145773
8.408481 -14.057416 -4.375713
8.845797 -13.393051 -3.588275
9.263696 -12.732953 -2.786842
9.665715 -12.075986 -1.974791
10.055113 -11.420420 -1.155492
10.434738 -10.763984 -0.332309
10.806909 -10.103935 0.491395
11.173338 -9.437145 1.312252
11.535069 -8.760206 2.126877
11.892461 -8.069552 2.931868
12.245189 -7.361590 3.723799
12.592280 -6.632841 4.499223
12.932169 -5.880086 5.254682
13.262779 -5.100499 5.986724
13.581607 -4.291772 6.691932
13.885833 -3.452212 7.366960
14.172425 -2.580809 8.008578
14.438244 -1.677275 8.613715
14.680149 -0.742045 9.179511
14.895080 0.223753 9.703350
15.080138 1.218351 10.182900
15.232643 2.239412 10.616124
15.350178 3.284109 11.001299
15.430618 4.349215 11.337014
15.472149 5.431178 11.622163
15.473277 6.526203 11.855937
15.432827 7.630313 12.037815
15.349940 8.739419 12.167552
15.224067 9.849368 12.245168
15.054954 10.955996 12.270940
14.842628 12.055171 12.245385
14.587375 13.142829 12.169251
14.289721 14.215005 12.043493
13.950401 15.267860 11.869258
13.570339 16.297691 11.647855
13.150615 17.300945 11.380738
12.692447 18.274216 11.069478
12.197168 19.214242 10.715748
11.666215 20.117899 10.321308
11.101116 20.982195 9.887996
10.503487 21.804269 9.417724
9.875032 22.581386 8.912485
9.217545 23.310953 8.374349
8.532912 23.990525 7.805475
7.823111 24.617829 7.208111
7.090214 25.190777 6.584596
6.336376 25.707493 5.937355
5.563830 26.166320 5.268892
4.774872 26.565841 4.581776
3.971850 26.904869 3.878630
3.157142 27.182453 3.162109
2.333149 27.397853 2.434892
1.502282 27.550534 1.699669
0.666953 27.640134 0.959128
-0.170429 27.666457 0.215957
-1.007455 27.629449 -0.527159
-1.841717 27.529202 -1.267537
-2.670806 27.365946 -2.002492
-3.492313 27.140069 -2.729338
-4.303830 26.852127 -3.445388
-5.102954 26.502865 -4.147962
-5.887305 26.093241 -4.834396
-6.654533 25.624438 -5.502055
-7.402337 25.097875 -6.148351
-8.128478 24.515210 -6.770756
-8.830797 23.878333 -7.366819
-9.507226 23.189350 -7.934175
-10.155792 22.450570 -8.470550
-10.774621 21.664479 -8.973766
-11.361940 20.833721 -9.441740
-11.916074 19.961088 -9.872474
-12.435439 19.049501 -10.264054
-12.918548 18.102011 -10.614648
-13.364008 17.121798 -10.922503
-13.770533 16.112174 -11.185953
-14.136949 15.076592 -11.403429
-14.462220 14.018647 -11.573475
-14.745469 12.942081 -11.694771
-14.986005 11.850771 -11.766158
-15.183350 10.748721 -11.786663
-15.337271 9.640035 -11.755521
-15.447808 8.528888 -11.672205
-15.515294 7.419482 -11.536441
-15.540382 6.316001 -11.348228
-15.524053 5.222555 -11.107852
-15.467631 4.143111 -10.815900
-15.372782 3.081430 -10.473267
-15.241506 2.040987 -10.081170
-15.076127 1.024888 -9.641144
-14.879261 0.035789 -9.155053
-14.653775 -0.924190 -8.625071
-14.402736 -1.853541 -8.053674
-14.129335 -2.751431 -7.443610
-13.836809 -3.617744 -6.797865
-13.528340 -4.453095 -6.119620
-13.206956 -5.258815 -5.412204
-12.875420 -6.036897 -4.679048
-12.536129 -6.789913 -3.923644
-12.191012 -7.520902 -3.149510
-11.841448 -8.233240 -2.360163
-11.488194 -8.930495 -1.559104
-11.131335 -9.616287 -0.749807
-10.770264 -10.294143 0.064277
-10.403677 -10.967369 0.879726
-10.029611 -11.638941 1.693134
-9.645505 -12.311401 2.501108
-9.248292 -12.986784 3.300262
-8.834519 -13.666553 4.087210
-8.400494 -14.351559 4.858568
-7.942443 -15.042016 5.610959
-7.456681 -15.737503 6.341033
-6.939771 -16.436978 7.045489
-6.388675 -17.138826 7.721119
-5.800876 -17.840918 8.364849
-5.174474 -18.540700 8.973792
-4.508234 -19.235283 9.545300
-3.801603 -19.921548 10.077004
-3.054689 -20.596251 10.566846
-2.268208 -21.256107 11.013094
-1.443418 -21.897875 11.414339
-0.582031 -22.518416 11.769481
0.313865 -23.114732 12.077699
1.241886 -23.683992 12.338421
2.199416 -24.223542 12.551287
3.183656 -24.730907 12.716122
4.191668 -25.203791 12.832911
5.220397 -25.640076 12.901794
6.266695 -26.037826 12.923056
7.327338 -26.395294 12.897131
8.399045 -26.710932 12.824615
9.478494 -26.983400 12.706262
10.562354 -27.211578 12.542993
11.647303 -27.394562 12.335889
12.730053 -27.531664 12.086178
13.807374 -27.622398 11.795214
14.876104 -27.666457 11.464461
15.933158 -27.663691 11.095461
16.975528 -27.614085 10.689821
18.000277 -27.517732 10.249190
19.004529 -27.374822 9.775256
19.985462 -27.185635 9.269741
20.940305 -26.950541 8.734409
21.866341 -26.670011 8.171074
22.760912 -26.344633 7.581613
23.621442 -25.975128 6.967972
24.445454 -25.562366 6.332175
25.230598 -25.107375 5.676321
25.974669 -24.611348 5.002578
26.675629 -24.075634 4.313170
27.331614 -23.501729 3.610364
27.940933 -22.891256 2.896451
28.502064 -22.245941 2.173733
29.013629 -21.567594 1.444511
29.474378 -20.858084 0.711078
29.883162 -20.119327 -0.024279
30.238912 -19.353275 -0.759279
30.540630 -18.561919 -1.491632
30.787381 -17.747293 -2.219036
30.978308 -16.911484 -2.939169
31.112649 -16.056649 -3.649685
31.189772 -15.185026 -4.348218
31.209209 -14.298939 -5.032393
31.170689 -13.400800 -5.699840
31.074173 -12.493102 -6.348215
30.919869 -11.578404 -6.975219
30.708236 -10.659311 -7.578617
30.439981 -9.738451 -8.156248
30.116032 -8.818458 -8.706032
29.737517 -7.901955 -9.225966
29.305730 -6.991548 -9.714116
28.822109 -6.089822 -10.168604
28.288218 -5.199344 -10.587601
27.705740 -4.322673 -10.969313
27.076487 -3.462359 -11.311985
26.402409 -2.620949 -11.613910
25.685617 -1.800977 -11.873439
24.928406 -1.004958 -12.089004
24.133270 -0.235363 -12.259145
23.302915 0.505403 -12.382535
22.440266 1.215028 -12.457997
21.548459 1.891328 -12.484532
20.630836 2.532268 -12.461321
19.690921 3.136001 -12.387742
18.732408 3.700890 -12.263374
17.759132 4.225540 -12.088003
16.775047 4.708832 -11.861633
15.784189 5.149957 -11.584501
14.790636 5.548460 -11.257094
13.798457 5.904281 -10.880178
12.811638 6.217806 -10.454821
11.834002 6.489904 -9.982415
10.869105 6.721966 -9.464694
9.920132 6.915918 -8.903735
8.989774 7.074216 -8.301946
8.080132 7.199818 -7.662041
7.192623 7.296113 -6.986994
6.327917 7.366835 -6.279993
5.485909 7.415936 -5.544385
4.665726 7.447446 -4.783621
3.865768 7.465315 -4.001216
3.083778 7.473254 -3.200713
2.316938 7.474574 -2.385665
1.561968 7.472045 -1.559623
0.815246 7.467775 -0.726132
0.072916 7.463112 0.111267
-0.669003 7.458591 0.949033
-1.414503 7.453905 1.783617
-2.167482 7.447922 2.611460
-2.931631 7.438737 3.428985
-3.710325 7.423761 4.232599
-4.506510 7.399832 5.018690
-5.322590 7.363362 5.783642
-6.160334 7.310484 6.523851
-7.020798 7.237219 7.235762
-7.904271 7.139631 7.915912
-8.810262 7.013976 8.560982
-9.737517 6.856824 9.167858
-10.684077 6.665162 9.733685
-11.647361 6.436460 10.255913
-12.624268 6.168712 10.732331
-13.611291 5.860443 11.161084
-14.604634 5.510701 11.540671
-15.600306 5.119018 11.869929
-16.594219 4.685377 12.148017
-17.582255 4.210160 12.374384
-18.560325 3.694111 12.548743
-19.524414 3.138285 12.671055
-20.470611 2.544019 12.741505
-21.395144 1.912897 12.760495
-22.294399 1.246720 12.728638
-23.164943 0.547477 12.646747
-24.003543 -0.182678 12.515829
-24.807183 -0.941457 12.337075
-25.573066 -1.726470 12.111838
-26.298620 -2.535248 11.841614
-26.981485 -3.365273 11.528021
-27.619499 -4.213998 11.172767
-28.210675 -5.078863 10.777631
-28.753180 -5.957307 10.344446
-29.245317 -6.846770 9.875088
-29.685505 -7.744687 9.371471
-30.072288 -8.648488 8.835556
-30.404337 -9.555591 8.269356
-30.680473 -10.463401 7.674953
-30.899699 -11.369311 7.054500
-31.061222 -12.270718 6.410235
