28.449777999999998 -0.0040130000000000001 -0.001464
28.423021225661248 1.0438061975411801 0.3913336053946726
28.342373563092448 2.0891192027332162 0.78343939818083319
28.207978677407159 3.1294090223864912 1.1741627048997545
28.02007818469232 4.1621628269421951 1.5628038006114433
27.779010582245057 5.1848693934514856 1.9486611900908726
27.48521373905988 6.1950222688757171 2.3310250632527643
27.139229073190002 7.1901228971723237 2.7091734612969693
26.741695811324416 8.1676800692658329 3.0823697176710625
26.293365954464853 9.1252164668994737 3.4498610170068589
25.795099246706489 10.06027138422739 3.8108698196439419
25.247870140516852 10.970405056904399 4.1645943733876338
24.652778863962379 11.853209465685341 4.5102041196779412
24.011047956070705 12.706309000981188 4.8468422978131951
23.324038158790533 13.527376121979099 5.1736270134509343
22.593244383714314 14.314134190893091 5.4896545833076713
21.820305789403751 15.064370092931545 5.7940105468520642
21.007001710436704 15.775938156210456 6.0857762336135854
20.155253232561673 16.4467666084313 6.364043910813729
19.267117643339162 17.074858940895908 6.6279259428579751
18.344780152529175 17.658288957217511 6.8765639566540724
17.390546072726078 18.195193660444431 7.1091320588076528
16.406831470940904 18.683757310125173 7.3248350278386933
15.396160069252655 19.122200266650399 7.5228932881240267
14.361159673987961 19.50875549971693 7.702516596183858
13.304571968729386 19.84166193153251 7.8628608796576405
12.229267771785828 20.119153334572385 8.0029792214069531
11.138275426448281 20.339474937808792 8.1217518175061159
10.034817068395299 20.500913176926698 8.2178203612658525
8.9223507009423422 20.601858102129459 8.2895099010502395
7.8046132711194645 20.640897129490011 8.3347696461574081
6.6856553461299439 20.616945288563517 8.3511282233625188
5.5698579708872149 20.529399409651923 8.3356780222851956
4.4619210058653795 20.37832726443845 8.2850981483702189
3.3668125019757289 20.164659301317254 8.1957249919084347
2.2896709353859501 19.890373105263766 8.0636785003420712
1.2356538979572267 19.558654301581182 7.8850360181997177
0.20973823724647134 19.173993470171098 7.6560486581911933
-0.78352450493513148 18.742210502955864 7.3733917407732505
-1.7402831854669989 18.27038401650784 7.0344289118611867
-2.6576650506345461 17.76666962592542 6.6374565105482795
-3.5340408761484268 17.240018046325538 6.1819232681731435
-4.369235335859539 16.699796178572576 5.6685808607255197
-5.1646684918527646 16.155343384779655 5.0995725462309256
-5.9233991412053948 15.615501422563696 4.478432261820692
-6.6500639883865507 15.088149050666919 3.8100176990596299
-7.3507050995085903 14.57978980516288 3.1003723526007656
-8.0324927423389312 14.095215289057023 2.3565447730727414
-8.7033730385293477 13.637271729341588 1.5863917487837806
-9.3716401194238959 13.206749023338865 0.79835684532912587
-10.04548969758422 12.802373581757397 0.0012760892351947328
-10.732560700964806 12.42092830005997 -0.79582078253100386
-11.439462390036105 12.05741283995439 -1.5839046786969426
-12.171401784280681 11.705372655983012 -2.3541389352442472
-12.931849198339021 11.357231426631961 -3.0980769467098819
-13.722320564526948 11.004688455616057 -3.8078600958834254
-14.542259180964713 10.639138416160449 -4.4764363698363594
-15.389061573666163 10.252095357946828 -5.0977577273801202
-16.258229114396229 9.8356030231689449 -5.6669634870613077
-17.143640912422537 9.3825869819525778 -6.1805122738741716
-18.037921809194525 8.8871430016437447 -6.6362578378641768
-18.932875330930319 8.3447339698243201 -7.0334422591333396
-19.81993578163997 7.7522900669013293 -7.3726136785262231
-20.690603627387528 7.1082162783391443 -7.6554720598123129
-21.536820968466088 6.4123026177348112 -7.8846500659094687
-22.35126812802697 5.6655755048880021 -8.0634709733636925
-23.127564705491725 4.8700963195531273 -8.1956817782225571
-23.860369413598992 4.0287363037119901 -8.2852073439663911
-24.545396204073239 3.1449538928012259 -8.3359264779099878
-25.179351762938715 2.2225849257485182 -8.3515039409312308
-25.759824635503328 1.2656650728893779 -8.3352616003480886
-26.285142350589979 0.27828868937680584 -8.2901100204842511
-26.754218050434886 -0.73549318032696243 -8.2185206885830517
-27.166405568803103 -1.7717374676760953 -8.1225463171578234
-27.521368599771986 -2.8266441487258307 -8.0038618267607653
-27.818977198445342 -3.8965662567337578 -7.8638276137478629
-28.059239268577457 -4.9780025502840628 -7.7035644831598074
-28.242246196331489 -6.0675837755087345 -7.524019100983697
-28.368154730028806 -7.1620542875861402 -7.3260359007123226
-28.437180009107305 -8.2582550111128636 -7.1104062576204221
-28.449604167050143 -9.3531102596322988 -6.8779091286641707
-28.405792213182242 -10.443620398264786 -6.6293410900937539
-28.306205101297618 -11.526858009694651 -6.3655281973320204
-28.151420612493361 -12.599968393937012 -6.0873284927684113
-27.942142198696533 -13.660173486145011 -5.7956307306610428
-27.679204269573511 -14.704775355537256 -5.4913428109685789
-27.363574575686251 -15.731161540675741 -5.1753830882368801
-26.99635332879587 -16.736809319430069 -4.8486675312378251
-26.578761426045592 -17.719285796734507 -4.5120971295199412
-26.112134051031617 -18.676251379634504 -4.166555330112808
-25.597913667937053 -19.60545958941848 -3.8128978997050784
-25.03763341888358 -20.504753869825496 -3.4519538281714062
-24.432913592389102 -21.372068706765774 -3.0845243961329305
-23.785448741905842 -22.205424901762125 -2.7113851487746725
-23.09700510273596 -23.002931441451214 -2.3332905238892603
-22.369413306256469 -23.762781671685762 -1.9509747331366565
-21.604562924494676 -24.48325262634372 -1.5651590521571088
-20.804400968452111 -25.162704712595453 -1.1765530407565072
-19.970930386376203 -25.799583972112838 -0.78585980653138021
-19.106205223742812 -26.392418016182091 -0.39377757942494873
-18.212333167822376 -26.939820060044017 -0.00099939197944670655
-17.291464540496563 -27.440475728150943 0.39178021210528702
-16.345813912227847 -27.893180974096122 0.78386835978224978
-15.377634363951536 -28.296802634804614 1.1745696584993768
-14.389228284612321 -28.650297263380772 1.5631875655516252
-13.38294333119784 -28.952708852205092 1.9490191969508375
-12.361172468427242 -29.203170612628192 2.3313551098629199
-11.326351893018083 -29.400906564270667 2.7094737719275139
-10.280961011139643 -29.545233739909598 3.0826409338309833
-9.2275208709024543 -29.635569930399196 3.4501034594164173
-8.1685919074573068 -29.671434511128982 3.8110853799827753
-7.106772542381468 -29.652455927256064 4.1647851211977107
-6.0446970446815484 -29.578383178566657 4.510374785934256
-4.9850311302549208 -29.44909003815906 4.8469963468602018
-3.9304692556426621 -29.26458826449938 5.1737688729575124
-2.8837289490638818 -29.025032798021073 5.4897896626562162
-1.8475442759724332 -28.730735041478852 5.7941425706414202
-0.82466314108333783 -28.382158512350301 6.0859103585652559
0.18216162939760883 -27.979929880764377 6.3641821644479473
1.1701713132662324 -27.524827640862036 6.6280710652645052
2.1366055238973938 -27.017779881328309 6.8767181717139252
3.0786975137197148 -26.459848606492223 7.1092964202450704
3.9936677252477177 -25.852219746044089 7.325012244655686
4.8787122517694392 -25.196186260199848 7.5230835439002641
5.7309879491579174 -24.49314182109956 7.7027219565073395
6.547598909963944 -23.744579820005939 7.8630841736003045
7.3255818599948537 -22.952104236278167 8.0032224447927902
8.0619029986461808 -22.117460183789571 8.1220220049054763
8.753469018697638 -21.242581236731144 8.2181214393066107
9.3971578052078879 -20.329657098549418 8.2898498640222993
9.9898770613527859 -19.38121597614721 8.335157569326368
10.528661431934713 -18.400221570376058 8.3515749897350204
11.010798570278329 -17.390165127120273 8.3361946371855318
11.433993734047901 -16.355147708962964 8.2856946046007742
11.796568080373719 -15.299935460440089 8.1964131898100749
12.097662826179324 -14.229965370639457 8.0644695056136246
12.337451948598902 -13.15129484958835 7.8859379331474111
12.517334358430027 -12.070478897013885 7.657068270406814
12.640071268337028 -10.994369286615527 7.3745331121808819
12.709862717368697 -9.9298413188472097 7.0356930579225407
12.732336056594967 -8.8834629220466947 6.6388404687495193
12.714425264678429 -7.861122709533003 6.1834211937098775
12.664152061258671 -6.8676593638981061 5.6701833595563391
12.590317069113171 -5.9065169193425975 5.1012661271016508
12.50210961727989 -4.9794701864636517 4.4802020379588834
12.408673549371203 -4.0864475024982925 3.8118454398581987
12.31866508942004 -3.2254709627242182 3.102238869795964
12.239822806454235 -2.3927281856881795 2.3584313113134261
12.178590130994092 -1.5827643132179505 1.5882771430175313
12.139801825593013 -0.78879052989300091 0.8002220677560743
12.126457042361418 -0.0030734969515168187 0.0031015332236000726
12.139593515593338 0.78261243617906984 -0.79405311669592094
12.178188598887408 1.5764945812012199 -1.5822099992257723
12.239259230054174 2.3863109105576834 -2.3525321803332297
12.317982504972138 3.2188592203933188 -3.0965700157752241
12.407927140538526 4.0796059443660386 -3.8064634405690514
12.501362432853973 4.9723761501480723 -4.4751573862864431
12.589640291581915 5.8991615071869168 -5.0966014761146079
12.66361770491091 6.8600480998853559 -5.6659322711713749
12.714106361620694 7.8532748720844578 -6.1796066772853955
12.732301588372655 8.8754093411135262 -6.6354762989459219
12.71017360976783 9.9216237614960079 -7.0327803891562786
12.640779467179067 10.986035272162207 -7.372067624102832
12.51848190348414 12.062081677546322 -7.6550337237054862
12.339068596742806 13.142888474178918 -7.8843144853784981
12.099765599797903 14.221603334637813 -8.0632300203903391
11.799164704559239 15.29166831999062 -8.1955296750129119
11.437079270187274 16.347020979210367 -8.2851349935947134
11.014360940808951 17.382218803807234 -8.3359299097619903
10.532682043781199 18.392489768061019 -8.3515761554849899
9.9943323186159283 19.373726744405708 -8.3353986181095063
9.4020214710647156 20.32243321482823 -8.2903058878557534
8.7587132404977392 21.235640919578021 -8.2187733530785199
8.0674999662785893 22.110818101561534 -8.1228518447272258
7.3315037717888494 22.945772158374204 -8.0042172423624898
6.5538205791682493 23.738568922960084 -7.8642319062700352
5.7374851887821929 24.487462232130483 -7.7040135882251368
4.8854621855030036 25.19084784402034 -7.5245120913706307
4.0006500656429047 25.8472339946746 -7.3265708813380703
3.0858922443055086 26.45522719041514 -7.110980903690308
2.1439928932788708 27.01353408032114 -6.8785238124048087
1.1777327459061271 27.520970794990166 -6.629993716318114
0.18987745861235519 27.976472280144215 -6.3662156512310561
-0.81681204984447275 28.379113116835274 -6.0880506317236582
-1.8395788055113405 28.728110457868723 -5.796384939798843
-2.8756693337461727 29.02283833971719 -5.4921277630872298
-3.9223369702091029 29.262828579245443 -5.176196164654745
-4.9768474266334533 29.447770344883562 -4.8495064422138592
-6.0364834547237853 29.577505380428057 -4.5129608315902825
-7.098550887321764 29.652019008811031 -4.1674411692382014
-8.1603830085602542 29.671435487057263 -3.8138034968809791
-9.2193455857837847 29.636004749665755 -3.4528773484433972
-10.272839373954874 29.546095472887412 -3.0854639267005584
-11.318302715568707 29.402187287440466 -2.7123379479296168
-12.353214943370439 29.204863089627199 -2.3342550305866134
-13.375095513106446 28.954803296745595 -1.9519492102117113
-14.381507309297426 28.652784659445516 -1.5661406261489894
-15.370057906586869 28.299673718038463 -1.1775414933968869
-16.3383984731948 27.896426917290281 -0.78685216573425676
-17.284227659550229 27.444087772343259 -0.394772181684377
-18.205290711234007 26.943787341100997 -0.0019958089246930781
-19.099374084033379 26.39673238013739 0.3907849781328025
-19.964327296547459 25.804236805005534 0.7828758096147429
-20.798043193085988 25.167686183247124 1.1735812173190334
-21.59846708582322 24.488552989563452 1.5622052313402268
-22.36359651756635 23.768391813541022 1.9480459728988953
-23.09148450941418 23.008840223636895 2.3303913857093268
-23.780240735514354 22.211620870853157 2.7085223616655876
-24.428034250493852 21.378538878870703 3.0817034674364954
-25.033099511388915 20.511485631611308 3.4491816046200268
-25.593738996077967 19.612437820637012 3.8101818601663719
-26.108333404961922 18.683460325533968 4.1639013640301217
-26.575346458751426 17.726708118172514 4.5095129852126945
-26.993336168809194 16.744426830366521 4.8461592925820387
-27.360963540641933 15.738954470054143 5.1729580109972835
-27.677005922977528 14.712722924821968 5.4890075020943625
-27.940360845568051 13.668253802900466 5.7933904768975673
-28.150060181909346 12.608159676518014 6.0851892232280012
-28.305266503564937 11.535137919583626 6.3634957396758747
-28.405275580327526 10.45196622760508 6.6274196422790901
-28.449510460760052 9.3614995813672017 6.8761035537667343
-28.437507280558822 8.2666651349696458 7.1087207196065068
-28.368901987914693 7.1704628196041007 7.324476265199638
-28.243414441715622 6.0759674759574214 7.5225894310149082
-28.060829609564308 4.9863379988444878 7.7022716744016533
-27.820992329755448 3.9048287846055194 7.8626789350866702
-27.52381075970025 2.8348080084665117 8.0028660736312887
-27.169279721481882 1.7797745171999719 8.1217145051400159
-26.757526477853006 0.74337407649637188 8.2178667468431783
-26.288884826086043 -0.27059466430753853 8.2896520130619393
-25.764001137806904 -1.2581919510841209 8.3350195228680874
-25.183954622703826 -2.2153662245285131 8.3515007720726704
-24.55041317339364 -3.1380241148640087 8.3361882296720644
-23.865781059320419 -4.0221290576194848 8.2857619771628528
-23.133342306794745 -4.8638420732042702 8.1965603907297684
-22.357373604055208 -5.6596996385581892 8.0647024680224835
-21.543208092267239 -6.406825404374116 7.8862645762549279
-20.697218341138786 -7.1031499107459828 7.6574946409450302
-19.826715430320188 -7.7476351581668705 7.3750661741960748
-18.939753749718303 -8.3404809527313706 7.0363390017673737
-18.044832430058275 -8.8832727020811415 6.6396051430952081
-17.150516820130996 -9.3790660372442396 6.1843078705621748
-16.265009730786552 -9.8323882005177197 5.6711937309406366
-15.39569246029356 -10.249132870081358 5.10240149726748
-14.548700129318437 -10.636369281849365 4.4814596566495917
-13.728543771354436 -11.002048050084269 3.813220958718758
-12.937842427385096 -11.354652631830625 3.1037246512552801
-12.177166310858441 -11.702789769428739 2.3600185872122226
-11.445018396377293 -12.054764105397616 1.5899524465547841
-10.737939000995642 -12.41816121141504 0.80197339950910995
-10.050735612411966 -12.799443232441069 0.0049125415658001969
-9.3768069434264021 -13.203623427560416 -0.79220037883272543
-8.7085189547582207 -13.633933842820616 -1.5803335027690362
-8.0376826374849983 -14.091663305260775 -2.3506521029805256
-7.3559994866305676 -14.576037502031619 -3.0947059059304438
-6.6555216368902377 -15.084224476242239 -3.8046357709382512
-5.9290713952398555 -15.611448739466773 -4.4733846080569286
-5.1705986234161259 -16.151218222457089 -5.0949027406601131
-4.3754555432345832 -16.695664463402199 -5.6643226379685858
-3.5405704918571668 -17.235952206088683 -6.1780988695271919
-2.6645113255248263 -17.762742908800139 -6.6340801551955213
-1.7474408679097915 -18.266669102070718 -7.0315030479837359
-0.79097955031109823 -18.738778288512496 -7.3709111896889352
0.20201099066569839 -19.170905523506892 -7.6539980897320135
1.2276861389171225 -19.555963807366048 -7.8833945293731285
2.2814999302723926 -19.888121030250947 -8.0624210343126101
3.3584786514841789 -20.16287620166629 -8.1948203619797653
4.453465274352971 -20.37703247696885 -8.2845175011714876
5.5613207456215905 -20.528602728290835 -8.3353912819721216
6.6770751521854352 -20.616647631537862 -8.3511063811019657
7.7960258436143333 -20.641093477397852 -8.3349857341292246
8.9137886479687261 -20.60253543282267 -8.2899409091317242
10.026309838464195 -20.502057529196975 -8.2184463368660072
11.129849549429203 -20.341070228062417 -8.1225557273685531
12.220947261345088 -20.121182528018668 -8.0039470652691147
13.296378953464492 -19.844108278937842 -7.8639817798359797
14.353115174553498 -19.511604680420401 -7.7037804178037854
15.388283905168331 -19.125436884048394 -7.5242938478838646
16.39914332863615 -18.687368853960649 -7.3263655577893507
17.383065068041137 -18.199167632183855 -7.1107867809478247
18.337525597414015 -17.662613641958377 -6.8783385586465364
19.260107535918284 -17.079521281085285 -6.6298154035115688
20.148505742214329 -16.45175418732984 -6.3660434661511136
21.000534231869683 -15.781238684066061 -6.08787877261123
21.814134608940616 -15.069969284518491 -5.7962109515243423
22.58738450516098 -14.320016972726702 -5.4919468244366856
23.318503276607647 -13.53352677613865 -5.1760042072687238
24.005850626512082 -12.712711091171069 -4.8492976700497117
24.647929011813062 -11.859844757575519 -4.5127311809562665
25.243380068574652 -10.97725750231367 -4.167186504871502
25.790977083464497 -10.06732181891344 -3.8135219486295138
26.289622027968541 -9.1324481913227196 -3.4525658795297827
26.738338692782637 -8.1750749349340754 -3.0851216390907164
27.136266460375275 -7.1976628510596177 -2.7119658035228893
27.482655339680242 -6.2026893037773876 -2.3338530628235854
27.77686310933321 -5.1926443149641823 -1.951520148975904
28.0183496404767 -4.1700275571097007 -1.5656866922635644
28.206675969966081 -3.1373441168994556 -1.1770647377648287
28.341501751040877 -2.0971044055864199 -0.78635647194415237
28.422584344386717 -1.0518225419163947 -0.39425735976564441
