29.2061809074847 -5.65402648558039e-13 -2.15486611836461e-13
29.1782395681179 1.10282333419291 0.421882347858363
29.0944637422417 2.20317513647936 0.842734014621548
28.9549981688875 3.29858494907509 1.26152261012585
28.7600846274276 4.38658449846915 1.67721229786244
28.5100627810758 5.46470888152161 2.08876200421762
28.2053713997793 6.53049787505948 2.49512355465414
27.8465499999029 7.58149742757381 2.89523972540818
27.4342409426695 8.61526140572041 3.28804220952496
26.969192033934 9.62935368506499 3.67244950808964
26.452259664125 10.6213506935073 4.04736477115596
25.8844125187381 11.588844536713 4.4116736281696
25.2667358761248 12.529446857311 4.76424206490564
24.6004364897697 13.4407936030891 5.10391442359391
23.8868480256763 14.3205509031757 5.42951162564397
23.1274369903613 15.1664222739321 5.73982974286724
22.3238090393277 15.9761573959094 6.03363907379796
21.4777154976121 16.7475627165588 6.30968391664106
20.5910598510063 17.478514135862 6.56668326872498
19.6659038775194 18.1669720175705 6.80333272212573
18.7044729836983 18.8109987297309 7.01830786280051
17.7091601922664 19.4087788459346 7.21026951069472
16.6825281025446 19.9586420244073 7.3778711534546
15.6273080244533 20.4590884180993 7.5197689174533
14.5463953872172 20.9088162513338 7.63463437673923
13.442840467202 21.30675092948 7.72117041365727
12.3198334914815 21.6520747387387 7.77813020729267
11.1806832813723 21.9442558658612 7.80433923575327
10.0287888256178 22.1830751568961 7.79871994166267
8.86760352800209 22.3686487845754 7.76031844288297
7.7005923537029 22.5014448558493 7.68833239842461
6.53118267544812 22.5822920119646 7.58213889712377
5.36271024383646 22.61237828817 7.44132106231899
4.19836230561811 22.5932389204315 7.26569199507132
3.04112038863539 22.5267323935809 7.05531473668505
1.89370558562267 22.4150047675141 6.8105171263721
0.758529243831777 22.260443116179 6.53190074856689
-0.362348220856999 22.065619673528 6.22034357239177
-1.46724810223375 21.8332289083737 5.87699633291126
-2.55489211970639 21.5660201725543 5.50327313265966
-3.62440815548138 21.2667287439477 5.10083709805657
-4.6753228504238 20.9380080181562 4.67158216669553
-5.70754157801648 20.5823653294874 4.21761218492753
-6.72131686199464 20.2021034717051 3.74121845900906
-7.71720668339256 19.7992695241668 3.2448567461839
-8.69602434253111 19.375612147497 2.73112442987188
-9.65878163581467 18.9325481518452 2.20273834178848
-10.6066271266375 18.4711388835617 1.66251342259855
-11.5407812828294 17.9920768085503 1.11334219508719
-12.4624702501493 17.4956825472966 0.558174888001559
-13.3728600350699 16.9819124789365 3.57782015087187e-14
-14.2729928584341 16.4503768320295 -0.558174888001488
-15.1637273826326 15.9003679025694 -1.11334219508711
-16.0456843876781 15.3308977097621 -1.66251342259848
-16.9191992809647 14.7407440699887 -2.20273834178841
-17.7842826033431 14.1285037941523 -2.73112442987181
-18.6405894836092 13.4926515240004 -3.24485674618384
-19.487398826383 12.8316026130687 -3.74121845900901
-20.3236028973019 12.1437783923059 -4.21761218492747
-21.1477078641556 11.427672096283 -4.67158216669547
-21.9578457109127 10.6819136361483 -5.10083709805652
-22.7517977091084 9.9053312937156 -5.50327313265962
-23.5270292711775 9.09700831221984 -5.87699633291122
-24.2807355180944 8.25633232888632 -6.22034357239174
-25.0098963010273 7.38303569126185 -6.53190074856687
-25.7113387884298 6.47722496716342 -6.81051712637209
-26.3818051524145 5.53939841210948 -7.05531473668504
-27.0180224526761 4.5704507771036 -7.26569199507132
-27.6167716004591 3.57166556763169 -7.441321062319
-28.1749523367658 2.54469562013153 -7.58213889712379
-28.6896414848737 1.49153355327389 -7.68833239842463
-29.1581423007773 0.414474194193522 -7.76031844288301
-29.5780234737425 -0.68392858588232 -7.79871994166271
-29.9471471286697 -1.80090809256163 -7.80433923575332
-30.2636859551299 -2.9335316768038 -7.77813020729273
-30.5261302516405 -4.07874615103424 -7.72117041365733
-30.7332861713267 -5.23342008531183 -7.63463437673931
-30.8842667615748 -6.39438180504709 -7.51976891745338
-30.9784775104509 -7.5584523961036 -7.37787115345469
-31.0155980741488 -8.7224734553793 -7.21026951069483
-30.9955617033551 -9.8833296755728 -7.01830786280062
-30.918533656819 -11.0379666096853 -6.80333272212584
-30.7848896285674 -12.1834041260421 -6.5666832687251
-30.5951949538215 -13.3167461500632 -6.30968391664119
-30.3501851203824 -14.4351873114917 -6.0336390737981
-30.0507479099303 -15.5360170932666 -5.73982974286738
-29.6979073321789 -16.6166220271419 -5.42951162564412
-29.2928093931858 -17.6744864149375 -5.10391442359407
-28.8367096528633 -18.7071919829361 -4.7642420649058
-28.3309624696735 -19.7124168070625 -4.41167362816977
-27.7770117961457 -20.6879337820369 -4.04736477115613
-27.1763833712611 -21.6316088505512 -3.67244950808981
-26.5306781499348 -22.5413991591906 -3.28804220952514
-25.8415668119592 -23.4153512660384 -2.89523972540837
-25.110785200054 -24.2515994900102 -2.49512355465432
-24.3401305472246 -25.048364463296 -2.08876200421781
-23.5314583662377 -25.803951925264 -1.67721229786263
-22.6866798878864 -26.5167517784069 -1.26152261012604
-21.8077599493008 -27.1852374141829 -0.842734014621738
-20.8967152483589 -27.8079653087579 -0.421882347858552
-19.9556128947445 -28.3835748855621 2.58088856959735e-14
-18.9865692017633 -28.9107886429514 0.421882347858605
-17.9917486749451 -29.3884125506628 0.842734014621788
-16.9733631630053 -29.8153367274825 1.26152261012608
-15.9336711431941 -30.1905364237337 1.67721229786268
-14.8749771158553 -30.5130733448181 2.08876200421785
-13.7996310817294 -30.7820973650701 2.49512355465437
-12.7100280699477 -30.9968486936127 2.89523972540841
-11.6086076747388 -31.1566605649115 3.28804220952518
-10.497853544677 -31.2609625356166 3.67244950808985
-9.38029274998332 -31.3092844755446 4.04736477115617
-8.25849493106863 -31.3012613437759 4.41167362816981
-7.13507110526553 -31.2366388402476 4.76424206490584
-6.01267197858787 -31.115280018027 5.1039144235941
-4.89398557550141 -30.9371729303179 5.42951162564415
-3.78173396243489 -30.702439367199 5.73982974286741
-2.67866880094931 -30.4113447074013 6.03363907379812
-1.58756542579456 -30.0643088666224 6.30968391664121
-0.51121510444282 -29.6619182619044 6.56668326872512
0.547584897295759 -29.204938627256 6.80333272212586
1.58604383765297 -28.6943284053039 7.01830786280063
2.60139299987856 -28.1312523013141 7.21026951069483
3.59090452590242 -27.517094420511 7.37787115345469
4.55191385511771 -26.8534702231465 7.51976891745338
5.48184590210566 -26.1422363366457 7.6346343767393
6.37824490243463 -25.3854970805142 7.72117041365732
7.23880758164456 -24.5856064155426 7.77813020729272
8.06141896529357 -23.7451639584228 7.8043392357533
8.84418976612083 -22.8670037427784 7.79871994166268
9.58549389077136 -21.9541745903818 7.76031844288298
10.2840042491669 -21.0099113025754 7.6883323984246
10.9387247793138 -20.0375963918329 7.58213889712376
11.5490164746188 -19.0407127205382 7.44132106231896
12.1146152650541 -18.0227881433278 7.26569199507128
12.6356398817752 -16.9873339814712 7.055314736685
13.1125883208032 -15.9377798003505 6.81051712637205
13.5463221751916 -14.8774074249169 6.53190074856682
13.9380388569474 -13.8092873446415 6.22034357239169
14.2892324914073 -12.7362205961536 5.87699633291117
14.6016449468109 -11.6606888788385 5.50327313265956
14.8772089843901 -10.5848151077992 5.10083709805646
15.1179858325754 -9.51033592187295 4.67158216669541
15.3260995933144 -8.43858693718125 4.2176121849274
15.5036708063737 -7.37050085863624 3.74121845900893
15.6527512849978 -6.30661800016616 3.24485674618377
15.7752620638703 -5.24710835334443 2.73112442987173
15.8729360347754 -4.19180408185623 2.20273834178833
15.9472666323117 -3.14024117379937 1.66251342259839
15.9994637834581 -2.09170890598067 1.11334219508702
16.0304182265795 -1.04530571526693 0.558174888001391
16.0406751881359 2.0128621941174e-13 -1.37093098637217e-13
16.0304182265795 1.04530571526734 -0.558174888001665
15.9994637834581 2.09170890598107 -1.11334219508729
15.9472666323117 3.14024117379977 -1.66251342259866
15.8729360347754 4.19180408185664 -2.2027383417886
15.7752620638703 5.24710835334484 -2.731124429872
15.6527512849978 6.30661800016656 -3.24485674618403
15.5036708063737 7.37050085863665 -3.74121845900919
15.3260995933144 8.43858693718166 -4.21761218492766
15.1179858325754 9.51033592187335 -4.67158216669566
14.8772089843901 10.5848151077996 -5.10083709805671
14.6016449468109 11.6606888788389 -5.5032731326598
14.2892324914073 12.736220596154 -5.8769963329114
13.9380388569474 13.8092873446419 -6.22034357239191
13.5463221751916 14.8774074249174 -6.53190074856704
13.1125883208032 15.9377798003509 -6.81051712637225
12.6356398817752 16.9873339814716 -7.0553147366852
12.1146152650541 18.0227881433282 -7.26569199507147
11.5490164746188 19.0407127205386 -7.44132106231914
10.9387247793138 20.0375963918333 -7.58213889712392
10.2840042491669 21.0099113025758 -7.68833239842476
9.58549389077132 21.9541745903822 -7.76031844288313
8.84418976612079 22.8670037427788 -7.79871994166282
8.06141896529352 23.7451639584232 -7.80433923575343
7.23880758164451 24.585606415543 -7.77813020729284
6.37824490243458 25.3854970805146 -7.72117041365744
5.4818459021056 26.1422363366461 -7.63463437673941
4.55191385511764 26.8534702231469 -7.51976891745348
3.59090452590235 27.5170944205114 -7.37787115345478
2.60139299987849 28.1312523013144 -7.21026951069491
1.5860438376529 28.6943284053042 -7.01830786280071
0.547584897295689 29.2049386272563 -6.80333272212593
-0.51121510444289 29.6619182619047 -6.56668326872518
-1.58756542579463 30.0643088666227 -6.30968391664127
-2.67866880094938 30.4113447074017 -6.03363907379818
-3.78173396243495 30.7024393671993 -5.73982974286746
-4.89398557550148 30.9371729303182 -5.4295116256442
-6.01267197858794 31.1152800180273 -5.10391442359415
-7.13507110526559 31.2366388402479 -4.76424206490589
-8.25849493106869 31.3012613437762 -4.41167362816985
-9.38029274998338 31.3092844755449 -4.04736477115622
-10.4978535446771 31.2609625356169 -3.6724495080899
-11.6086076747389 31.1566605649118 -3.28804220952523
-12.7100280699478 30.996848693613 -2.89523972540845
-13.7996310817295 30.7820973650704 -2.49512355465441
-14.8749771158554 30.5130733448184 -2.08876200421789
-15.9336711431941 30.190536423734 -1.67721229786272
-16.9733631630054 29.8153367274828 -1.26152261012612
-17.9917486749451 29.3884125506631 -0.842734014621827
-18.9865692017633 28.9107886429517 -0.421882347858643
-19.9556128947445 28.3835748855624 -6.52075206507824e-14
-20.8967152483589 27.8079653087583 0.421882347858511
-21.8077599493009 27.1852374141832 0.842734014621695
-22.6866798878864 26.5167517784072 1.26152261012599
-23.5314583662378 25.8039519252644 1.67721229786259
-24.3401305472247 25.0483644632964 2.08876200421777
-25.1107852000541 24.2515994900105 2.49512355465428
-25.8415668119593 23.4153512660388 2.89523972540833
-26.5306781499349 22.541399159191 3.2880422095251
-27.1763833712612 21.6316088505516 3.67244950808978
-27.7770117961458 20.6879337820373 4.0473647711561
-28.3309624696736 19.7124168070629 4.41167362816974
-28.8367096528634 18.7071919829365 4.76424206490578
-29.2928093931859 17.6744864149379 5.10391442359405
-29.697907332179 16.6166220271423 5.4295116256441
-30.0507479099305 15.536017093267 5.73982974286737
-30.3501851203826 14.4351873114921 6.03363907379809
-30.5951949538217 13.3167461500637 6.3096839166412
-30.7848896285676 12.1834041260425 6.56668326872512
-30.9185336568193 11.0379666096857 6.80333272212586
-30.9955617033554 9.88332967557325 7.01830786280066
-31.0155980741491 8.72247345537976 7.21026951069487
-30.9784775104512 7.55845239610406 7.37787115345474
-30.8842667615751 6.39438180504755 7.51976891745345
-30.7332861713271 5.23342008531229 7.6346343767394
-30.5261302516408 4.0787461510347 7.72117041365744
-30.2636859551303 2.93353167680426 7.77813020729285
-29.9471471286702 1.80090809256208 7.80433923575346
-29.5780234737429 0.683928585882772 7.79871994166286
-29.1581423007778 -0.414474194193076 7.76031844288318
-28.6896414848742 -1.49153355327346 7.68833239842483
-28.1749523367663 -2.54469562013109 7.58213889712401
-27.6167716004596 -3.57166556763127 7.44132106231924
-27.0180224526766 -4.57045077710318 7.26569199507158
-26.3818051524151 -5.53939841210907 7.05531473668532
-25.7113387884304 -6.47722496716302 6.81051712637239
-25.0098963010278 -7.38303569126146 6.53190074856719
-24.2807355180949 -8.25633232888594 6.22034357239207
-23.527029271178 -9.09700831221947 5.87699633291158
-22.751797709109 -9.90533129371524 5.50327313265999
-21.9578457109133 -10.6819136361479 5.10083709805691
-21.1477078641561 -11.4276720962827 4.67158216669587
-20.3236028973024 -12.1437783923056 4.21761218492788
-19.4873988263836 -12.8316026130683 3.74121845900942
-18.6405894836098 -13.4926515240001 3.24485674618426
-17.7842826033437 -14.128503794152 2.73112442987224
-16.9191992809653 -14.7407440699884 2.20273834178883
-16.0456843876788 -15.3308977097618 1.6625134225989
-15.1637273826333 -15.9003679025691 1.11334219508753
-14.2729928584348 -16.4503768320292 0.558174888001891
-13.3728600350706 -16.9819124789362 3.59507306393047e-13
-12.46247025015 -17.4956825472963 -0.558174888001175
-11.5407812828301 -17.99207680855 -1.11334219508681
-10.6066271266382 -18.4711388835614 -1.66251342259819
-9.6587816358154 -18.9325481518449 -2.20273834178814
-8.69602434253187 -19.3756121474967 -2.73112442987156
-7.71720668339333 -19.7992695241666 -3.2448567461836
-6.72131686199544 -20.2021034717049 -3.74121845900878
-5.7075415780173 -20.5823653294872 -4.21761218492726
-4.67532285042463 -20.938008018156 -4.67158216669529
-3.62440815548224 -21.2667287439476 -5.10083709805636
-2.55489211970727 -21.5660201725541 -5.50327313265947
-1.46724810223465 -21.8332289083736 -5.87699633291109
-0.362348220857914 -22.0656196735279 -6.22034357239163
0.758529243830846 -22.260443116179 -6.53190074856678
1.89370558562172 -22.4150047675141 -6.81051712637202
3.04112038863444 -22.5267323935809 -7.05531473668499
4.19836230561714 -22.5932389204317 -7.26569199507129
5.36271024383549 -22.6123782881701 -7.44132106231898
6.53118267544714 -22.5822920119648 -7.58213889712379
7.70059235370192 -22.5014448558496 -7.68833239842465
8.86760352800112 -22.3686487845757 -7.76031844288304
10.0287888256169 -22.1830751568965 -7.79871994166275
11.1806832813714 -21.9442558658616 -7.80433923575339
12.3198334914806 -21.6520747387392 -7.77813020729281
13.442840467201 -21.3067509294804 -7.72117041365743
14.5463953872163 -20.9088162513343 -7.63463437673941
15.6273080244524 -20.4590884180999 -7.5197689174535
16.6825281025437 -19.9586420244079 -7.37787115345481
17.7091601922655 -19.4087788459353 -7.21026951069496
18.7044729836974 -18.8109987297316 -7.01830786280077
19.6659038775186 -18.1669720175712 -6.803332722126
20.5910598510055 -17.4785141358628 -6.56668326872527
21.4777154976114 -16.7475627165597 -6.30968391664137
22.323809039327 -15.9761573959102 -6.03363907379828
23.1274369903606 -15.166422273933 -5.73982974286757
23.8868480256757 -14.3205509031766 -5.42951162564431
24.6004364897691 -13.44079360309 -5.10391442359427
25.2667358761243 -12.529446857312 -4.76424206490601
25.8844125187376 -11.588844536714 -4.41167362816998
26.4522596641245 -10.6213506935083 -4.04736477115635
26.9691920339336 -9.62935368506603 -3.67244950809003
27.4342409426691 -8.61526140572147 -3.28804220952537
27.8465499999025 -7.58149742757489 -2.89523972540859
28.205371399779 -6.53049787506057 -2.49512355465455
28.5100627810756 -5.46470888152272 -2.08876200421804
28.7600846274274 -4.38658449847027 -1.67721229786287
28.9549981688873 -3.29858494907621 -1.26152261012627
29.0944637422416 -2.20317513648049 -0.842734014621977
29.1782395681179 -1.10282333419404 -0.421882347858794
