-22.092316852514 4.00558380946346 0.616122838665407
-22.4413522975669 3.14317262368791 1.24256539701518
-22.7443472686483 2.25727378543595 1.86019912956634
-22.9989479195804 1.34729064196588 2.46460433483882
-23.2023711744677 0.413110946356579 3.05132513936799
-23.351489604163 -0.544755015534544 3.61586137735913
-23.4429333443618 -1.52505282039808 4.15367221682477
-23.4732067642179 -2.52568218967881 4.66019078903956
-23.4388174678809 -3.54361778843104 5.13084841068706
-23.3364153590212 -4.57485432537397 5.56110639140027
-23.1629399241296 -5.61437689231313 5.94649315278515
-22.9157744736469 -6.65615680314915 6.28264467970947
-22.5929065839491 -7.69317287392862 6.56534731361865
-22.1930940923072 -8.71745827689036 6.79058355809889
-21.7160353821599 -9.72017385286286 6.95458369101021
-21.1625410946466 -10.6917099865309 7.05388817909059
-20.5347016897976 -11.621820602967 7.0854276442632
-19.8360415138332 -12.4997941780185 7.04662782897433
-19.0716454566183 -13.3146674214543 6.93554602955948
-18.2482393515519 -14.055486931729 6.75104225859415
-17.3742006722698 -14.7116219038567 6.49298260557094
-16.4594728899744 -15.2731259448914 6.16246397188263
-15.5153567054014 -15.731137143387 5.76203945780282
-14.5541565190448 -16.0782919791967 5.29591436288017
-13.5886735211357 -16.3091108143403 4.77007786534149
-12.6315596016756 -16.4202932894927 4.19234028305573
-11.6945785471955 -16.410847472595 3.5722657894816
-10.7878579249788 -16.2819788103566 2.92102753996854
-9.91924550644778 -16.0367011255477 2.25125846421594
-9.09389086662795 -15.6792196225535 1.57700098634395
-8.3141400802416 -15.2142726699547 0.913830392286338
-7.57976195507553 -14.6467475484941 0.279109020472487
-6.88845097539561 -13.9818866751044 -0.307842938643274
-6.2365134380798 -13.226186409769 -0.825986945691246
-5.61963610926674 -12.3887349684784 -1.25349803649771
-5.03362188052298 -11.4824485926999 -1.56948004617188
-4.47494067595162 -10.5245967956805 -1.7563020389791
-3.94092533076081 -9.53616184604197 -1.80214922596117
-3.42949507344968 -8.53989423179269 -1.70320127615768
-2.93842990891128 -7.55734021076845 -1.46481936183863
-2.46440178236867 -6.60552815336925 -1.10132946564226
-2.00210326900497 -5.69424425126777 -0.634432606356437
-1.54382279276956 -4.82474478286059 -0.0907876624477345
-1.07968452537145 -3.99031266834508 0.500385833065857
-0.59857239797666 -3.17846121041568 1.10897255037784
-0.0895959326886612 -2.3741377135241 1.70471245237772
0.456132979076137 -1.56316137802654 2.25745742837973
1.04371714090399 -0.735229624252393 2.7376440646658
1.67307543873556 0.114040292961066 3.11752206873108
2.33833049203129 0.982412618126652 3.37318908286634
3.02823606208154 1.86180417295107 3.4869741168659
3.72761901670834 2.74032246256129 3.44943877135623
4.4195150471881 3.60506663089342 3.26032758456245
5.08747969806248 4.44501988310538 2.92813778327726
5.71752684410566 5.25338507946066 2.46843355315858
6.29929088553603 6.02891544101456 1.90141047751902
6.82626544478784 6.77609160508737 1.24937945961515
7.29523950240642 7.50428605526168 0.534748085121122
7.70523782520937 8.22624531687552 -0.221195925914139
8.05632877841614 8.95627091919999 -0.998712273374385
8.34860160047099 9.70841632620085 -1.77949274650525
8.58149145678961 10.4949068589815 -2.54633447347587
8.75350303030903 11.3248985851895 -3.2828853715285
8.8622863622617 12.2036417313187 -3.97362322242553
8.90496070564142 13.1320837768144 -4.60409504068105
8.87856066669246 14.1069101305014 -5.16133915025137
8.7804884066147 15.1209700123285 -5.63435957555879
8.60888734057202 16.1639857014644 -6.01452245819994
8.36289416981509 17.2234131524255 -6.29578359851611
8.04276456503019 18.2853212678083 -6.47471308370146
7.64989462649484 19.3351834746259 -6.55033589896613
7.18677240665011 20.3585171540268 -6.52384231761643
6.65689335978082 21.3413499120875 -6.39823445232439
6.0646653982771 22.270525939846 -6.17796935299062
5.41531840407572 23.1338859730467 -5.86864212134834
4.71482334327799 23.9203611530728 -5.47673239822774
3.9698194450056 24.6200180598318 -5.00941976252996
3.18754451314329 25.2240837808474 -4.47446079051132
2.37576267687268 25.7249698186696 -3.88011327874926
1.54268476989125 26.1163043434501 -3.23509065446034
0.696878164765639 26.3929749768296 -2.54853058567379
-0.152835353909168 26.5511792976835 -1.82996493012303
-0.997493569439146 26.5884774513911 -1.08928228186041
-1.82811839826166 26.503840262569 -0.336678594632614
-2.63584896416032 26.2976866738304 0.417404971372734
-3.41208056091924 25.971905751331 1.1623551591111
-4.14860650488567 25.5298605412987 1.88746744483786
-4.8377596048782 24.9763733865373 2.58203131267957
-5.47254980428538 24.3176945638002 3.2354180200947
-6.04679452927764 23.5614578700778 3.83717144517184
-6.55523846946816 22.716627563043 4.37710607652327
-6.99365992588293 21.7934402551427 4.84542009574683
-7.35896134714125 20.8033423761252 5.23283502194556
-7.64924189650297 19.7589182602803 5.53077540239622
-7.86384931536088 18.6737959326142 5.73160107801444
-8.00340638997227 17.5625083967077 5.8288990390416
-8.06980367313664 16.4402801475582 5.81783062600556
-8.06614515998013 15.3227055441681 5.695512901941
-7.99662887121984 14.2252918948132 5.4613927839586
-7.86634239426048 13.1628587197194 5.11755422250827
-7.68095749508136 12.148815226417 4.66888990276813
-7.44632020217414 11.1943749312978 4.12307714902119
-7.16795310517755 10.3077992344275 3.49032682714116
-6.85051154936527 9.49377891798567 2.78292099513388
-6.49725889358477 8.75305613754786 2.01460895134131
-6.10964150765111 8.08235959800529 1.19997598738661
-5.68704698160969 7.47468075064132 0.353918039231875
-5.22681715841649 6.91987224075222 -0.508662907646418
-4.72456149242793 6.40551318450033 -1.37288518537449
-4.17477783816993 5.91796351285317 -2.22366378047647
-3.57174034292157 5.44351719031671 -3.04535536345128
-2.91056307717979 4.96955420379935 -3.82145481106978
-2.18830298490672 4.48558264087311 -4.53453576682784
-1.40494017838496 3.98406245184481 -5.1665736729839
-0.564078392639514 3.46091932424524 -5.69968877347308
0.32675608350421 2.91568969520103 -6.11723411114986
1.25628201173806 2.35127892562036 -6.40506366343846
2.2100964570075 1.77335732099408 -6.55276783226474
3.17170715457417 1.18945915148755 -6.55466178476533
4.12383974399537 0.607884612746631 -6.41035188290606
5.04985351114042 0.0365290205057826 -6.12477720498268
5.9350799877042 -0.518227339161695 -5.70771397829354
6.76790675867612 -1.05244380603749 -5.17282453518107
7.5404637140399 -1.56525830567067 -4.53641165401499
8.24882536067068 -2.05917707314958 -3.81608786858954
8.89271260939504 -2.53999399095933 -3.02957614101854
9.47475237734922 -3.01636195519621 -2.19381878390182
9.9994241327353 -3.49907867397987 -1.32449096997479
10.4718754892484 -4.00017886103958 -0.435911947683307
10.896806963318 -4.53193642211443 0.458748275374535
11.2775984728303 -5.10587305945181 1.3471253233085
11.6157840300054 -5.73185304576149 2.21734088322187
11.910899379843 -6.41732907215081 3.05782516508086
12.1606560540422 -7.16679354848488 3.85733378163084
12.3613509317142 -7.98147693207972 4.60514645336807
12.5084059170437 -8.85931264822746 5.29138680855462
12.5969410335658 -9.79515705971947 5.90737946615159
12.6223061151886 -10.7812203585034 6.44596327222506
12.5805226296892 -11.8076402731262 6.90170202631586
12.4686119383879 -12.8631217656996 7.27096595354313
12.2848058785317 -13.9355727744229 7.55188778071576
12.0286484859865 -15.012683578324 7.74421897084896
11.7010043207714 -16.0824184847187 7.84912167378189
11.303990848445 -17.1334073279681 7.86893165807149
10.840851731164 -18.1552375441226 7.80692057800734
10.315786421085 -19.1386549299823 7.66707638951795
9.73375011435628 -20.075683930945 7.45391160395351
9.10023718459395 -20.9596783163151 7.17230205196522
8.42106049082938 -21.7853120284015 6.8273544454816
7.70213812593548 -22.5485188922774 6.42429904010532
6.94929798101536 -23.2463892516788 5.96840350547254
6.16810883654771 -23.8770315623627 5.46490499255733
5.36374458233607 -24.4394073990534 4.91895868154705
4.54088575672469 -24.9331489664252 4.33560228110112
3.70366009541953 -25.3583687634917 3.71973669919905
2.85562143559652 -25.7154712851523 3.07612328704378
1.99976435412861 -26.0049763968386 2.40939771034054
1.13857047838734 -26.2273632488385 1.72409977494411
0.274081532896198 -26.3829423741722 1.0247176100558
-0.592006201687496 -26.4717620716388 0.315743650945963
-1.45823140283346 -26.4935534590076 -0.398261030948723
-2.32324651348429 -26.4477168020746 -1.11259827677048
-3.18569113892002 -26.3333499415342 -1.82236512076697
-4.04406544312026 -26.1493178628948 -2.52239210261995
-4.89660920032554 -25.8943606777793 -3.20719312318436
-5.74119243690796 -25.5672355164207 -3.87093225540264
-6.57522375182623 -25.1668861214345 -4.50741243967578
-7.39558225847175 -24.6926323802853 -5.11009009664614
-8.19857851286125 -24.1443707657334 -5.67211841800761
-8.979948725574 -23.522775789949 -6.18642056170844
-9.73488502994594 -22.829492191966 -6.64579235077793
-10.4581027056293 -22.0673076717994 -7.0430325349319
-11.1439431884565 -21.2402964920006 -7.3710973619495
-11.786509598394 -20.3539250835306 -7.62327518666719
-12.379829536076 -19.415111813313 -7.79337609769257
-12.9180381582653 -18.432234225023 -7.87593097148203
-13.395573138468 -17.4150783296939 -7.86639383163518
-13.8073721091541 -16.3747259234121 -7.76134074364974
-14.149062566218 -15.323377522675 -7.55865756739885
-14.4171339038529 -14.2741104917253 -7.25770762232857
-14.6090810390438 -13.240574583682 -6.85946871116518
-14.7235086962422 -12.2366309048861 -6.3666272570107
-14.760184590572 -11.2759458672864 -5.7836162157276
-14.7200284296308 -10.3715595852144 -5.11658419732973
-14.6050223478719 -9.53545841016809 -4.37328774354577
-14.418028581711 -8.77819246183973 -3.56290907927313
-14.1625048697902 -8.10858710136676 -2.6958190844947
-13.8421217958638 -7.53359493912218 -1.78332770645042
-13.4603136057763 -7.058313047248 -0.837483355148871
-13.019834113698 -6.68614461081118 0.129015951172361
-12.5224280929077 -6.41902800173906 1.10276798715068
-11.96873777019 -6.25762192823059 2.06949702412137
-11.3585204454951 -6.20135380520386 3.01385939620161
-10.691167882802 -6.24830410809962 3.91933854007415
-9.96643621705755 -6.39496896781586 4.76832428208938
-9.18525515858898 -6.63597901167724 5.54242980805389
-8.35048686153317 -6.96385360760382 6.22306315621485
-7.4675223737551 -7.36885743720141 6.79224342211613
-6.54461808452676 -7.83901577953533 7.23362420061481
-5.59288650070592 -8.36033615942839 7.53364809534483
-4.62587751928197 -8.91726911974754 7.68270770017287
-3.65872991622889 -9.49341231575577 7.67614394647907
-2.70693999823174 -10.0724184515704 7.51489312244212
-1.78487419248615 -10.6390157957208 7.2056186237272
-0.904223822153111 -11.1800041703548 6.76024013013807
-0.0726408930341629 -11.6850651655024 6.19489027864866
0.707211533977734 -12.1472337971036 5.52845816864548
1.43801506729721 -12.5629225404723 4.7809821595526
2.12747580680187 -12.9314635290535 3.9721954916509
2.78737349530193 -13.2542317872416 3.12048431481699
3.43215427681613 -13.5335132776819 2.24239165592646
4.07732418300034 -13.7713524867555 1.35263354442147
4.73789667057438 -13.9686184472494 0.464454036412032
5.42706920353612 -14.1244568747822 -0.409910546525582
6.15521076933247 -14.2361820670235 -1.25885713743126
6.92918317153977 -14.2995543898868 -2.07124986987389
7.75199754846062 -14.3093209287201 -2.83649250425965
8.62279996061666 -14.2598757023195 -3.54479641772986
9.53716457442022 -14.1459111691622 -4.18755426977261
10.4876452031901 -13.9629681148561 -4.75771312317439
11.4645059011747 -13.7078320966069 -5.25005434296459
12.4565331070712 -13.3787617759558 -5.6613226754719
13.4518333636772 -12.9755621992185 -5.99018968811684
14.4385400915365 -12.4995323425262 -6.23707364897298
15.4053819473434 -11.9533219485055 -6.40386061224408
16.3420945636906 -11.3407308512703 -6.49357834832051
17.2396804874328 -10.666478303798 -6.51006924110794
18.0905365775626 -9.93596331218913 -6.45769585661664
18.8884748055245 -9.15503132434351 -6.34109862658691
19.6286635422157 -8.32975825072347 -6.16501240229296
20.3075142622515 -7.46625945171988 -5.93413917799971
20.9225348032075 -6.57052860967173 -5.653068438108
21.4721659323039 -5.64830907217835 -5.32623398843376
21.955613646441 -4.70499825344988 -4.95789609054389
22.3726857985696 -3.74558404293332 -4.55213940907197
22.7236385875367 -2.77461091150896 -4.112879887626
23.0090362943236 -1.79617249456937 -3.64387645923451
23.2296263514398 -0.813926813583458 -3.14874590314696
23.3862312097724 0.168870070602353 -2.63098082456375
23.4796582536772 1.14931631657728 -2.09397152851079
23.5106289352413 2.12480672562086 -1.54103255717271
23.4797281236438 3.0929692706597 -0.975434082480134
23.3873742483088 4.05159917354525 -0.400437492619473
23.2338101055412 4.99859334367514 0.180666304094491
23.0191132487622 5.931887300646 0.764517839054869
22.7432238392602 6.84939602143179 1.34765129104781
22.4059869260294 7.74895953721123 1.92645935038711
22.0072056312072 8.62829360801615 2.49716105447445
21.5467019269111 9.48494548357923 3.05577151167343
21.0243828162252 10.3162546997707 3.5980710944063
20.4403118331437 11.1193191797537 4.11957090149187
19.7947886591823 11.8909677487369 4.61547161982459
19.088442799261 12.6277416572967 5.08061486996769
18.3223497953098 13.3258898871461 5.50943002721404
17.4981792005225 13.9813857678615 5.89588534492413
16.618381127765 14.5899753922672 6.23345942148155
15.6864113287762 15.1472707735831 6.51515641899076
14.7069826391678 15.6489015437474 6.73359396435612
13.6863134970641 16.0907368064206 6.8811936334366
12.632324202266 16.4691819694373 6.95049728016072
11.5547132366152 16.7815428584565 6.93461568771816
10.4648365326041 17.0264313604984 6.82778854338678
9.375320646733 17.2041658479889 6.62599983565699
8.29937324324787 17.3171012105472 6.32755879083032
7.24981180667962 17.3698150864304 5.93353616639117
6.2379047076998 17.3690857415538 5.44795247566565
5.27218800804574 17.3236250700613 4.87765597194058
4.35746220866596 17.243571495339 4.23189891060395
3.49416568599597 17.1397890473102 3.52170084568319
2.67825937415045 17.0230463134043 2.75914783963013
1.90165107475156 16.903155639367 1.95678919978982
1.15306555065332 16.7881452660899 1.12724892442826
0.419171846639761 16.6835305712168 0.283085222318008
-0.314240262391453 16.5917569083161 -0.563152257948492
-1.06116919051077 16.5119004664542 -1.39876582147936
-1.83441099199034 16.4397123428048 -2.21075883165049
-2.64461440507504 16.3680510115064 -2.98578344683201
-3.49936605906338 16.287669646734 -3.71026733058213
-4.40240204491392 16.1882401482001 -4.37077826065974
-5.35312547081365 16.0594472327533 -4.95463432331036
-6.34659552119628 15.891989384924 -5.45068709345018
-7.37405057708219 15.6783624981862 -5.85012932092571
-8.42389352947649 15.4133530477615 -6.14714801911925
-9.482959010752 15.094218386827 -6.33927563635258
-10.5378331368673 14.7205783695703 -6.42737120031927
-11.5760124968656 14.2940803468388 -6.41525607753039
-12.5867545910419 13.81792205976 -6.30910194612181
-13.5615585665859 13.2963202170268 -6.11670274213671
-14.4942947346184 12.7339987673215 -5.84675677516119
-15.3810554238688 12.1357472081403 -5.50825220369886
-16.2198227832474 11.5060740821935 -5.11000553958231
-17.0100462503342 10.8489603475955 -4.66036304050673
-17.7522036578964 10.1677042856607 -4.16704673918774
-18.4473954780032 9.46484369084936 -3.63711228577674
-19.0969987919583 8.74214024147348 -3.07698250462694
-19.7023900118839 8.00061279396091 -2.49252464736701
-20.264734122024 7.24060898029887 -1.88914687745443
-20.7848324861682 6.46190680089924 -1.27189761821668
-21.2630195751345 5.66383947748368 -0.645558289684689
-21.6990997182365 4.84543770064974 -0.0147249232247526
