-2.5390828551653839 -0.60747907680928992 0.2199431373367296
-2.527367713229741 -0.69399365477420305 0.16779894880732729
-2.505950019168965 -0.77663149786108587 0.1142128920002559
-2.4760281890170099 -0.8535573406486795 0.059437064631605571
-2.4360977908121471 -0.92897162634115416 0.0011883369212420749
-2.3883529926526799 -0.9976279677484603 -0.055599995798592233
-2.331139239115418 -1.061297070873797 -0.11264807675082671
-2.265713945443637 -1.117759770624623 -0.16873291976902299
-2.193025713166401 -1.166734635802436 -0.22447896887068891
-2.111403986035481 -1.20898349278786 -0.27826767827396942
-2.0231709941047642 -1.242822166613025 -0.32734674769994171
-1.92849292765498 -1.2671122407881199 -0.37400380295366492
-1.828526434928736 -1.2817952006949209 -0.41562338148303979
-1.723805510874882 -1.2863374393393829 -0.45167147246678541
-1.615492392695641 -1.280610998810477 -0.48112540141144838
-1.503935665265175 -1.264197322912872 -0.50318874382160916
-1.3934110184416559 -1.23737287249492 -0.51711194827218887
-1.2808555526414149 -1.200399925064686 -0.52134806141304713
-1.171755583079336 -1.1546083905369879 -0.51525034532659841
-1.0651879387111269 -1.0989090829189161 -0.49792773309230642
-0.96386168983315224 -1.0347810841894189 -0.46835894828244268
-0.87103346996335851 -0.96499836593758714 -0.42647012327436151
-0.78297637235963236 -0.88841880251596383 -0.36834194089788252
-0.71188181461386513 -0.81685550405690588 -0.30158972830973152
-0.64898343163664307 -0.74747171444770322 -0.2161857014221123
-0.5964722382237011 -0.68879687888025687 -0.1138325266036241
-0.56186941955682956 -0.64818154175545484 -0.016939828035225771
-0.53186239393928714 -0.60004612225264831 0.085881209167539732
-0.49769123506886032 -0.53631657279406209 0.18766800041714179
-0.45853483640127468 -0.47512332548928898 0.27415083532418638
-0.41338016302664699 -0.4117790835129595 0.35233878139541541
-0.35835740685752793 -0.33968124445262537 0.42940376969530919
-0.29728418348110341 -0.26892040506271198 0.49582528603605419
-0.22306337022763409 -0.19418477310809309 0.55614953892139696
-0.13743136308413861 -0.11799510873421511 0.60576274999527691
-0.041094087518758281 -0.042298467697531497 0.63924478687308262
0.046541860029009688 0.027193931656458711 0.64653999713010846
0.13420687795025091 0.097688657786894825 0.62952278014157348
0.2265989100862747 0.17558864918127901 0.58619104896033947
0.30648996597473199 0.25327373584745522 0.53159955610959808
0.37757784673125572 0.32536135249490222 0.47123217519780292
0.44241669231001668 0.39553070748931418 0.40261447105012549
0.50077388256824173 0.46141134974351478 0.32566645345606282
0.55087205650175131 0.5213059305751786 0.24400792099331051
0.59489007363258273 0.5777141974272334 0.15340040012893019
0.63268931189921163 0.62998439494946379 0.054153395083643863
0.65916180190534868 0.67161898029070322 -0.038456148113008133
0.68535544268618021 0.71476204378550845 -0.15707781330309659
0.7200840161659845 0.76533780926755324 -0.26582479112012269
0.76282443593094196 0.82981354783825545 -0.36453070182386338
0.8123298533172959 0.90209592543501427 -0.44876260503198978
0.87422775437230815 0.98147617946491938 -0.52230571062190323
0.94601386684265509 1.0643925725522321 -0.5832159722378113
1.0261882655856629 1.146360409059143 -0.63064262384802017
1.1131335178633539 1.224488314198898 -0.66459679327422738
1.206059852132529 1.297637010116516 -0.68572012187212761
1.303934512981384 1.3650393419147571 -0.69432805676596865
1.405442187146501 1.4246649301208809 -0.69121032332376509
1.5077536973491259 1.4755862513126541 -0.6774442224353473
1.61220387830214 1.5183417294374331 -0.65311253257399959
1.713685830187603 1.5516064863602279 -0.62005116985733566
1.8136042840219311 1.5759082590514919 -0.57866621542780927
1.910751704952788 1.59039238682538 -0.53036832681330692
2.0031078107718092 1.5959336084083009 -0.475500558379087
2.091225177465033 1.5920169534905939 -0.41531031221070619
2.1739340159404752 1.5786844395688551 -0.35193250119455399
2.2508313143919829 1.556702823672125 -0.28480150922753122
2.3203811085377999 1.526751200199409 -0.21517969156591191
2.3832799300625722 1.4889075700895651 -0.14371845139952469
2.4388297401510859 1.4433777341840699 -0.07219501516938151
2.4870348405342191 1.391118736960091 -4.4926522065819242e-05
2.526763274234459 1.3336454497269949 0.070997042071693967
2.558434832472289 1.269871680331788 0.1414903332310159
2.5819205144100672 1.2005621205540791 0.2100239833502322
2.596686659538594 1.126683596255645 0.2760729182468265
2.6025219697941848 1.0495039812494149 0.33975132460654278
2.6004263141467518 0.96930678987277474 0.39857476690099181
2.589540042922224 0.88463631718939295 0.45381063288880669
2.5693615390921698 0.79988487083527138 0.50438160016319544
2.5406504040190012 0.71289314814629778 0.54964788362716099
2.503167400417508 0.6250326640073155 0.58852530019228488
2.457602016816328 0.53769818553187154 0.62062599031766719
2.4030841414393982 0.45015663896661728 0.64560782602812872
2.3407469214867569 0.36411260475313328 0.662188438867504
2.2720965615754301 0.28105837672528072 0.66916154667506833
2.1967823661427031 0.20066741119893991 0.66629973274302068
2.1156622570622781 0.1238155020667976 0.6525628677263815
2.0296538664650128 0.05147304035226085 0.62729775764211149
1.941803382260195 -0.014709935467396931 0.58957276565834771
1.8515008071521919 -0.075113199356945229 0.53738159666847551
1.75954934436733 -0.13061382676858671 0.46708235237726942
1.6741369688321019 -0.1778166293636623 0.37911904251394041
1.6041728528189749 -0.21711268760046859 0.27766939679115199
1.556210832965476 -0.25521849896223242 0.16267218072495149
1.5244479453995321 -0.3061343661043095 0.035909704810509188
1.509115703309986 -0.36584717891234719 -0.069540889949015444
1.499275734467401 -0.43638644935052318 -0.15823958487358661
1.486757538548475 -0.52268679307573329 -0.2381465972311225
1.4684942650195061 -0.61501418293438037 -0.30400866912277219
1.443373659279813 -0.70621738846491466 -0.35541182755855999
1.4089369670749421 -0.80016185494638603 -0.39654328085256102
1.3670496742241449 -0.89326010003439738 -0.42774457579972142
1.3157257754531 -0.98667934147100722 -0.45057281391705478
1.2580064942290881 -1.0752832316797829 -0.46443718278728552
1.193695507110035 -1.1597746377232561 -0.47005075076382319
1.1214115307934209 -1.2406200800685709 -0.46744736604009768
1.0439036191428701 -1.3142639485200109 -0.45709003219654548
0.96103700606872955 -1.3806154028933619 -0.43995734041256462
0.8732531810992975 -1.438840282203776 -0.41603568667376439
0.78260821602505481 -1.48803338141606 -0.38581224961564342
0.68584145193068902 -1.5294259497663449 -0.34788534479941491
0.58630620308491765 -1.560763923828232 -0.30366404679651082
0.48963366396137292 -1.580341883030975 -0.25480160257564549
0.38850250686510579 -1.589717179995209 -0.19862227870298771
0.29105694425213952 -1.5960582268755481 -0.14464973473613499
0.19366751191586329 -1.601736087148125 -0.091997720304450595
0.096374214484964041 -1.606390526251128 -0.040229227607576933
-0.00082168683938265037 -1.6098239041440781 0.011093804996551181
-0.09795503864848111 -1.612014101496047 0.062410583939772737
-0.19507415341183851 -1.6130896455780259 0.1141491900417865
-0.29222073853575048 -1.6132943401069819 0.16671601213369019
-0.38952746627173868 -1.612978305071419 0.22056202373682951
-0.49132456756466653 -1.6078195578276051 0.27574386639459142
-0.58767848497209463 -1.5922557073827159 0.32235028319101872
-0.68956140390612908 -1.56572426928219 0.36560147531695059
-0.78579174791687667 -1.5305927176905709 0.4015431236393554
-0.8790985543764015 -1.4852600643964331 0.432016388342994
-0.96746600852684439 -1.4325705451666659 0.45547518769941508
-1.054270608876827 -1.3698412044644419 0.47277965927871118
-1.135138840046414 -1.2996357725042471 0.48342850659735842
-1.209925748636828 -1.2235911082152979 0.48640457904641382
-1.2787847359547411 -1.1412716973775401 0.48150518255996372
-1.3402911224865519 -1.0541178712363271 0.46868208940713979
-1.394028074686547 -0.96304894562667287 0.44728467913122111
-1.4392393454837891 -0.87046004154272683 0.4165526021705433
-1.4763313450087401 -0.77619277382687157 0.37512517262189699
-1.504079192293919 -0.68462793932007748 0.3229063180255457
-1.5247118434206179 -0.59303841274424263 0.25477685885407181
-1.542266429204328 -0.50800991051223721 0.17051529841598589
-1.560065388548544 -0.44176678244122958 0.079999706227962208
-1.5896461926725911 -0.3843309887562521 -0.02893444863880236
-1.6439192002844969 -0.33122863972273919 -0.1544634228090323
-1.704288474669879 -0.28972473023835921 -0.24315679908464161
-1.7892396150721499 -0.23152946434595839 -0.32830482675433398
-1.875901000075137 -0.16756197139966131 -0.39326723189878032
-1.960325709411749 -0.097726179433548888 -0.44121271470159512
-2.0405417635865621 -0.023037805026297511 -0.47534875038077201
-2.1165655181388141 0.057339051102876987 -0.49702545637449208
-2.1866146465775782 0.14146158316794871 -0.50749543777950423
-2.2497487583599871 0.22901384216158371 -0.50783894087894577
-2.3053231165037369 0.31877116719880971 -0.49956726882763908
-2.3531254678305911 0.40951144640638321 -0.48351013622312522
-2.393980231875839 0.5024399210788234 -0.45908551163131639
-2.425901705911627 0.59561042642553785 -0.4282704199168399
-2.4491490252141528 0.68720103524237519 -0.39160485782678528
-2.4637685742881401 0.7775964635053616 -0.34889699149126302
-2.469210576397264 0.86671536772992386 -0.30241396241938368
-2.4658889093357939 0.95222680666163939 -0.25149975969966631
-2.454165561331231 1.033770819091939 -0.19739810323301721
-2.4336669753365152 1.1138637285382651 -0.13915637829579089
-2.4052085381659971 1.1875837927622519 -0.079305193239943589
-2.3685533330698401 1.2563211798327769 -0.016780325837414529
-2.3232974042166972 1.3195474700079659 0.046890209245263992
-2.2696669373461611 1.377425907901463 0.11053840658561739
-2.2090749966719359 1.42773590322819 0.17439415886339249
-2.1414861022649241 1.4701943163659721 0.23857914011706491
-2.0664591349806121 1.5047454507058311 0.30211768468811312
-1.9862856683037591 1.5299868795072 0.3618399144163511
-1.8983484069394021 1.547055579479367 0.42031601906362059
-1.806880381085727 1.5545099358713701 0.47442653703986898
-1.7095635974369789 1.5522540714589379 0.52352193627269228
-1.609235077797311 1.539789542193867 0.56672382993616888
-1.506252177139966 1.5167848739990799 0.60369713303789874
-1.402139662986047 1.4835852077624281 0.63263173515226034
-1.297484773592168 1.440090109500767 0.65327717557865184
-1.194139239816167 1.387124590491327 0.66380845543058442
-1.0952812229939719 1.326662865455621 0.66403069129012926
-0.9960069379694706 1.256693162945453 0.65217768065281645
-0.90518556156546659 1.18214382937992 0.62852251464641695
-0.82022621606181811 1.1017162802896121 0.59201819430744074
-0.74431852937757748 1.018445551078454 0.5425962707427574
-0.67506412908076852 0.93337928852457841 0.4780384877137473
-0.62031534690924384 0.85720993838964665 0.4054528393676135
-0.57186310303123433 0.78418026680011654 0.31526887987544311
-0.5325910240687195 0.72606679728415902 0.21779558290144391
-0.49826552079948871 0.66911232842497215 0.099752035341158604
-0.47051719459611702 0.62014329147546232 0.01580835154349031
-0.43153535507629559 0.55684908989179149 -0.075407279051718679
-0.38746101706512942 0.49277458294749499 -0.1543932389875943
-0.3361911686992049 0.42251353430058741 -0.22857103523295219
-0.27834349620793569 0.34812907329846238 -0.29467775601336788
-0.21391035644089351 0.27069194861847679 -0.35388678633096687
-0.1442220877426672 0.19169448341510631 -0.40379742283577658
-0.056490131921504358 0.1022017319207494 -0.45061810106602768
0.02402103623718126 0.026870622429572461 -0.46935777209076163
0.1059710212292741 -0.048991826306570493 -0.46328717790112978
0.18799345179436519 -0.12720737991162129 -0.43112477867400539
0.26669157687219619 -0.21045024957578939 -0.37944771863574572
0.32947596970480908 -0.28748838622404371 -0.32204464561481472
0.38650295481309632 -0.36596545591258139 -0.25380317486952553
0.43333612471633642 -0.43711551363707168 -0.1834321973344458
0.4753641889455113 -0.50846155816666772 -0.1023795091034041
0.50934059312023638 -0.57560746350809966 -0.01403374198812996
0.53793481499241669 -0.62790569100445393 0.068608534012641817
0.58657140204342895 -0.68040399665811802 0.177912098330058
0.64451822560679661 -0.74038563173073735 0.27194732351277018
0.71494154622614015 -0.81087825163668381 0.35104369072259151
0.79659023072631929 -0.8828666707619629 0.41516006573236419
0.88680903496583741 -0.94990550221521031 0.46363927152929402
0.9885299783325584 -1.0146992138013411 0.50079978448848572
1.093743040943929 -1.070104630201594 0.52460841001211589
1.2036602304142969 -1.116550900988565 0.53732257307232878
1.315616880964694 -1.152477563317575 0.53937596836494694
1.4269058732822899 -1.1777362999080141 0.53210879089449192
1.542297704425184 -1.1928221328728701 0.51620214139883203
1.651738500935811 -1.197130727712451 0.49333995625165072
1.7583898367323549 -1.1911553607581491 0.46390840077409617
1.8615793270104339 -1.174543998333206 0.42858592633541098
1.958768286071497 -1.1480667421265229 0.38912505221858379
2.0483024635060749 -1.1126907953640821 0.34648441011076359
2.1341531100351219 -1.0675991648832239 0.29823350315478658
2.2093426266940548 -1.0168237170905989 0.25021139301140211
2.277911090162283 -0.95791653748938643 0.1990576353069449
2.336852557896826 -0.89289508958292485 0.14806730609477611
2.3894221681671839 -0.81986608775656056 0.095659180313534209
2.430968773547868 -0.74540766774886369 0.044743861466865743
2.4641727691846529 -0.66452229121601614 -0.0055623050133150279
2.488006608804501 -0.57893257562356348 -0.055110959615171977
2.502334864906123 -0.49179746844438182 -0.1023425368463642
2.5078244969548771 -0.4027113664657036 -0.1456363957321031
2.503022553038377 -0.30975863714553081 -0.187927298755001
2.489156798909923 -0.218846270372693 -0.22479126703355801
2.4654159035136738 -0.12443558646919931 -0.25838841107737692
2.43210047588168 -0.031837930896886482 -0.28711818232893371
2.3903143753374891 0.059984797062013373 -0.30920346869827942
2.3408485331327591 0.1490328493444488 -0.32432012177708841
2.2818143097734929 0.2370950879804028 -0.33217789026423861
2.2146267366729822 0.32198518288290218 -0.33134322450622861
2.141011219348508 0.40165930830134328 -0.3208049193996248
2.0608458149384159 0.47755876773444972 -0.29871500762986442
1.9713556892114681 0.55200762558696048 -0.26127672478452679
1.880409459386059 0.61911563935510316 -0.2070619141987998
1.8011303657055171 0.67294080811764467 -0.13754343438099501
1.7262726270632729 0.73463331601343562 -0.039455273353359029
1.675277458251875 0.8021111204149951 0.052400875620099173
1.6356592667500369 0.87850516556899916 0.12672547274488019
1.5907779728818201 0.970578658871876 0.1907708386772119
1.541215590476736 1.0611716138470191 0.2372255119206928
1.486462948140951 1.146680941189314 0.26951928411474241
1.4213919213342061 1.231850777433489 0.29265152378691572
1.3496418483894821 1.310631225506049 0.30660754774160182
1.270692784612117 1.383834154721143 0.31284655225601882
1.1845714004333781 1.4502448996381709 0.31184096311744153
1.094371178986949 1.5076718556331461 0.30406472182354238
0.99962425765285423 1.556665544414799 0.2898426044213846
0.90088320999127502 1.5961121080900931 0.27020681464190882
0.79582161365196402 1.6269583451264309 0.2440880775277211
0.69163910292242536 1.6476277077025701 0.21256180645389181
0.58293791675631201 1.6573099896575081 0.17368638448975379
0.47700668469873952 1.659570200213961 0.1325826619759336
0.37220934965919322 1.6611340697133401 0.092957561411204245
0.26768239228184543 1.6616496601864099 0.054186521850706972
0.16337661067360981 1.660861251059619 0.01597184449038393
0.059211137027580393 1.6585989122342939 -0.02200344829047297
-0.044905281833366902 1.6547862308542329 -0.06007172620302631
-0.1490610899046004 1.6494498268121129 -0.098566875534974133
-0.25332742660625551 1.642717283940514 -0.13781298236777381
-0.35774530630566281 1.634824487264859 -0.17811922877662259
-0.46395441360728279 1.625958721048828 -0.22042952791149509
-0.57073425974153502 1.608263908057566 -0.25812397689086791
-0.67503361846307608 1.579732117072848 -0.28843361622105629
-0.77770223821927742 1.540979871919093 -0.3137062166605693
-0.87413711631725244 1.494203337986195 -0.33074306104492929
-0.96670838371792589 1.439061624969691 -0.34097511382683071
-1.0555384845788509 1.3748494364001349 -0.3441419535493786
-1.1379854901189519 1.304021415204871 -0.33935423423803268
-1.2130268646576401 1.227635205219066 -0.32692840713801169
-1.282028436772467 1.145523846719229 -0.30530190126205992
-1.342856114282138 1.059853247556978 -0.27396627829814468
-1.3941270347860659 0.97537368950713055 -0.23312968240354451
-1.4402233935675339 0.88612999396235581 -0.1776465723255776
-1.4801847087255879 0.80095215713084045 -0.1087481992484859
-1.516904181453852 0.72513257833811973 -0.025069595637663759
-1.5565852957056041 0.66713342095684236 0.067118779539990389
-1.624579127112137 0.61166772922793722 0.18787566927422331
-1.69500766916863 0.57302331703361942 0.27482539975021408
-1.7905351418842319 0.52296973824973392 0.35292635605554012
-1.8879976437287589 0.46670669244013768 0.40983679122494848
-1.9820134505236811 0.40348377990299711 0.44959722354582099
-2.0692534086296601 0.33622475416812481 0.4750595078351505
-2.1525332275275288 0.2620942695987194 0.48939327405404759
-2.2290912858155041 0.18403645524573309 0.49333398700841458
-2.2990963938927269 0.10152179510645019 0.48781464188026219
-2.3602527696504829 0.01645965915220942 0.47427286218107162
-2.412783395291378 -0.070718086576319408 0.45425451264429528
-2.456616641149596 -0.15976216809114169 0.42747742756199342
-2.4919878007453029 -0.25089706217600222 0.39471537629158893
-2.517359296751839 -0.34147417845056122 0.35731806358766732
-2.53365162318353 -0.43120453090797378 0.31577181106691588
-2.540992824727057 -0.52134095231621647 0.26935577658988707
