-2.3462959337728133 -0.67823490365199379 -0.34321181031459524
-2.523073692865736 -0.53581906825080461 -0.27453119770357259
-2.6330456747933693 -0.40122573432752273 -0.19552097887742328
-2.7077195377976624 -0.26268225053885741 -0.097145526245899005
-2.7472530559988275 -0.12251219683841391 0.012158109909350248
-2.7500820322011985 0.017392895176813833 0.12605316107948777
-2.7179501091722877 0.15521078948515624 0.23816257789012293
-2.6502431663682473 0.28889952457685253 0.34202239040510474
-2.5494567955923104 0.41671992574922379 0.4315434083027061
-2.4173735129111851 0.53622908115184476 0.49888556057915767
-2.2595947300276249 0.64596541115153494 0.53797363619057581
-2.0832216125386176 0.74455711433014549 0.54170060236997419
-1.8978090073685325 0.8331739189721048 0.50758069554234442
-1.7138489304795468 0.91629937853221688 0.43897188750402871
-1.5394515597328893 0.99721485025852918 0.33930670840870547
-1.3816673331070191 1.0796460180929166 0.21140388690864961
-1.2426301011408312 1.1683846378297291 0.064908790751118509
-1.1173600432206663 1.2698344296387174 -0.09083887211217509
-1.0055899005483468 1.4042505821853029 -0.23321637257921732
-0.89914400762968827 1.5628550991764327 -0.34446692341612795
-0.79121530526790351 1.7354917129139755 -0.41701282980295684
-0.67881271110738617 1.910925597338448 -0.44867739228419745
-0.56089391543745193 2.0778267670068464 -0.43816916151507734
-0.43835739219970105 2.2255764046309285 -0.38852129270784619
-0.31330298787947919 2.3470465073332671 -0.30738519519310092
-0.1879886603999753 2.4375644782040244 -0.20211536186606194
-0.064200364654364406 2.4953111036593421 -0.07995151082839036
0.056538134665364753 2.5200395986077915 0.051571661760838966
0.17217715696405597 2.5106414122833507 0.18750065163787946
0.28150407374746977 2.4687401970035632 0.32254228112541394
0.38282971406319033 2.3939559027566504 0.45103020934913884
0.47466224120694966 2.2874844213581529 0.56802134252787029
0.55495539856224729 2.1517562426533865 0.66756699593270119
0.62229567986339041 1.9888844626849556 0.74189222069612648
0.67649904045566733 1.8044639065679562 0.78453093364771576
0.71735036179670641 1.6057967818611592 0.78766959283797189
0.74691897611729463 1.4029920106739437 0.74592612463396024
0.76933473425191345 1.2083693246617144 0.65762828978534837
0.79290609623319463 1.0313955315279881 0.53043285402601159
0.82539509671071742 0.87561333952873976 0.37589655481658302
0.87199855181592467 0.74554119488375836 0.1996985505919103
0.93902512945894878 0.64176157261096789 0.01143735476438415
1.0318221728087356 0.56126661347716111 -0.17753443207880187
1.1527867707801567 0.49914238847361858 -0.35623451236976866
1.2999746568518411 0.4508916688252117 -0.51640692507439823
1.4698020148764093 0.41207705813335826 -0.65202731745742726
1.6623825984986547 0.37367291462914576 -0.7445353951008179
1.8640683654212158 0.32958121858904177 -0.78839431338504407
2.0614697872626229 0.27668737455035108 -0.78533114004170068
2.2441912600990865 0.21453587448318753 -0.74139300170119027
2.4045620020943557 0.14394756634490061 -0.66381208547373161
2.5371947906260859 0.06557140510731696 -0.55942858720515531
2.6402515503976347 -0.019133935676196812 -0.43619974491951963
2.7117151797504149 -0.10714639327124323 -0.29952980258215101
2.7509049434366823 -0.19836035635484139 -0.15498077521437509
2.758620199096625 -0.29133695615141236 -0.0073402827179279012
2.7339903678863959 -0.38450765772786077 0.13904091856403039
2.67681195413657 -0.47823934289950765 0.2790757493112962
2.5879571883209955 -0.56975105464399034 0.40810729883388097
2.4670438763825651 -0.65792871859973501 0.51895344587166203
2.316983714272784 -0.74193945366500358 0.60475772156819474
2.1420977706672506 -0.82011828952370669 0.65713349227800022
1.9495690833486179 -0.89178427178862651 0.6682543596106536
1.7506212647608972 -0.95830187035360059 0.63360730053953584
1.5577044159186808 -1.0233237656030905 0.55459101502972075
1.3819598544170806 -1.092292905832442 0.43686403804793272
1.2304065008858132 -1.1695602914289949 0.2886949343730546
1.1094845359431964 -1.2598456962633635 0.1161022534962534
1.0158128031013081 -1.3841894099708261 -0.047394250373603869
0.9220232389026698 -1.5325843592538291 -0.17677870629460823
0.82184388743776349 -1.6959543079139396 -0.27254627766829487
0.71345775213692708 -1.8658873456075742 -0.3321925521043555
0.59508715320801431 -2.0320641528657335 -0.35432152915088344
0.46646688227302457 -2.1841952911459672 -0.34105808430444651
0.32867120564720931 -2.3132269766111926 -0.29617862882743995
0.18378626880250501 -2.4128361887430243 -0.2259881312143491
0.03427424213378788 -2.4795924552011295 -0.13759001626211337
-0.11745541430940455 -2.511861643403186 -0.038406289472547026
-0.26978164861798293 -2.5083259500791324 0.064324921329977691
-0.42046168600903344 -2.4696982219519343 0.16398243325216044
-0.56751277058743965 -2.3955545512909371 0.2531198986794172
-0.70887924458519069 -2.2888178909214822 0.32519374393772782
-0.84152196924475064 -2.1535815966929532 0.37315494676986238
-0.96241000418080358 -1.9963836746645751 0.39227136650411398
-1.0677005562938877 -1.823862572355992 0.38028717911714616
-1.1531223465824065 -1.6391854969218924 0.33170676115001163
-1.2304007781208892 -1.45743788219029 0.23447256510931627
-1.3219230146033361 -1.3031417068242492 0.09068237897642864
-1.4511388768795039 -1.1927483727562027 -0.069146953810001369
-1.6190422669612989 -1.1161075909682021 -0.20161697814467586
-1.8019587809719948 -1.0429130400828437 -0.28762713550921226
-1.9800876441784536 -0.94975475862487557 -0.33734193458809736
-2.1524715006214254 -0.84062888859188922 -0.35530308364088092
-2.3475385708905185 -0.77208005069104368 -0.30177159364620365
-2.254754153628229 -0.91738834150006288 -0.25668061204571424
-2.2234728017990348 -1.1011085780089969 -0.16415787293468156
-2.1925670347246178 -1.2897286427587416 -0.068474839384447872
-2.1616612676502003 -1.4783487075084867 0.02720819416578589
-2.1307555005757837 -1.6669687722582285 0.122891227716018
-2.0927865195824218 -1.8458789349641489 0.18168368429272558
-2.0406461265903304 -1.9190020103871164 0.07415990566452485
-1.951813256399066 -1.9945461514689646 -0.058116503180842993
-1.8370274852249138 -2.046880863000232 -0.18987041327121976
-1.700841249373648 -2.0723955432882355 -0.31203789810021543
-1.5453502916158328 -2.070608760422326 -0.41741901292415129
-1.373985424807578 -2.0418061081486902 -0.49928538240762099
-1.1916823977524484 -1.9882190426731758 -0.55091592150149438
-1.0042544694566791 -1.9133740780469122 -0.56532659023455323
-0.81792487353297827 -1.8246547656446401 -0.5358589555875175
-0.63902102298828711 -1.734184255458048 -0.46038348171011034
-0.47260075947999636 -1.6545787444172322 -0.34280005753266996
-0.32122997301213457 -1.5967257340012357 -0.19064357145188635
-0.1872112494199577 -1.5705261719507984 -0.0096787252925071843
-0.0594598716299235 -1.5927825860643317 0.17733195410055241
0.081405244058009002 -1.6487372251549683 0.34140791821314065
0.23889153082883882 -1.7237906675781622 0.47525593450318382
0.41078173266567419 -1.8121255803929073 0.57353374635778176
0.59356572908076577 -1.903323187204363 0.63128050132592206
0.78245851995804505 -1.986161586673626 0.64758079685710224
0.97112791349165206 -2.0514007423646992 0.62554140239055567
1.1533682902078044 -2.0916681527879066 0.56960583603293158
1.3239862895525401 -2.1040431528792198 0.48830702066401988
1.4789486136122256 -2.0869193923655627 0.38853590483669731
1.6161247660378988 -2.0412444946876569 0.27792752190654446
1.7333534403085824 -1.9672191498240847 0.16268700276930823
1.8299132392606101 -1.8665618892523443 0.049083576669513462
1.9041681879782593 -1.7396487255834598 -0.057158372683388609
1.9562954360957743 -1.5892876885980145 -0.15072647080662077
1.9850039305347595 -1.417637475503472 -0.22484338265000561
1.9922601274922991 -1.2298780597430268 -0.27487965057715169
1.9801951161808085 -1.0333091306852367 -0.29700309515744561
1.9501427480857234 -0.83501726314104852 -0.28894117409307718
1.9004032895584 -0.63906332329013749 -0.24827241190716617
1.837784819857488 -0.44411807668258407 -0.16144660486658893
1.8121769647334733 -0.24607745169026923 -0.030535354939778644
1.8495127314184046 -0.045926851986095224 0.08682121924387963
1.9037480089052867 0.15171306215656041 0.15069601821653045
1.9343941589170364 0.35128516685926348 0.18407912672149052
1.9541543007950757 0.55500783282563038 0.20549621078286226
1.959023484454854 0.75652535028821444 0.20333208589944651
1.9415128465950888 0.94806366590321023 0.17363875731402981
1.8977084546318503 1.1226641384225826 0.12149655215928104
1.8259739632245793 1.2754727978838583 0.054409865856846859
1.7272411950114044 1.4042629843687047 -0.019645887906965254
1.6012471580732335 1.5072487439466926 -0.093637961695152871
1.4492464513828447 1.5840189833929867 -0.16019959040198922
1.2739362244557944 1.6335356334543856 -0.21071159267461906
1.080447039422217 1.6569434312383784 -0.23604746216774822
0.87668613785667138 1.6590829059732226 -0.22955016723420693
0.67122809493875224 1.6477503873708323 -0.19118590694502227
0.46986130962251627 1.6316687572514605 -0.13546007842037319
0.27469327532905774 1.5993926844168274 -0.052466839719792671
0.087661221042699827 1.5757540027901835 0.076716524525673555
-0.086775960643349442 1.6026339395590854 0.23267862056305966
-0.25300146338193069 1.6810251667179996 0.367499943323499
-0.42631525950728055 1.7718548892994064 0.4572984533861113
-0.61020292224154316 1.8560595090038292 0.5092673846627801
-0.80054270627247714 1.9323333040401203 0.52616769021092213
-0.99104672524300785 1.9952509991173881 0.50805321943405102
-1.1757437808426352 2.0386721049069134 0.45712017061580423
-1.3490594446524862 2.0585915755493365 0.37906483519490375
-1.5075302342679224 2.0520047574870799 0.27892967096222565
-1.6485163958315956 2.0207845570060683 0.1648297282510825
-1.7674089310052203 1.9620037032055346 0.042709051934870727
-1.8642757506464198 1.8767603701298394 -0.081764203872512459
-1.9375729841380143 1.7649555399058861 -0.20308352130180132
-1.9871413574855115 1.6289541113598602 -0.31537879098053034
-2.0112061821476988 1.4700236066264614 -0.41111764796471484
-2.010805254123512 1.2921210810647532 -0.48385855100054054
-1.9865964658636193 1.0996697192006781 -0.52441203583370322
-1.9446025911423839 0.89985983587827145 -0.52904813085198832
-1.8906297785573809 0.70082383872467269 -0.49267763597348901
-1.8329297603562695 0.5093170848347317 -0.41555557905786478
-1.7811304346986332 0.33100052955390469 -0.30039964234949612
-1.745579738713122 0.1631877158571213 -0.16089180397571365
-1.7314272163090625 0.0045718819225031848 -0.0060621520245105198
-1.7408234351802518 -0.14699267330637553 0.15614993925961124
-1.7736815571022826 -0.29543622536565289 0.31856711829725337
-1.8338916126931843 -0.45602318941122322 0.45799831502184418
-1.911084598565266 -0.63106144881951465 0.55943364298902631
-1.9917736520154774 -0.81729946842515766 0.61655168875160904
-2.0645161561940379 -1.0084441207084425 0.62911369892941849
-2.1209500214345658 -1.1971943653992447 0.60062531766819527
-2.1555808925711384 -1.3768593587347162 0.53646670646399541
-2.1660884667768032 -1.5423504983626308 0.44472831614266595
-2.1514578716346464 -1.6866604425175806 0.3322404929472369
-2.1261936492790259 -1.7719203795169762 0.26997676923645031
-2.1504718426177285 -1.6362568433895557 0.16369878056795284
-2.185926757665007 -1.4508638375844103 0.063397626680375296
-2.2213816727122841 -1.2654708317792707 -0.036903527207199027
-2.2568365877595626 -1.0800778259741244 -0.13720468109477663
-2.2922915028068411 -0.89468482016897888 -0.23750583498235425
