1 16.377604 
2 16.377604 
3 16.377604 
4 16.377604 
5 16.377604 
6 16.377604 
7 16.377604 
8 16.377604 
9 16.377604 
10 16.377604 
11 16.377603 
12 16.377603 
13 16.377603 
14 16.377603 
15 16.377603 
16 16.377603 
17 16.377603 
18 16.377602 
19 16.377602 
20 16.377602 
21 16.377601 
22 16.377601 
23 16.3776 
24 16.377599 
25 16.377597 
26 16.377595 
27 16.377594 
28 16.377592 
29 16.37759 
30 16.377588 
31 16.377586 
32 16.377584 
33 16.377583 
34 16.377582 
35 16.377581 
36 16.37758 
37 16.377579 
38 16.377577 
39 16.377576 
40 16.377575 
41 16.377574 
42 16.377572 
43 16.377571 
44 16.37757 
45 16.377569 
46 16.377567 
47 16.377566 
48 16.377565 
49 16.377563 
50 16.377562 
51 16.377561 
52 16.377559 
53 16.377558 
54 16.377557 
55 16.377555 
56 16.377554 
57 16.377552 
58 16.377551 
59 16.37755 
60 16.377549 
61 16.377547 
62 16.377546 
63 16.377544 
64 16.377543 
65 16.377541 
66 16.37754 
67 16.377538 
68 16.377536 
69 16.377534 
70 16.377532 
71 16.37753 
72 16.377528 
73 16.377526 
74 16.377524 
75 16.377523 
76 16.377521 
77 16.377519 
78 16.377517 
79 16.377515 
80 16.377513 
81 16.377511 
82 16.37751 
83 16.377508 
84 16.377506 
85 16.377504 
86 16.377503 
87 16.377502 
88 16.3775 
89 16.377499 
90 16.377498 
91 16.377497 
92 16.377495 
93 16.377494 
94 16.377493 
95 16.377491 
96 16.37749 
97 16.377489 
98 16.377487 
99 16.377486 
100 16.377485 
101 16.377483 
102 16.377482 
103 16.37748 
104 16.377479 
105 16.377478 
106 16.377476 
107 16.377475 
108 16.377473 
109 16.377472 
110 16.37747 
111 16.377469 
112 16.377467 
113 16.377466 
114 16.377464 
115 16.377462 
116 16.377461 
117 16.377459 
118 16.377458 
119 16.377456 
120 16.377455 
121 16.377453 
122 16.377451 
123 16.37745 
124 16.377448 
125 16.377447 
126 16.377445 
127 16.377443 
128 16.377442 
129 16.37744 
130 16.377438 
131 16.377437 
132 16.377435 
133 16.377433 
134 16.377431 
135 16.377429 
136 16.377428 
137 16.377426 
138 16.377424 
139 16.377422 
140 16.37742 
141 16.377418 
142 16.377416 
143 16.377415 
144 16.377413 
145 16.377411 
146 16.377409 
147 16.377407 
148 16.377405 
149 16.377403 
150 16.377401 
151 16.377399 
152 16.377397 
153 16.377395 
154 16.377393 
155 16.377391 
156 16.377389 
157 16.377382 
158 16.377381 
159 16.377381 
160 16.37738 
161 16.377379 
162 16.377378 
163 16.377377 
164 16.377376 
165 16.377374 
166 16.377373 
167 16.377372 
168 16.37737 
169 16.377368 
170 16.377366 
171 16.377364 
172 16.377362 
173 16.37736 
174 16.377358 
175 16.377356 
176 16.377353 
177 16.377351 
178 16.377349 
179 16.377346 
180 16.377344 
181 16.377341 
182 16.377339 
183 16.377336 
184 16.377333 
185 16.377331 
186 16.377328 
187 16.377325 
188 16.377318 
189 16.377317 
190 16.377317 
191 16.377316 
192 16.377315 
193 16.377313 
194 16.37731 
195 16.377307 
196 16.377305 
197 16.377301 
198 16.377299 
199 16.377295 
200 16.377292 
201 16.377289 
202 16.377286 
203 16.377283 
204 16.377281 
205 16.377278 
206 16.377275 
207 16.377272 
208 16.377269 
209 16.377266 
210 16.377263 
211 16.37726 
212 16.377258 
213 16.377255 
214 16.377253 
215 16.37725 
216 16.377248 
217 16.377246 
218 16.377243 
219 16.37724 
220 16.377239 
221 16.377236 
222 16.377233 
223 16.377231 
224 16.377228 
225 16.377226 
226 16.377224 
227 16.377221 
228 16.377219 
229 16.377217 
230 16.377214 
231 16.377212 
232 16.37721 
233 16.377207 
234 16.377205 
235 16.377203 
236 16.377201 
237 16.377199 
238 16.377196 
239 16.377194 
240 16.377192 
241 16.37719 
242 16.377187 
243 16.377186 
244 16.377184 
245 16.377181 
246 16.37718 
247 16.377177 
248 16.377176 
249 16.377173 
250 16.377172 
251 16.37717 
252 16.377168 
253 16.377165 
254 16.377164 
255 16.377161 
256 16.37716 
257 16.377157 
258 16.377156 
259 16.377153 
260 16.377152 
261 16.37715 
262 16.377148 
263 16.377146 
264 16.377144 
265 16.377142 
266 16.37714 
267 16.377138 
268 16.377136 
269 16.377134 
270 16.377132 
271 16.37713 
272 16.377129 
273 16.377127 
274 16.377125 
275 16.377123 
276 16.377121 
277 16.377119 
278 16.377117 
279 16.377115 
280 16.377114 
281 16.377112 
282 16.37711 
283 16.377108 
284 16.377107 
285 16.377105 
286 16.377103 
287 16.377101 
288 16.377099 
289 16.377098 
290 16.377096 
291 16.377094 
292 16.377092 
293 16.377091 
294 16.37709 
295 16.377087 
296 16.377084 
297 16.377082 
298 16.37708 
299 16.377078 
300 16.377077 
301 16.377075 
302 16.377073 
303 16.377071 
304 16.37707 
305 16.377068 
306 16.377066 
307 16.377064 
308 16.377062 
309 16.37706 
310 16.377059 
311 16.377057 
312 16.377055 
313 16.377054 
314 16.377051 
315 16.37705 
316 16.377047 
317 16.377046 
318 16.377044 
319 16.377042 
320 16.37704 
321 16.377039 
322 16.377036 
323 16.377035 
324 16.377032 
325 16.377031 
326 16.377029 
327 16.377028 
328 16.377025 
329 16.377024 
330 16.377022 
331 16.37702 
332 16.377018 
333 16.377017 
334 16.377015 
335 16.377013 
336 16.377011 
337 16.37701 
338 16.377007 
339 16.377006 
340 16.377004 
341 16.377003 
342 16.377002 
343 16.377 
344 16.376998 
345 16.376996 
346 16.376995 
347 16.376993 
348 16.376991 
349 16.37699 
350 16.376989 
351 16.376987 
352 16.376985 
353 16.376984 
354 16.376981 
355 16.376981 
356 16.376978 
357 16.376977 
358 16.376975 
359 16.376974 
360 16.376972 
361 16.376971 
362 16.37697 
363 16.376968 
364 16.376967 
365 16.376965 
366 16.376964 
367 16.376963 
368 16.376962 
369 16.376959 
370 16.376959 
371 16.376959 
372 16.376956 
373 16.376954 
374 16.376951 
375 16.376948 
376 16.376947 
377 16.376946 
378 16.376945 
379 16.376943 
380 16.376942 
381 16.376941 
382 16.376938 
383 16.376935 
384 16.376933 
385 16.376931 
386 16.37693 
387 16.376928 
388 16.376927 
389 16.376925 
390 16.376924 
391 16.376923 
392 16.376921 
393 16.37692 
394 16.376918 
395 16.376917 
396 16.376915 
397 16.376914 
398 16.376912 
399 16.376911 
400 16.376908 
401 16.376906 
402 16.376905 
403 16.376904 
404 16.376903 
405 16.376902 
406 16.376899 
407 16.376898 
408 16.376896 
409 16.376896 
410 16.376893 
411 16.376892 
412 16.376891 
413 16.376889 
414 16.376888 
415 16.376886 
416 16.376886 
417 16.376884 
418 16.376882 
419 16.376882 
420 16.376882 
421 16.376882 
422 16.376882 
423 16.376882 
424 16.376882 
425 16.376882 
426 16.376882 
427 16.376882 
428 16.376882 
429 16.376882 
430 16.376882 
431 16.376882 
432 16.376882 
433 16.376882 
434 16.376882 
435 16.376882 
436 16.376882 
437 16.376882 
438 16.376882 
439 16.376882 
440 16.376882 
441 16.376882 
442 16.376882 
443 16.376882 
444 16.376882 
445 16.376882 
446 16.376882 
447 16.376882 
448 16.376882 
449 16.376882 
450 16.376882 
451 16.376882 
452 16.376882 
453 16.376882 
454 16.376882 
455 16.376882 
456 16.376882 
457 16.376882 
458 16.376882 
459 16.376881 
460 16.376881 
461 16.376881 
462 16.376881 
463 16.376879 
464 16.376879 
465 16.376878 
466 16.376877 
467 16.376872 
468 16.376872 
469 16.37687 
470 16.37687 
471 16.376869 
472 16.376868 
473 16.376865 
474 16.376864 
475 16.376864 
476 16.376862 
477 16.376862 
478 16.376858 
479 16.376857 
480 16.376857 
481 16.376856 
482 16.376856 
483 16.376852 
484 16.37685 
485 16.376848 
486 16.376848 
487 16.376848 
488 16.376848 
489 16.376848 
490 16.376846 
491 16.376846 
492 16.376844 
493 16.376844 
494 16.376841 
495 16.376836 
496 16.376836 
497 16.376836 
498 16.376835 
499 16.376835 
500 16.376835 
501 16.376833 
502 16.37683 
503 16.37683 
504 16.376829 
505 16.376826 
506 16.376826 
507 16.376822 
508 16.376822 
509 16.376822 
510 16.376822 
511 16.376822 
512 16.376822 
513 16.376821 
514 16.376821 
515 16.376818 
516 16.376814 
517 16.376814 
518 16.376812 
519 16.376811 
520 16.376808 
521 16.376806 
522 16.376805 
523 16.376803 
524 16.376802 
525 16.376799 
526 16.376798 
527 16.376797 
528 16.376794 
529 16.376792 
530 16.376791 
531 16.376791 
532 16.376791 
533 16.376791 
534 16.376788 
535 16.376786 
536 16.376786 
537 16.376783 
538 16.376782 
539 16.376779 
540 16.376777 
541 16.376777 
542 16.376776 
543 16.376775 
544 16.376773 
545 16.376773 
546 16.37677 
547 16.37677 
548 16.376766 
549 16.376765 
550 16.376764 
551 16.376762 
552 16.376762 
553 16.37676 
554 16.37676 
555 16.376758 
556 16.376758 
557 16.376754 
558 16.376753 
559 16.376753 
560 16.37675 
561 16.37675 
562 16.376749 
563 16.376748 
564 16.376745 
565 16.376743 
566 16.376743 
567 16.376742 
568 16.376742 
569 16.376742 
570 16.376738 
571 16.376738 
572 16.376738 
573 16.376737 
574 16.376737 
575 16.376736 
576 16.376735 
577 16.376735 
578 16.37673 
579 16.37673 
580 16.37673 
581 16.37673 
582 16.37673 
583 16.37673 
584 16.376729 
585 16.376726 
586 16.376726 
587 16.376726 
588 16.376726 
589 16.376726 
590 16.376726 
591 16.376726 
592 16.376726 
593 16.376726 
594 16.376726 
595 16.376726 
596 16.376726 
597 16.376725 
598 16.376725 
599 16.376725 
600 16.376721 
601 16.376721 
602 16.376721 
603 16.37672 
604 16.376719 
605 16.376716 
606 16.376713 
607 16.376712 
608 16.376712 
609 16.376711 
610 16.37671 
611 16.37671 
612 16.376709 
613 16.376706 
614 16.376704 
615 16.376704 
616 16.376703 
617 16.376703 
618 16.376702 
619 16.376701 
620 16.376699 
621 16.376698 
622 16.376698 
623 16.376697 
624 16.376696 
625 16.376696 
626 16.376692 
627 16.37669 
628 16.37669 
629 16.376689 
630 16.376689 
631 16.376686 
632 16.376686 
633 16.376685 
634 16.376685 
635 16.376683 
636 16.376683 
637 16.376682 
638 16.376681 
639 16.376681 
640 16.37668 
641 16.37668 
642 16.37668 
643 16.37668 
644 16.37668 
645 16.376679 
646 16.376677 
647 16.376677 
648 16.376677 
649 16.376676 
650 16.376673 
651 16.376673 
652 16.376673 
653 16.376669 
654 16.376669 
655 16.376669 
656 16.376664 
657 16.376662 
658 16.376662 
659 16.376662 
660 16.376662 
661 16.376662 
662 16.376662 
663 16.376662 
664 16.376662 
665 16.376662 
666 16.376662 
667 16.376662 
668 16.376662 
669 16.376662 
670 16.376662 
671 16.376662 
672 16.376662 
673 16.376662 
674 16.376662 
675 16.376662 
676 16.376662 
677 16.376662 
678 16.376662 
679 16.376662 
680 16.376662 
681 16.376662 
682 16.376662 
683 16.376662 
684 16.376662 
685 16.376662 
686 16.376662 
687 16.376662 
688 16.376662 
689 16.376662 
690 16.376662 
691 16.376662 
692 16.376662 
693 16.376662 
694 16.376662 
695 16.376662 
696 16.376662 
697 16.376662 
698 16.376662 
699 16.376662 
700 16.376662 
701 16.376662 
702 16.376662 
703 16.376662 
704 16.376662 
705 16.376662 
706 16.376662 
707 16.376662 
708 16.376662 
709 16.376662 
710 16.376662 
711 16.376662 
712 16.376662 
713 16.376662 
714 16.376662 
715 16.376662 
716 16.376662 
717 16.376662 
718 16.376662 
719 16.376662 
720 16.376661 
721 16.376661 
722 16.376661 
723 16.376661 
724 16.376661 
725 16.376661 
726 16.376661 
727 16.37666 
728 16.37666 
729 16.376659 
730 16.376658 
731 16.376658 
732 16.376657 
733 16.376657 
734 16.376656 
735 16.376656 
736 16.376655 
737 16.376654 
738 16.376653 
739 16.376652 
740 16.376652 
741 16.376651 
742 16.376649 
743 16.376649 
744 16.376648 
745 16.376647 
746 16.376646 
747 16.376646 
748 16.376645 
749 16.376645 
750 16.376644 
751 16.376643 
752 16.376642 
753 16.376642 
754 16.376641 
755 16.376641 
756 16.37664 
757 16.37664 
758 16.376639 
759 16.376639 
760 16.376638 
761 16.376638 
762 16.376637 
763 16.376636 
764 16.376636 
765 16.376635 
766 16.376635 
767 16.376634 
768 16.376634 
769 16.376634 
770 16.376634 
771 16.376633 
772 16.376632 
773 16.376632 
774 16.376631 
775 16.376631 
776 16.376631 
777 16.37663 
778 16.37663 
779 16.37663 
780 16.37663 
781 16.37663 
782 16.376629 
783 16.376628 
784 16.376627 
785 16.376627 
786 16.376627 
787 16.376626 
788 16.376626 
789 16.376626 
790 16.376624 
791 16.376624 
792 16.376624 
793 16.376624 
794 16.376624 
795 16.376624 
796 16.376624 
797 16.376624 
798 16.376624 
799 16.376623 
800 16.376623 
801 16.376623 
802 16.376621 
803 16.376621 
804 16.376621 
805 16.37662 
806 16.376619 
807 16.376619 
808 16.376618 
809 16.376617 
810 16.376617 
811 16.376617 
812 16.376617 
813 16.376617 
814 16.376617 
815 16.376617 
816 16.376615 
817 16.376614 
818 16.376614 
819 16.376614 
820 16.376613 
821 16.376613 
822 16.376613 
823 16.376612 
824 16.376611 
825 16.376611 
826 16.376611 
827 16.376611 
828 16.376611 
829 16.376611 
830 16.376611 
831 16.37661 
832 16.37661 
833 16.376609 
834 16.376609 
835 16.376609 
836 16.376607 
837 16.376606 
838 16.376606 
839 16.376605 
840 16.376604 
841 16.376604 
842 16.376604 
843 16.376604 
844 16.376603 
845 16.376603 
846 16.376602 
847 16.376602 
848 16.376602 
849 16.376601 
850 16.376601 
851 16.376599 
852 16.376599 
853 16.376599 
854 16.376599 
855 16.376599 
856 16.376599 
857 16.376598 
858 16.376598 
859 16.376597 
860 16.376597 
861 16.376596 
862 16.376596 
863 16.376596 
864 16.376596 
865 16.376595 
866 16.376595 
867 16.376595 
868 16.376593 
869 16.376592 
870 16.376592 
871 16.376591 
872 16.376591 
873 16.37659 
874 16.37659 
875 16.376589 
876 16.376589 
877 16.376589 
878 16.376588 
879 16.376588 
880 16.376587 
881 16.376587 
882 16.376587 
883 16.376586 
884 16.376586 
885 16.376586 
886 16.376586 
887 16.376585 
888 16.376585 
889 16.376584 
890 16.376584 
891 16.376584 
892 16.376583 
893 16.376583 
894 16.376582 
895 16.376582 
896 16.376581 
897 16.376581 
898 16.376581 
899 16.37658 
900 16.37658 
901 16.37658 
902 16.376579 
903 16.376579 
904 16.376579 
905 16.376578 
906 16.376578 
907 16.376578 
908 16.376578 
909 16.376577 
910 16.376577 
911 16.376577 
912 16.376576 
913 16.376576 
914 16.376575 
915 16.376575 
916 16.376575 
917 16.376574 
918 16.376574 
919 16.376574 
920 16.376574 
921 16.376574 
922 16.376573 
