-1.6278944287336437 -1.5038248350064396 0.01774719006328726
-1.6109533068050848 -1.6154420068017636 0.1140391454742003
-1.5755829223121744 -1.7225260582442887 0.2096164362086736
-1.5189256146433505 -1.8222143732901628 0.30243520128721108
-1.4447221544097617 -1.9138385866346759 0.39119663941905503
-1.3522390747202817 -1.9945568920722325 0.47351144251367422
-1.2440583439138535 -2.0633817266174908 0.54802875715238619
-1.1217416167975875 -2.1182205407779047 0.6126643774600905
-0.98774558500367993 -2.157032449234491 0.66579321991739726
-0.845548620841308 -2.1788703491429002 0.70748402604923522
-0.69771131126014985 -2.1809035015430376 0.73546752125179304
-0.54791775017558231 -2.1655792449232978 0.75037414284712955
-0.40057397155128871 -2.130291479018108 0.74818290845362401
-0.25928968215287101 -2.0777532323901977 0.7333436124624011
-0.12816620150984398 -2.0065097874199083 0.70540929799156371
-0.0095441424780534911 -1.9200600709457729 0.66529345773619875
0.093480502916332212 -1.8201315772628173 0.61396179062738621
0.17800043464894283 -1.7091017992361583 0.55206260024351073
0.24379530241452257 -1.5903588913335933 0.48151294916639548
0.28657689176125917 -1.4663035280743915 0.40205010792785828
0.30885783562466995 -1.3413500777317957 0.31499184879855763
0.30517358168562897 -1.2194589571189343 0.21925228361403731
0.28135573408432663 -1.1098269926834046 0.11039144596287809
0.24502422743343449 -1.0239842344196546 -0.014572484170540981
0.19005632719073196 -0.94806353779618735 -0.13687011559062218
0.106313980785236 -0.86910058203395979 -0.23969460288171385
-0.0025905889567000157 -0.77549391522486433 -0.30186786790842718
-0.12216225829202547 -0.67340756181431449 -0.31256937876512386
-0.24265025617471497 -0.57764777085154551 -0.27941016397691398
-0.36775900540298656 -0.49645309628566459 -0.23169970204806245
-0.49717272074901658 -0.43128511193478392 -0.17343313339102467
-0.62425311302788855 -0.37960165511565469 -0.10125337568152869
-0.74097551575485765 -0.32410107410027383 -0.01868491949234953
-0.85470626139542649 -0.25543340790380259 0.055633112629754081
-0.96817781375165568 -0.16344586681527223 0.095973257508633197
-1.0700253222254348 -0.053922821040816291 0.11872667452597101
-1.153228505539551 0.071784343539029266 0.12807350162053055
-1.2182047030891676 0.20779783676238406 0.12883492403271538
-1.2606320187311182 0.35190991706151004 0.1227611589079543
-1.2803227354218354 0.50032961227324768 0.11234514586993238
-1.2771171106715291 0.64966301675212379 0.099834993396438032
-1.2503627223269806 0.79642046426150426 0.086653594024932473
-1.2028052406061231 0.93771241879078915 0.073555134348234297
-1.1332887580286406 1.069688180976641 0.063011501951806367
-1.0452090273286487 1.1902128397672709 0.055364167312792777
-0.93939262546205315 1.2957712418479761 0.054040721017002066
-0.81881891675059348 1.3839107445172383 0.061256166319961891
-0.687141320166054 1.4532033761964065 0.079358155673298458
-0.54931898627787468 1.501834912173043 0.11470913997446788
-0.4117076898647819 1.5318317395529744 0.17059377977342929
-0.28529040392760602 1.5510847071679417 0.25900664351375602
-0.17064683912567163 1.59012863667305 0.36184390383921211
-0.056886645144929894 1.6553890162911284 0.45093336256709537
0.069969977849281204 1.726767537407387 0.50650100677456866
0.20683333812196875 1.7905739301124848 0.53512960734332138
0.35090252678711165 1.8397563202566241 0.54038066431892451
0.49784604558961171 1.8731049344291382 0.52761797043183867
0.64451448405141976 1.8861698452999394 0.49717102334510621
0.78772675979607998 1.8817799781929783 0.45433224406456801
0.92357103927699913 1.8571154721237098 0.39907681109264087
1.0507191113868912 1.8143276914850879 0.33630334647165827
1.1661832110018584 1.7537323911924501 0.26688747842424121
1.2684107745780731 1.6766268790325825 0.19370843695854156
1.3555248243559759 1.5850759459181942 0.11782751101408026
1.4250119006036759 1.4798151178946464 0.04121140504412224
1.4776326591391182 1.3635327257934355 -0.03341231618624714
1.5090544448699588 1.2372589404096346 -0.10460779042912553
1.5216175709358006 1.1047564702338453 -0.17157409382907862
1.5109808517526111 0.96771318654477279 -0.23088839496304886
1.4804037999005673 0.82927636132111016 -0.28176480010969557
1.4280249555080642 0.69276451202176814 -0.32134844181223171
1.3562233223625735 0.56100329550114336 -0.34786530174267821
1.2666343358545329 0.43715699334655311 -0.35915923871273375
1.1615934096753955 0.32478273484597153 -0.35329957549761382
1.0454229419576282 0.22521701664735383 -0.33028815897986696
0.92165501929509097 0.14198523218721165 -0.28685764156130078
0.79660683400602339 0.07376214346333318 -0.22215481488640104
0.68306057245380625 0.022034150526063154 -0.12708514141868393
0.58796336255931481 -0.016682500054068086 -0.0096999595013071288
0.5092092810404385 -0.041576114307629183 0.12197174548638989
0.44566884750083074 -0.077403027749205003 0.25834018900084665
0.38040941090729946 -0.12485206386567267 0.38987947176986115
0.29428826437598793 -0.17806511220133991 0.50702297830075371
0.18500524188440892 -0.23727387747506845 0.60155050181265424
0.073019571632842603 -0.31244350274094529 0.68083668318620505
-0.035685139064521532 -0.40373816710589178 0.74783574947284215
-0.14137023763855799 -0.50977265072529054 0.79722801145970645
-0.24255451474479101 -0.62848061465563687 0.82602696454425961
-0.34240376747574258 -0.7522707280697285 0.82253365839794734
-0.43758291249481962 -0.8742585679678212 0.78806300989031819
-0.52189897659879558 -0.98835203033322283 0.71975452621680391
-0.5931769596232197 -1.090271798435847 0.62650532903525324
-0.64513634373955686 -1.1775385024358944 0.51131774179175171
-0.67550176329169365 -1.2507852617606821 0.38263302568920821
-0.6751073664615409 -1.3149184514920274 0.24499043433858725
-0.65659439217231197 -1.3927739168936937 0.11265049307786927
-0.62468299875209188 -1.4851326734965555 -0.0056856792131394079
-0.56578449197734215 -1.5727488080493619 -0.11379916983657708
-0.4865848991636651 -1.6532978942659391 -0.21377184000819421
-0.38768098931120909 -1.7224880454291476 -0.3040688455586083
-0.27428159954081294 -1.7798516538467315 -0.38495741368172881
-0.14624006160871553 -1.8200804972256022 -0.45350375959784256
-0.008776808261244079 -1.8452809472702056 -0.51058779920641195
0.13584182714867521 -1.8521899131964477 -0.55333325909085962
0.28382164406490168 -1.8411156521694554 -0.58211299183022536
0.43202041759741122 -1.8125272282640796 -0.59530054910121499
0.57639125943062697 -1.7666357755035662 -0.59107007131324296
0.71402158333275956 -1.7061811802870517 -0.57233642273064367
0.84018919753539867 -1.6307446702082034 -0.53595788671505262
0.95330355273449152 -1.5442183879086364 -0.4851869502002108
1.0499906940805965 -1.4481582813895757 -0.42056467217558741
1.1280205678768978 -1.3446085161425774 -0.34407810692283364
1.1876556524767403 -1.2362135456099403 -0.25875693437893382
1.2246769089943748 -1.1239380224893596 -0.16426520073504847
1.2534866468330008 -1.0096177802308961 -0.06611402528819342
1.2810035570631093 -0.8945445735201093 0.032584861275833113
1.3080258188835054 -0.779206188043152 0.13125461205532787
1.3347930376648096 -0.6636586735872102 0.22983089505756993
1.3616215815213188 -0.54830759677784879 0.3281398407824167
1.3854200101896519 -0.43133943575757705 0.42339128488451194
1.3938705527542607 -0.30307943183079367 0.50517586570896433
1.3888675416858431 -0.16625417881438193 0.57355328257693139
1.3683089695304234 -0.023499489596790185 0.62548529506583272
1.3320913490426711 0.12079979183188175 0.66205171405721197
1.2781926631551606 0.26307857115829925 0.68189254519237741
1.2076035525561224 0.39952436778283495 0.68333383122543934
1.1226075120307026 0.52677955787392772 0.66606656518183915
1.0261851132145596 0.64078155173996165 0.62776766194986178
0.92306212567386603 0.7400985748118688 0.57003051357163104
0.81850279961809425 0.8197172869883127 0.48875207540416782
0.71981496427029901 0.88137635178062601 0.38638199075920993
0.63885772794780715 0.92807707677255713 0.26094795677692462
0.58486454362274365 0.97607790446318077 0.12160112198289127
0.55366216322466721 1.0349541769385948 -0.021803786518593896
0.53314530739275867 1.117974024206926 -0.15502211532606452
0.51381575553531689 1.2251638773965465 -0.27035044710031936
0.48824975629942063 1.3515483575941025 -0.36185262692046555
0.45397171582533519 1.4884955692787649 -0.4320545386691757
0.40856489529814366 1.6322993818354612 -0.47723970975027835
0.3523017700735992 1.776911431892277 -0.4992447536666455
0.28518398575311554 1.9179234357137156 -0.49704261358950635
0.20831084893712837 2.0502428616767934 -0.4716635746900531
0.12376695993170554 2.1707518084808992 -0.42629947932542694
0.032926056138665116 2.2748219822678988 -0.36077578800377424
-0.060777981335446443 2.3627115488660282 -0.28061425168993093
-0.15613087488779973 2.4302654369767107 -0.18653871288669138
-0.2512459616876096 2.4787401604708483 -0.083065154227269219
-0.3439540493028842 2.5069586834184632 0.028028010701915476
-0.43385225446810038 2.5147584705372625 0.14364054236036916
-0.51879130701832121 2.5042034611308446 0.26204782770315332
-0.59747867892556361 2.4731478474572777 0.38117308986067044
-0.6695403450664914 2.4251066635790468 0.49923592721940491
-0.73273287514733554 2.3572935156046819 0.61346314557727821
-0.78728646843945038 2.2721312781731657 0.72206566541499206
-0.83065466904459095 2.1698800726111007 0.82262844480128128
-0.86241838402616344 2.051795420692422 0.91191827068918518
-0.88197605683474289 1.9204281785663326 0.98779766723272866
-0.8856638655942296 1.7777905973661241 1.0467444448672918
-0.87601710958118484 1.6276739770495363 1.0881286007798268
-0.84994978869838589 1.4738756518945637 1.1067894478881937
-0.81106914014454978 1.3206655237809393 1.1044587958924961
-0.75975259051667487 1.1727349585735638 1.0776131133383133
-0.69930539175860651 1.0340748148785648 1.0283929268975878
-0.63182054142738364 0.9087569443103225 0.95664974298309779
-0.56082732397705681 0.80058177752447468 0.86418337455070715
-0.48966896769978163 0.71093154659464686 0.75406212915296356
-0.42374446558399398 0.64277269912345392 0.6274256360140823
-0.36697060294760214 0.59375891089072952 0.48878509480835824
-0.32583135089207343 0.56691211888678295 0.3399311540876494
-0.30223445201754784 0.55535027841044227 0.18623122530327574
-0.30091806433796398 0.55281658901162545 0.030894246450951693
-0.31849073383726556 0.55522811841032094 -0.12302105858254485
-0.3635518037977401 0.55217381304756863 -0.2716041774744184
-0.43124176132879805 0.5370308724690015 -0.41098838438703883
-0.51636478467520852 0.50528666061497018 -0.53843879915837844
-0.6138232149752294 0.45493699144371691 -0.65088162036314323
-0.71896902108130656 0.38746316048350538 -0.74769808086778988
-0.82843486372316755 0.30165851527874782 -0.82364562727977642
-0.93753970528032182 0.20104310567521849 -0.88016424379718172
-1.0429445402740174 0.086413605729908555 -0.91278669315889516
-1.1411241943395349 -0.037893655569759793 -0.92289009887755824
-1.2288339847226641 -0.16924573378207708 -0.90938186649867692
-1.3033913407641269 -0.30341839706950768 -0.87308243616437919
-1.3650334914450211 -0.43639117489016188 -0.8163102500221
-1.4121668962743261 -0.56330463155229926 -0.73856905312539001
-1.4465397286298489 -0.68292572068677426 -0.64672404666769423
-1.4760615910720527 -0.79975232114992589 -0.55051242136229628
-1.5059622645055679 -0.91722487909935679 -0.45522502225390599
-1.5357002098495578 -1.0349663320816478 -0.36016480385694405
-1.5654942500757083 -1.153007322997077 -0.26542897935035636
-1.5951907639838456 -1.2712168911143473 -0.17113673336322788
-1.6207678089213813 -1.3886371649604936 -0.07735775210759567
