-20.1158493898781 -15.657458495018 -0.941407643606872
-19.7437821283308 -16.5857783930336 -0.450504068219877
-19.313876468437 -17.486863257857 0.0440925471022806
-18.82680562985 -18.3565512188642 0.542143477794517
-18.2834206610726 -19.190477172223 1.04339086359365
-17.6847812746413 -19.9841224967944 1.54742365101125
-17.0321906854387 -20.7328751395503 2.05355375492556
-16.3272324988015 -21.4321021586007 2.56070682330498
-15.5718060326104 -22.0772338793151 3.06733301527555
-14.7681560129363 -22.6638552628307 3.5713431688954
-13.9188937321903 -23.187797423748 4.07007406760501
-13.0270090877146 -23.6452216268833 4.56028347250976
-12.0958754803455 -24.032689821263 5.03817214012078
-11.1292513787947 -24.3472191186467 5.49942740001296
-10.1312829204912 -24.5863212537508 5.93928191361071
-9.10651130248868 -24.7480306632606 6.35258218020679
-8.0598874207129 -24.830925707421 6.73386370052759
-6.99679479424069 -24.8341469286483 7.07743253145404
-5.92308052252843 -24.7574149930724 7.37745534209115
-4.84509268937446 -24.601050193045 7.62806142328164
-3.76972073098759 -24.3659958174653 7.82346028695525
-2.7044322688314 -24.0538492064256 7.95807773936606
-1.65729557995446 -23.6669058130848 8.02671190548198
-0.636971814708852 -23.2082213165353 8.02470869038881
0.347343142608515 -22.6816929561631 7.94815336363192
1.28604815367625 -22.0921528972124 7.79407104577775
2.16935339951538 -21.4454545276501 7.5606239706675
2.98758658433653 -20.748520338374 7.24728851224154
3.73157064590899 -20.0093124023349 6.85499216868767
4.39303084249838 -19.2366884096643 6.38619247451338
4.96496913378749 -18.4401202837395 5.84488766737891
5.44193625702402 -17.6292768733768 5.23656193448578
5.82014254447868 -16.8135012382828 4.56808251439763
6.09737761857521 -16.0012390413293 3.84757690120308
6.27275151009976 -15.199491326437 3.08432208282018
6.3463170287696 -14.4133693010923 2.28867260355739
6.31867447413907 -13.6458201742664 1.47204014484333
6.19068027920585 -12.8975732084977 0.646915021158756
5.96336463664659 -12.167327616975 -0.173106614679517
5.63810378053544 -11.4521738276952 -0.973347592230745
5.21700827389079 -10.7482109250433 -1.7381892660638
4.70341580448365 -10.051297182085 -2.45137122872784
4.10234666587975 -9.35784848248935 -3.09646143713408
3.42079971662674 -8.66558514607573 -3.65746495829515
2.66782201212619 -7.97412860458371 -4.11950430343603
1.85435264027009 -7.28537106415727 -4.46948953711161
0.99289586992348 -6.6035795211459 -4.69671172893459
0.0971001064208136 -5.93523337730672 -4.79333690589094
-0.818703496555891 -5.28861200544831 -4.75482889359587
-1.74000964783895 -4.67313867109639 -4.58035203346125
-2.65277132801621 -4.09846969117225 -4.27316570685784
-3.5442616166008 -3.57333042732689 -3.84092196117687
-4.4042101462317 -3.10417198950046 -3.29566997648483
-5.22610043617551 -2.69384236158565 -2.65335241094421
-6.0083203667879 -2.34056677940877 -1.93272273970527
-6.75475117942328 -2.03752739713904 -1.15388742186063
-7.47446131762293 -1.7731869633027 -0.336918540148519
-8.18042509887615 -1.53228482187123 0.499003481987229
-8.88747715794153 -1.29727672177209 1.33572715448984
-9.60990357439678 -1.04996532919878 2.15575428241082
-10.3591317142255 -0.773122522877503 2.94182882970889
-11.1419598884422 -0.451933061995108 3.6769460296705
-11.9596693540631 -0.0750698713215648 4.34494689262639
-12.8081460370285 0.364774690218745 4.93149259297831
-13.678844113148 0.870961114346624 5.42499665943009
-14.5601918666444 1.4434609919165 5.81714584121136
-15.438997381041 2.07965509590357 6.10288407775219
-16.301550756011 2.77511510559885 6.2799844366673
-17.1343275299372 3.52420301279289 6.34845529511043
-17.924359667182 4.32044312215386 6.31000231832203
-18.6594071669393 5.15671168736538 6.16766280772174
-19.3280507670226 6.02532523308573 5.92562122268908
-19.9197770287741 6.91809989985217 5.58914920469686
-20.4250786612761 7.82642389275878 5.16459745515978
-20.8355641438671 8.74135465782179 4.65938438503077
-21.1440630978429 9.65373386694028 4.08195548149864
-21.3447190424309 10.5543087432072 3.44171101860695
-21.4330687884883 11.4338528761859 2.74891099993136
-21.4061110718135 12.2832863920404 2.01456658166804
-21.2623649739596 13.0937988731495 1.25032256255745
-21.0019142623829 13.8569772148088 0.468331534459417
-20.6264311456738 14.5649364761679 -0.318880342070871
-20.1391745028389 15.210448046122 -1.09855392230781
-19.5449628322177 15.7870587914055 -1.85783984034314
-18.8501280013745 16.2891979669943 -2.5839392874923
-18.0624588703539 16.7122741065119 -3.26424134892053
-17.1911420323063 17.0527693177894 -3.88645935972661
-16.2467008874265 17.3083412114281 -4.43877157934221
-15.2409267677828 17.4779424044089 -4.90997186409354
-14.186789891437 17.5619650397716 -5.28963468481634
-13.0983147594221 17.5624143929243 -5.56829839576936
-11.9904025913402 17.4831115742578 -5.73767367442454
-10.8785791737054 17.329918543115 -5.79089030380162
-9.77863821617844 17.1109655549622 -5.72280012496363
-8.70614136520789 16.8368395784032 -5.53034851777799
-7.67573658083048 16.5206653990637 -5.21300354146895
-6.70028027314306 16.1779904386607 -4.77319120220503
-5.78980372641029 15.8263870935711 -4.21664114611769
-4.9504429593266 15.4847270482152 -3.55252557150917
-4.18352389046024 15.1721590115938 -2.79330122622604
-3.48502016660866 14.9069089610536 -1.95424529768852
-2.84555122043656 14.7050780354815 -1.05278113453574
-2.25097424703642 14.5796045362318 -0.107763242801605
-1.68349763474552 14.5394866377152 0.861114935244716
-1.12316297369123 14.5892759813533 1.83371626887568
-0.54952667579936 14.7288055444114 2.78971028117588
0.056612479599347 14.9531331309415 3.70882530009754
0.711593335566932 15.2527376533278 4.57126029811307
1.42755667135082 15.6140394610844 5.35833251939458
2.21157725748843 16.0202817497008 6.05330148119492
3.06538992785541 16.4527118617811 6.64219259440414
3.98571247910499 16.8918938055492 7.1144099223491
4.96502954114361 17.3189318904156 7.46299456214519
5.99261375745488 17.7164195922158 7.68451124797543
7.05555786732286 18.0690255862432 7.77866227928455
8.13965971398037 18.3637383997085 7.74778379697162
9.23009816210235 18.5898659703079 7.59636531700271
10.3119180809264 18.7389078662017 7.33067424348522
11.370383689814 18.8043951336113 6.9584992734149
12.3912613945834 18.7817491922101 6.48897824375154
13.3610704297171 18.6681701544751 5.93245837649263
14.2673110610429 18.4625405110537 5.30034615267604
15.0986605222787 18.1653250672615 4.60492752449311
15.8451224673739 17.778456434276 3.85916272095378
16.4981240939798 17.3052077562761 3.07647362558064
17.0505684461947 16.7500626018923 2.27054266387824
17.4968593907992 16.1185925059398 1.45513368473608
17.8329184576965 15.417346810062 0.643934011586648
18.0562061673092 14.6537514331269 -0.149591217601907
18.1657495170293 13.8360073965485 -0.912342942103499
18.1621671301532 12.9729788341719 -1.63173635908136
18.0476781364036 12.0740638225978 -2.29585160420049
17.826081610915 11.1490478963078 -2.89357737567365
17.5026994979126 10.207947300732 -3.41473323243956
17.0842852744437 9.26085501417227 -3.85015683174224
16.5789106772689 8.31780576375019 -4.19174984457476
15.9958507390215 7.3886746151119 -4.4324918042525
15.3454891451008 6.48311422715008 -4.56645391255774
14.6392560611238 5.61051557332785 -4.58886968787175
13.8895837795461 4.77994586756372 -4.49633454360814
13.1098211978906 3.99998279927686 -4.28719428066308
12.3139972673168 3.27834354151793 -3.96212619720888
11.5162940823101 2.62122626538681 -3.52481436463984
10.7301227574279 2.0323630936323 -2.98250397960998
9.96681981381145 1.51192170099066 -2.34615917659456
9.23417997812508 1.05553606395074 -1.63002548397061
8.53522225818428 0.653806221796746 -0.850635053429395
7.86762291515998 0.292515300305217 -0.0255901681670828
7.22407999522172 -0.0464009532576876 0.827378326459725
6.59358352914567 -0.383300283483528 1.69070555643259
5.96332240836593 -0.738939643547272 2.54663507633269
5.32085177438077 -1.13245641490923 3.37659431211301
4.65612692552255 -1.57943724380988 4.16086606008432
3.96302935120119 -2.09035836098364 4.87897660635951
3.24010609165088 -2.66972236658103 5.51083261534415
2.4904572420415 -3.31609677052555 6.038237272994
1.72096824011126 -4.02299462126692 6.44625034412247
0.941249409424072 -4.78028570644484 6.72400355278055
0.162630341550614 -5.57573729913243 6.86489910546351
-0.602599503421558 -6.39637631826942 6.86638370456005
-1.34169814165399 -7.22954484279061 6.72957344473664
-2.04183978045958 -8.06367261514246 6.4589216574573
-2.69047837950831 -8.8888524975413 6.06197120659641
-3.2757821282466 -9.69728367380728 5.54911333712565
-3.78712609782693 -10.4835867761884 4.93323749475941
-4.21555523822938 -11.2449427834483 4.22919860108832
-4.55409908771379 -11.9809927531419 3.45311344831725
-4.79784312619178 -12.6934625424551 2.6215788903896
-4.94372894526736 -13.385530893506 1.75094486186607
-4.99014055702112 -14.0610183808422 0.85676211994213
-4.93640589465745 -14.7235189218435 -0.0465305941195928
-4.7823729939774 -15.3756119479802 -0.945686654111402
-4.52819363587527 -16.0182771166585 -1.8285657722723
-4.17436993729958 -16.6505891594823 -2.68397924639605
-3.7220241412405 -17.2697120338486 -3.50155789102256
-3.17328093079499 -17.8711566671441 -4.27170276822499
-2.53162951169797 -18.4492278633588 -4.98563761386982
-1.80215570053385 -18.9975670486862 -5.63554564410722
-0.991582793864145 -19.5096965796782 -6.21474992081427
-0.108114512138683 -19.9794854224755 -6.71788780973301
0.838880405489293 -20.4014820400912 -7.14103556216586
1.83927374996078 -20.7710933249924 -7.48175542484747
2.88259854067103 -21.0846209753467 -7.73905887742469
3.95842260396075 -21.339191062886 -7.91329842307438
5.05663709070218 -21.532623761809 -8.00601150337137
6.16764810883341 -21.6632881227402 -8.01974216550312
7.28247993495987 -21.7299753363778 -7.95786129394201
8.39280946786556 -21.7318088750169 -7.8243984201832
9.49095445268597 -21.6681962576672 -7.62389081202664
10.5698354959072 -21.5388178222476 -7.36125059423887
11.6229272283662 -21.3436433344051 -7.04164827993819
12.6442094050442 -21.082966415009 -6.67041047972545
13.6281251861662 -20.7574478965747 -6.25292965717638
14.5695512390981 -20.368160799717 -5.79458392905706
15.463782120475 -19.9166307899976 -5.30066494671578
16.3065292257242 -19.4048665839467 -4.77631213403451
17.0939323772241 -18.8353751691937 -4.22645235223998
17.8225801580564 -18.2111574054415 -3.65574549828065
18.4895338186107 -17.5356809631073 -3.06853829327141
19.0923493035877 -16.8128296873049 -2.46882994748683
19.6290926831262 -16.0468310270674 -1.86025386114436
20.0983456986646 -15.2421655706891 -1.24607873401996
20.4991996986864 -14.403464391493 -0.629230644711692
20.8312373939317 -13.5354004993629 -0.0123355250557163
21.0945023291468 -12.6425802933329 0.602220156397159
21.2894559156367 -11.7294399879423 1.21221322931721
21.4169218710048 -10.8001511767312 1.8154944612002
21.4780186790865 -9.85853949987812 2.40988760838392
21.474082640871 -8.90802092973427 2.99307861992564
21.4065870206688 -7.95156118164437 3.5624984591876
21.277065756403 -6.99166459659482 4.11520627280624
21.0870518207321 -6.0303988341924 4.64778336780583
20.8380393949019 -5.06946029034152 5.15625083651256
20.5314752530963 -4.11028205433133 5.63602283416387
20.1687792787922 -3.15418165320775 6.08190242267264
19.7513894367639 -2.20254053788629 6.48811805943968
19.2808261748701 -1.25700232055311 6.84838870952597
18.7587777848785 -0.31967300261785 7.15599853204516
18.1872216028777 0.606696390828674 7.40386346687082
17.5686113482293 1.51856799388597 7.58458622052508
16.9061685587858 2.41154652727926 7.69052364923165
16.2043031867679 3.28042284991372 7.71392489678168
15.4691446858595 4.11938954730259 7.64722482926469
14.7090909355801 4.92249396361904 7.48357415342193
13.9351981670437 5.68437658525651 7.21763657352934
13.1611826561021 6.4012826277021 6.84658341635037
12.4028354746807 7.072229882205 6.37109828788567
11.6767929934494 7.70009589710841 5.79613069165266
10.998824873647 8.29231365195175 5.13117124471973
10.3819959263949 8.8608992009513 4.3899736469556
9.83511145307552 9.42169017186936 3.58984694375825
9.36172858030749 9.99288704337129 2.75076393229102
8.95979571695766 10.5931547604635 1.89450135290633
8.6218179291255 11.2395924767202 1.04388152040208
8.33542206010167 11.9458324624035 0.222039132974544
8.0842682503686 12.7204610506522 -0.548413377174513
7.84931059333325 13.5659226818559 -1.24638845072496
7.61037144504782 14.4780628904982 -1.85343798693164
7.3478771373978 15.4464247233706 -2.35480707325891
7.04449369381939 16.4552881311703 -2.74020282942114
6.68638336236765 17.4852620829434 -3.00409975321758
6.26389639639833 18.5150961816038 -3.14552814704263
5.77166938464782 19.5233515366293 -3.16743826244076
5.20824748491365 20.4896677888511 -3.07583405069038
4.57542918855731 21.3955271322295 -2.8788918075761
3.87753552202872 22.2245706549356 -2.58622832159681
3.12075185844145 22.9626151878736 -2.20839627915681
2.3126148444645 23.5975378541246 -1.75660113177874
1.46164979884515 24.1191592869112 -1.24257879547655
0.577121867403604 24.5191956181323 -0.678554147462552
-0.331150064518032 24.7912907350359 -0.0772093686631732
-1.25296050455625 24.931100000515 0.548383844493105
-2.17789065293338 24.9363796698992 1.18488534339927
-3.09549264445626 24.807039793019 1.81885375180991
-3.99547486932774 24.5451354595964 2.4369372974018
-4.86787348378621 24.1547937138957 3.02605988467256
-5.70320020928598 23.6420942843341 3.57357658972645
-6.49256915809136 23.0149365523545 4.06738178632322
-7.2278217038499 22.2829300670383 4.49596722268388
-7.90168359735766 21.4573396203048 4.84844572386351
-8.50799749812135 20.5510969199134 5.11457735167458
-9.04207138130092 19.5788585488429 5.28485480519071
-9.50116358475193 18.5570468342658 5.35071564561063
-9.88508550515597 17.5037659495471 5.30493971489001
-10.1968460738167 16.4384581047118 5.14225168239336
-10.4432010504251 15.3811773233696 4.86008089757669
-10.6349285000877 14.3514291286574 4.4593495999382
-10.7866577803911 13.3666509565718 3.9450988098666
-10.9161515310298 12.4405549421564 3.32675748843192
-11.0430698003783 11.5816579557157 2.61793632282961
-11.1873876819101 10.7923219436558 1.83576406605154
-11.3677265772271 10.0685090133096 0.999921215370454
-11.5998481662028 9.40028074273213 0.131592925207129
-11.8954636186649 8.77293217506399 -0.747472726717548
-12.2614017347766 8.16859446553559 -1.61572908581911
-12.6991358996701 7.5681336790173 -2.45247388870382
-13.2047074429824 6.95315272531085 -3.23849756631794
-13.7691387082648 6.30784747833352 -3.95683012561827
-14.3794082878037 5.62042508608811 -4.59355274604788
-15.0199248215927 4.88383653581453 -5.13849975070539
-15.6742504950318 4.09573064174711 -5.585626573498
-16.3267139370925 3.2577423155007 -5.93290401471395
-16.9635914979506 2.37438352682989 -6.18176545827631
-17.5736999217512 1.45184589216352 -6.33627910500924
-18.1484371972353 0.49695682468541 -6.40226936329223
-18.6814428592442 -0.483586149227067 -6.3865671939118
-19.1680890710326 -1.4836858598375 -6.29647504979279
-19.6049767540013 -2.49806938838975 -6.13944185846053
-19.9895378818732 -3.5223363884749 -5.92288903698795
-20.3197732909695 -4.55289705942943 -5.65411456512644
-20.5941061659229 -5.58684808046677 -5.34021648289832
-20.8113096869359 -6.6218179786563 -4.98800326361672
-20.9704677248803 -7.65580132006942 -4.60388348313505
-21.0709403923882 -8.68699422026713 -4.19374444239325
-21.1123224909865 -9.71364053390176 -3.76283750836872
-21.0943959327522 -10.7338967803936 -3.3156885141286
-21.0170840199647 -11.7457226700835 -2.85604722615412
-20.880416096242 -12.7468019273608 -2.38688315411631
-20.6845076338124 -13.7344947797418 -1.91042783996415
-20.4295561068869 -14.7058196615944 -1.42825771041597
