-4.05830083807566 -20.4226648090533 -7.75079981109812
-3.26124850321579 -21.0978061699255 -8.07739928882498
-2.40885815003307 -21.7347818639545 -8.33155514750066
-1.50979347696846 -22.3294937715606 -8.51578882090975
-0.571873875880745 -22.8785067683467 -8.63347561708815
0.398446393930199 -23.3780709292194 -8.6873635663834
1.39557658532783 -23.8238230094432 -8.67930917512105
2.41400555479085 -24.2113902592795 -8.61118972934604
3.44801188859642 -24.53723804012 -8.48597997940631
4.49195239578342 -24.7989506808444 -8.30804853876634
5.54061747467086 -24.9948343164787 -8.0826110203408
6.58926106516771 -25.1234861052082 -7.81500719649461
7.63343826516254 -25.1839271371371 -7.51040136515142
8.66899549451461 -25.1761120776554 -7.17389877026573
9.69224414450315 -25.1010335129741 -6.81065697477602
10.6999784589155 -24.9599732395972 -6.42572065228032
11.6891085111512 -24.7534303652445 -6.02372672982726
12.6561848314898 -24.4808316092051 -5.60879977317212
13.5973872774028 -24.1415873771316 -5.1847269089914
14.5092246023871 -23.7367939685886 -4.75516367943016
15.3894406641753 -23.2701066308996 -4.32358056360124
16.2371809183244 -22.7468759262844 -3.89296561260485
17.051994668598 -22.1721071896862 -3.4655697479341
17.832389996346 -21.548835901802 -3.04291330399242
18.5752336399659 -20.8782087414676 -2.62600328181818
19.276667387398 -20.1611661976741 -2.21552665044227
19.9339397379531 -19.4002862472644 -1.81182031355805
20.5466698253706 -18.6002719444633 -1.41465673118768
21.1163779090049 -17.7668175148097 -1.02310480595445
21.6445481389916 -16.9049125140027 -0.635659403202238
22.1307921416603 -16.0179006875364 -0.250565961958798
22.5725938691392 -15.1078361482643 0.133875395426446
22.9667566248881 -14.1766283317467 0.519175326043991
23.3112961722844 -13.2269393287109 0.906702803279422
23.6062441745041 -12.2621987335178 1.29780498374797
23.8528078216708 -11.2859769483733 1.69384242206343
24.0517144520457 -10.3014074820722 2.0960656177408
24.2021534343831 -9.31108764025971 2.50539240524068
24.3020664460211 -8.31736254263974 2.92220072300649
24.3493251610053 -7.3226043320216 3.34621456029822
24.342672747829 -6.32922022399208 3.77648748917212
24.2817038846199 -5.33947972968853 4.2114326050647
24.1661497141211 -4.35543487115061 4.64886298107606
23.9953448364124 -3.37903606030731 5.08606996936868
23.7684323571075 -2.41227402144454 5.51996581283983
23.4849999862794 -1.45714021234791 5.94720669245528
23.1453554093916 -0.515436882714439 6.36411628156362
22.7500568676336 0.411298413675184 6.76633343846609
22.29918597034 1.32156553705814 7.14841439686723
21.7922460634874 2.21352240422616 7.5038339228884
21.2290199480369 3.0848382216989 7.82562673437403
20.6107430614324 3.93300317290361 8.10735404764461
19.9405688188872 4.75584627675888 8.34366635751407
19.2229565275858 5.55170389005161 8.52995845977427
18.462616145794 6.31896339420563 8.66140302083839
17.6639799788199 7.0553515415878 8.73227105393152
16.8315881140201 7.75764606078405 8.73622985633968
15.9709214169455 8.42213803354092 8.66742438711231
15.0889201507486 9.04551877060481 8.52146863238582
14.1938787311712 9.62552954123366 8.29565938414387
13.2949990960145 10.1610066785759 7.98853868389122
12.4019846245785 10.6515667207644 7.59951049793239
11.5247406474775 11.0974972280099 7.12902163334371
10.6730241401625 11.500202403938 6.57914742809349
9.85598556340971 11.863063322403 5.95399572318039
9.08173383903664 12.1922059701662 5.25954747997648
8.3570003021963 12.4966690061907 4.50313818372379
7.68670302564397 12.7878495356503 3.69313232913226
7.07313511098064 13.0786075522905 2.83907740450371
6.5149123629586 13.3825400590595 1.95205192614964
6.00634489559612 13.7134785918218 1.04472502141301
5.53780111854498 14.0847120794326 0.130988810533495
5.09685709095029 14.5075535703674 -0.774636199593012
4.66949282115738 14.989648267318 -1.65763290002339
4.2409565209861 15.5339206116862 -2.50404157116621
3.79655836009669 16.1386234367596 -3.30079778197745
3.32266365004241 16.798124022236 -4.03581901486395
2.80768432584304 17.5037666459545 -4.69800435505822
2.2427421285544 18.2444921702367 -5.27734290211594
1.62202483206431 19.0073211019407 -5.76523313375937
0.943018313490804 19.7779532029695 -6.15503254324288
0.206514499458127 20.5415974687769 -6.44266636895394
-0.583868223923701 21.2838625940972 -6.62687201753439
-1.42256845111372 21.9913747546915 -6.70875473670668
-2.30288956956808 22.6519596646387 -6.6908760429351
-3.21737797317088 23.2545594417761 -6.57650946019176
-4.15787940458937 23.789172950171 -6.36948348305692
-5.11559695973528 24.2469459736922 -6.07446975861193
-6.08130092543816 24.6203593363509 -5.69728670697831
-7.04562095279082 24.9034173274443 -5.24494178038654
-7.99931789477956 25.0917229224971 -4.72540727305723
-8.93346679055004 25.182300821476 -4.14725820073819
-9.83947227791473 25.1731560074776 -3.51933632418166
-10.7089073567085 25.0628613818155 -2.85060587582519
-11.53337726527 24.8506103129653 -2.15025867392664
-12.3047121608718 24.5368286473925 -1.42790663287771
-13.0155322622657 24.1238638601638 -0.693586077755826
-13.6598020969351 23.6161093383643 0.0425259244908182
-14.2329123096449 23.0194273207365 0.770486654161598
-14.7312626657288 22.340363794356 1.48079085587956
-15.1517866426781 21.5857278537108 2.16435329008446
-15.4918346622787 20.7626507765904 2.81242978795655
-15.7494216270227 19.8788282735667 3.41663420832283
-15.9235556004204 18.9426499042897 3.96908658965946
-16.014427117677 17.9631408181835 4.46263467970123
-16.0234164319995 16.9497599009178 4.8910300659891
-15.9529262781724 15.9121157110083 5.24889245610641
-15.8060631699137 14.8597327876736 5.53138398706009
-15.5863351461258 13.8020443683696 5.73381511887558
-15.2976603054541 12.7485967816082 5.85165185412437
-14.9447931598053 11.7091355578642 5.88118711252253
-14.5338407244488 10.6932302292342 5.82051523092403
-14.0723426699402 9.70955131694927 5.67003415513371
-13.5687322435122 8.76535822529922 5.4320403507055
-13.0315342672097 7.86658208969191 5.10980637819438
-12.468805325682 7.01823253879794 4.70698277305965
-11.8879709708635 6.22449279710989 4.22779106474259
-11.2958018550699 5.48819153433854 3.67771057692656
-10.6982106327461 4.80993970074413 3.0639926220438
-10.0997984661456 4.1874387862449 2.3956570569581
-9.50328354652987 3.61514885161796 1.68319547576494
-8.90896206291846 3.0841473803052 0.93838811615011
-8.31438806750546 2.58213820459692 0.174329148276824
-7.71460150239744 2.09400525179466 -0.594590463693431
-7.10316884646867 1.60331988386923 -1.35298437759674
-6.47380999208388 1.09453164033928 -2.08504128749156
-5.82191172891251 0.554919825890272 -2.77513841927131
-5.14537549672341 -0.0244179678232951 -3.40827535365317
-4.44482395906683 -0.648461521018998 -3.970362681993
-3.72347916819268 -1.31853729106799 -4.44865323017843
-2.98685907404006 -2.03272465682584 -4.83243541823668
-2.24229300514793 -2.78651486616008 -5.11364393879072
-1.49837654270087 -3.57373259455455 -5.28694078410904
-0.764581990963564 -4.38743090657688 -5.34930168815529
-0.0510786385878048 -5.22048250918206 -5.29961486298667
0.631403466301921 -6.06589134470942 -5.13868787422221
1.27184532188092 -6.91703286830691 -4.86956102013706
1.85937363169967 -7.76792697660859 -4.49774192932258
2.38377058129758 -8.61347944309323 -4.03112716366744
2.8359469998359 -9.44963229492563 -3.47966486733226
3.20825832935099 -10.2734638848174 -2.85491295235464
3.4945661535423 -11.0832534505157 -2.1695689241123
3.69009799898277 -11.8783858645585 -1.43697929651712
3.79134457502695 -12.6589722693971 -0.670643107003783
3.79618001302308 -13.4252877253321 0.116262180584032
3.70405234392103 -14.1773019292588 0.911299599315356
3.51587040490485 -14.9144403919029 1.70307210698861
3.23347453650218 -15.6354357255249 2.48133220320358
2.85906502920723 -16.3381041789725 3.23692725157982
2.39505379276652 -17.0191381120241 3.96171001277648
1.84435916642158 -17.6741563174077 4.64849251902019
1.21073759607232 -18.2980692190131 5.29096822670047
0.498848146122706 -18.8855421860021 5.8835133174169
-0.285833952347874 -19.4313358575245 6.42097404114246
-1.13699923669476 -19.930525806145 6.89868946086501
-2.04741253377808 -20.3787032532115 7.31282059895569
-3.00901717940714 -20.7721163161678 7.66070560134828
-4.013313228574 -21.1076214514075 7.94088524506605
-5.05173961335771 -21.3825156948613 8.15281028217121
-6.11580377430725 -21.5945637080283 8.29663503231013
-7.19707761865511 -21.7423793726792 8.37339226595098
-8.2873756659998 -21.8258128290875 8.38530056788376
-9.37912798398174 -21.8457451820576 8.33563827512304
-10.4655589839455 -21.8031603400018 8.22799410039908
-11.540388748491 -21.6981708256625 8.06542139706996
-12.5973237032227 -21.529925273468 7.85026665804639
-13.6299374623636 -21.2976202679933 7.58487476755349
-14.6322140804628 -21.0018020054908 7.27253813775346
-15.5992983551856 -20.644830526331 6.9178190905381
-16.5276753203046 -20.2301513494197 6.52598118264989
-17.4145597259493 -19.7610966980031 6.10206603705827
-18.2571175282567 -19.2402482821712 5.65035814172635
-19.0522698995019 -18.6697182422604 5.17449937766538
-19.7971341544275 -18.0518103960422 4.67791671800268
-20.4894661890108 -17.3893048967732 4.16408076827699
-21.127556570039 -16.6851914010779 3.63644723962906
-21.7097848337781 -15.9423374515678 3.09828980766752
-22.2345580417254 -15.1635901014117 2.55264103920032
-22.7009693605272 -14.3522183986507 2.00231845333669
-23.1095715135986 -13.512124657821 1.44988448309096
-23.4622378697637 -12.6474503862764 0.897529999165485
-23.7608111755383 -11.7618509817275 0.347051712631362
-24.0055137914602 -10.8580860180252 -0.19996772041436
-24.1945840345069 -9.93830218954009 -0.741903342535466
-24.3256735453859 -9.00474391417973 -1.27700759165455
-24.3979695678115 -8.06020851465142 -1.8036202243129
-24.4132585654368 -7.10783532162843 -2.32046430512758
-24.374996161221 -6.15052610324708 -2.82665530000705
-24.2861672613004 -5.19061021381491 -3.32130856261537
-24.1477099271088 -4.23000343250447 -3.80306475912692
-23.9586554044655 -3.27060047060515 -4.26993632654248
-23.7175794846674 -2.31448710969635 -4.71952905066866
-23.4239521489014 -1.36381072233881 -5.14931901899084
-23.0783636629293 -0.420540746213825 -5.55665814563375
-22.6818450451784 0.513544728774955 -5.93855423517691
-22.2352789419768 1.43662200899827 -6.2916061049308
-21.7395246186373 2.34663691971343 -6.61232139899593
-21.1959227121511 3.24140081207491 -6.89750506057654
-20.6064159585539 4.11880428764781 -7.14411793715573
-19.973058323308 4.97676200001528 -7.34843969560167
-19.2975132575608 5.8127759555403 -7.50520095480762
-18.5812899504547 6.62350597719377 -7.60766723617736
-17.8267336735847 7.40489424722794 -7.64896015844296
-17.0379589604858 8.15296022922297 -7.6237526709956
-16.2209371805154 8.86469503434516 -7.52902111941745
-15.3827940621298 9.53826577492232 -7.36333330714969
-14.5310477513668 10.172376926217 -7.12548016169357
-13.6733670838073 10.7655365351433 -6.8137959327766
-12.8178039276945 11.3161660492523 -6.42674385680367
-11.9730431943255 11.8237440766452 -5.96410916452532
-11.1482952941475 12.2902045016694 -5.42773191641471
-10.3527558436769 12.7205852178781 -4.82148082717525
-9.59468263047646 13.122718066406 -4.15109194968859
-8.88017180833239 13.5066835762042 -3.42441127287451
-8.21199152397887 13.8846592698059 -2.65173520874124
-7.58907957775268 14.2707454813154 -1.84562044365497
-7.00686109688933 14.679789571069 -1.02014106543745
-6.45769183768459 15.1250956783018 -0.19013225768563
-5.93078267056247 15.6162118152949 0.629209772635166
-5.41213406520109 16.1579892120447 1.42244977695366
-4.88564013981732 16.7507842619328 2.1740966352695
-4.33545880147471 17.3908114997731 2.86924816705607
-3.74829255392181 18.070239799528 3.49475440862063
-3.11433935666025 18.7775162571302 4.04026435262258
-2.42712686893362 19.4983408901363 4.49839748168995
-1.68327122870502 20.2170719011612 4.8641360734828
-0.882571426720158 20.9180474428038 5.13426282596955
-0.0279702333047337 21.5864771667513 5.30731169012034
0.875010536414851 22.2088349783973 5.38371274853234
1.81909826037573 22.7729183621925 5.36567979641575
2.79589175582993 23.2678490932576 5.25685484967279
3.79618253402368 23.6841690251628 5.06199933089805
4.81018505932594 24.0139531969594 4.78684582122677
5.82779373144108 24.2508119559267 4.43800243699533
6.83880684397935 24.3898220524719 4.02282768700968
7.83308892007588 24.4275203299597 3.54931014734873
8.80073757951671 24.3619434695791 3.02598305223631
9.73225860503713 24.1925456339467 2.46183765646847
10.6186504377822 23.9199638513316 1.86621238150985
11.4513949339941 23.5458782497462 1.2486884424102
12.2225492319088 23.0731963531261 0.618998155897154
12.9250913671489 22.506401596947 -0.013114362117675
13.5533424251041 21.851620790371 -0.638109810438088
14.1030823377781 21.1161958053144 -1.24685962222156
14.5712260072318 20.3080471593594 -1.83072371217761
14.9553723660017 19.4352920579517 -2.38150386486336
15.2536414096782 18.5062606960356 -2.8913883053186
15.4648741542938 17.529672654848 -3.35297216485397
15.5889282562985 16.5147031617794 -3.75934526868584
15.626822988868 15.4708958101473 -4.10421509525552
15.5807290259484 14.4080117579982 -4.38205062815533
15.4539018017158 13.3358566107883 -4.58818929318677
15.2505686105303 12.2640969679879 -4.71880144559765
14.9757480176908 11.2021399682877 -4.77072038048855
14.6350996630666 10.1591186164057 -4.74137008268861
14.2349465737063 9.14384263852353 -4.62904190218696
13.7824157722556 8.16450379582024 -4.4334343132468
13.2854223225407 7.22817512476227 -4.15601168096852
12.7522990416738 6.34045771297638 -3.79982941311867
12.1911913157992 5.50554757914223 -3.36898876909118
11.6095080993302 4.72652967555546 -2.86826763750412
11.0135611232753 4.00540606612867 -2.30329069055941
10.4082798486526 3.34261363487764 -1.68104563275125
9.79687631293728 2.73631245137361 -1.01021226415426
9.1805130480845 2.18194407628882 -0.301000558996694
8.55809350871065 1.67225615595106 0.435268554126823
7.92618367012382 1.19758554202779 1.18635320658402
7.27910021408784 0.74623227497087 1.93886481960502
6.60947915507072 0.305161172524229 2.67796840474006
5.90968474405957 -0.138639932745585 3.3875836016961
5.17380792453401 -0.596376341748041 4.05136839881441
4.39927472438923 -1.07606921817141 4.65412370679962
3.58723259178978 -1.58222950378783 5.18279216575982
2.74186120838573 -2.11639953528848 5.62652207393725
1.86943912669889 -2.67787361175498 5.97614555363912
0.977766710939773 -3.26418752388298 6.22387872321616
0.0759326381802041 -3.87150007716648 6.36359165584667
-0.825857850970561 -4.49511175866905 6.39129163770299
-1.71653526550093 -5.13009094614907 6.30535410579399
-2.58447477748878 -5.7717976730693 6.10647527778425
-3.41784095877747 -6.41624150055111 5.79763412384614
-4.20498901938035 -7.06040569722473 5.3841891195425
-4.93490830152868 -7.70259613841721 4.87392036422331
-5.59766705716419 -8.3426440807296 4.27680776374773
-6.18486942584964 -8.98178322536011 3.60458533491164
-6.69013718380882 -9.62230143495498 2.87025166182753
-7.1094637696492 -10.2672468326845 2.08759353042501
-7.44114697293117 -10.9202529531788 1.27063890008901
-7.68518253935618 -11.5852236608321 0.433015588462898
-7.84238754475228 -12.2656817866532 -0.412651101887778
-7.91367224235012 -12.9639977179413 -1.25511041740691
-7.89965138317279 -13.6809183029296 -2.08451082117865
-7.80054899822784 -14.4155358295617 -2.89212154375587
-7.61637391773768 -15.1654635239244 -3.66998316619869
-7.3473828012757 -15.9269890579497 -4.4107716968114
-6.99461860407475 -16.6952512237411 -5.10792891076775
-6.56007741895757 -17.4645550560218 -5.75575487768409
-6.04631640363105 -18.2287069247866 -6.34911306812155
-5.45597254834904 -18.9811366947458 -6.88286460412206
-4.79193609187516 -19.7148584606229 -7.35168272766524
