1 0.000116666 
2 0.00011669 
3 0.00011655 
4 0.00011654 
5 0.000116525 
6 0.000116479 
7 0.000116476 
8 0.000116466 
9 0.000116453 
10 0.000116427 
11 0.000116415 
12 0.000116409 
13 0.000116406 
14 0.000116402 
15 0.000116399 
16 0.000116397 
17 0.000116393 
18 0.000116383 
19 0.000116377 
20 0.00011637 
21 0.000116366 
22 0.00011636 
23 0.000116353 
24 0.000116348 
25 0.000116343 
26 0.000116341 
27 0.000116339 
28 0.000116335 
29 0.000116328 
30 0.000116323 
31 0.000116311 
32 0.000116309 
33 0.000116305 
34 0.000116297 
35 0.000116292 
36 0.000116287 
37 0.000116277 
38 0.000116275 
39 0.000116265 
40 0.000116259 
41 0.000116253 
42 0.000116247 
43 0.000116238 
44 0.000116234 
45 0.00011623 
46 0.000116227 
47 0.000116222 
48 0.000116218 
49 0.000116214 
50 0.00011621 
51 0.000116204 
52 0.000116192 
53 0.000116187 
54 0.000116182 
55 0.000116174 
56 0.000116168 
57 0.000116162 
58 0.000116152 
59 0.000116143 
60 0.000116139 
61 0.000116127 
62 0.000116113 
63 0.000116104 
64 0.000116097 
65 0.000116092 
66 0.000116077 
67 0.00011607 
68 0.000116058 
69 0.000116049 
70 0.000116033 
71 0.000116021 
72 0.000116009 
73 0.000115994 
74 0.000115958 
75 0.000115928 
76 0.000115875 
77 0.000115685 
78 0.000115642 
79 0.000115238 
80 0.000115218 
81 0.000105964 
82 0.000106009 
83 0.000105937 
84 0.000105766 
85 0.000105676 
86 0.000105662 
87 0.000105546 
88 0.000105542 
89 0.000105532 
90 0.000105522 
91 0.000105466 
92 0.000105457 
93 0.000105428 
94 0.000105405 
95 0.000105395 
96 0.000105377 
97 0.000105362 
98 0.000105341 
99 0.000105306 
100 0.000105287 
101 0.000105262 
102 0.000105234 
103 0.000105222 
104 0.000105213 
105 0.000105205 
106 0.00010519 
107 0.000105182 
108 0.000105172 
109 0.000105155 
110 0.000105146 
111 0.000105135 
112 0.000105127 
113 0.000105115 
114 0.000105104 
115 0.000105088 
116 0.000105077 
117 0.000105066 
118 0.000105046 
119 0.000105034 
120 0.000105014 
121 0.000105 
122 0.000104989 
123 0.000104971 
124 0.000104958 
125 0.000104938 
126 0.000104919 
127 0.000104908 
128 0.00010489 
129 0.000104871 
130 0.000104845 
131 0.000104826 
132 0.000104812 
133 0.000104782 
134 0.000104753 
135 0.000104715 
136 0.000104684 
137 0.000104647 
138 0.000104613 
139 0.00010459 
140 0.000104517 
141 0.000104489 
142 0.00010447 
143 0.000104418 
144 0.000104374 
145 0.000104349 
146 0.0001043 
147 0.000104228 
148 0.000104157 
149 0.00010373 
150 0.000103596 
151 0.000103339 
152 0.000102973 
153 0.000102678 
154 0.000102406 
155 0.000102187 
156 9.90434e-05 
157 9.89563e-05 
158 9.89554e-05 
159 9.88989e-05 
160 9.88835e-05 
161 9.88653e-05 
162 9.88557e-05 
163 9.88347e-05 
164 9.88284e-05 
165 9.88233e-05 
166 9.88187e-05 
167 9.88153e-05 
168 9.88118e-05 
169 9.88043e-05 
170 9.87923e-05 
171 9.87882e-05 
172 9.87867e-05 
173 9.87812e-05 
174 9.87775e-05 
175 9.87744e-05 
176 9.8758e-05 
177 9.87539e-05 
178 9.87509e-05 
179 9.87474e-05 
180 9.8742e-05 
181 9.87392e-05 
182 9.87376e-05 
183 9.87351e-05 
184 9.87338e-05 
185 9.87315e-05 
186 9.87293e-05 
187 9.87262e-05 
188 9.87207e-05 
189 9.87181e-05 
190 9.87137e-05 
191 9.87092e-05 
192 9.87074e-05 
193 9.8702e-05 
194 9.86985e-05 
195 9.86945e-05 
196 9.86906e-05 
197 9.8687e-05 
198 9.86843e-05 
199 9.86823e-05 
200 9.86778e-05 
201 9.86729e-05 
202 9.86702e-05 
203 9.86679e-05 
204 9.86655e-05 
205 9.86615e-05 
206 9.86565e-05 
207 9.86538e-05 
208 9.86498e-05 
209 9.86448e-05 
210 9.86428e-05 
211 9.86384e-05 
212 9.86345e-05 
213 9.86283e-05 
214 9.86225e-05 
215 9.86122e-05 
216 9.86078e-05 
217 9.86023e-05 
218 9.85973e-05 
219 9.85946e-05 
220 9.85824e-05 
221 9.85698e-05 
222 9.85638e-05 
223 9.85545e-05 
224 9.85482e-05 
225 9.85452e-05 
226 9.85396e-05 
227 9.85335e-05 
228 9.85304e-05 
229 9.85196e-05 
230 9.85112e-05 
231 9.85049e-05 
232 9.85015e-05 
233 9.84966e-05 
234 9.84905e-05 
235 9.84849e-05 
236 9.84791e-05 
237 9.8473e-05 
238 9.84644e-05 
239 9.84584e-05 
240 9.84443e-05 
241 9.84292e-05 
242 9.84144e-05 
243 9.83744e-05 
244 9.83451e-05 
245 9.83022e-05 
246 9.71506e-05 
247 9.70631e-05 
248 8.00304e-05 
249 7.96462e-05 
250 7.95631e-05 
251 7.95313e-05 
252 7.9464e-05 
253 7.93929e-05 
254 7.93428e-05 
255 7.93097e-05 
256 7.92526e-05 
257 7.92115e-05 
258 7.91604e-05 
259 7.91189e-05 
260 7.90692e-05 
261 7.8968e-05 
262 7.89034e-05 
263 7.88469e-05 
264 7.87804e-05 
265 7.87199e-05 
266 7.86192e-05 
267 7.85737e-05 
268 7.85137e-05 
269 7.8429e-05 
270 7.83203e-05 
271 7.82476e-05 
272 7.81585e-05 
273 7.8083e-05 
274 7.80241e-05 
275 7.78873e-05 
276 7.76665e-05 
277 7.74389e-05 
278 7.72341e-05 
279 7.69923e-05 
280 7.67442e-05 
281 6.89443e-05 
282 6.85798e-05 
283 6.85597e-05 
284 6.84322e-05 
285 6.83816e-05 
286 6.83352e-05 
287 6.83133e-05 
288 6.82947e-05 
289 6.82716e-05 
290 6.82381e-05 
291 6.82126e-05 
292 6.81768e-05 
293 6.81357e-05 
294 6.81136e-05 
295 6.8086e-05 
296 6.80681e-05 
297 6.80497e-05 
298 6.80267e-05 
299 6.79991e-05 
300 6.79663e-05 
301 6.79376e-05 
302 6.79068e-05 
303 6.78596e-05 
304 6.78141e-05 
305 6.77757e-05 
306 6.774e-05 
307 6.76637e-05 
308 6.75965e-05 
309 6.75211e-05 
310 6.73388e-05 
311 6.52773e-05 
312 6.52916e-05 
313 6.52915e-05 
314 6.52522e-05 
315 6.52518e-05 
316 6.52224e-05 
317 6.52042e-05 
318 6.52032e-05 
319 6.51976e-05 
320 6.51932e-05 
321 6.51849e-05 
322 6.5168e-05 
323 6.51673e-05 
324 6.51553e-05 
325 6.51548e-05 
326 6.5154e-05 
327 6.51511e-05 
328 6.51429e-05 
329 6.51409e-05 
330 6.51388e-05 
331 6.51266e-05 
332 6.5124e-05 
333 6.51172e-05 
334 6.5115e-05 
335 6.51134e-05 
336 6.51106e-05 
337 6.51088e-05 
338 6.5103e-05 
339 6.50991e-05 
340 6.50945e-05 
341 6.50902e-05 
342 6.50848e-05 
343 6.50818e-05 
344 6.50782e-05 
345 6.50727e-05 
346 6.50704e-05 
347 6.50683e-05 
348 6.50663e-05 
349 6.50617e-05 
350 6.5059e-05 
351 6.50555e-05 
352 6.50534e-05 
353 6.50504e-05 
354 6.50453e-05 
355 6.50426e-05 
356 6.50377e-05 
357 6.50339e-05 
358 6.50311e-05 
359 6.50268e-05 
360 6.50242e-05 
361 6.50203e-05 
362 6.50145e-05 
363 6.5011e-05 
364 6.50081e-05 
365 6.50031e-05 
366 6.49962e-05 
367 6.49929e-05 
368 6.49885e-05 
369 6.49822e-05 
370 6.4977e-05 
371 6.49718e-05 
372 6.49691e-05 
373 6.49645e-05 
374 6.4958e-05 
375 6.49517e-05 
376 6.49443e-05 
377 6.49367e-05 
378 6.49275e-05 
379 6.49128e-05 
380 6.4904e-05 
381 6.48868e-05 
382 6.48776e-05 
383 6.48612e-05 
384 6.48499e-05 
385 6.47705e-05 
386 6.47272e-05 
387 6.37073e-05 
388 6.36068e-05 
389 5.66507e-05 
390 5.63788e-05 
391 5.63601e-05 
392 5.6338e-05 
393 5.62957e-05 
394 5.62794e-05 
395 5.6264e-05 
396 5.6252e-05 
397 5.62273e-05 
398 5.62011e-05 
399 5.61858e-05 
400 5.61597e-05 
401 5.61458e-05 
402 5.6129e-05 
403 5.61171e-05 
404 5.61007e-05 
405 5.60818e-05 
406 5.60652e-05 
407 5.60391e-05 
408 5.60245e-05 
409 5.60022e-05 
410 5.59856e-05 
411 5.59603e-05 
412 5.59412e-05 
413 5.59182e-05 
414 5.5895e-05 
415 5.58746e-05 
416 5.58367e-05 
417 5.57778e-05 
418 5.57273e-05 
419 5.56543e-05 
420 5.55132e-05 
421 5.5352e-05 
422 5.53272e-05 
423 5.08917e-05 
424 5.08408e-05 
425 5.08195e-05 
426 5.07681e-05 
427 5.07492e-05 
428 5.0738e-05 
429 5.07317e-05 
430 5.07244e-05 
431 5.07183e-05 
432 5.0704e-05 
433 5.07018e-05 
434 5.06861e-05 
435 5.06807e-05 
436 5.06736e-05 
437 5.06633e-05 
438 5.06575e-05 
439 5.06464e-05 
440 5.06364e-05 
441 5.06291e-05 
442 5.06257e-05 
443 5.06209e-05 
444 5.06134e-05 
445 5.06103e-05 
446 5.06001e-05 
447 5.05929e-05 
448 5.05851e-05 
449 5.05822e-05 
450 5.05783e-05 
451 5.0574e-05 
452 5.05623e-05 
453 5.05519e-05 
454 5.05469e-05 
455 5.05426e-05 
456 5.05384e-05 
457 5.05332e-05 
458 5.05276e-05 
459 5.05226e-05 
460 5.05185e-05 
461 5.05151e-05 
462 5.05107e-05 
463 5.0505e-05 
464 5.04874e-05 
465 5.0482e-05 
466 5.04737e-05 
467 5.04688e-05 
468 5.04628e-05 
469 5.0457e-05 
470 5.04499e-05 
471 5.04433e-05 
472 5.04347e-05 
473 5.04293e-05 
474 5.04222e-05 
475 5.04148e-05 
476 5.04085e-05 
477 5.03929e-05 
478 5.03736e-05 
479 5.03514e-05 
480 5.033e-05 
481 5.0315e-05 
482 5.02931e-05 
483 5.02842e-05 
484 5.02578e-05 
485 5.02163e-05 
486 5.01836e-05 
487 5.00893e-05 
488 4.8991e-05 
489 4.88877e-05 
490 4.67643e-05 
491 4.67135e-05 
492 4.6711e-05 
493 4.67043e-05 
494 4.66881e-05 
495 4.66818e-05 
496 4.66789e-05 
497 4.66754e-05 
498 4.66725e-05 
499 4.66683e-05 
500 4.66655e-05 
501 4.66633e-05 
502 4.66567e-05 
503 4.66535e-05 
504 4.66513e-05 
505 4.66467e-05 
506 4.66418e-05 
507 4.66389e-05 
508 4.66374e-05 
509 4.6635e-05 
510 4.66307e-05 
511 4.6628e-05 
512 4.66253e-05 
513 4.66238e-05 
514 4.66222e-05 
515 4.66207e-05 
516 4.66192e-05 
517 4.66177e-05 
518 4.66156e-05 
519 4.66143e-05 
520 4.66128e-05 
521 4.66103e-05 
522 4.66081e-05 
523 4.66049e-05 
524 4.66022e-05 
525 4.65994e-05 
526 4.65952e-05 
527 4.65916e-05 
528 4.65896e-05 
529 4.6588e-05 
530 4.65856e-05 
531 4.65837e-05 
532 4.65802e-05 
533 4.65774e-05 
534 4.65729e-05 
535 4.65685e-05 
536 4.65637e-05 
537 4.65616e-05 
538 4.65587e-05 
539 4.65546e-05 
540 4.65506e-05 
541 4.65468e-05 
542 4.65439e-05 
543 4.6541e-05 
544 4.65372e-05 
545 4.65325e-05 
546 4.65266e-05 
547 4.6524e-05 
548 4.65179e-05 
549 4.65123e-05 
550 4.65068e-05 
551 4.65025e-05 
552 4.64971e-05 
553 4.6493e-05 
554 4.649e-05 
555 4.64865e-05 
556 4.64835e-05 
557 4.64793e-05 
558 4.64697e-05 
559 4.64613e-05 
560 4.63878e-05 
561 4.63336e-05 
562 4.61928e-05 
563 4.50698e-05 
564 4.49618e-05 
565 4.27488e-05 
566 4.2734e-05 
567 4.26979e-05 
568 4.26961e-05 
569 4.26936e-05 
570 4.26923e-05 
571 4.269e-05 
572 4.26889e-05 
573 4.26851e-05 
574 4.26838e-05 
575 4.26787e-05 
576 4.26769e-05 
577 4.26741e-05 
578 4.26728e-05 
579 4.26649e-05 
580 4.26613e-05 
581 4.26587e-05 
582 4.26538e-05 
583 4.26519e-05 
584 4.26485e-05 
585 4.26454e-05 
586 4.26438e-05 
587 4.26413e-05 
588 4.2639e-05 
589 4.26367e-05 
590 4.26346e-05 
591 4.26303e-05 
592 4.26287e-05 
593 4.26229e-05 
594 4.2621e-05 
595 4.26173e-05 
596 4.26133e-05 
597 4.26089e-05 
598 4.26043e-05 
599 4.26022e-05 
600 4.25996e-05 
601 4.25955e-05 
602 4.25923e-05 
603 4.25893e-05 
604 4.25862e-05 
605 4.25827e-05 
606 4.25773e-05 
607 4.25696e-05 
608 4.25646e-05 
609 4.25617e-05 
610 4.25573e-05 
611 4.2553e-05 
612 4.25477e-05 
613 4.25412e-05 
614 4.25372e-05 
615 4.25339e-05 
616 4.25239e-05 
617 4.25205e-05 
618 4.2515e-05 
619 4.25087e-05 
620 4.25048e-05 
621 4.25013e-05 
622 4.24959e-05 
623 4.2483e-05 
624 4.24776e-05 
625 4.24603e-05 
626 4.24463e-05 
627 4.24239e-05 
628 4.23709e-05 
629 4.23027e-05 
630 4.19721e-05 
631 4.19277e-05 
632 3.3673e-05 
633 3.36105e-05 
634 3.35418e-05 
635 3.34798e-05 
636 3.33909e-05 
637 3.33079e-05 
638 3.32376e-05 
639 3.31115e-05 
640 3.28867e-05 
641 2.94359e-05 
642 2.94551e-05 
643 2.92931e-05 
644 2.92288e-05 
645 2.91778e-05 
646 2.912e-05 
647 2.90605e-05 
648 2.89716e-05 
649 2.87963e-05 
650 2.79142e-05 
651 2.78439e-05 
652 2.68085e-05 
653 2.6814e-05 
654 2.67938e-05 
655 2.67844e-05 
656 2.67672e-05 
657 2.67615e-05 
658 2.67552e-05 
659 2.67484e-05 
660 2.67419e-05 
661 2.67329e-05 
662 2.67232e-05 
663 2.67123e-05 
664 2.66957e-05 
665 2.6662e-05 
666 2.66108e-05 
667 2.62871e-05 
668 2.62243e-05 
669 2.03148e-05 
670 2.03148e-05 
671 2.0183e-05 
672 2.01547e-05 
673 2.01263e-05 
674 2.00905e-05 
675 2.00473e-05 
676 2.00108e-05 
677 1.99838e-05 
678 1.9908e-05 
679 1.97565e-05 
680 1.89825e-05 
681 1.89506e-05 
682 1.8936e-05 
683 1.89227e-05 
684 1.89066e-05 
685 1.88906e-05 
686 1.88562e-05 
687 1.87126e-05 
688 1.33485e-05 
689 1.32922e-05 
690 1.32686e-05 
691 1.32571e-05 
692 1.32514e-05 
693 1.32444e-05 
694 1.32371e-05 
695 1.32295e-05 
696 1.32236e-05 
697 1.32175e-05 
698 1.32104e-05 
699 1.32029e-05 
700 1.31933e-05 
701 1.31839e-05 
702 1.31778e-05 
703 1.31726e-05 
704 1.31656e-05 
705 1.31565e-05 
706 1.31471e-05 
707 1.31368e-05 
708 1.31246e-05 
709 1.31169e-05 
710 1.31093e-05 
711 1.30946e-05 
712 1.30749e-05 
713 1.30657e-05 
714 1.30562e-05 
715 1.30405e-05 
716 1.30259e-05 
717 1.30006e-05 
718 1.2958e-05 
719 1.29157e-05 
720 1.26603e-05 
721 1.08739e-05 
722 1.08562e-05 
723 1.08204e-05 
724 1.08169e-05 
725 1.08079e-05 
726 1.08038e-05 
727 1.07934e-05 
728 1.07897e-05 
729 1.07776e-05 
730 1.07692e-05 
731 1.07631e-05 
732 1.07577e-05 
733 1.07543e-05 
734 1.07515e-05 
735 1.07489e-05 
736 1.07452e-05 
737 1.0741e-05 
738 1.07375e-05 
739 1.07333e-05 
740 1.07302e-05 
741 1.07261e-05 
742 1.07225e-05 
743 1.07194e-05 
744 1.0714e-05 
745 1.07095e-05 
746 1.07053e-05 
747 1.07013e-05 
748 1.06942e-05 
749 1.0689e-05 
750 1.06817e-05 
751 1.06731e-05 
752 1.06619e-05 
753 1.06468e-05 
754 1.05919e-05 
755 1.02146e-05 
756 1.0217e-05 
757 1.02155e-05 
758 1.02136e-05 
759 1.0208e-05 
760 1.0208e-05 
761 1.0206e-05 
762 1.02058e-05 
763 1.02047e-05 
764 1.02034e-05 
765 1.02033e-05 
766 1.01991e-05 
767 1.0197e-05 
768 1.0196e-05 
769 1.01948e-05 
770 1.01942e-05 
771 1.0193e-05 
772 1.01923e-05 
773 1.01912e-05 
774 1.01904e-05 
775 1.0189e-05 
776 1.01879e-05 
777 1.0187e-05 
778 1.01859e-05 
779 1.01849e-05 
780 1.01843e-05 
781 1.01837e-05 
782 1.01828e-05 
783 1.01821e-05 
784 1.01815e-05 
785 1.01809e-05 
786 1.01804e-05 
787 1.01797e-05 
788 1.01791e-05 
789 1.01785e-05 
790 1.01776e-05 
791 1.01768e-05 
792 1.01761e-05 
793 1.01751e-05 
794 1.01741e-05 
795 1.01732e-05 
796 1.01723e-05 
797 1.01714e-05 
798 1.01704e-05 
799 1.01696e-05 
800 1.01687e-05 
801 1.01665e-05 
802 1.01651e-05 
803 1.01623e-05 
804 1.01583e-05 
805 1.01553e-05 
806 1.01525e-05 
807 1.01495e-05 
808 1.01313e-05 
809 1.00248e-05 
810 9.98939e-06 
811 7.32987e-06 
812 7.30623e-06 
813 7.29501e-06 
814 7.29233e-06 
815 7.28737e-06 
816 7.28501e-06 
817 7.26679e-06 
818 7.26097e-06 
819 7.25875e-06 
820 7.25457e-06 
821 7.25142e-06 
822 7.24883e-06 
823 7.24594e-06 
824 7.24307e-06 
825 7.24141e-06 
826 7.23949e-06 
827 7.23798e-06 
828 7.2356e-06 
829 7.2338e-06 
830 7.23174e-06 
831 7.22997e-06 
832 7.22724e-06 
833 7.22501e-06 
834 7.22334e-06 
835 7.21973e-06 
836 7.21722e-06 
837 7.21435e-06 
838 7.21265e-06 
839 7.21042e-06 
840 7.20849e-06 
841 7.20204e-06 
842 7.19689e-06 
843 7.18956e-06 
844 7.18291e-06 
845 7.17844e-06 
846 7.16914e-06 
847 7.16213e-06 
848 7.1479e-06 
849 7.13633e-06 
850 7.09531e-06 
851 6.58825e-06 
852 6.5805e-06 
853 6.57785e-06 
854 6.57536e-06 
855 6.57017e-06 
856 6.56643e-06 
857 6.5628e-06 
858 6.56107e-06 
859 6.55749e-06 
860 6.55406e-06 
861 6.55162e-06 
862 6.54899e-06 
863 6.54726e-06 
864 6.54608e-06 
865 6.54438e-06 
866 6.54301e-06 
867 6.54129e-06 
868 6.53985e-06 
869 6.53848e-06 
870 6.5365e-06 
871 6.53365e-06 
872 6.53173e-06 
873 6.52986e-06 
874 6.52728e-06 
875 6.52492e-06 
876 6.51911e-06 
877 6.51284e-06 
878 6.48229e-06 
879 6.46257e-06 
880 6.2804e-06 
881 6.25768e-06 
882 5.11101e-06 
883 5.07289e-06 
884 5.06832e-06 
885 5.06146e-06 
886 5.05714e-06 
887 5.05274e-06 
888 5.04867e-06 
889 5.04372e-06 
890 5.04003e-06 
891 5.03564e-06 
892 5.03059e-06 
893 5.02371e-06 
894 5.00796e-06 
895 4.94741e-06 
896 4.28769e-06 
897 4.28828e-06 
898 4.27862e-06 
899 4.27688e-06 
900 4.27447e-06 
901 4.27349e-06 
902 4.27169e-06 
903 4.27113e-06 
904 4.27028e-06 
905 4.26816e-06 
906 4.2664e-06 
907 4.26581e-06 
908 4.2652e-06 
909 4.2645e-06 
910 4.26394e-06 
911 4.2633e-06 
912 4.2616e-06 
913 4.25983e-06 
914 4.25914e-06 
915 4.2584e-06 
916 4.25765e-06 
917 4.25709e-06 
918 4.2563e-06 
919 4.25554e-06 
920 4.25481e-06 
921 4.25403e-06 
922 4.25345e-06 
923 4.25253e-06 
924 4.25177e-06 
925 4.25107e-06 
926 4.25064e-06 
927 4.25004e-06 
928 4.24922e-06 
929 4.24851e-06 
930 4.2478e-06 
931 4.24721e-06 
932 4.24632e-06 
933 4.2457e-06 
934 4.24495e-06 
935 4.24394e-06 
936 4.24267e-06 
937 4.24188e-06 
938 4.24066e-06 
939 4.23939e-06 
940 4.23695e-06 
941 4.23323e-06 
942 4.22811e-06 
943 4.21959e-06 
944 4.21243e-06 
945 4.1995e-06 
946 4.03776e-06 
947 4.03487e-06 
948 4.03485e-06 
949 4.034e-06 
950 4.03073e-06 
951 4.02818e-06 
952 4.02667e-06 
953 4.02557e-06 
954 4.02473e-06 
955 4.02376e-06 
956 4.02257e-06 
957 4.02164e-06 
958 4.02067e-06 
959 4.0199e-06 
960 4.01884e-06 
961 4.01797e-06 
962 4.01672e-06 
963 4.01577e-06 
964 4.0145e-06 
965 4.01105e-06 
966 4.00799e-06 
967 4.00274e-06 
968 3.99436e-06 
969 3.89308e-06 
970 3.81812e-06 
971 3.76763e-06 
972 3.60124e-06 
973 3.60242e-06 
974 3.6019e-06 
975 3.60016e-06 
976 3.59959e-06 
977 3.59834e-06 
978 3.59728e-06 
979 3.59568e-06 
980 3.59497e-06 
981 3.59431e-06 
982 3.59304e-06 
983 3.59246e-06 
984 3.59165e-06 
985 3.59071e-06 
986 3.58985e-06 
987 3.5893e-06 
988 3.5887e-06 
989 3.58783e-06 
990 3.58725e-06 
991 3.58628e-06 
992 3.58577e-06 
993 3.58504e-06 
994 3.58416e-06 
995 3.58353e-06 
996 3.58265e-06 
997 3.58188e-06 
998 3.58115e-06 
999 3.58049e-06 
1000 3.57484e-06 
1001 3.56106e-06 
1002 3.41158e-06 
1003 3.41248e-06 
1004 3.41247e-06 
1005 3.41197e-06 
1006 3.41119e-06 
1007 3.4105e-06 
1008 3.40952e-06 
1009 3.40636e-06 
1010 3.4048e-06 
1011 3.40367e-06 
1012 3.40232e-06 
1013 3.40131e-06 
1014 3.40045e-06 
1015 3.39951e-06 
1016 3.39846e-06 
1017 3.39729e-06 
1018 3.39607e-06 
1019 3.395e-06 
1020 3.39374e-06 
1021 3.39239e-06 
1022 3.38933e-06 
1023 3.38142e-06 
1024 3.36976e-06 
1025 3.3045e-06 
1026 3.1876e-06 
1027 3.18458e-06 
1028 3.18283e-06 
1029 3.18113e-06 
1030 3.17958e-06 
1031 3.17811e-06 
1032 3.17674e-06 
1033 3.17518e-06 
1034 3.17363e-06 
1035 3.17074e-06 
1036 3.16013e-06 
1037 3.11295e-06 
1038 3.03315e-06 
1039 3.03334e-06 
1040 3.03292e-06 
1041 3.03286e-06 
1042 3.03261e-06 
1043 3.03246e-06 
1044 3.03235e-06 
1045 3.03216e-06 
1046 3.032e-06 
1047 3.03172e-06 
1048 3.03163e-06 
1049 3.03153e-06 
1050 3.03133e-06 
1051 3.03124e-06 
1052 3.03108e-06 
1053 3.03083e-06 
1054 3.03066e-06 
1055 3.03057e-06 
1056 3.03044e-06 
1057 3.03031e-06 
1058 3.03018e-06 
1059 3.03003e-06 
1060 3.02937e-06 
1061 3.02907e-06 
1062 3.02856e-06 
1063 3.02828e-06 
1064 3.02811e-06 
1065 3.02794e-06 
1066 3.02773e-06 
1067 3.02737e-06 
1068 3.02711e-06 
1069 3.02674e-06 
1070 3.02653e-06 
1071 3.02635e-06 
1072 3.02615e-06 
1073 3.02588e-06 
1074 3.02571e-06 
1075 3.02543e-06 
1076 3.02518e-06 
1077 3.02495e-06 
1078 3.02482e-06 
1079 3.02467e-06 
1080 3.0245e-06 
1081 3.02431e-06 
1082 3.02416e-06 
1083 3.02401e-06 
1084 3.02376e-06 
1085 3.02342e-06 
1086 3.02315e-06 
1087 3.02294e-06 
1088 3.0226e-06 
1089 3.02244e-06 
1090 3.02223e-06 
1091 3.02182e-06 
1092 3.02119e-06 
1093 3.02041e-06 
1094 3.01266e-06 
1095 3.00232e-06 
1096 2.82989e-06 
1097 2.83123e-06 
1098 2.81393e-06 
1099 2.80922e-06 
1100 2.80483e-06 
1101 2.78004e-06 
1102 2.43301e-06 
1103 2.43287e-06 
1104 2.42492e-06 
1105 2.41849e-06 
1106 2.41336e-06 
1107 2.40732e-06 
1108 2.38784e-06 
1109 1.96963e-06 
1110 1.96305e-06 
1111 1.96176e-06 
1112 1.9602e-06 
1113 1.95804e-06 
1114 1.95718e-06 
1115 1.95525e-06 
1116 1.95427e-06 
1117 1.95306e-06 
1118 1.95227e-06 
1119 1.95151e-06 
1120 1.95046e-06 
1121 1.9496e-06 
1122 1.94872e-06 
1123 1.94791e-06 
1124 1.94711e-06 
1125 1.94628e-06 
1126 1.94529e-06 
1127 1.9443e-06 
1128 1.94262e-06 
1129 1.93994e-06 
1130 1.93652e-06 
1131 1.93195e-06 
1132 1.91641e-06 
1133 1.60509e-06 
1134 1.60126e-06 
1135 1.59167e-06 
1136 1.58795e-06 
1137 1.58303e-06 
1138 1.57991e-06 
1139 1.57686e-06 
1140 1.57364e-06 
1141 1.56794e-06 
1142 1.55757e-06 
1143 1.54287e-06 
1144 1.41175e-06 
1145 1.41272e-06 
1146 1.41138e-06 
1147 1.40403e-06 
1148 1.40246e-06 
1149 1.40193e-06 
1150 1.40143e-06 
1151 1.40108e-06 
1152 1.40078e-06 
1153 1.40043e-06 
1154 1.40005e-06 
1155 1.39978e-06 
1156 1.39949e-06 
1157 1.3992e-06 
1158 1.39891e-06 
1159 1.39866e-06 
1160 1.39844e-06 
1161 1.39819e-06 
1162 1.39792e-06 
1163 1.39757e-06 
1164 1.39722e-06 
1165 1.39694e-06 
1166 1.39661e-06 
1167 1.39619e-06 
1168 1.39532e-06 
1169 1.39418e-06 
1170 1.39296e-06 
1171 1.39178e-06 
1172 1.38236e-06 
1173 1.31189e-06 
1174 1.31242e-06 
1175 1.31024e-06 
1176 1.30986e-06 
1177 1.30981e-06 
1178 1.30973e-06 
1179 1.30945e-06 
1180 1.3087e-06 
1181 1.3085e-06 
1182 1.30832e-06 
1183 1.30806e-06 
1184 1.30743e-06 
1185 1.30708e-06 
1186 1.30676e-06 
1187 1.30655e-06 
1188 1.30634e-06 
1189 1.30601e-06 
1190 1.30575e-06 
1191 1.30553e-06 
1192 1.30529e-06 
1193 1.30508e-06 
1194 1.3049e-06 
1195 1.30473e-06 
1196 1.30457e-06 
1197 1.30439e-06 
1198 1.3042e-06 
1199 1.30399e-06 
1200 1.30374e-06 
1201 1.30357e-06 
1202 1.30341e-06 
1203 1.30296e-06 
1204 1.30252e-06 
1205 1.30167e-06 
1206 1.30109e-06 
1207 1.30012e-06 
1208 1.29915e-06 
1209 1.29716e-06 
1210 1.29652e-06 
1211 1.29425e-06 
1212 1.28515e-06 
1213 1.1042e-06 
1214 1.09427e-06 
1215 1.0903e-06 
1216 1.08868e-06 
1217 1.08729e-06 
1218 1.08608e-06 
1219 1.08493e-06 
1220 1.08382e-06 
1221 1.08141e-06 
1222 1.07683e-06 
1223 1.07134e-06 
1224 1.06351e-06 
1225 9.35552e-07 
1226 9.26524e-07 
1227 9.23414e-07 
1228 9.21042e-07 
1229 9.19746e-07 
1230 9.18581e-07 
1231 9.16366e-07 
1232 9.096e-07 
1233 9.01175e-07 
1234 8.13606e-07 
1235 8.09552e-07 
1236 8.09221e-07 
1237 8.03002e-07 
1238 8.0139e-07 
1239 7.99324e-07 
1240 7.93464e-07 
1241 7.88e-07 
1242 7.01485e-07 
1243 6.92914e-07 
1244 6.92891e-07 
1245 6.91657e-07 
1246 6.89817e-07 
1247 6.89348e-07 
1248 6.89207e-07 
1249 6.89113e-07 
1250 6.88956e-07 
1251 6.88891e-07 
1252 6.88834e-07 
1253 6.88806e-07 
1254 6.88736e-07 
1255 6.88704e-07 
1256 6.88667e-07 
1257 6.88607e-07 
1258 6.88579e-07 
1259 6.88543e-07 
1260 6.88507e-07 
1261 6.88455e-07 
1262 6.88428e-07 
1263 6.88381e-07 
1264 6.88321e-07 
1265 6.88297e-07 
1266 6.88267e-07 
1267 6.88237e-07 
1268 6.88177e-07 
1269 6.88129e-07 
1270 6.8807e-07 
1271 6.8804e-07 
1272 6.87979e-07 
1273 6.87933e-07 
1274 6.87897e-07 
1275 6.87858e-07 
1276 6.87806e-07 
1277 6.87761e-07 
1278 6.87713e-07 
1279 6.87672e-07 
1280 6.87617e-07 
1281 6.87554e-07 
1282 6.87513e-07 
1283 6.87449e-07 
1284 6.87409e-07 
1285 6.87337e-07 
1286 6.87255e-07 
1287 6.87138e-07 
1288 6.8709e-07 
1289 6.87011e-07 
1290 6.86933e-07 
1291 6.86871e-07 
1292 6.86822e-07 
1293 6.86785e-07 
1294 6.86687e-07 
1295 6.86606e-07 
1296 6.86571e-07 
1297 6.86485e-07 
1298 6.86405e-07 
1299 6.86325e-07 
1300 6.86121e-07 
1301 6.86014e-07 
1302 6.85684e-07 
1303 6.85493e-07 
1304 6.85079e-07 
1305 6.82895e-07 
1306 6.81427e-07 
1307 6.78632e-07 
1308 6.75515e-07 
1309 5.96903e-07 
1310 5.95777e-07 
1311 5.92193e-07 
1312 5.90542e-07 
1313 5.87756e-07 
1314 5.86695e-07 
1315 5.85951e-07 
1316 5.85249e-07 
1317 5.84492e-07 
1318 5.8311e-07 
1319 5.80606e-07 
1320 5.77413e-07 
1321 5.73504e-07 
1322 5.68856e-07 
1323 4.91208e-07 
1324 4.87767e-07 
1325 4.86527e-07 
1326 4.82141e-07 
1327 4.8141e-07 
1328 4.80416e-07 
1329 4.77776e-07 
1330 4.73908e-07 
1331 4.62811e-07 
1332 4.6218e-07 
1333 4.61895e-07 
1334 4.61648e-07 
1335 4.61433e-07 
1336 4.61247e-07 
1337 4.60946e-07 
1338 4.60398e-07 
1339 4.59405e-07 
1340 4.26278e-07 
1341 4.21935e-07 
1342 4.20728e-07 
1343 4.20038e-07 
1344 4.19637e-07 
1345 4.18819e-07 
1346 4.17309e-07 
1347 4.14518e-07 
1348 3.54684e-07 
1349 3.49871e-07 
1350 3.47729e-07 
1351 3.47056e-07 
1352 3.45459e-07 
1353 3.40606e-07 
1354 3.40355e-07 
1355 3.40193e-07 
1356 3.40133e-07 
1357 3.40077e-07 
1358 3.40009e-07 
1359 3.39958e-07 
1360 3.39906e-07 
1361 3.39862e-07 
1362 3.39817e-07 
1363 3.39776e-07 
1364 3.39736e-07 
1365 3.39697e-07 
1366 3.39664e-07 
1367 3.39634e-07 
1368 3.396e-07 
1369 3.39558e-07 
1370 3.39519e-07 
1371 3.39476e-07 
1372 3.39429e-07 
1373 3.3936e-07 
1374 3.39292e-07 
1375 3.39223e-07 
1376 3.3913e-07 
1377 3.39036e-07 
1378 3.38918e-07 
1379 3.38613e-07 
1380 3.38437e-07 
1381 3.32131e-07 
1382 3.3213e-07 
1383 3.31974e-07 
1384 3.31783e-07 
1385 3.31738e-07 
1386 3.3166e-07 
1387 3.31418e-07 
1388 3.31375e-07 
1389 3.3124e-07 
1390 3.31206e-07 
1391 3.31186e-07 
1392 3.31148e-07 
1393 3.31121e-07 
1394 3.31069e-07 
1395 3.31039e-07 
1396 3.31021e-07 
1397 3.30992e-07 
1398 3.30968e-07 
1399 3.30926e-07 
1400 3.30894e-07 
1401 3.30877e-07 
1402 3.30858e-07 
1403 3.30837e-07 
1404 3.30819e-07 
1405 3.308e-07 
1406 3.30776e-07 
1407 3.30761e-07 
1408 3.30746e-07 
1409 3.30734e-07 
1410 3.30718e-07 
1411 3.30706e-07 
1412 3.30694e-07 
1413 3.30676e-07 
1414 3.30659e-07 
1415 3.30637e-07 
1416 3.30616e-07 
1417 3.30585e-07 
1418 3.30557e-07 
1419 3.30533e-07 
1420 3.30506e-07 
1421 3.30486e-07 
1422 3.30452e-07 
1423 3.3042e-07 
1424 3.30357e-07 
1425 3.30297e-07 
1426 3.30271e-07 
1427 3.30227e-07 
1428 3.30181e-07 
1429 3.30122e-07 
1430 3.30061e-07 
1431 3.30007e-07 
1432 3.29939e-07 
1433 3.29746e-07 
1434 3.29575e-07 
1435 3.2842e-07 
1436 2.73563e-07 
1437 2.68412e-07 
1438 2.68514e-07 
1439 2.68311e-07 
1440 2.68164e-07 
1441 2.67911e-07 
1442 2.67324e-07 
1443 2.6674e-07 
1444 2.66088e-07 
1445 2.65711e-07 
1446 2.65496e-07 
1447 2.65304e-07 
1448 2.65141e-07 
1449 2.65017e-07 
1450 2.64909e-07 
1451 2.64744e-07 
1452 2.64564e-07 
1453 2.6429e-07 
1454 2.63985e-07 
1455 2.63457e-07 
1456 2.56063e-07 
1457 2.56166e-07 
1458 2.55883e-07 
1459 2.5503e-07 
1460 2.54533e-07 
1461 2.54153e-07 
1462 2.538e-07 
1463 2.5355e-07 
1464 2.53318e-07 
1465 2.53042e-07 
1466 2.52357e-07 
1467 2.49151e-07 
1468 2.49086e-07 
1469 2.48738e-07 
1470 2.48607e-07 
1471 2.48552e-07 
1472 2.48317e-07 
1473 2.48296e-07 
1474 2.48249e-07 
1475 2.48216e-07 
1476 2.48166e-07 
1477 2.48135e-07 
1478 2.48105e-07 
1479 2.4809e-07 
1480 2.48063e-07 
1481 2.48047e-07 
1482 2.48027e-07 
1483 2.4801e-07 
1484 2.47996e-07 
1485 2.47978e-07 
1486 2.47966e-07 
1487 2.47951e-07 
1488 2.4794e-07 
1489 2.47928e-07 
1490 2.47914e-07 
1491 2.47901e-07 
1492 2.47891e-07 
1493 2.47882e-07 
1494 2.47868e-07 
1495 2.47854e-07 
1496 2.47844e-07 
1497 2.4783e-07 
1498 2.47816e-07 
1499 2.47805e-07 
1500 2.47797e-07 
1501 2.47778e-07 
1502 2.47767e-07 
1503 2.47742e-07 
1504 2.47717e-07 
1505 2.47706e-07 
1506 2.47677e-07 
1507 2.47651e-07 
1508 2.47627e-07 
1509 2.47485e-07 
1510 2.47225e-07 
1511 2.41306e-07 
1512 2.41212e-07 
1513 2.41173e-07 
1514 2.40282e-07 
1515 2.39862e-07 
1516 2.39792e-07 
1517 2.39554e-07 
1518 2.39483e-07 
1519 2.3941e-07 
1520 2.39273e-07 
1521 2.39236e-07 
1522 2.39194e-07 
1523 2.39138e-07 
1524 2.39072e-07 
1525 2.39029e-07 
1526 2.3899e-07 
1527 2.38955e-07 
1528 2.38926e-07 
1529 2.38898e-07 
1530 2.38872e-07 
1531 2.38847e-07 
1532 2.38818e-07 
1533 2.38794e-07 
1534 2.38776e-07 
1535 2.38746e-07 
1536 2.38707e-07 
1537 2.38653e-07 
1538 2.38601e-07 
1539 2.38563e-07 
1540 2.3853e-07 
1541 2.38476e-07 
1542 2.38398e-07 
1543 2.38183e-07 
1544 2.38097e-07 
1545 2.37836e-07 
1546 2.32234e-07 
1547 2.32387e-07 
1548 2.31425e-07 
1549 2.30932e-07 
1550 2.30559e-07 
1551 2.30284e-07 
1552 2.30023e-07 
1553 2.29802e-07 
1554 2.29622e-07 
1555 2.29538e-07 
1556 2.29425e-07 
1557 2.29224e-07 
1558 2.28873e-07 
1559 2.28616e-07 
1560 2.2616e-07 
1561 2.26216e-07 
1562 2.26117e-07 
1563 2.26057e-07 
1564 2.26011e-07 
1565 2.25482e-07 
1566 2.25323e-07 
1567 2.25197e-07 
1568 2.25118e-07 
1569 2.25067e-07 
1570 2.25009e-07 
1571 2.24916e-07 
1572 2.24705e-07 
1573 2.22796e-07 
1574 2.22797e-07 
1575 2.2269e-07 
1576 2.2266e-07 
1577 2.22639e-07 
1578 2.22496e-07 
1579 2.22334e-07 
1580 2.22203e-07 
1581 2.22163e-07 
1582 2.22082e-07 
1583 2.22071e-07 
1584 2.22064e-07 
1585 2.22054e-07 
1586 2.22047e-07 
1587 2.22038e-07 
1588 2.2203e-07 
1589 2.22022e-07 
1590 2.22016e-07 
1591 2.2201e-07 
1592 2.22005e-07 
1593 2.21999e-07 
1594 2.21992e-07 
1595 2.21987e-07 
1596 2.21983e-07 
1597 2.21978e-07 
1598 2.21973e-07 
1599 2.21968e-07 
1600 2.21962e-07 
1601 2.21957e-07 
1602 2.21953e-07 
1603 2.21947e-07 
1604 2.21943e-07 
1605 2.21937e-07 
1606 2.21929e-07 
1607 2.21925e-07 
1608 2.2192e-07 
1609 2.21916e-07 
1610 2.2191e-07 
1611 2.21904e-07 
1612 2.21891e-07 
1613 2.21883e-07 
1614 2.21871e-07 
1615 2.21862e-07 
1616 2.21753e-07 
1617 2.21648e-07 
1618 2.20565e-07 
1619 2.19605e-07 
1620 2.17701e-07 
1621 2.17777e-07 
1622 2.17773e-07 
1623 2.17113e-07 
1624 2.16724e-07 
1625 2.16465e-07 
1626 2.16328e-07 
1627 2.16266e-07 
1628 2.16038e-07 
1629 2.15535e-07 
1630 2.08689e-07 
1631 2.07755e-07 
1632 2.07561e-07 
1633 2.07326e-07 
1634 2.07111e-07 
1635 2.07018e-07 
1636 2.06927e-07 
1637 2.06847e-07 
1638 2.06779e-07 
1639 2.06739e-07 
1640 2.06707e-07 
1641 2.06662e-07 
1642 2.06593e-07 
1643 2.06515e-07 
1644 2.06279e-07 
1645 2.03119e-07 
1646 2.02894e-07 
1647 2.02636e-07 
1648 2.02454e-07 
1649 2.02127e-07 
1650 2.0197e-07 
1651 2.01827e-07 
1652 2.01746e-07 
1653 2.01685e-07 
1654 2.01577e-07 
1655 2.01303e-07 
1656 2.01078e-07 
1657 1.98052e-07 
1658 1.98092e-07 
1659 1.97242e-07 
1660 1.96877e-07 
1661 1.9681e-07 
1662 1.96759e-07 
1663 1.96715e-07 
1664 1.96581e-07 
1665 1.96549e-07 
1666 1.96524e-07 
1667 1.96498e-07 
1668 1.96471e-07 
1669 1.96439e-07 
1670 1.96415e-07 
1671 1.96389e-07 
1672 1.96371e-07 
1673 1.96355e-07 
1674 1.9634e-07 
1675 1.96326e-07 
1676 1.96315e-07 
1677 1.96303e-07 
1678 1.96291e-07 
1679 1.96274e-07 
1680 1.96259e-07 
1681 1.96244e-07 
1682 1.96227e-07 
1683 1.96209e-07 
1684 1.96185e-07 
1685 1.96159e-07 
1686 1.96128e-07 
1687 1.96104e-07 
1688 1.9607e-07 
1689 1.95714e-07 
1690 1.94773e-07 
1691 1.94713e-07 
1692 1.94639e-07 
1693 1.94407e-07 
1694 1.94344e-07 
1695 1.94325e-07 
1696 1.9431e-07 
1697 1.94289e-07 
1698 1.94228e-07 
1699 1.94187e-07 
1700 1.94176e-07 
1701 1.94162e-07 
1702 1.94156e-07 
1703 1.94145e-07 
1704 1.94139e-07 
1705 1.94135e-07 
1706 1.94132e-07 
1707 1.94127e-07 
1708 1.94123e-07 
1709 1.94115e-07 
1710 1.94111e-07 
1711 1.94106e-07 
1712 1.94096e-07 
1713 1.94093e-07 
1714 1.9409e-07 
1715 1.94087e-07 
1716 1.94084e-07 
1717 1.94082e-07 
1718 1.9408e-07 
1719 1.94076e-07 
1720 1.94074e-07 
1721 1.94072e-07 
1722 1.9407e-07 
1723 1.94068e-07 
1724 1.94065e-07 
1725 1.94063e-07 
1726 1.94061e-07 
1727 1.94058e-07 
1728 1.94056e-07 
1729 1.94055e-07 
1730 1.94053e-07 
1731 1.94051e-07 
1732 1.94049e-07 
1733 1.94048e-07 
1734 1.94046e-07 
1735 1.94044e-07 
1736 1.94042e-07 
1737 1.94041e-07 
1738 1.94039e-07 
1739 1.94038e-07 
1740 1.94036e-07 
1741 1.94035e-07 
1742 1.94033e-07 
1743 1.94032e-07 
1744 1.9403e-07 
1745 1.94029e-07 
1746 1.94028e-07 
1747 1.94026e-07 
1748 1.94024e-07 
1749 1.94021e-07 
1750 1.94019e-07 
1751 1.94018e-07 
1752 1.94014e-07 
1753 1.9401e-07 
1754 1.94009e-07 
1755 1.94005e-07 
1756 1.94001e-07 
1757 1.93991e-07 
1758 1.93984e-07 
1759 1.93978e-07 
1760 1.93967e-07 
1761 1.93952e-07 
1762 1.93841e-07 
1763 1.92297e-07 
1764 1.9211e-07 
1765 1.91511e-07 
1766 1.91134e-07 
1767 1.90823e-07 
1768 1.90731e-07 
1769 1.90637e-07 
1770 1.90427e-07 
1771 1.89499e-07 
1772 1.89466e-07 
1773 1.89353e-07 
1774 1.89207e-07 
1775 1.88893e-07 
1776 1.88773e-07 
1777 1.887e-07 
1778 1.88677e-07 
1779 1.88647e-07 
1780 1.88576e-07 
1781 1.87612e-07 
1782 1.87474e-07 
1783 1.87345e-07 
1784 1.86902e-07 
1785 1.86866e-07 
1786 1.86815e-07 
1787 1.86734e-07 
1788 1.86704e-07 
1789 1.86672e-07 
1790 1.86631e-07 
1791 1.86598e-07 
1792 1.86568e-07 
1793 1.86529e-07 
1794 1.86493e-07 
1795 1.86467e-07 
1796 1.86442e-07 
1797 1.86421e-07 
1798 1.86404e-07 
1799 1.86387e-07 
1800 1.86378e-07 
1801 1.86365e-07 
1802 1.86344e-07 
1803 1.86334e-07 
1804 1.86317e-07 
1805 1.863e-07 
1806 1.86289e-07 
1807 1.8628e-07 
1808 1.86259e-07 
1809 1.86229e-07 
1810 1.862e-07 
1811 1.86179e-07 
1812 1.86154e-07 
1813 1.85991e-07 
1814 1.8487e-07 
1815 1.84588e-07 
1816 1.84411e-07 
1817 1.84369e-07 
1818 1.84326e-07 
1819 1.84313e-07 
1820 1.84264e-07 
1821 1.84243e-07 
1822 1.84218e-07 
1823 1.84205e-07 
1824 1.84194e-07 
1825 1.84179e-07 
1826 1.84168e-07 
1827 1.84141e-07 
1828 1.84108e-07 
1829 1.84097e-07 
1830 1.84085e-07 
1831 1.84075e-07 
1832 1.84049e-07 
1833 1.84029e-07 
1834 1.84016e-07 
1835 1.84007e-07 
1836 1.83999e-07 
1837 1.83989e-07 
1838 1.83979e-07 
1839 1.83971e-07 
1840 1.83964e-07 
1841 1.83958e-07 
1842 1.83953e-07 
1843 1.83948e-07 
1844 1.83944e-07 
1845 1.83941e-07 
1846 1.83938e-07 
1847 1.83933e-07 
1848 1.83927e-07 
1849 1.8392e-07 
1850 1.83915e-07 
1851 1.83909e-07 
1852 1.83903e-07 
1853 1.83896e-07 
1854 1.83892e-07 
1855 1.83886e-07 
1856 1.83881e-07 
1857 1.83877e-07 
1858 1.83875e-07 
1859 1.83869e-07 
1860 1.83865e-07 
1861 1.83857e-07 
1862 1.8385e-07 
1863 1.83845e-07 
1864 1.83842e-07 
1865 1.83837e-07 
1866 1.83824e-07 
1867 1.83806e-07 
1868 1.83791e-07 
1869 1.83552e-07 
1870 1.82218e-07 
1871 1.81829e-07 
1872 1.81552e-07 
1873 1.81329e-07 
1874 1.81151e-07 
1875 1.8106e-07 
1876 1.80985e-07 
1877 1.80872e-07 
1878 1.80763e-07 
1879 1.80576e-07 
1880 1.78924e-07 
1881 1.78431e-07 
1882 1.77553e-07 
1883 1.77482e-07 
1884 1.77467e-07 
1885 1.77465e-07 
1886 1.774e-07 
1887 1.77393e-07 
1888 1.77385e-07 
1889 1.77367e-07 
1890 1.77365e-07 
1891 1.7735e-07 
1892 1.77302e-07 
1893 1.77244e-07 
1894 1.77232e-07 
1895 1.77196e-07 
1896 1.7718e-07 
1897 1.77118e-07 
1898 1.77092e-07 
1899 1.77074e-07 
1900 1.77049e-07 
1901 1.77025e-07 
1902 1.77013e-07 
1903 1.77e-07 
1904 1.7699e-07 
1905 1.7698e-07 
1906 1.7697e-07 
1907 1.76961e-07 
1908 1.76953e-07 
1909 1.76947e-07 
1910 1.76942e-07 
1911 1.76937e-07 
1912 1.76932e-07 
1913 1.76927e-07 
1914 1.76922e-07 
1915 1.76918e-07 
1916 1.76912e-07 
1917 1.76908e-07 
1918 1.76903e-07 
1919 1.76896e-07 
1920 1.76889e-07 
1921 1.7688e-07 
1922 1.76865e-07 
1923 1.76858e-07 
1924 1.76851e-07 
1925 1.76846e-07 
1926 1.76839e-07 
1927 1.76831e-07 
1928 1.76823e-07 
1929 1.76811e-07 
1930 1.76803e-07 
1931 1.76781e-07 
1932 1.76763e-07 
1933 1.76752e-07 
1934 1.76732e-07 
1935 1.76715e-07 
1936 1.76699e-07 
1937 1.76265e-07 
1938 1.7567e-07 
1939 1.75084e-07 
1940 1.74562e-07 
1941 1.73618e-07 
1942 1.73614e-07 
1943 1.73559e-07 
1944 1.734e-07 
1945 1.73268e-07 
1946 1.73184e-07 
1947 1.73114e-07 
1948 1.73052e-07 
1949 1.72992e-07 
1950 1.72948e-07 
1951 1.72929e-07 
1952 1.72904e-07 
1953 1.72873e-07 
1954 1.72825e-07 
1955 1.72796e-07 
1956 1.7275e-07 
1957 1.72615e-07 
1958 1.71923e-07 
1959 1.71624e-07 
1960 1.68594e-07 
1961 1.67038e-07 
1962 1.66502e-07 
1963 1.66208e-07 
1964 1.65921e-07 
1965 1.64325e-07 
1966 1.64349e-07 
1967 1.64318e-07 
1968 1.64226e-07 
1969 1.64162e-07 
1970 1.6409e-07 
1971 1.64031e-07 
1972 1.6398e-07 
1973 1.63942e-07 
1974 1.63906e-07 
1975 1.63875e-07 
1976 1.63837e-07 
1977 1.63808e-07 
1978 1.63775e-07 
1979 1.63743e-07 
1980 1.63715e-07 
1981 1.6367e-07 
1982 1.6364e-07 
1983 1.636e-07 
1984 1.6356e-07 
1985 1.63498e-07 
1986 1.63375e-07 
1987 1.62526e-07 
1988 1.61778e-07 
1989 1.61173e-07 
1990 1.6035e-07 
1991 1.60382e-07 
1992 1.60336e-07 
1993 1.60073e-07 
1994 1.60018e-07 
1995 1.59962e-07 
1996 1.59923e-07 
1997 1.59873e-07 
1998 1.59834e-07 
1999 1.59802e-07 
2000 1.59777e-07 
2001 1.59756e-07 
2002 1.59736e-07 
2003 1.59718e-07 
2004 1.597e-07 
2005 1.59686e-07 
2006 1.59672e-07 
2007 1.5965e-07 
2008 1.59619e-07 
2009 1.59587e-07 
2010 1.59559e-07 
2011 1.59541e-07 
2012 1.59499e-07 
2013 1.59464e-07 
2014 1.59424e-07 
2015 1.59264e-07 
2016 1.5831e-07 
2017 1.57471e-07 
2018 1.57282e-07 
2019 1.56881e-07 
2020 1.56733e-07 
2021 1.56656e-07 
2022 1.56571e-07 
2023 1.56497e-07 
2024 1.5644e-07 
2025 1.56245e-07 
2026 1.54635e-07 
2027 1.54354e-07 
2028 1.54175e-07 
2029 1.54025e-07 
2030 1.53922e-07 
2031 1.53861e-07 
2032 1.53811e-07 
2033 1.53766e-07 
2034 1.53702e-07 
2035 1.53539e-07 
2036 1.52782e-07 
2037 1.52484e-07 
2038 1.51783e-07 
2039 1.51232e-07 
2040 1.50821e-07 
2041 1.472e-07 
2042 1.46648e-07 
2043 1.46508e-07 
2044 1.46461e-07 
2045 1.46368e-07 
2046 1.46308e-07 
2047 1.4626e-07 
2048 1.46206e-07 
2049 1.46158e-07 
2050 1.46119e-07 
2051 1.46076e-07 
2052 1.45942e-07 
2053 1.45884e-07 
2054 1.45832e-07 
2055 1.45788e-07 
2056 1.45735e-07 
2057 1.45692e-07 
2058 1.4566e-07 
2059 1.45613e-07 
2060 1.45553e-07 
2061 1.45515e-07 
2062 1.45455e-07 
2063 1.45404e-07 
2064 1.45365e-07 
2065 1.45295e-07 
2066 1.45263e-07 
2067 1.45206e-07 
2068 1.45168e-07 
2069 1.4504e-07 
2070 1.44919e-07 
2071 1.43989e-07 
2072 1.43617e-07 
2073 1.43043e-07 
2074 1.42555e-07 
2075 1.41953e-07 
2076 1.41623e-07 
2077 1.41622e-07 
2078 1.41621e-07 
2079 1.41617e-07 
2080 1.41612e-07 
2081 1.41597e-07 
2082 1.41572e-07 
2083 1.41556e-07 
2084 1.41548e-07 
2085 1.41523e-07 
2086 1.41507e-07 
2087 1.41494e-07 
2088 1.41492e-07 
2089 1.41484e-07 
2090 1.41481e-07 
2091 1.41475e-07 
2092 1.41465e-07 
2093 1.41462e-07 
2094 1.41438e-07 
2095 1.4143e-07 
2096 1.41424e-07 
2097 1.41421e-07 
2098 1.41395e-07 
2099 1.41372e-07 
2100 1.41354e-07 
2101 1.41343e-07 
2102 1.41331e-07 
2103 1.41309e-07 
2104 1.41291e-07 
2105 1.41281e-07 
2106 1.41269e-07 
2107 1.41259e-07 
2108 1.41249e-07 
2109 1.41233e-07 
2110 1.41222e-07 
2111 1.41215e-07 
2112 1.41206e-07 
2113 1.41198e-07 
2114 1.41187e-07 
2115 1.41179e-07 
2116 1.4117e-07 
2117 1.41163e-07 
2118 1.41154e-07 
2119 1.41147e-07 
2120 1.41141e-07 
2121 1.41136e-07 
2122 1.41133e-07 
2123 1.41128e-07 
2124 1.41122e-07 
2125 1.41116e-07 
2126 1.41112e-07 
2127 1.41107e-07 
2128 1.411e-07 
2129 1.41086e-07 
2130 1.41082e-07 
2131 1.41075e-07 
2132 1.41063e-07 
2133 1.4106e-07 
2134 1.41057e-07 
2135 1.41053e-07 
2136 1.41046e-07 
2137 1.41037e-07 
2138 1.41032e-07 
2139 1.41025e-07 
2140 1.41014e-07 
2141 1.40997e-07 
2142 1.40981e-07 
2143 1.408e-07 
2144 1.3927e-07 
2145 1.39211e-07 
2146 1.39055e-07 
2147 1.38765e-07 
2148 1.3856e-07 
2149 1.38286e-07 
2150 1.38094e-07 
2151 1.37914e-07 
2152 1.37705e-07 
2153 1.37569e-07 
2154 1.37412e-07 
2155 1.37285e-07 
2156 1.37175e-07 
2157 1.37045e-07 
2158 1.36875e-07 
2159 1.36685e-07 
2160 1.36548e-07 
2161 1.36443e-07 
2162 1.36306e-07 
2163 1.36212e-07 
2164 1.36119e-07 
2165 1.35975e-07 
2166 1.35747e-07 
2167 1.35211e-07 
2168 1.29675e-07 
2169 1.29716e-07 
2170 1.29634e-07 
2171 1.29446e-07 
2172 1.2938e-07 
2173 1.29331e-07 
2174 1.29279e-07 
2175 1.29171e-07 
2176 1.2914e-07 
2177 1.291e-07 
2178 1.29047e-07 
2179 1.29017e-07 
2180 1.28991e-07 
2181 1.28959e-07 
2182 1.28888e-07 
2183 1.28859e-07 
2184 1.28832e-07 
2185 1.28805e-07 
2186 1.2877e-07 
2187 1.28746e-07 
2188 1.28699e-07 
2189 1.28673e-07 
2190 1.28653e-07 
2191 1.28627e-07 
2192 1.28601e-07 
2193 1.28577e-07 
2194 1.28556e-07 
2195 1.28538e-07 
2196 1.28519e-07 
2197 1.28498e-07 
2198 1.28477e-07 
2199 1.28462e-07 
2200 1.28448e-07 
2201 1.28436e-07 
2202 1.2842e-07 
2203 1.28404e-07 
2204 1.28389e-07 
2205 1.28375e-07 
2206 1.28349e-07 
2207 1.2833e-07 
2208 1.28314e-07 
2209 1.28288e-07 
2210 1.28245e-07 
2211 1.28226e-07 
2212 1.28189e-07 
2213 1.28171e-07 
2214 1.28152e-07 
2215 1.28123e-07 
2216 1.28103e-07 
2217 1.28081e-07 
2218 1.28056e-07 
2219 1.28031e-07 
2220 1.28012e-07 
2221 1.27984e-07 
2222 1.27967e-07 
2223 1.27952e-07 
2224 1.27928e-07 
2225 1.27911e-07 
2226 1.27895e-07 
2227 1.27864e-07 
2228 1.27834e-07 
2229 1.27801e-07 
2230 1.27739e-07 
2231 1.27687e-07 
2232 1.27622e-07 
2233 1.27423e-07 
2234 1.27187e-07 
2235 1.2696e-07 
2236 1.25891e-07 
2237 1.22104e-07 
2238 1.22126e-07 
2239 1.22096e-07 
2240 1.21978e-07 
2241 1.21977e-07 
2242 1.21947e-07 
2243 1.21926e-07 
2244 1.21907e-07 
2245 1.21904e-07 
2246 1.21844e-07 
2247 1.21831e-07 
2248 1.21764e-07 
2249 1.21715e-07 
2250 1.21669e-07 
2251 1.21623e-07 
2252 1.21573e-07 
2253 1.21537e-07 
2254 1.21499e-07 
2255 1.21476e-07 
2256 1.21437e-07 
2257 1.21409e-07 
2258 1.21376e-07 
2259 1.21342e-07 
2260 1.21313e-07 
2261 1.21293e-07 
2262 1.21277e-07 
2263 1.21255e-07 
2264 1.21219e-07 
2265 1.21137e-07 
2266 1.21033e-07 
2267 1.20894e-07 
2268 1.19866e-07 
2269 1.18991e-07 
2270 1.18743e-07 
2271 1.18049e-07 
2272 1.17882e-07 
2273 1.17052e-07 
2274 1.16726e-07 
2275 1.13676e-07 
2276 1.13473e-07 
2277 1.12759e-07 
2278 1.12747e-07 
2279 1.12747e-07 
2280 1.12735e-07 
2281 1.1249e-07 
2282 1.12409e-07 
2283 1.1235e-07 
2284 1.12309e-07 
2285 1.12259e-07 
2286 1.12226e-07 
2287 1.12194e-07 
2288 1.12155e-07 
2289 1.1212e-07 
2290 1.12088e-07 
2291 1.12055e-07 
2292 1.12022e-07 
2293 1.11986e-07 
2294 1.1193e-07 
2295 1.11823e-07 
2296 1.11488e-07 
2297 1.08873e-07 
2298 1.08551e-07 
2299 1.07698e-07 
2300 1.07524e-07 
2301 1.06474e-07 
2302 1.06495e-07 
2303 1.06466e-07 
2304 1.0619e-07 
2305 1.06149e-07 
2306 1.06113e-07 
2307 1.0609e-07 
2308 1.06057e-07 
2309 1.06022e-07 
2310 1.06001e-07 
2311 1.05981e-07 
2312 1.05962e-07 
2313 1.05945e-07 
2314 1.05928e-07 
2315 1.05914e-07 
2316 1.05899e-07 
2317 1.05889e-07 
2318 1.05872e-07 
2319 1.05854e-07 
2320 1.0583e-07 
2321 1.05813e-07 
2322 1.05794e-07 
2323 1.05779e-07 
2324 1.05768e-07 
2325 1.05756e-07 
2326 1.05745e-07 
2327 1.05734e-07 
2328 1.05724e-07 
2329 1.05713e-07 
2330 1.05702e-07 
2331 1.0568e-07 
2332 1.05633e-07 
2333 1.05519e-07 
2334 1.05054e-07 
2335 1.04209e-07 
2336 1.04071e-07 
2337 1.03333e-07 
2338 1.03129e-07 
2339 1.01673e-07 
2340 1.01534e-07 
2341 1.00908e-07 
2342 1.00423e-07 
2343 9.86826e-08 
2344 9.84567e-08 
2345 9.79762e-08 
2346 9.7011e-08 
2347 9.70305e-08 
2348 9.68443e-08 
2349 9.67186e-08 
2350 9.66069e-08 
2351 9.65017e-08 
2352 9.64478e-08 
2353 9.6405e-08 
2354 9.6349e-08 
2355 9.62778e-08 
2356 9.62404e-08 
2357 9.61858e-08 
2358 9.58114e-08 
2359 9.51517e-08 
2360 9.48127e-08 
2361 9.43184e-08 
2362 9.38811e-08 
2363 9.36083e-08 
2364 9.20331e-08 
2365 9.19183e-08 
2366 9.17088e-08 
2367 8.94001e-08 
2368 8.84814e-08 
2369 8.81441e-08 
2370 8.62946e-08 
2371 8.60161e-08 
2372 8.45117e-08 
2373 8.42164e-08 
2374 8.22419e-08 
2375 8.20547e-08 
2376 8.12247e-08 
2377 8.0975e-08 
2378 7.9217e-08 
2379 7.91784e-08 
2380 7.91312e-08 
2381 7.90392e-08 
2382 7.8756e-08 
2383 7.58011e-08 
2384 7.53223e-08 
2385 7.51607e-08 
2386 7.50331e-08 
2387 7.48799e-08 
2388 7.43394e-08 
2389 7.32786e-08 
2390 7.31479e-08 
2391 7.24736e-08 
2392 7.21906e-08 
2393 7.06969e-08 
2394 7.06568e-08 
2395 7.06171e-08 
2396 7.05762e-08 
2397 7.05312e-08 
2398 7.04772e-08 
2399 7.0406e-08 
2400 7.02718e-08 
2401 6.85525e-08 
2402 6.84865e-08 
2403 6.83963e-08 
2404 6.82303e-08 
2405 6.66351e-08 
2406 6.65155e-08 
2407 6.6203e-08 
2408 6.58359e-08 
2409 6.48133e-08 
2410 6.47378e-08 
2411 6.45258e-08 
2412 6.43938e-08 
2413 6.43329e-08 
2414 6.42578e-08 
2415 6.42179e-08 
2416 6.41745e-08 
2417 6.41387e-08 
2418 6.4113e-08 
2419 6.40929e-08 
2420 6.40668e-08 
2421 6.40455e-08 
2422 6.40171e-08 
2423 6.39926e-08 
2424 6.39694e-08 
2425 6.39498e-08 
2426 6.39328e-08 
2427 6.38581e-08 
2428 6.3722e-08 
2429 6.34403e-08 
2430 6.31533e-08 
2431 6.30934e-08 
2432 6.27205e-08 
2433 6.2673e-08 
2434 6.13347e-08 
2435 6.12799e-08 
2436 6.11795e-08 
2437 6.06828e-08 
2438 6.04753e-08 
2439 5.80608e-08 
2440 5.79684e-08 
2441 5.7748e-08 
2442 5.38737e-08 
2443 5.38148e-08 
2444 5.37461e-08 
2445 5.36558e-08 
2446 5.34997e-08 
2447 5.28908e-08 
2448 5.23994e-08 
2449 5.1777e-08 
2450 5.08856e-08 
2451 5.07143e-08 
2452 4.63773e-08 
2453 4.62634e-08 
2454 4.5893e-08 
2455 4.56859e-08 
2456 4.31678e-08 
2457 4.30065e-08 
2458 4.20388e-08 
2459 4.19304e-08 
2460 4.1457e-08 
2461 4.12732e-08 
2462 4.0423e-08 
2463 4.03468e-08 
2464 3.98555e-08 
2465 3.96086e-08 
2466 3.94048e-08 
2467 3.91381e-08 
2468 3.89779e-08 
2469 3.88742e-08 
2470 3.71937e-08 
2471 3.71267e-08 
2472 3.6999e-08 
2473 3.65672e-08 
2474 3.62306e-08 
2475 3.50088e-08 
2476 3.49511e-08 
2477 3.48612e-08 
2478 3.46049e-08 
2479 3.32609e-08 
2480 3.32257e-08 
2481 3.31783e-08 
2482 3.3094e-08 
2483 3.24417e-08 
2484 3.22989e-08 
2485 3.12785e-08 
2486 3.12644e-08 
2487 3.12499e-08 
2488 3.12347e-08 
2489 3.12184e-08 
2490 3.12003e-08 
2491 3.11755e-08 
2492 3.11414e-08 
2493 3.10867e-08 
2494 3.09186e-08 
2495 3.06211e-08 
2496 3.05689e-08 
2497 2.98396e-08 
2498 2.98313e-08 
2499 2.98226e-08 
2500 2.98129e-08 
2501 2.98015e-08 
2502 2.97883e-08 
2503 2.97718e-08 
2504 2.97478e-08 
2505 2.9701e-08 
2506 2.93568e-08 
2507 2.93337e-08 
2508 2.91879e-08 
2509 2.91726e-08 
2510 2.91493e-08 
2511 2.90914e-08 
2512 2.90777e-08 
2513 2.90785e-08 
2514 2.90786e-08 
2515 2.90795e-08 
2516 2.90805e-08 
2517 2.90817e-08 
2518 2.90835e-08 
2519 2.90859e-08 
2520 2.90892e-08 
2521 2.90938e-08 
2522 2.91013e-08 
2523 2.91266e-08 
2524 2.90799e-08 
2525 2.90489e-08 
2526 2.90736e-08 
2527 2.91198e-08 
2528 2.94448e-08 
2529 2.9416e-08 
2530 2.93828e-08 
2531 2.93356e-08 
2532 2.91946e-08 
2533 2.92528e-08 
2534 2.94357e-08 
2535 2.94828e-08 
2536 2.95062e-08 
2537 2.95661e-08 
2538 3.01209e-08 
2539 3.01209e-08 
2540 3.0127e-08 
2541 3.02006e-08 
2542 3.02354e-08 
2543 3.05345e-08 
2544 3.05485e-08 
2545 3.06001e-08 
2546 3.07952e-08 
2547 3.08227e-08 
2548 3.10697e-08 
2549 3.10817e-08 
2550 3.11043e-08 
2551 3.12e-08 
2552 3.12982e-08 
2553 3.13553e-08 
2554 3.23904e-08 
2555 3.2403e-08 
2556 3.24172e-08 
2557 3.2435e-08 
2558 3.24615e-08 
2559 3.2527e-08 
2560 3.34813e-08 
2561 3.34923e-08 
2562 3.35087e-08 
2563 3.35481e-08 
2564 3.62512e-08 
2565 3.63715e-08 
2566 3.66167e-08 
2567 3.66068e-08 
2568 3.66296e-08 
2569 3.68191e-08 
2570 3.68162e-08 
2571 3.68388e-08 
2572 3.74761e-08 
2573 3.74585e-08 
2574 3.74545e-08 
2575 3.74696e-08 
2576 3.81827e-08 
2577 3.82001e-08 
2578 3.82208e-08 
2579 3.8256e-08 
2580 3.8787e-08 
2581 3.87982e-08 
2582 3.88139e-08 
2583 3.8841e-08 
2584 3.89413e-08 
2585 3.90186e-08 
2586 3.90638e-08 
2587 3.94177e-08 
2588 3.94191e-08 
2589 3.9427e-08 
2590 3.94618e-08 
2591 3.98149e-08 
2592 3.98155e-08 
2593 3.98225e-08 
2594 3.9855e-08 
2595 4.02057e-08 
2596 4.02046e-08 
2597 4.02083e-08 
2598 4.02291e-08 
2599 4.20703e-08 
2600 4.20489e-08 
2601 4.20399e-08 
2602 4.20397e-08 
2603 4.20633e-08 
2604 4.21759e-08 
2605 4.21733e-08 
2606 4.26362e-08 
2607 4.26625e-08 
2608 4.26864e-08 
2609 4.27108e-08 
2610 4.27446e-08 
2611 4.29543e-08 
2612 4.29535e-08 
2613 4.29633e-08 
2614 4.37459e-08 
2615 4.37416e-08 
2616 4.37508e-08 
2617 4.38134e-08 
2618 4.38516e-08 
2619 4.42597e-08 
2620 4.43053e-08 
2621 4.43389e-08 
2622 4.43778e-08 
2623 4.49836e-08 
2624 4.49816e-08 
2625 4.49881e-08 
2626 4.52191e-08 
2627 4.52579e-08 
2628 4.5298e-08 
2629 4.55519e-08 
2630 4.55781e-08 
2631 4.55821e-08 
2632 4.56187e-08 
2633 4.56694e-08 
2634 4.56948e-08 
2635 4.57423e-08 
2636 4.57741e-08 
2637 4.58082e-08 
2638 4.73524e-08 
2639 4.73936e-08 
2640 4.7426e-08 
2641 4.74447e-08 
2642 4.74612e-08 
2643 4.80362e-08 
2644 4.81201e-08 
2645 4.77898e-08 
2646 4.79793e-08 
2647 4.79357e-08 
2648 4.79215e-08 
2649 4.79065e-08 
2650 4.78909e-08 
2651 4.78751e-08 
2652 4.78594e-08 
2653 4.78432e-08 
2654 4.78253e-08 
2655 4.78022e-08 
2656 4.77551e-08 
2657 4.74524e-08 
2658 4.74644e-08 
2659 4.74891e-08 
2660 4.75955e-08 
2661 4.76599e-08 
2662 4.79064e-08 
2663 4.79218e-08 
2664 4.79393e-08 
2665 4.80047e-08 
2666 4.8015e-08 
2667 4.91668e-08 
2668 4.9174e-08 
2669 4.92054e-08 
2670 4.9258e-08 
2671 4.92811e-08 
2672 4.93531e-08 
2673 4.93702e-08 
2674 4.95441e-08 
2675 4.95506e-08 
2676 4.97938e-08 
2677 4.98054e-08 
2678 4.98245e-08 
2679 5.88188e-08 
2680 5.88605e-08 
2681 5.88131e-08 
2682 5.87803e-08 
2683 5.87336e-08 
