Component 1 of 1:
-29.785058 -12.987756 5.658295
-29.682653 -13.804667 4.985706
-29.584004 -14.621837 4.312870
-29.486215 -15.438668 3.639498
-29.389246 -16.255128 2.965557
-29.293094 -17.071196 2.291024
-29.189278 -17.883575 1.615162
-28.841446 -18.601589 0.912910
-28.413709 -19.275900 0.211089
-27.986587 -19.949764 -0.491535
-27.560000 -20.623146 -1.194946
-27.133913 -21.296015 -1.899150
-26.700605 -21.963479 -2.603020
-26.123547 -22.537646 -3.285351
-25.411830 -22.998676 -3.926534
-24.700442 -23.459090 -4.568526
-23.989310 -23.918817 -5.211292
-23.278386 -24.377814 -5.854810
-22.565250 -24.833744 -6.497870
-21.798555 -25.235013 -7.113517
-20.879466 -25.434845 -7.609048
-19.960282 -25.633351 -8.104934
-19.041201 -25.830949 -8.601372
-18.122193 -26.027613 -9.098317
-17.203223 -26.223304 -9.595715
-16.282834 -26.415905 -10.091695
-15.265513 -26.362933 -10.391503
-14.242304 -26.281462 -10.668205
-13.219025 -26.197692 -10.944048
-12.195872 -26.112872 -11.220034
-11.172829 -26.026994 -11.496104
-10.149582 -25.939034 -11.770756
-9.122622 -25.702879 -11.893117
-8.114064 -25.370784 -11.910773
-7.109023 -25.024242 -11.913539
-6.104344 -24.676650 -11.916058
-5.100001 -24.328088 -11.918290
-4.096119 -23.978191 -11.919326
-3.117338 -23.572774 -11.844159
-2.225022 -23.057981 -11.605212
-1.359735 -22.510896 -11.318544
-0.495397 -21.962722 -11.031084
0.368326 -21.413867 -10.743081
1.231441 -20.864367 -10.454483
2.091779 -20.313009 -10.161196
2.821568 -19.701267 -9.713346
3.472496 -19.054931 -9.176131
4.115507 -18.406151 -8.632232
4.757702 -17.757094 -8.087697
5.399104 -17.107826 -7.542481
6.039399 -16.458510 -6.996023
6.625230 -15.804608 -6.399930
7.115055 -15.147600 -5.725831
7.554254 -14.490929 -5.014429
7.992284 -13.834296 -4.302271
8.429525 -13.177880 -3.589429
8.866010 -12.521727 -2.875881
9.301698 -11.865935 -2.161515
9.697085 -11.205601 -1.429575
10.043956 -10.539774 -0.676892
10.385183 -9.873887 0.078333
10.725806 -9.208507 0.834277
11.065882 -8.543678 1.590953
11.405432 -7.879430 2.348373
11.738771 -7.202640 3.097175
12.043863 -6.468062 3.799726
12.324916 -5.685728 4.462425
12.605793 -4.903960 5.125864
12.886470 -4.122827 5.790137
13.167001 -3.342348 6.455239
13.447481 -2.562978 7.121662
13.682262 -1.722109 7.719165
13.844311 -0.791069 8.203262
13.984026 0.162777 8.651440
14.124044 1.116180 9.100464
14.264323 2.069112 9.550408
14.404877 3.021505 10.001406
14.519659 3.990418 10.421759
14.503225 5.012792 10.671770
14.418625 6.060452 10.831312
14.335436 7.107991 10.992399
14.252849 8.155442 11.154362
14.170909 9.202813 11.317168
14.091088 10.249803 11.483417
13.861593 11.276066 11.472653
13.538176 12.280616 11.347116
13.206455 13.281329 11.210215
12.875552 14.282394 11.073912
12.545469 15.283809 10.938195
12.216704 16.285879 10.804127
11.796806 17.230358 10.568243
11.259276 18.063878 10.193094
10.705425 18.880325 9.797025
10.152525 19.697552 9.401238
9.600456 20.515424 9.005624
9.049255 21.334025 8.610305
8.473612 22.121880 8.188682
7.769108 22.668819 7.618209
7.053981 23.195185 7.033626
6.339661 23.722424 6.448842
5.626094 24.250366 5.863774
4.913291 24.778976 5.278376
4.201979 25.310521 4.693825
3.415288 25.555179 4.024608
2.619218 25.726343 3.341113
1.823819 25.897834 2.656907
1.029089 26.069844 1.972054
0.235042 26.242320 1.286526
-0.558274 26.415905 0.600433
-1.361324 26.391087 -0.095362
-2.148777 26.183703 -0.778820
-2.935593 25.976792 -1.463155
-3.721748 25.770069 -2.148306
-4.507227 25.563471 -2.834271
-5.291817 25.355492 -3.520783
-6.064136 25.072238 -4.193350
-6.752616 24.509525 -4.776065
-7.440375 23.946740 -5.359560
-8.127385 23.383817 -5.943804
-8.813630 22.820707 -6.528767
-9.499095 22.257362 -7.114418
-10.182385 21.690201 -7.698926
-10.722242 20.878559 -8.121071
-11.230845 20.030378 -8.510963
-11.737505 19.180692 -8.900239
-12.243254 18.330661 -9.289948
-12.748079 17.480257 -9.680039
-13.250672 16.627841 -10.068618
-13.643265 15.675859 -10.327370
-13.923847 14.660725 -10.460794
-14.191026 13.638738 -10.580641
-14.457118 12.616471 -10.700523
-14.722177 11.593936 -10.820410
-14.985536 10.570837 -10.939225
-15.208201 9.533857 -11.006792
-15.258799 8.488580 -10.867495
-15.268253 7.442114 -10.680350
-15.276195 6.395745 -10.492585
-15.283119 5.349426 -10.304505
-15.289048 4.303169 -10.116044
-15.290779 3.257971 -9.921753
-15.175522 2.270389 -9.568026
-14.983238 1.330068 -9.112566
-14.774347 0.402596 -8.636786
-14.564537 -0.524415 -8.160513
-14.353933 -1.450967 -7.683696
-14.142100 -2.376337 -7.205136
-13.905129 -3.270094 -6.682477
-13.609692 -4.074227 -6.060158
-13.281566 -4.825670 -5.383496
-12.952493 -5.575974 -4.706029
-12.622954 -6.325530 -4.027962
-12.292999 -7.074334 -3.349265
-11.962384 -7.821665 -2.669270
-11.613888 -8.535688 -1.964191
-11.242401 -9.205980 -1.227584
-10.863918 -9.861946 -0.481484
-10.485263 -10.517063 0.265275
-10.106549 -11.171365 1.012717
-9.727805 -11.824863 1.760848
-9.346753 -12.477701 2.508379
-8.910189 -13.131285 3.221351
-8.418479 -13.785625 3.899780
-7.927171 -14.439323 4.579120
-7.436100 -15.092361 5.259264
-6.945316 -15.744770 5.940220
-6.454804 -16.396485 6.622034
-5.910090 -17.044728 7.261140
-5.256137 -17.680264 7.802727
-4.554541 -18.307374 8.297401
-3.853650 -18.934347 8.793247
-3.153191 -19.561059 9.290032
-2.453152 -20.187514 9.787732
-1.745231 -20.810396 10.278612
-0.916290 -21.360000 10.615202
-0.009778 -21.862552 10.851584
0.895570 -22.366219 11.090061
1.800544 -22.870095 11.329515
2.705120 -23.374228 11.569924
3.608572 -23.879158 11.812873
4.577688 -24.282405 11.919326
5.594188 -24.589976 11.901222
6.615896 -24.881210 11.862472
7.637414 -25.173224 11.824596
8.658765 -25.465924 11.787520
9.679931 -25.759437 11.751800
10.712846 -25.970436 11.633136
11.737116 -26.027117 11.367629
12.758550 -26.055199 11.074219
13.780129 -26.084496 10.781430
14.801811 -26.114749 10.489102
15.823571 -26.145717 10.197120
16.838448 -26.145863 9.881031
17.756591 -25.924965 9.403616
18.663746 -25.679456 8.906626
19.571313 -25.435185 8.409775
20.479164 -25.191943 7.912939
21.387273 -24.949736 7.416069
22.296347 -24.709247 6.920130
23.032108 -24.251762 6.307799
23.728144 -23.755278 5.675954
24.424221 -23.259539 5.043557
25.120581 -22.764738 4.410737
25.817183 -22.270868 3.777455
26.513603 -21.777473 3.143738
27.038201 -21.146992 2.467772
27.448179 -20.447419 1.780224
27.858435 -19.748772 1.091902
28.268782 -19.050898 0.402848
28.679136 -18.353768 -0.286952
29.084600 -17.654815 -0.977395
29.368479 -16.895878 -1.663918
29.446775 -16.064100 -2.321354
29.525163 -15.233054 -2.979702
29.603324 -14.402642 -3.638878
29.681179 -13.572846 -4.298867
29.756677 -12.743102 -4.959145
29.785058 -11.902747 -5.606912
29.520357 -11.026156 -6.147031
29.254944 -10.150172 -6.687784
28.988987 -9.274783 -7.229234
28.722439 -8.399985 -7.771347
28.455168 -7.525767 -8.314040
28.182803 -6.651994 -8.854914
27.651550 -5.812470 -9.233178
27.072376 -4.989143 -9.574935
26.491282 -4.166898 -9.916182
25.909436 -3.345327 -10.257772
25.326812 -2.524428 -10.599648
24.740754 -1.704993 -10.939161
24.021038 -0.951036 -11.141864
23.210880 -0.270043 -11.228738
22.390725 0.402236 -11.303528
21.569856 1.073649 -11.378265
20.748311 1.744244 -11.452910
19.925218 2.413146 -11.525662
19.064891 3.036549 -11.527185
18.141293 3.518212 -11.345356
17.203343 3.965759 -11.121399
16.264902 4.411969 -10.896831
15.326113 4.857249 -10.671872
14.387003 5.301620 -10.446454
13.447167 5.740277 -10.213075
12.520523 6.030160 -9.805232
11.603978 6.242319 -9.310423
10.689881 6.444768 -8.806789
9.775871 6.646284 -8.302622
8.861996 6.846924 -7.797863
7.949035 7.045635 -7.290696
7.065742 7.194651 -6.721926
6.237439 7.264004 -6.062837
5.437115 7.295581 -5.363774
4.637367 7.326092 -4.664004
3.838140 7.355914 -3.963608
3.039463 7.385097 -3.262559
2.242001 7.413270 -2.560090
1.471992 7.417927 -1.828382
0.730566 7.398091 -1.066766
-0.006529 7.374684 -0.301031
-0.742905 7.350869 0.465382
-1.478547 7.326718 1.232489
-2.213517 7.302205 2.000230
-2.954585 7.271953 2.761801
-3.731457 7.211179 3.483215
-4.536602 7.126150 4.172213
-5.340964 7.041269 4.862142
-6.144631 6.956395 5.552882
-6.947609 6.871587 6.244432
-7.749713 6.786842 6.937001
-8.590031 6.644596 7.566149
-9.484746 6.412308 8.088092
-10.394213 6.151144 8.572725
-11.303265 5.890547 9.058441
-12.211929 5.630318 9.545080
-13.120188 5.370370 10.032623
-14.033829 5.084068 10.493540
-14.951364 4.655767 10.781027
-15.869498 4.159234 10.982731
-16.787995 3.664101 11.186234
-17.706579 3.169507 11.390653
-18.625276 2.675493 11.595960
-19.544144 2.183016 11.804170
-20.389344 1.556534 11.827098
-21.186031 0.858139 11.742369
-21.977647 0.154789 11.648293
-22.769868 -0.547972 11.554927
-23.562683 -1.250154 11.462231
-24.356231 -1.951693 11.370963
-25.051689 -2.723088 11.159886
-25.618369 -3.553013 10.818381
-26.169990 -4.388740 10.461336
-26.722626 -5.223953 10.104658
-27.276170 -6.058684 9.748261
-27.830011 -6.893201 9.391822
-28.315698 -7.746234 8.984732
-28.567856 -8.619509 8.437444
-28.808460 -9.493379 7.881866
-29.050120 -10.366886 7.326175
-29.292759 -11.240008 6.770306
-29.536357 -12.112720 6.214213
