Component 1 of 1:
-30.403745 -13.202745 5.941768
-30.457551 -14.097561 5.269822
-30.454210 -14.979918 4.579506
-30.393732 -15.847371 3.873129
-30.276309 -16.697538 3.153038
-30.102307 -17.528099 2.421608
-29.872255 -18.336808 1.681227
-29.586837 -19.121495 0.934301
-29.246885 -19.880066 0.183237
-28.853363 -20.610506 -0.569552
-28.407367 -21.310876 -1.321655
-27.910115 -21.979318 -2.070663
-27.362942 -22.614050 -2.814170
-26.767304 -23.213370 -3.549774
-26.124771 -23.775658 -4.275077
-25.437034 -24.299378 -4.987690
-24.705909 -24.783087 -5.685228
-23.933336 -25.225438 -6.365326
-23.121386 -25.625195 -7.025633
-22.272264 -25.981239 -7.663831
-21.388310 -26.292585 -8.277637
-20.471998 -26.558386 -8.864822
-19.525932 -26.777954 -9.423221
-18.552839 -26.950761 -9.950748
-17.555562 -27.076454 -10.445410
-16.537046 -27.154854 -10.905324
-15.500320 -27.185961 -11.328724
-14.448487 -27.169949 -11.713975
-13.384703 -27.107160 -12.059575
-12.312163 -26.998093 -12.364156
-11.234085 -26.843390 -12.626481
-10.153706 -26.643823 -12.845436
-9.074267 -26.400280 -13.020017
-7.999021 -26.113756 -13.149316
-6.931226 -25.785344 -13.232503
-5.874158 -25.416238 -13.268814
-4.831109 -25.007747 -13.257536
-3.805396 -24.561310 -13.198005
-2.800356 -24.078530 -13.089609
-1.819335 -23.561212 -12.931799
-0.865661 -23.011402 -12.724118
0.057402 -22.431437 -12.466233
0.946710 -21.823972 -12.157984
1.799327 -21.192011 -11.799438
2.612623 -20.538902 -11.390941
3.384385 -19.868319 -10.933171
4.112935 -19.184202 -10.427186
4.797246 -18.490666 -9.874448
5.437033 -17.791886 -9.276837
6.032823 -17.091952 -8.636645
6.585991 -16.394705 -7.956550
7.098740 -15.703577 -7.239566
7.574051 -15.021434 -6.488997
8.015575 -14.350438 -5.708373
8.427490 -13.691938 -4.901389
8.814334 -13.046400 -4.071859
9.180810 -12.413367 -3.223667
9.531593 -11.791471 -2.360739
9.871134 -11.178463 -1.487028
10.203481 -10.571298 -0.606499
10.532120 -9.966235 0.276865
10.859847 -9.358970 1.159061
11.188663 -8.744789 2.036059
11.519708 -8.118746 2.903793
11.853230 -7.475846 3.758166
12.188584 -6.811241 4.595055
12.524271 -6.120426 5.410331
12.858014 -5.399426 6.199890
13.186857 -4.644957 6.959704
13.507302 -3.854564 7.685874
13.815460 -3.026714 8.374701
14.107221 -2.160841 9.022755
14.378418 -1.257351 9.626940
14.624991 -0.317566 10.184553
14.843125 0.656364 10.693321
15.029371 1.661579 11.151425
15.180722 2.694650 11.557494
15.294667 3.751722 11.910586
15.369204 4.828654 12.210152
15.402829 5.921143 12.455986
15.394503 7.024821 12.648170
15.343598 8.135339 12.787022
15.249846 9.248416 12.873050
15.113271 10.359875 12.906904
14.934143 11.465658 12.889353
14.712923 12.561825 12.821261
14.450228 13.644557 12.703577
14.146800 14.710141 12.537330
13.803488 15.754966 12.323637
13.421234 16.775511 12.063705
13.001074 17.768351 11.758844
12.544133 18.730150 11.410470
12.051632 19.657670 11.020119
11.524889 20.547784 10.589451
10.965326 21.397481 10.120249
10.374473 22.203886 9.614427
9.753963 22.964273 9.074018
9.105539 23.676081 8.501179
8.431042 24.336926 7.898175
7.732409 24.944615 7.267376
7.011665 25.497156 6.611240
6.270911 25.992765 5.932309
5.512316 26.429870 5.233190
4.738102 26.807115 4.516547
3.950536 27.123353 3.785086
3.151920 27.377649 3.041547
2.344581 27.569271 2.288693
1.530861 27.697688 1.529300
0.713115 27.762560 0.766155
-0.106299 27.763733 0.002041
-0.925021 27.701240 -0.760257
-1.740697 27.575295 -1.517966
-2.550978 27.386291 -2.268323
-3.353527 27.134807 -3.008583
-4.146024 26.821608 -3.736022
-4.926173 26.447649 -4.447947
-5.691707 26.014085 -5.141699
-6.440399 25.522267 -5.814669
-7.170070 24.973755 -6.464304
-7.878603 24.370311 -7.088120
-8.563949 23.713904 -7.683716
-9.224142 23.006698 -8.248787
-9.857307 22.251050 -8.781135
-10.461666 21.449494 -9.278676
-11.035545 20.604727 -9.739453
-11.577373 19.719595 -10.161638
-12.085685 18.797074 -10.543529
-12.559115 17.840252 -10.883553
-12.996394 16.852321 -11.180253
-13.396341 15.836562 -11.432281
-13.757860 14.796341 -11.638384
-14.079939 13.735111 -11.797391
-14.361653 12.656419 -11.908203
-14.602177 11.563913 -11.969783
-14.800809 10.461361 -11.981157
-14.957001 9.352658 -11.941422
-15.070405 8.241834 -11.849764
-15.140927 7.133054 -11.705488
-15.168789 6.030595 -11.508061
-15.154595 4.938805 -11.257161
-15.099388 3.862041 -10.952739
-15.004707 2.804577 -10.595077
-14.872611 1.770483 -10.184841
-14.705687 0.763497 -9.723133
-14.507025 -0.213130 -9.211516
-14.280151 -1.156779 -8.652023
-14.028933 -2.065595 -8.047149
-13.757453 -2.938598 -7.399814
-13.469849 -3.775751 -6.713311
-13.170154 -4.577984 -5.991245
-12.862118 -5.347170 -5.237459
-12.549049 -6.086051 -4.455972
-12.233664 -6.798121 -3.650907
-11.917962 -7.487472 -2.826449
-11.603135 -8.158622 -1.986797
-11.289504 -8.816325 -1.136142
-10.976498 -9.465375 -0.278649
-10.662666 -10.110420 0.581552
-10.345721 -10.755783 1.440367
-10.022627 -11.405300 2.293742
-9.689712 -12.062180 3.137655
-9.342813 -12.728883 3.968131
-8.977443 -13.407039 4.781241
-8.588984 -14.097384 5.573128
-8.172873 -14.799741 6.340026
-7.724801 -15.513039 7.078306
-7.240891 -16.235369 7.784511
-6.717850 -16.964072 8.455414
-6.153093 -17.695873 9.088064
-5.544821 -18.427018 9.679837
-4.892053 -19.153443 10.228471
-4.194622 -19.870929 10.732091
-3.453128 -20.575255 11.189218
-2.668856 -21.262326 11.598762
-1.843682 -21.928277 11.959994
-0.979961 -22.569541 12.272516
-0.080418 -23.182894 12.536213
0.851953 -23.765460 12.751207
1.813982 -24.314708 12.917809
2.802390 -24.828421 13.036481
3.813850 -25.304658 13.107795
4.845022 -25.741717 13.132414
5.892579 -26.138097 13.111069
6.953219 -26.492462 13.044550
8.023666 -26.803615 12.933708
9.100678 -27.070486 12.779453
10.181033 -27.292116 12.582763
11.261537 -27.467661 12.344691
12.339014 -27.596394 12.066375
13.410315 -27.677715 11.749045
14.472316 -27.711157 11.394027
15.521932 -27.696402 11.002747
16.556121 -27.633286 10.576735
17.571901 -27.521810 10.117618
18.566357 -27.362143 9.627118
19.536662 -27.154623 9.107045
20.480082 -26.899758 8.559288
21.393990 -26.598221 7.985803
22.275876 -26.250839 7.388606
23.123351 -25.858592 6.769760
23.934155 -25.422597 6.131365
24.706159 -24.944101 5.475549
25.437361 -24.424465 4.804455
26.125891 -23.865161 4.120241
26.770003 -23.267756 3.425064
27.368076 -22.633905 2.721085
27.918607 -21.965346 2.010460
28.420206 -21.263888 1.295338
28.871597 -20.531413 0.577863
29.271613 -19.769867 -0.139826
29.619196 -18.981259 -0.855598
29.913396 -18.167663 -1.567323
30.153376 -17.331211 -2.272874
30.338414 -16.474099 -2.970129
30.467912 -15.598580 -3.656964
30.541402 -14.706969 -4.331260
30.558552 -13.801637 -4.990901
30.519184 -12.885012 -5.633780
30.423274 -11.959572 -6.257805
30.270972 -11.027841 -6.860900
30.062603 -10.092381 -7.441021
29.798683 -9.155787 -7.996157
29.479916 -8.220671 -8.524345
29.107205 -7.289658 -9.023679
28.681646 -6.365372 -9.492319
28.204527 -5.450425 -9.928498
27.677320 -4.547409 -10.330531
27.101670 -3.658888 -10.696821
26.479388 -2.787392 -11.025854
25.812430 -1.935417 -11.316202
25.102892 -1.105425 -11.566519
24.353000 -0.299845 -11.775527
23.565102 0.478920 -11.942012
22.741676 1.228492 -12.064811
21.885332 1.946514 -12.142806
20.998836 2.630657 -12.174914
20.085131 3.278637 -12.160095
19.147366 3.888235 -12.097357
18.188925 4.457344 -11.985778
17.213452 4.984022 -11.824533
16.224862 5.466569 -11.612943
15.227342 5.903611 -11.350518
14.225312 6.294201 -11.037020
13.223370 6.637918 -10.672521
12.226197 6.934957 -10.257457
11.238430 7.186212 -9.792676
10.264510 7.393323 -9.279467
9.308510 7.558691 -8.719574
8.373967 7.685447 -8.115190
7.463711 7.777381 -7.468927
6.579730 7.838819 -6.783776
5.723065 7.874471 -6.063052
4.893755 7.889246 -5.310339
4.090825 7.888043 -4.529431
3.312323 7.875553 -3.724279
2.555405 7.856054 -2.898953
1.816443 7.833235 -2.057604
1.091176 7.810039 -1.204438
0.374861 7.788542 -0.343700
-0.337550 7.769876 0.520336
-1.051233 7.754183 1.383383
-1.771311 7.740612 2.241142
-2.502673 7.727364 3.089312
-3.249797 7.711764 3.923601
-4.016580 7.690381 4.739742
-4.806191 7.659172 5.533511
-5.620938 7.613657 6.300767
-6.462172 7.549108 7.037492
-7.330238 7.460753 7.739849
-8.224465 7.343971 8.404245
-9.143206 7.194477 9.027392
-10.083936 7.008480 9.606379
-11.043376 6.782802 10.138714
-12.017654 6.514967 10.622369
-13.002478 6.203233 11.055788
-13.993309 5.846592 11.437882
-14.985519 5.444729 11.768004
-15.974529 4.997956 12.045900
-16.955907 4.507123 12.271656
-17.925445 3.973531 12.445639
-18.879196 3.398830 12.568429
-19.813491 2.784936 12.640773
-20.724927 2.133953 12.663535
-21.610349 1.448116 12.637659
-22.466825 0.729738 12.564152
-23.291609 -0.018817 12.444063
-24.082120 -0.795158 12.278486
-24.835917 -1.596878 12.068554
-25.550680 -2.421557 11.815453
-26.224206 -3.266760 11.520423
-26.854399 -4.130039 11.184773
-27.439278 -5.008924 10.809886
-27.976979 -5.900921 10.397228
-28.465768 -6.803512 9.948354
-28.904046 -7.714156 9.464909
-29.290368 -8.630288 8.948631
-29.623445 -9.549327 8.401349
-29.902164 -10.468679 7.824981
-30.125588 -11.385753 7.221530
-30.292968 -12.297964 6.593075
