Component 1 of 1:
-30.020811 -12.897435 5.275492
-30.080554 -13.748626 4.580780
-30.076630 -14.588154 3.869542
-30.013441 -15.414578 3.145917
-29.896150 -16.227247 2.413564
-29.728403 -17.025508 1.675232
-29.511085 -17.807951 0.932885
-29.242584 -18.572107 0.188195
-28.920164 -19.314721 -0.556954
-28.541647 -20.032381 -1.300217
-28.106593 -20.722194 -2.038917
-27.616581 -21.382207 -2.770393
-27.074623 -22.011411 -3.492293
-26.484093 -22.609299 -4.202594
-25.847662 -23.175177 -4.899331
-25.166748 -23.707543 -5.580246
-24.441765 -24.203904 -6.242620
-23.673100 -24.661244 -6.883482
-22.862211 -25.076998 -7.500147
-22.012147 -25.450001 -8.090771
-21.127075 -25.780702 -8.654453
-20.211139 -26.070310 -9.190663
-19.267417 -26.319285 -9.698240
-18.297674 -26.526173 -10.174647
-17.303087 -26.687647 -10.616041
-16.285422 -26.799879 -11.018245
-15.247800 -26.860433 -11.378099
-14.194511 -26.869482 -11.694401
-13.130172 -26.829596 -11.967875
-12.058927 -26.744326 -12.200215
-10.984207 -26.616582 -12.392825
-9.908959 -26.447748 -12.545878
-8.836057 -26.237817 -12.657948
-7.768635 -25.986086 -12.726171
-6.710323 -25.691811 -12.746867
-5.665340 -25.354574 -12.716725
-4.638227 -24.974604 -12.634468
-3.632993 -24.553280 -12.502308
-2.651963 -24.093681 -12.325930
-1.695299 -23.600615 -12.112127
-0.762179 -23.079656 -11.864646
0.146573 -22.535319 -11.580644
1.025862 -21.969310 -11.250789
1.865813 -21.380231 -10.864421
2.655102 -20.765091 -10.417527
3.387594 -20.121660 -9.918029
4.067963 -19.450627 -9.383603
4.710612 -18.757408 -8.832219
5.330947 -18.052796 -8.270711
5.934470 -17.350734 -7.688640
6.510870 -16.663513 -7.063288
7.037570 -15.996841 -6.375326
7.493198 -15.346033 -5.624883
7.874461 -14.694916 -4.835099
8.203751 -14.022146 -4.040856
8.519949 -13.315806 -3.271374
8.858546 -12.585644 -2.534723
9.234364 -11.860804 -1.811134
9.635775 -11.174834 -1.063710
10.032518 -10.547853 -0.263732
10.394514 -9.972350 0.589587
10.711454 -9.410753 1.469708
10.998779 -8.813071 2.336488
11.286660 -8.146402 3.151753
11.602731 -7.412349 3.895884
11.959787 -6.638959 4.579161
12.351671 -5.858293 5.234586
12.756559 -5.087651 5.894377
13.146691 -4.321892 6.569334
13.500306 -3.538049 7.244673
13.808837 -2.710466 7.890413
14.076605 -1.826446 8.477945
14.315288 -0.890633 8.994222
14.536321 0.082582 9.445675
14.744331 1.079425 9.849914
14.934680 2.092438 10.222351
15.096226 3.120537 10.567358
15.217167 4.165488 10.878232
15.290273 5.227765 11.143652
15.314776 6.304687 11.355177
15.294482 7.391470 11.511082
15.233903 8.483231 11.615136
15.135057 9.575934 11.672481
14.996635 10.666054 11.686053
14.815426 11.749846 11.655638
14.588587 12.823028 11.579357
14.315247 13.881137 11.455903
13.996719 14.920208 11.285895
13.635643 15.937176 11.071773
13.234815 16.929706 10.816702
12.796320 17.895585 10.523386
12.321202 18.832075 10.193401
11.809602 19.735524 9.827202
11.261267 20.601404 9.424658
10.676277 21.424828 8.985807
10.055720 22.201440 8.511544
9.401955 22.928292 8.003938
8.718269 23.604173 7.466040
8.008096 24.229020 6.901271
7.274265 24.802611 6.312719
6.518725 25.323328 5.702714
5.742913 25.787818 5.072912
4.948455 26.191848 4.424795
4.137697 26.531840 3.760216
3.313694 26.806128 3.081657
2.479761 27.015143 2.392060
1.638987 27.160522 1.694471
0.794073 27.243824 0.991739
-0.052506 27.265717 0.286429
-0.898259 27.225978 -0.419087
-1.740561 27.124002 -1.122470
-2.576704 26.959289 -1.821276
-3.403970 26.731585 -2.512897
-4.219617 26.440837 -3.194575
-5.020827 26.087309 -3.863525
-5.804763 25.671943 -4.517136
-6.568799 25.196698 -5.153161
-7.310752 24.664449 -5.769740
-8.028884 24.078352 -6.365164
-8.721573 23.441003 -6.937464
-9.386845 22.753988 -7.484076
-10.022130 22.018131 -8.001848
-10.624451 21.234333 -8.487442
-11.191000 20.404459 -8.937971
-11.719789 19.531752 -9.351566
-12.210014 18.620602 -9.727568
-12.661939 17.675866 -10.066225
-13.076357 16.702099 -10.367956
-13.453807 15.703022 -10.632430
-13.793812 14.681388 -10.857862
-14.094445 13.639349 -11.040973
-14.352578 12.579186 -11.177905
-14.565011 11.504030 -11.265899
-14.730204 10.418013 -11.304816
-14.849668 9.325663 -11.297273
-14.927864 8.231053 -11.246667
-14.970108 7.137534 -11.153886
-14.979335 6.048414 -11.014936
-14.953712 4.968098 -10.821894
-14.887099 3.902581 -10.567767
-14.772837 2.857996 -10.252721
-14.609053 1.837322 -9.886994
-14.402247 0.838099 -9.487075
-14.166569 -0.145440 -9.066174
-13.918427 -1.116253 -8.624391
-13.668805 -2.068680 -8.145544
-13.417606 -2.986987 -7.605176
-13.153625 -3.850726 -6.987049
-12.860257 -4.647308 -6.297070
-12.524265 -5.385044 -5.563584
-12.144610 -6.093823 -4.823852
-11.737748 -6.808849 -4.105614
-11.334460 -7.549413 -3.412097
-10.967193 -8.308208 -2.718408
-10.654998 -9.055489 -1.986247
-10.394167 -9.755516 -1.190135
-10.158038 -10.390348 -0.334215
-9.907391 -10.976317 0.551657
-9.609494 -11.556562 1.426697
-9.255821 -12.173961 2.254526
-8.865041 -12.847977 3.019176
-8.468062 -13.570539 3.734626
-8.086862 -14.316054 4.435013
-7.721133 -15.055557 5.150259
-7.348193 -15.770240 5.887332
-6.934964 -16.458644 6.628748
-6.455734 -17.132453 7.344285
-5.904614 -17.805706 8.007418
-5.294344 -18.486760 8.608386
-4.644035 -19.175921 9.156160
-3.966246 -19.866413 9.668313
-3.261414 -20.547179 10.157263
-2.520864 -21.206895 10.622759
-1.734845 -21.837496 11.053923
-0.899784 -22.435739 11.437443
-0.020090 -23.002648 11.765698
0.895473 -23.541307 12.039746
1.838831 -24.053883 12.266275
2.805400 -24.539484 12.451806
3.793743 -24.994131 12.598566
4.803422 -25.412545 12.704162
5.832951 -25.790316 12.764206
6.879160 -26.125072 12.775414
7.937892 -26.416233 12.737139
9.005001 -26.663928 12.650960
10.076821 -26.868074 12.519292
11.150052 -27.028195 12.344258
12.221481 -27.143751 12.127327
13.287858 -27.214393 11.869496
14.345891 -27.239802 11.571522
15.392202 -27.219349 11.234021
16.423252 -27.152080 10.857580
17.435397 -27.037246 10.443044
18.425199 -26.875014 9.991864
19.389789 -26.666726 9.506212
20.326943 -26.414392 8.988708
21.234662 -26.119735 8.441875
22.110546 -25.783497 7.867731
22.951472 -25.405537 7.267786
23.753905 -24.985668 6.643438
24.514723 -24.524604 5.996448
25.231974 -24.024336 5.329149
25.905003 -23.487720 4.644282
26.533803 -22.917606 3.944631
27.117997 -22.316093 3.232721
27.656091 -21.684316 2.510751
28.145445 -21.022818 1.780747
28.582955 -20.332202 1.044806
28.966091 -19.613707 0.305246
29.293783 -18.869430 -0.435440
29.566713 -18.102126 -1.174796
29.786813 -17.314739 -1.910604
29.956115 -16.509877 -2.640903
30.075434 -15.689490 -3.363769
30.143574 -14.854882 -4.076959
30.157564 -14.007084 -4.777652
30.113938 -13.147385 -5.462495
30.010455 -12.277685 -6.128034
29.847297 -11.400451 -6.771343
29.627056 -10.518328 -7.390450
29.353522 -9.633759 -7.984233
29.030009 -8.748873 -8.551780
28.658181 -7.865650 -9.091613
28.237954 -6.986199 -9.601237
27.768366 -6.112931 -10.077287
27.248831 -5.248563 -10.516207
26.680092 -4.395910 -10.915126
26.064478 -3.557579 -11.272487
25.405496 -2.735694 -11.588019
24.707009 -1.931828 -11.861953
23.972347 -1.147305 -12.093764
23.203723 -0.383842 -12.281150
22.402259 0.355730 -12.420050
21.568764 1.067254 -12.506126
20.704890 1.746102 -12.537166
19.813950 2.389043 -12.514922
18.900827 2.996001 -12.444691
17.971099 3.570048 -12.332087
17.029956 4.114870 -12.178547
16.081456 4.630808 -11.978615
15.128577 5.112024 -11.721752
14.173948 5.547332 -11.398768
13.220164 5.925554 -11.009302
12.268860 6.243084 -10.564745
11.320123 6.508502 -10.083350
10.374576 6.739885 -9.579703
9.437233 6.955305 -9.054816
8.519348 7.161802 -8.493595
7.636182 7.349535 -7.873378
6.800937 7.495576 -7.180209
6.015861 7.576883 -6.421600
5.265618 7.585765 -5.625323
4.521836 7.538279 -4.825236
3.760374 7.470037 -4.044126
2.978948 7.421106 -3.281843
2.200935 7.417522 -2.514586
1.463295 7.459210 -1.709442
0.795089 7.520953 -0.847048
0.195890 7.566234 0.065413
-0.371486 7.566712 0.999003
-0.963435 7.516819 1.916071
-1.623443 7.436127 2.783474
-2.360421 7.358397 3.586948
-3.151449 7.312904 4.339847
-3.960946 7.308350 5.074267
-4.761406 7.327888 5.818589
-5.546917 7.337144 6.579481
-6.333642 7.300424 7.339189
-7.146376 7.196413 8.065560
-8.001737 7.025361 8.728342
-8.901043 6.804476 9.314244
-9.834485 6.555083 9.831529
-10.788858 6.289990 10.300885
-11.752962 6.008080 10.740188
-12.719905 5.697518 11.154148
-13.686686 5.344178 11.533948
-14.651982 4.939799 11.864675
-15.614258 4.485252 12.134596
-16.571415 3.987852 12.340538
-17.521008 3.455700 12.486999
-18.459939 2.893280 12.581021
-19.383964 2.300641 12.627123
-20.287829 1.675624 12.625466
-21.166193 1.016979 12.573518
-22.014864 0.326148 12.469190
-22.831516 -0.393088 12.312992
-23.615343 -1.136330 12.108018
-24.365779 -1.900169 11.858256
-25.081141 -2.682741 11.566670
-25.758052 -3.483198 11.234312
-26.391952 -4.300697 10.860839
-26.978383 -5.133596 10.445904
-27.514419 -5.979278 9.990501
-27.999520 -6.834598 9.497492
-28.435293 -7.696565 8.971104
-28.824145 -8.562806 8.415752
-29.167363 -9.431594 7.834826
-29.463570 -10.301481 7.230053
-29.708439 -11.170771 6.601769
-29.895965 -12.037098 5.949960
