Component 1 of 1:
-30.400820 -12.973468 5.382144
-30.463976 -13.838562 4.673146
-30.469802 -14.693585 3.949295
-30.418179 -15.536411 3.213060
-30.309168 -16.364934 2.466917
-30.142995 -17.177078 1.713341
-29.920054 -17.970794 0.954800
-29.640898 -18.744065 0.193751
-29.306227 -19.494909 -0.567369
-28.916890 -20.221378 -1.326143
-28.473870 -20.921558 -2.080172
-27.978288 -21.593573 -2.827083
-27.431395 -22.235582 -3.564522
-26.834575 -22.845786 -4.290155
-26.189346 -23.422431 -5.001667
-25.497365 -23.963813 -5.696763
-24.760431 -24.468288 -6.373170
-23.980493 -24.934284 -7.028640
-23.159657 -25.360315 -7.660956
-22.300187 -25.744992 -8.267943
-21.404510 -26.087048 -8.847478
-20.475216 -26.385346 -9.397505
-19.515049 -26.638901 -9.916048
-18.526903 -26.846895 -10.401231
-17.513809 -27.008687 -10.851293
-16.478913 -27.123822 -11.264599
-15.425462 -27.192036 -11.639659
-14.356778 -27.213249 -11.975127
-13.276237 -27.187565 -12.269813
-12.187251 -27.115253 -12.522671
-11.093244 -26.996737 -12.732797
-9.997649 -26.832572 -12.899413
-8.903894 -26.623432 -13.021846
-7.815404 -26.370093 -13.099513
-6.735609 -26.073429 -13.131892
-5.667952 -25.734408 -13.118513
-4.615894 -25.354111 -13.058936
-3.582929 -24.933750 -12.952754
-2.572575 -24.474710 -12.799595
-1.588367 -23.978588 -12.599138
-0.633818 -23.447253 -12.351151
0.287631 -22.882887 -12.055525
1.172690 -22.288036 -11.712329
2.018321 -21.665629 -11.321864
2.821864 -21.018985 -10.884716
3.581161 -20.351780 -10.401800
4.294700 -19.667980 -9.874400
4.961737 -18.971744 -9.304178
5.582391 -18.267288 -8.693174
6.157707 -17.558731 -8.043785
6.689673 -16.849924 -7.358724
7.181175 -16.144287 -6.640980
7.635908 -15.444653 -5.893759
8.058240 -14.753139 -5.120445
8.453028 -14.071055 -4.324557
8.825419 -13.398840 -3.509722
9.180632 -12.736043 -2.679656
9.523740 -12.081342 -1.838161
9.859460 -11.432588 -0.989117
10.191968 -10.786894 -0.136485
10.524738 -10.140737 0.715699
10.860412 -9.490098 1.563328
11.200706 -8.830610 2.402240
11.546359 -8.157731 3.228242
11.897116 -7.466931 4.037139
12.251754 -6.753872 4.824769
12.608145 -6.014601 5.587056
12.963359 -5.245711 6.320060
13.313796 -4.444499 7.020030
13.655341 -3.609069 7.683475
13.983548 -2.738415 8.307210
14.293812 -1.832443 8.888418
14.581559 -0.891957 9.424687
14.842400 0.081404 9.914042
15.072278 1.085263 10.354949
15.267574 2.116623 10.746315
15.425177 3.172002 11.087454
15.542522 4.247569 11.378055
15.617592 5.339271 11.618126
15.648897 6.442942 11.807943
15.635422 7.554391 11.947990
15.576573 8.669467 12.038911
15.472112 9.784103 12.081467
15.322093 10.894335 12.076498
15.126807 11.996314 12.024904
14.886734 13.086300 11.927627
14.602503 14.160652 11.785652
14.274875 15.215820 11.600001
13.904717 16.248333 11.371750
13.493006 17.254789 11.102032
13.040822 18.231857 10.792052
12.549358 19.176277 10.443101
12.019924 20.084863 10.056562
11.453956 20.954523 9.633921
10.853023 21.782266 9.176775
10.218829 22.565227 8.686833
9.553218 23.300678 8.165916
8.858168 23.986054 7.615959
8.135788 24.618967 7.038998
7.388309 25.197224 6.437171
6.618071 25.718838 5.812706
5.827512 26.182044 5.167907
5.019151 26.585297 4.505146
4.195575 26.927281 3.826852
3.359423 27.206909 3.135497
2.513371 27.423315 2.433584
1.660124 27.575854 1.723643
0.802398 27.664093 1.008216
-0.057083 27.687807 0.289855
-0.915602 27.646970 -0.428888
-1.770449 27.541754 -1.145462
-2.618933 27.372525 -1.857323
-3.458386 27.139843 -2.561941
-4.286172 26.844465 -3.256799
-5.099695 26.487344 -3.939403
-5.896408 26.069637 -4.607287
-6.673825 25.592707 -5.258023
-7.429533 25.058126 -5.889228
-8.161207 24.467673 -6.498576
-8.866621 23.823335 -7.083810
-9.543664 23.127297 -7.642752
-10.190350 22.381936 -8.173314
-10.804832 21.589804 -8.673506
-11.385402 20.753613 -9.141445
-11.930498 19.876216 -9.575355
-12.438702 18.960587 -9.973568
-12.908736 18.009803 -10.334519
-13.339450 17.027024 -10.656741
-13.729816 16.015484 -10.938849
-14.078919 14.978483 -11.179530
-14.385942 13.919382 -11.377526
-14.650171 12.841612 -11.531619
-14.870996 11.748684 -11.640625
-15.047927 10.644200 -11.703383
-15.180619 9.531872 -11.718758
-15.268914 8.415531 -11.685654
-15.312890 7.299136 -11.603036
-15.312926 6.186761 -11.469965
-15.269765 5.082571 -11.285644
-15.184584 3.990773 -11.049474
-15.059054 2.915541 -10.761114
-14.895379 1.860916 -10.420547
-14.696318 0.830688 -10.028137
-14.465170 -0.171740 -9.584681
-14.205726 -1.143494 -9.091439
-13.922177 -2.082365 -8.550159
-13.618994 -2.986918 -7.963067
-13.300768 -3.856586 -7.332847
-12.972038 -4.691705 -6.662600
-12.637105 -5.493525 -5.955792
-12.299838 -6.264155 -5.216192
-11.963509 -7.006478 -4.447799
-11.630634 -7.724025 -3.654783
-11.302856 -8.420818 -2.841418
-10.980858 -9.101200 -2.012025
-10.664317 -9.769650 -1.170922
-10.351902 -10.430601 -0.322394
-10.041313 -11.088267 0.529346
-9.729357 -11.746476 1.380164
-9.412067 -12.408525 2.226017
-9.084852 -13.077054 3.062950
-8.742680 -13.753942 3.887094
-8.380274 -14.440234 4.694661
-7.992339 -15.136095 5.481942
-7.573774 -15.840807 6.245324
-7.119887 -16.552797 6.981304
-6.626585 -17.269711 7.686529
-6.090530 -17.988521 8.357840
-5.509252 -18.705665 8.992324
-4.881210 -19.417204 9.587359
-4.205802 -20.118993 10.140662
-3.483324 -20.806845 10.650317
-2.714893 -21.476675 11.114785
-1.902332 -22.124622 11.532900
-1.048045 -22.747135 11.903845
-0.154884 -23.341022 12.227113
0.773976 -23.903474 12.502461
1.735147 -24.432053 12.729861
2.725118 -24.924664 12.909453
3.740324 -25.379512 13.041498
4.777190 -25.795060 13.126354
5.832160 -26.169977 13.164441
6.901711 -26.503105 13.156241
7.982355 -26.793423 13.102284
9.070634 -27.040031 13.003156
10.163118 -27.242138 12.859511
11.256394 -27.399057 12.672077
12.347071 -27.510216 12.441676
13.431773 -27.575165 12.169232
14.507153 -27.593584 11.855784
15.569897 -27.565303 11.502495
16.616739 -27.490305 11.110653
17.644479 -27.368740 10.681677
18.649997 -27.200925 10.217108
19.630273 -26.987348 9.718611
20.582401 -26.728662 9.187959
21.503606 -26.425681 8.627029
22.391257 -26.079371 8.037790
23.242875 -25.690832 7.422286
24.056139 -25.261296 6.782633
24.828893 -24.792099 6.120997
25.559145 -24.284679 5.439594
26.245064 -23.740554 4.740671
26.884980 -23.161311 4.026505
27.477373 -22.548593 3.299393
28.020871 -21.904089 2.561649
28.514239 -21.229527 1.815598
28.956376 -20.526663 1.063578
29.346302 -19.797282 0.307936
29.683159 -19.043191 -0.448969
29.966202 -18.266219 -1.204767
30.194799 -17.468220 -1.957075
30.368432 -16.651073 -2.703498
30.486696 -15.816687 -3.441628
30.549308 -14.967003 -4.169047
30.556106 -14.103996 -4.883326
30.507064 -13.229685 -5.582034
30.402295 -12.346126 -6.262742
30.242062 -11.455420 -6.923033
30.026787 -10.559712 -7.560508
29.757059 -9.661185 -8.172804
29.433638 -8.762063 -8.757600
29.057462 -7.864605 -9.312634
28.629649 -6.971097 -9.835719
28.151493 -6.083847 -10.324748
27.624464 -5.205184 -10.777716
27.050197 -4.337444 -11.192718
26.430486 -3.482972 -11.567967
25.767270 -2.644116 -11.901784
25.062626 -1.823227 -12.192609
24.318757 -1.022658 -12.438987
23.537989 -0.244764 -12.639563
22.722768 0.508091 -12.793071
21.875668 1.233541 -12.898323
20.999403 1.929219 -12.954200
20.096854 2.592770 -12.959646
19.171089 3.221868 -12.913670
18.225398 3.814253 -12.815359
17.263326 4.367777 -12.663903
16.288689 4.880465 -12.458625
15.305587 5.350594 -12.199039
14.318387 5.776786 -11.884903
13.331683 6.158105 -11.516283
12.350214 6.494153 -11.093624
11.378757 6.785164 -10.617802
10.421974 7.032072 -10.090172
9.484244 7.236554 -9.512589
8.569472 7.401030 -8.887410
7.680901 7.528625 -8.217467
6.820944 7.623082 -7.506015
5.991038 7.688629 -6.756667
5.191558 7.729819 -5.973310
4.421766 7.751338 -5.160027
3.679832 7.757801 -4.321025
2.962896 7.753557 -3.460568
2.267179 7.742493 -2.582940
1.588131 7.727875 -1.692414
0.920598 7.712206 -0.793247
0.259015 7.697129 0.110312
-0.402400 7.683363 1.014017
-1.069442 7.670675 1.913596
-1.747716 7.657901 2.804741
-2.442442 7.642996 3.683099
-3.158259 7.623127 4.544269
-3.899056 7.594800 5.383824
-4.667820 7.554014 6.197341
-5.466522 7.496441 6.980460
-6.296047 7.417619 7.728950
-7.156176 7.313145 8.438790
-8.045623 7.178862 9.106257
-8.962120 7.011023 9.728003
-9.902554 6.806420 10.301125
-10.863129 6.562482 10.823214
-11.839550 6.277327 11.292373
-12.827202 5.949771 11.707220
-13.821326 5.579300 12.066859
-14.817162 5.166025 12.370839
-15.810065 4.710595 12.619092
-16.795590 4.214119 12.811878
-17.769539 3.678073 12.949717
-18.727987 3.104216 13.033338
-19.667282 2.494511 13.063632
-20.584029 1.851061 13.041617
-21.475070 1.176057 12.968414
-22.337454 0.471736 12.845231
-23.168415 -0.259646 12.673359
-23.965346 -1.015831 12.454167
-24.725785 -1.794576 12.189107
-25.447399 -2.593651 11.879713
-26.127982 -3.410846 11.527606
-26.765444 -4.243967 11.134492
-27.357818 -5.090834 10.702168
-27.903260 -5.949274 10.232513
-28.400052 -6.817121 9.727491
-28.846611 -7.692210 9.189144
-29.241492 -8.572378 8.619586
-29.583398 -9.455455 8.021003
-29.871184 -10.339274 7.395640
-30.103866 -11.221662 6.745801
-30.280626 -12.100449 6.073838
