Component 1 of 1:
-30.322912 -13.146083 5.772089
-30.374982 -14.018904 5.105138
-30.364179 -14.877297 4.417825
-30.295086 -15.719349 3.713921
-30.172603 -16.544015 2.996852
-29.999626 -17.350292 2.269349
-29.776185 -18.136437 1.533578
-29.500275 -18.899743 0.791542
-29.169552 -19.636926 0.045462
-28.782796 -20.344792 -0.702094
-28.340469 -21.020784 -1.448336
-27.844441 -21.663162 -2.190473
-27.297330 -22.270841 -2.925860
-26.701862 -22.843064 -3.652020
-26.060393 -23.379025 -4.366526
-25.374629 -23.877516 -5.066828
-24.645675 -24.336739 -5.750101
-23.874493 -24.754467 -6.413292
-23.062633 -25.128673 -7.053431
-22.212768 -25.458338 -7.668099
-21.328607 -25.743870 -8.255720
-20.414131 -25.986639 -8.815322
-19.472675 -26.187749 -9.345770
-18.506479 -26.346812 -9.844921
-17.517049 -26.461644 -10.309323
-16.506073 -26.529221 -10.734768
-15.476224 -26.547369 -11.117484
-14.431263 -26.516087 -11.455310
-13.375473 -26.437706 -11.748210
-12.312928 -26.315891 -11.997846
-11.247073 -26.154250 -12.206444
-10.180712 -25.955332 -12.375405
-9.116268 -25.720313 -12.504082
-8.056241 -25.449092 -12.589168
-7.003824 -25.140543 -12.625207
-5.963377 -24.793018 -12.606668
-4.940092 -24.405364 -12.531174
-3.938388 -23.978357 -12.402252
-2.959785 -23.515816 -12.229217
-2.002289 -23.024506 -12.022908
-1.062692 -22.512269 -11.788728
-0.140847 -21.984816 -11.521163
0.756603 -21.442948 -11.204541
1.615850 -20.882442 -10.821823
2.421252 -20.296874 -10.367185
3.165600 -19.681221 -9.853354
3.858044 -19.034873 -9.307024
4.520827 -18.364424 -8.754140
5.175131 -17.684641 -8.203361
5.826151 -17.014325 -7.637642
6.456755 -16.368634 -7.022299
7.033728 -15.752798 -6.328753
7.527097 -15.157856 -5.557375
7.933499 -14.559451 -4.740185
8.284551 -13.927163 -3.923593
8.630716 -13.245653 -3.145905
9.013360 -12.530429 -2.417461
9.444762 -11.821442 -1.710567
9.904289 -11.161586 -0.974154
10.350017 -10.575231 -0.169893
10.743493 -10.051405 0.701942
11.074635 -9.540781 1.606930
11.366521 -8.979342 2.495656
11.657739 -8.327634 3.321371
11.980239 -7.592009 4.060647
12.346724 -6.811206 4.729532
12.747960 -6.026691 5.373627
13.157165 -5.260733 6.035279
13.541670 -4.507659 6.726722
13.877464 -3.738615 7.426996
14.157214 -2.920563 8.096914
14.388660 -2.037324 8.700204
14.587388 -1.095474 9.221550
14.767808 -0.113830 9.671559
14.935579 0.890111 10.075281
15.085094 1.906977 10.453862
15.203329 2.935492 10.812762
15.277246 3.978426 11.142194
15.299988 5.037442 11.426246
15.272585 6.110418 11.653214
15.200963 7.192523 11.820796
15.090923 8.278661 11.934273
14.944513 9.364643 12.000697
14.759720 10.446810 12.023921
14.532857 11.521272 12.003381
14.261488 12.583704 11.936268
13.945939 13.629854 11.820629
13.588854 14.656259 11.657090
13.193674 15.660460 11.448501
12.763302 16.640583 11.198375
12.299593 17.594647 10.909415
11.803513 18.520077 10.582909
11.275483 19.413519 10.218980
10.715688 20.270911 9.817255
10.124393 21.087785 9.377578
9.502382 21.859852 8.900548
8.851356 22.583776 8.387807
8.173970 23.257737 7.841974
7.473373 23.881317 7.266215
6.752502 24.454569 6.663649
6.013589 24.976789 6.036879
5.258194 25.445791 5.387907
4.487685 25.858198 4.718433
3.703780 26.210533 4.030320
2.908751 26.500372 3.325893
2.105223 26.726821 2.607927
1.295837 26.890158 1.879430
0.483040 26.991085 1.143404
-0.330900 27.030173 0.402732
-1.143784 27.007697 -0.339829
-1.953414 26.923678 -1.081570
-2.757565 26.777826 -1.819720
-3.553912 26.569435 -2.551331
-4.339937 26.297546 -3.273221
-5.112934 25.961586 -3.982091
-5.870229 25.562211 -4.674802
-6.609549 25.101728 -5.348683
-7.329224 24.583623 -6.001576
-8.027967 24.011381 -6.631500
-8.704320 23.387365 -7.236095
-9.356160 22.712506 -7.812238
-9.980672 21.987042 -8.356140
-10.574840 21.211751 -8.863936
-11.136171 20.388865 -9.332438
-11.663144 19.522154 -9.759668
-12.155193 18.616329 -10.144908
-12.612349 17.676265 -10.488308
-13.034860 16.706441 -10.790202
-13.422910 15.710672 -11.050317
-13.776269 14.692070 -11.267067
-14.093767 13.653224 -11.437326
-14.372895 12.596669 -11.557131
-14.610189 11.525506 -11.623382
-14.802743 10.443717 -11.635779
-14.950264 9.355797 -11.597450
-15.056150 8.265970 -11.513083
-15.126252 7.177846 -11.385011
-15.165400 6.095047 -11.209799
-15.173682 5.022410 -10.978561
-15.145268 3.966521 -10.682407
-15.071433 2.934028 -10.320455
-14.946678 1.927658 -9.904561
-14.774345 0.943320 -9.455810
-14.567898 -0.027293 -8.993129
-14.346175 -0.989024 -8.520064
-14.124352 -1.935963 -8.018555
-13.905660 -2.849168 -7.456879
-13.679068 -3.702144 -6.810371
-13.424188 -4.476132 -6.081146
-13.121004 -5.178513 -5.300861
-12.761421 -5.846484 -4.515363
-12.358738 -6.526916 -3.762909
-11.947411 -7.247624 -3.054433
-11.568815 -8.002557 -2.363801
-11.251386 -8.756057 -1.641371
-10.996936 -9.460900 -0.848266
-10.777344 -10.087407 0.017410
-10.543973 -10.648629 0.923077
-10.250590 -11.196061 1.819867
-9.879483 -11.785567 2.659781
-9.451028 -12.445146 3.416185
-9.007296 -13.168223 4.102085
-8.583721 -13.925647 4.762956
-8.189157 -14.681204 5.443857
-7.801802 -15.407709 6.160194
-7.380673 -16.099194 6.892790
-6.888510 -16.768605 7.602228
-6.312512 -17.434010 8.250506
-5.667471 -18.107694 8.820941
-4.980753 -18.793239 9.324815
-4.273452 -19.485874 9.789194
-3.550324 -20.174026 10.236190
-2.801119 -20.843446 10.669538
-2.010274 -21.482349 11.075369
-1.168519 -22.084510 11.433396
-0.278347 -22.649874 11.729977
0.649492 -23.183032 11.964956
1.603493 -23.689616 12.148939
2.576552 -24.172184 12.294520
3.566682 -24.628306 12.408374
4.574679 -25.051857 12.488881
5.600964 -25.436084 12.529250
6.643668 -25.776328 12.522833
7.698854 -26.071110 12.466952
8.762025 -26.321504 12.363488
9.829350 -26.529618 12.216915
10.897918 -26.697185 12.031678
11.965297 -26.824778 11.810477
13.028998 -26.911620 11.553926
14.086123 -26.955812 11.261209
15.133279 -26.954945 10.931153
16.166774 -26.907071 10.563234
17.183073 -26.811694 10.158202
18.179320 -26.670165 9.718123
19.153520 -26.485075 9.245830
20.104115 -26.258875 8.744060
21.029165 -25.992592 8.214757
21.925713 -25.685524 7.658933
22.789860 -25.336144 7.077161
23.617586 -24.943573 6.470322
24.405795 -24.508588 5.840090
25.152842 -24.033537 5.188887
25.858153 -23.521351 4.519445
26.521225 -22.974453 3.834369
27.140734 -22.394224 3.135944
27.714291 -21.781224 2.426226
28.238829 -21.135802 1.707261
28.711276 -20.458667 0.981263
29.129127 -19.751161 0.250665
29.490811 -19.015287 -0.481949
29.795856 -18.253570 -1.213977
30.044804 -17.468815 -1.942933
30.238709 -16.663752 -2.666484
30.378225 -15.840688 -3.382320
30.462695 -15.001381 -4.087900
30.489886 -14.147292 -4.780222
30.456797 -13.280101 -5.455861
30.361245 -12.402126 -6.111356
30.203248 -11.516306 -6.743792
29.985255 -10.625741 -7.351168
29.710996 -9.733220 -7.932208
29.383710 -8.841102 -8.485666
29.004899 -7.951600 -9.009595
28.574377 -7.067171 -9.501082
28.091418 -6.190692 -9.956657
27.556173 -5.325284 -10.373115
26.970454 -4.473930 -10.748299
26.337600 -3.639137 -11.081412
25.661720 -2.822817 -11.372678
24.946843 -2.026416 -11.622456
24.196296 -1.251234 -11.830145
23.412419 -0.498954 -11.993407
22.596673 0.227732 -12.108309
21.750220 0.924840 -12.170762
20.874825 1.587775 -12.178903
19.973610 2.213197 -12.135046
19.051166 2.801106 -12.045397
18.112979 3.355291 -11.916669
17.164518 3.880883 -11.750959
16.210369 4.379746 -11.542263
15.253917 4.846514 -11.278129
14.297746 5.268605 -10.947164
13.343743 5.632037 -10.548467
12.391976 5.930931 -10.095919
11.440241 6.174370 -9.612585
10.487297 6.384440 -9.117340
9.538321 6.584959 -8.611434
8.607270 6.787040 -8.074141
7.713815 6.980139 -7.473494
6.875439 7.135226 -6.788601
6.095105 7.220810 -6.027880
5.351194 7.223725 -5.227916
4.603675 7.161592 -4.434644
3.819254 7.078754 -3.680432
2.995890 7.027013 -2.966307
2.166155 7.040734 -2.257797
1.380424 7.119845 -1.504542
0.679946 7.230251 -0.674931
0.067789 7.322183 0.223656
-0.503261 7.356910 1.152683
-1.107054 7.326512 2.061266
-1.798359 7.256745 2.903344
-2.583966 7.192339 3.658774
-3.429984 7.172224 4.348277
-4.288990 7.208322 5.020721
-5.125288 7.279135 5.718858
-5.931362 7.340579 6.453201
-6.729271 7.347540 7.199916
-7.552584 7.274166 7.916013
-8.422978 7.122518 8.561589
-9.341295 6.915905 9.120072
-10.294631 6.681808 9.604148
-11.266896 6.435779 10.042707
-12.245062 6.175312 10.459935
-13.221582 5.884792 10.861997
-14.193864 5.546587 11.237516
-15.161442 5.151128 11.567910
-16.123553 4.700322 11.839315
-17.078702 4.203458 12.048830
-18.024865 3.669966 12.202628
-18.959048 3.104393 12.309167
-19.876812 2.506045 12.373205
-20.772686 1.872087 12.394197
-21.641412 1.201202 12.368798
-22.479262 0.495290 12.294609
-23.284564 -0.241349 12.172297
-24.057016 -1.004056 12.005092
-24.796229 -1.789387 11.796682
-25.500478 -2.595445 11.549286
-26.166370 -3.421200 11.263066
-26.789471 -4.265530 10.936939
-27.365485 -5.126548 10.570027
-27.891495 -6.001463 10.162838
-28.366760 -6.886906 9.717626
-28.792641 -7.779474 9.237895
-29.171489 -8.676206 8.727367
-29.504786 -9.574772 8.188925
-29.791444 -10.473291 7.624029
-30.027280 -11.369830 7.032889
-30.206241 -12.261860 6.415363
