Component 1 of 1:
-30.429656 -12.857576 5.252755
-30.495922 -13.738840 4.565639
-30.503237 -14.612354 3.865586
-30.451556 -15.475726 3.154899
-30.341097 -16.326561 2.435843
-30.172298 -17.162468 1.710631
-29.945781 -17.981066 0.981415
-29.662309 -18.779980 0.250287
-29.322761 -19.556841 -0.480716
-28.928111 -20.309279 -1.209595
-28.479437 -21.034926 -1.934373
-27.977922 -21.731426 -2.653087
-27.424882 -22.396447 -3.363772
-26.821780 -23.027708 -4.064458
-26.170245 -23.622993 -4.753167
-25.472086 -24.180187 -5.427920
-24.729287 -24.697284 -6.086737
-23.944007 -25.172413 -6.727645
-23.118568 -25.603846 -7.348683
-22.255443 -25.990006 -7.947901
-21.357247 -26.329478 -8.523366
-20.426725 -26.621019 -9.073166
-19.466746 -26.863574 -9.595417
-18.480299 -27.056288 -10.088271
-17.470475 -27.198534 -10.549933
-16.440465 -27.289924 -10.978671
-15.393534 -27.330330 -11.372842
-14.333000 -27.319893 -11.730901
-13.262214 -27.259020 -12.051416
-12.184525 -27.148372 -12.333081
-11.103265 -26.988849 -12.574719
-10.021723 -26.781560 -12.775280
-8.943133 -26.527794 -12.933836
-7.870668 -26.228996 -13.049577
-6.807435 -25.886738 -13.121785
-5.756474 -25.502707 -13.149827
-4.720770 -25.078698 -13.133128
-3.703254 -24.616608 -13.071145
-2.706818 -24.118444 -12.963354
-1.734330 -23.586329 -12.809228
-0.788646 -23.022516 -12.608242
0.127373 -22.429400 -12.359882
1.010864 -21.809534 -12.063685
1.858980 -21.165653 -11.719298
2.668935 -20.500700 -11.326545
3.438102 -19.817856 -10.885517
4.164140 -19.120561 -10.396646
4.845175 -18.412531 -9.860761
5.479994 -17.697742 -9.279123
6.068248 -16.980386 -8.653423
6.610625 -16.264779 -7.985746
7.108961 -15.555216 -7.278533
7.566268 -14.855783 -6.534531
7.986669 -14.170123 -5.756767
8.375234 -13.501176 -4.948546
8.737742 -12.850909 -4.113470
9.080380 -12.220059 -3.255467
9.409416 -11.607931 -2.378816
9.730863 -11.012278 -1.488139
10.050163 -10.429287 -0.588373
10.371898 -9.853716 0.315292
10.699550 -9.279154 1.217482
11.035315 -8.698407 2.112726
11.379990 -8.103962 2.995545
11.732940 -7.488480 3.860547
12.092162 -6.845254 4.702536
12.454435 -6.168592 5.516616
12.815569 -5.454088 6.298297
13.170708 -4.698759 7.043571
13.514670 -3.901063 7.748952
13.842283 -3.060808 8.411480
14.148672 -2.178994 9.028679
14.429480 -1.257611 9.598500
14.681004 -0.299421 10.119257
14.900242 0.692243 10.589568
15.084859 1.713661 11.008313
15.233103 2.760867 11.374607
15.343683 3.829759 11.687795
15.415643 4.916177 11.947447
15.448254 6.015943 12.153363
15.440930 7.124895 12.305577
15.393187 8.238900 12.404363
15.304630 9.353862 12.450227
15.174965 10.465740 12.443904
15.004021 11.570562 12.386354
14.791779 12.664442 12.278740
14.538383 13.743602 12.122414
14.244143 14.804387 11.918892
13.909523 15.843276 11.669826
13.535121 16.856876 11.376977
13.121649 17.841918 11.042188
12.669914 18.795236 10.667361
12.180808 19.713758 10.254448
11.655314 20.594484 9.805442
11.094518 21.434493 9.322382
10.499626 22.230942 8.807359
9.871985 22.981093 8.262525
9.213107 23.682332 7.690105
8.524670 24.332208 7.092393
7.808530 24.928457 6.471756
7.066712 25.469035 5.830618
6.301399 25.952128 5.171449
5.514910 26.376169 4.496747
4.709687 26.739830 3.809017
3.888272 27.042019 3.110753
3.053291 27.281867 2.404427
2.207436 27.458710 1.692474
1.353454 27.572075 0.977292
0.494139 27.621667 0.261232
-0.367682 27.607358 -0.453390
-1.229150 27.529178 -1.164294
-2.087383 27.387311 -1.869228
-2.939484 27.182101 -2.565958
-3.782546 26.914053 -3.252262
-4.613660 26.583850 -3.925929
-5.429932 26.192364 -4.584751
-6.228490 25.740683 -5.226535
-7.006512 25.230124 -5.849112
-7.761245 24.662257 -6.450346
-8.490038 24.038918 -7.028161
-9.190372 23.362209 -7.580555
-9.859890 22.634491 -8.105620
-10.496422 21.858363 -8.601553
-11.098006 21.036632 -9.066658
-11.662897 20.172270 -9.499341
-12.189558 19.268373 -9.898094
-12.676657 18.328129 -10.261476
-13.123045 17.354785 -10.588089
-13.527740 16.351639 -10.876565
-13.889919 15.322031 -11.125553
-14.208918 14.269354 -11.333722
-14.484244 13.197065 -11.499772
-14.715600 12.108687 -11.622447
-14.902901 11.007818 -11.700558
-15.046304 9.898118 -11.732988
-15.146199 8.783300 -11.718705
-15.203205 7.667116 -11.656754
-15.218134 6.553352 -11.546251
-15.191958 5.445827 -11.386389
-15.125770 4.348402 -11.176439
-15.020782 3.264988 -10.915788
-14.878359 2.199536 -10.603984
-14.700089 1.156007 -10.240804
-14.487911 0.138284 -9.826330
-14.244253 -0.849951 -9.361012
-13.972177 -1.805393 -8.845724
-13.675466 -2.725321 -8.281787
-13.358649 -3.607801 -7.670979
-13.026911 -4.451870 -7.015521
-12.685890 -5.257659 -6.318075
-12.341369 -6.026451 -5.581744
-11.998882 -6.760659 -4.810088
-11.663275 -7.463756 -4.007130
-11.338281 -8.140128 -3.177357
-11.026142 -8.794909 -2.325669
-10.727356 -9.433753 -1.457293
-10.440563 -10.062580 -0.577668
-10.162597 -10.687277 0.307694
-9.888698 -11.313371 1.193330
-9.612847 -11.945699 2.073924
-9.328187 -12.588106 2.944383
-9.027475 -13.243210 3.799887
-8.703525 -13.912268 4.635932
-8.349591 -14.595160 5.448356
-7.959682 -15.290493 6.233356
-7.528782 -15.995800 6.987483
-7.052979 -16.707802 7.707625
-6.529523 -17.422697 8.390964
-5.956807 -18.136426 9.034943
-5.334299 -18.844902 9.637230
-4.662441 -19.544175 10.195711
-3.942515 -20.230540 10.708500
-3.176497 -20.900582 11.173968
-2.366906 -21.551188 11.590773
-1.516655 -22.179519 11.957884
-0.628920 -22.782973 12.274597
0.292970 -23.359148 12.540516
1.245620 -23.905806 12.755526
2.225623 -24.420843 12.919745
3.229589 -24.902278 13.033484
4.254161 -25.348245 13.097197
5.296007 -25.756991 13.111459
6.351818 -26.126882 13.076953
7.418297 -26.456409 12.994467
8.492164 -26.744192 12.864909
9.570153 -26.988986 12.689322
10.649027 -27.189688 12.468899
11.725586 -27.345334 12.204990
12.796687 -27.455104 11.899105
13.859249 -27.518326 11.552909
14.910269 -27.534478 11.168207
15.946829 -27.503186 10.746926
16.966100 -27.424232 10.291099
17.965346 -27.297554 9.802843
18.941929 -27.123247 9.284339
19.893309 -26.901563 8.737818
20.817043 -26.632912 8.165542
21.710790 -26.317859 7.569787
22.572306 -25.957122 6.952834
23.399445 -25.551570 6.316952
24.190155 -25.102217 5.664386
24.942477 -24.610220 4.997348
25.654539 -24.076874 4.318009
26.324557 -23.503608 3.628490
26.950829 -22.891977 2.930856
27.531730 -22.243660 2.227122
28.065718 -21.560448 1.519248
28.551323 -20.844244 0.809142
28.987153 -20.097048 0.098674
29.371892 -19.320958 -0.610326
29.704303 -18.518162 -1.316048
29.983231 -17.690932 -2.016702
30.207619 -16.841625 -2.710501
30.376512 -15.972675 -3.395655
30.489079 -15.086598 -4.070366
30.544628 -14.185981 -4.732818
30.542632 -13.273480 -5.381185
30.482744 -12.351807 -6.013620
30.364820 -11.423721 -6.628267
30.188933 -10.492008 -7.223258
29.955388 -9.559466 -7.796719
29.664725 -8.628883 -8.346773
29.317725 -7.703017 -8.871546
28.915406 -6.784580 -9.369165
28.459016 -5.876217 -9.837767
27.950027 -4.980501 -10.275504
27.390120 -4.099921 -10.680546
26.781176 -3.236880 -11.051096
26.125264 -2.393692 -11.385398
25.424630 -1.572590 -11.681754
24.681688 -0.775718 -11.938534
23.899014 -0.005135 -12.154192
23.079341 0.737186 -12.327269
22.225555 1.449373 -12.456403
21.340689 2.129652 -12.540323
20.427921 2.776359 -12.577841
19.490567 3.387934 -12.567847
18.532079 3.962913 -12.509298
17.556042 4.499913 -12.401227
16.566169 4.997616 -12.242753
15.566312 5.454751 -12.033116
14.560454 5.870114 -11.771721
13.552720 6.242599 -11.458201
12.547366 6.571289 -11.092478
11.548758 6.855579 -10.674813
10.561330 7.095342 -10.205848
9.589510 7.291110 -9.686612
8.637612 7.444251 -9.118512
7.709707 7.557102 -8.503308
6.809450 7.633029 -7.843075
5.939898 7.676399 -7.140192
5.103310 7.692440 -6.397346
4.300950 7.687007 -5.617566
3.532897 7.666273 -4.804274
2.797887 7.636360 -3.961325
2.093209 7.602963 -3.093032
1.414676 7.570993 -2.204143
0.756715 7.544272 -1.299782
0.112569 7.525307 -0.385357
-0.525371 7.515146 0.533538
-1.165135 7.513331 1.451223
-1.814686 7.517942 2.362012
-2.481431 7.525710 3.260301
-3.171774 7.532223 4.140636
-3.890778 7.532183 4.997798
-4.641952 7.519719 5.826882
-5.427175 7.488738 6.623355
-6.246754 7.433276 7.383109
-7.099587 7.347830 8.102478
-7.983395 7.227633 8.778240
-8.894989 7.068854 9.407602
-9.830543 6.868705 9.988184
-10.785838 6.625441 10.517997
-11.756474 6.338282 10.995427
-12.738016 6.007263 11.419212
-13.726089 5.633050 11.788420
-14.716435 5.216753 12.102423
-15.704914 4.759759 12.360860
-16.687505 4.263607 12.563615
-17.660286 3.729909 12.710790
-18.619425 3.160317 12.802698
-19.561184 2.556522 12.839859
-20.481937 1.920270 12.823014
-21.378200 1.253381 12.753136
-22.246666 0.557760 12.631440
-23.084239 -0.164610 12.459389
-23.888062 -0.911686 12.238682
-24.655519 -1.681396 11.971227
-25.384235 -2.471674 11.659103
-26.072042 -3.280491 11.304513
-26.716947 -4.105874 10.909738
-27.317086 -4.945912 10.477089
-27.870684 -5.798750 10.008875
-28.376018 -6.662567 9.507378
-28.831409 -7.535544 8.974853
-29.235214 -8.415841 8.413526
-29.585854 -9.301555 7.825610
-29.881849 -10.190706 7.213323
-30.121864 -11.081220 6.578902
-30.304764 -11.970929 5.924614
