Component 1 of 1:
-29.462916 -12.328980 6.349242
-29.496725 -13.149002 5.587781
-29.476590 -13.955109 4.811136
-29.403238 -14.745607 4.021763
-29.277510 -15.518917 3.222046
-29.100324 -16.273561 2.414290
-28.872629 -17.008136 1.600719
-28.595373 -17.721297 0.783490
-28.269476 -18.411730 -0.035303
-27.895826 -19.078132 -0.853605
-27.475278 -19.719198 -1.669384
-27.008673 -20.333615 -2.480612
-26.496858 -20.920059 -3.285254
-25.940710 -21.477202 -4.081253
-25.341154 -22.003713 -4.866521
-24.699183 -22.498267 -5.638935
-24.015865 -22.959542 -6.396325
-23.292351 -23.386224 -7.136471
-22.529883 -23.777000 -7.857089
-21.729804 -24.130558 -8.555828
-20.893576 -24.445588 -9.230256
-20.022800 -24.720795 -9.877866
-19.119249 -24.954913 -10.496075
-18.184895 -25.146738 -11.082247
-17.221939 -25.295157 -11.633709
-16.232830 -25.399191 -12.147786
-15.220280 -25.458034 -12.621836
-14.187260 -25.471083 -13.053289
-13.136993 -25.437966 -13.439678
-12.072928 -25.358556 -13.778672
-10.998723 -25.232974 -14.068101
-9.918218 -25.061590 -14.305980
-8.835406 -24.845018 -14.490527
-7.754412 -24.584115 -14.620181
-6.679459 -24.279982 -14.693626
-5.614839 -23.933979 -14.709808
-4.564870 -23.547734 -14.667955
-3.533848 -23.123162 -14.567589
-2.525989 -22.662478 -14.408541
-1.545373 -22.168197 -14.190949
-0.595887 -21.643130 -13.915262
0.318834 -21.090359 -13.582245
1.195464 -20.513200 -13.192986
2.031042 -19.915157 -12.748909
2.823054 -19.299860 -12.251806
3.569509 -18.671009 -11.703848
4.269053 -18.032298 -11.107596
4.921075 -17.387355 -10.465990
5.525817 -16.739670 -9.782292
6.084455 -16.092527 -9.060012
6.599135 -15.448945 -8.302796
7.072939 -14.811611 -7.514318
7.509790 -14.182815 -6.698181
7.914280 -13.564378 -5.857850
8.291462 -12.957574 -4.996632
8.646603 -12.363035 -4.117696
8.984939 -11.780658 -3.224129
9.311456 -11.209512 -2.319002
9.630692 -10.647777 -1.405434
9.946590 -10.092719 -0.486640
10.262375 -9.540732 0.434046
10.580479 -8.987449 1.353164
10.902468 -8.427918 2.267149
11.229011 -7.856829 3.172350
11.559854 -7.268767 4.065064
11.893837 -6.658466 4.941571
12.228929 -6.021042 5.798165
12.562317 -5.352174 6.631172
12.890528 -4.648253 7.436961
13.209586 -3.906476 8.211939
13.515194 -3.124910 8.952536
13.802921 -2.302521 9.655190
14.068384 -1.439188 10.316348
14.307405 -0.535697 10.932488
14.516132 0.406288 11.500167
14.691125 1.384274 12.016100
14.829402 2.395011 12.477245
14.928446 3.434583 12.880897
14.986193 4.498516 13.224767
15.001007 5.581895 13.507042
14.971649 6.679476 13.726417
14.897260 7.785801 13.882106
14.777342 8.895297 13.973836
14.611764 10.002373 14.001825
14.400756 11.101507 13.966760
14.144917 12.187330 13.869766
13.845199 13.254705 13.712380
13.502893 14.298798 13.496511
13.119587 15.315135 13.224399
12.697120 16.299646 12.898565
12.237520 17.248693 12.521755
11.742947 18.159064 12.096878
11.215632 19.027965 11.626940
10.657828 19.852979 11.114994
10.071773 20.632024 10.564087
9.459666 21.363310 9.977223
8.823652 22.045288 9.357348
8.165820 22.676617 8.707330
7.488204 23.256143 8.029965
6.792792 23.782877 7.327980
6.081530 24.255996 6.604042
5.356329 24.674844 5.860762
4.619063 25.038928 5.100703
3.871572 25.347922 4.326376
3.115657 25.601653 3.540241
2.353076 25.800084 2.744700
1.585546 25.943281 1.942095
0.814740 26.031381 1.134708
0.042292 26.064552 0.324770
-0.730187 26.042956 -0.485527
-1.501102 25.966716 -1.294014
-2.268852 25.835903 -2.098514
-3.031816 25.650525 -2.896824
-3.788333 25.410545 -3.686681
-4.536687 25.115902 -4.465747
-5.275094 24.766556 -5.231587
-6.001699 24.362535 -5.981668
-6.714572 23.903985 -6.713352
-7.411717 23.391227 -7.423914
-8.091080 22.824803 -8.110551
-8.750563 22.205506 -8.770402
-9.388043 21.534411 -9.400569
-10.001382 20.812881 -9.998128
-10.588441 20.042570 -10.560140
-11.147082 19.225424 -11.083659
-11.675174 18.363674 -11.565730
-12.170592 17.459849 -12.003398
-12.631220 16.516787 -12.393721
-13.054972 15.537665 -12.733796
-13.439817 14.526023 -13.020805
-13.783826 13.485800 -13.252077
-14.085247 12.421341 -13.425167
-14.342570 11.337395 -13.537931
-14.554620 10.239071 -13.588612
-14.720619 9.131778 -13.575898
-14.840247 8.021125 -13.498973
-14.913658 6.912823 -13.357536
-14.941486 5.812564 -13.151811
-14.924810 4.725911 -12.882540
-14.865125 3.658194 -12.550966
-14.764296 2.614403 -12.158826
-14.624540 1.599085 -11.708333
-14.448418 0.616230 -11.202147
-14.238843 -0.330842 -10.643333
-13.999101 -1.239603 -10.035299
-13.732860 -2.108415 -9.381698
-13.444151 -2.936608 -8.686326
-13.137315 -3.724510 -7.953015
-12.816883 -4.473431 -7.185541
-12.487420 -5.185595 -6.387575
-12.153309 -5.864040 -5.562671
-11.818514 -6.512485 -4.714301
-11.486328 -7.135197 -3.845904
-11.159153 -7.736849 -2.960952
-10.838322 -8.322384 -2.062990
-10.524000 -8.896870 -1.155663
-10.215162 -9.465340 -0.242697
-9.909667 -10.032611 0.672125
-9.604398 -10.603095 1.585018
-9.295460 -11.180606 2.492241
-8.978388 -11.768185 3.390154
-8.648370 -12.367973 4.275252
-8.300433 -12.981143 5.144190
-7.929615 -13.607900 5.993780
-7.531106 -14.247549 6.820962
-7.100371 -14.898603 7.622743
-6.633271 -15.558922 8.396127
-6.126172 -16.225857 9.138054
-5.576068 -16.896379 9.845360
-4.980685 -17.567188 10.514777
-4.338568 -18.234801 11.142992
-3.649133 -18.895623 11.726737
-2.912675 -19.546000 12.262917
-2.130324 -20.182269 12.748733
-1.303962 -20.800807 13.181786
-0.436104 -21.398076 13.560142
0.470230 -21.970659 13.882359
1.411641 -22.515300 14.147458
2.384455 -23.028931 14.354878
3.384808 -23.508701 14.504409
4.408701 -23.951991 14.596138
5.452042 -24.356433 14.630401
6.510669 -24.719927 14.607762
7.580381 -25.040654 14.529010
8.656968 -25.317091 14.395172
9.736245 -25.548020 14.207522
10.814102 -25.732536 13.967592
11.886546 -25.870048 13.677172
12.949753 -25.960267 13.338288
14.000100 -26.003195 12.953173
15.034200 -25.999097 12.524222
16.048915 -25.948469 12.053946
17.041359 -25.852006 11.544918
18.008889 -25.710559 10.999733
18.949090 -25.525100 10.420974
19.859752 -25.296690 9.811179
20.738843 -25.026450 9.172835
21.584491 -24.715542 8.508365
22.394959 -24.365154 7.820131
23.168633 -23.976496 7.110440
23.904013 -23.550796 6.381551
24.599702 -23.089308 5.635681
25.254409 -22.593311 4.875014
25.866948 -22.064113 4.101702
26.436230 -21.503057 3.317867
26.961265 -20.911515 2.525607
27.441149 -20.290887 1.726989
27.875053 -19.642592 0.924059
28.262206 -18.968063 0.118839
28.601872 -18.268738 -0.686662
28.893332 -17.546062 -1.490435
29.135866 -16.801483 -2.290464
29.328739 -16.036459 -3.084701
29.471195 -15.252472 -3.871057
29.562467 -14.451044 -4.647379
29.601787 -13.633754 -5.411446
29.588410 -12.802259 -6.160950
29.521648 -11.958314 -6.893504
29.400902 -11.103787 -7.606635
29.225701 -10.240671 -8.297796
28.995735 -9.371089 -8.964373
28.710889 -8.497293 -9.603702
28.371262 -7.621661 -10.213076
27.977193 -6.746691 -10.789762
27.529267 -5.874993 -11.331008
27.028330 -5.009280 -11.834057
26.475497 -4.152365 -12.296160
25.872156 -3.307160 -12.714592
25.219991 -2.476667 -13.086676
24.520991 -1.663976 -13.409820
23.777477 -0.872242 -13.681551
22.992124 -0.104661 -13.899573
22.167977 0.635573 -14.061812
21.308461 1.345330 -14.166468
20.417377 2.021606 -14.212059
19.498881 2.661595 -14.197446
18.557446 3.262751 -14.121857
17.597810 3.822842 -13.984884
16.624911 4.339976 -13.786494
15.643816 4.812629 -13.527031
14.659646 5.239649 -13.207233
13.677486 5.620278 -12.828254
12.702298 5.954183 -12.391695
11.738816 6.241511 -11.899627
10.791437 6.482971 -11.354588
9.864107 6.679922 -10.759549
8.960213 6.834464 -10.117839
8.082491 6.949491 -9.433026
7.232958 7.028696 -8.708795
6.412874 7.076516 -7.948816
5.622739 7.097992 -7.156652
4.862291 7.098576 -6.335715
4.130527 7.083883 -5.489279
3.425703 7.059426 -4.620535
2.745335 7.030350 -3.732674
2.086196 7.001192 -2.828963
1.444332 6.975687 -1.912809
0.815117 6.956628 -0.987777
0.193365 6.945781 -0.057587
-0.426496 6.943850 0.873925
-1.050196 6.950479 1.802854
-1.683364 6.964282 2.725285
-2.331277 6.982905 3.637350
-2.998636 7.003104 4.535271
-3.689405 7.020853 5.415390
-4.406708 7.031489 6.274173
-5.152789 7.029885 7.108184
-5.929016 7.010663 7.914034
-6.735904 6.968423 8.688325
-7.573154 6.897978 9.427600
-8.439685 6.794575 10.128323
-9.333674 6.654081 10.786905
-10.252603 6.473109 11.399776
-11.193312 6.249083 11.963488
-12.152080 5.980239 12.474833
-13.124711 5.665568 12.930955
-14.106633 5.304724 13.329426
-15.092996 4.897924 13.668294
-16.078770 4.445847 13.946090
-17.058831 3.949564 14.161813
-18.028038 3.410487 14.314903
-18.981311 2.830348 14.405207
-19.913703 2.211190 14.432969
-20.820473 1.555358 14.398817
-21.697155 0.865483 14.303764
-22.539630 0.144443 14.149201
-23.344173 -0.604684 13.936887
-24.107498 -1.378692 13.668916
-24.826763 -2.174315 13.347670
-25.499568 -2.988300 12.975764
-26.123915 -3.817458 12.555968
-26.698171 -4.658710 12.091149
-27.221004 -5.509104 11.584206
-27.691341 -6.365829 11.038028
-28.108315 -7.226201 10.455462
-28.471241 -8.087662 9.839306
-28.779600 -8.947760 9.192303
-29.033035 -9.804144 8.517150
-29.231365 -10.654561 7.816507
-29.374593 -11.496855 7.093005
