-0.587430510589393 -1.709664603415739 2.9719669940435418
-0.65720283713355154 -1.6882799930545811 2.9370428269264801
-0.73259014645895792 -1.6595771197201119 2.8896149608630504
-0.80215119274694024 -1.6273741581589698 2.8359497601193735
-0.86510324183336151 -1.5919789943351028 2.7765567500033916
-0.92069017469223446 -1.5536971162245454 2.7119421037133322
-0.96832452042852113 -1.5129089309327559 2.6427468286996221
-1.0076924719843854 -1.4701288278181357 2.5698522239935957
-1.0374902309619534 -1.4256869266390686 2.4937905569917138
-1.056546253426776 -1.3799043141720435 2.4150824470164891
-1.0661997902450329 -1.3334482370529972 2.334923864324896
-1.0665967845467823 -1.2868808499246205 2.2542927190984421
-1.0575614219584641 -1.2406656029592655 2.1739862651290154
-1.039253284662977 -1.1952340513863766 2.0947566619353677
-1.012151422030406 -1.1509935815970109 2.0173238739657324
-0.97652451794035344 -1.1084086876823773 1.942500404106339
-0.9313931160239588 -1.0681727498104781 1.8714573961271439
-0.87769224448775462 -1.0305202850382664 1.8046292383274798
-0.81679713448097047 -0.99557094031705184 1.7422647028483471
-0.74931756523969439 -0.96362261938930471 1.6848981175412208
-0.6757645795047722 -0.93496286125803918 1.6330428770187284
-0.59671430850416918 -0.9098618267194134 1.5871842498086344
-0.51298276444144764 -0.88837911691408733 1.5474501210145102
-0.42499464502416318 -0.87086103485998012 1.5144530415198483
-0.33317213671141077 -0.85799096667086694 1.4893892308413283
-0.23864725708703294 -0.84967252995955622 1.4721260059924199
-0.14233741662866012 -0.84574982694772571 1.4624211311343938
-0.044969274516404478 -0.84626323642909806 1.4603665067803862
0.052619837495077593 -0.85141109906379087 1.4663309320568856
0.14950101295948554 -0.86118392798600008 1.4803260705422001
0.24500447192505753 -0.87549813064228554 1.5022274203026671
0.33826170944335071 -0.89466805920219561 1.5326056346236379
0.42736904066074949 -0.91902074660159672 1.5720846278341838
0.51129393421836533 -0.94786227048803329 1.6194939237365653
0.58956177093547146 -0.9808157781756961 1.6741952675202456
0.66127220756386551 -1.0177125348515339 1.7359236869094024
0.72529588454821647 -1.0582674205272165 1.8042195802889101
0.7806887520829553 -1.1020211493164682 1.8783161242925912
0.82680418144750267 -1.1487306996613824 1.9578120184373891
0.86145093476282297 -1.1982082992496037 2.0424483426538012
0.88341065199349811 -1.249147778743404 2.1299999417002007
0.89424435233024546 -1.300510785636344 2.2186214081788287
0.89369799860374144 -1.3520174349701499 2.3078357065259851
0.88154238714921695 -1.4029784171634412 2.3964560155482122
0.85819387562745941 -1.4526316864208706 2.4831500308019145
0.82417556425432248 -1.5004341759590745 2.5669614418179378
0.77873247716391392 -1.5457829998744013 2.6468689788097386
0.72210379054913032 -1.5874821190674961 2.7207941163385638
0.6576057746342765 -1.6253479460063813 2.7883186678677458
0.58619841785236448 -1.6593469914249528 2.8493556105379536
0.50835759308629314 -1.6891220788260841 2.9032720053318801
0.4251267859215167 -1.7144172015521943 2.9495929684888904
0.33771265723763572 -1.7351401772916424 2.9881223990388297
0.2470291989815307 -1.7511463059998038 3.0185820973551429
0.15374355444632765 -1.7617369196283554 3.039741978279324
0.059403922962207811 -1.7670086359120465 3.0517225920355102
-0.034703276019001528 -1.7679241663939618 3.0561522817748239
-0.12790385015730965 -1.7644815378771692 3.0530072741127148
-0.21934961951053644 -1.7566789458373109 3.0422588284971703
-0.308195150917557 -1.744637808083584 3.0240916780172364
-0.39382540017511747 -1.7287225955609871 2.999118425463307
-0.46877199756852911 -1.7066029466481119 2.9630776316495373
-0.49913204129450617 -1.6772425493509928 2.9131496680250208
-0.51603333984087185 -1.6425319218584855 2.853549329057361
-0.56535004811176359 -1.601314690434827 2.7836608581971221
-0.61475339949032914 -1.5601211162225013 2.7138159757854807
-0.66424112090134269 -1.5189505785764936 2.6440135382828047
-0.71381090130209501 -1.4778024464850705 2.5742523830487638
-0.76346039275597022 -1.4366760788629127 2.5045313288824307
-0.8131872115199017 -1.3955708248480334 2.4348491765693518
-0.86298893914528296 -1.3544860241023742 2.3652047094353956
-0.91286312359192068 -1.3134210071159622 2.2955966939071626
-0.96280728035460306 -1.2723750955145101 2.2260238800787397
-1.0128188936018614 -1.2313476023703434 2.1564850022845872
-1.0628954173264866 -1.1903378325165448 2.086978779678343
-1.1130342765073704 -1.1493450828641811 2.0175039168173203
-1.163232868282229 -1.1083686427225079 1.9480591042524837
-1.2134885631307657 -1.0674077941220226 1.8786430191236723
-1.2637987060678268 -1.0264618121402458 1.8092543257598566
-1.3141606178460996 -0.98552996523010772 1.7398916762841892
-1.3645715961678961 -0.94461151555081968 1.6705537112236337
-1.4150289169055745 -0.90370571930109467 1.6012390601229294
-1.4655298353301283 -0.86281182705460768 1.5319463421626736
-1.5160715873474824 -0.82192908409755616 1.4626741667812779
-1.5666513907420405 -0.7810567307681997 1.3934211343005716
-1.6172664464270021 -0.74019400279824843 1.3241858365548123
-1.6679139397009881 -0.69934013165597886 1.2549668575228707
-1.7185910415105035 -0.65849434489093173 1.1857627739633465
-1.7692949097177535 -0.6176558664800863 1.1165721560523874
-1.8200226903733483 -0.57682391717535997 1.0473935680239621
-1.8707715189934151 -0.53599771485230951 0.97822556881234002
-1.9215385218406298 -0.49517647485991356 0.90906671269656947
-1.9723208172087037 -0.45435941037128424 0.83991554994666262
-2.0231155167098245 -0.41354573273520023 0.77077062747129377
-2.0739197265645917 -0.37273465182830479 0.70163048946673046
-2.1247305488939361 -0.33192537640786191 0.6324936780667807
-2.1755450830125604 -0.29111711446491728 0.56335873399349667
-2.2263604267234132 -0.25030907357773824 0.49422419720838995
-2.2771736776126894 -0.20950046126541474 0.42508860756393707
-2.3279819343449106 -0.16869048534145989 0.35595050545509244
-2.3787822979575628 -0.12787835426730634 0.2868084324706055
-2.4295718731548201 -0.087063277505548126 0.21766093204387049
-2.4803477695998888 -0.046244465872798207 0.14850655010306379
-2.5311071032054455 -0.0054211318920411589 0.079343835720358191
-2.5818469974217311 0.03540750985567151 0.01017134175991985
-2.632564584521778 0.076242242380294728 -0.059012374475507279
-2.6832570068833146 0.11708384593277493 -0.12820875059969955
-2.7339214182668679 0.15793309765608199 -0.19741921849997976
-2.784554985089553 0.19879077123740252 -0.26664520369637962
-2.8351548876941135 0.23965763656164499 -0.33588812470322649
-2.8857183216127038 0.28053445936636873 -0.40514939239334652
-2.9362424988249582 0.32142200089828399 -0.47443040936516584
-2.986724649009862 0.36232101757143198 -0.54373256931290825
-3.037162020790964 0.40323226062719386 -0.61305725640015929
-3.0875518829744557 0.44415647579624429 -0.68240584463701581
-3.1378915257796511 0.48509440296257422 -0.75177969726104743
-3.1881782620614088 0.52604677582972281 -0.82118016612232769
-3.2384094285240326 0.56701432158932674 -0.89060859107273749
-3.2885823869261928 0.60799776059213007 -0.96006629935979626
-3.3386945252764222 0.64899780602156409 -1.0295546050252371
-3.388743259018713 0.69001516357002424 -1.0990748083085427
-3.4387260322078048 0.7310505311179738 -1.1686281950556952
-3.4886403186736765 0.77210459841598311 -1.2382160361333314
-3.5384836231748373 0.81317804676983785 -1.3078395868485559
-3.5882534825399577 0.85427154872882016 -1.3775000863745981
-3.6379474667974199 0.89538576777729673 -1.4471987571825611
-3.6875631802923596 0.93652135802972214 -1.5169368044794671
-3.7370982627907616 0.97767896392916898 -1.5867154156527972
-3.7865503905702087 1.0188592199495139 -1.6565357597217676
-3.835917277496852 1.0600627503013711 -1.7263989867955167
-3.8851966760882064 1.1012901686419116 -1.7963062275384387
-3.9090605592456953 1.1179822747346353 -1.8244918274197233
-3.9165760979307556 1.1301733883615706 -1.8453773633241692
-3.883020560962017 1.0788753790293957 -1.757553178241148
-3.8377405591032567 1.0306121130364918 -1.6753391196455971
-3.7820780249722166 0.98488306775959489 -1.5978276752989449
-3.7165130595894142 0.94241111580764969 -1.5262562021320265
-3.6420485437663292 0.90387611576019089 -1.4617717583431051
-3.5594847314089164 0.86952948982428957 -1.4047855552104851
-3.4688116840327119 0.84016665780736266 -1.3566753805838658
-3.3721225368618737 0.81719581084011228 -1.3198166566049423
-3.2726107949188683 0.80011214166267997 -1.2932386235874489
-3.1709781693741532 0.78858011230608605 -1.2763389692059808
-3.068383337649502 0.78270675653976152 -1.2692680183845568
-2.9662832462715421 0.78235818905424503 -1.2717498634384428
-2.8658255717788839 0.78729685329812416 -1.2833384097662086
-2.7678328341020895 0.79750118659117075 -1.303971446489105
-2.6739016031812497 0.81325168956456484 -1.334086481061298
-2.5852497628271327 0.83366137959250097 -1.3721106448795315
-2.5019996962969362 0.85788987422218932 -1.4165848811795696
-2.4246444404822047 0.8857685843767823 -1.4672023316799427
-2.353810954303742 0.91700142023037523 -1.5234312901359606
-2.2897762480825135 0.95112637998001015 -1.5844633054690647
-2.232784883888308 0.98774794587577475 -1.6496060446352083
-2.1837505234929746 1.0266504708987019 -1.7184584529105327
-2.1434304040329888 1.0675774609692492 -1.7905534664773808
-2.1110334575008847 1.1100209767056581 -1.86503536155831
-2.0861432114779164 1.1535463026616666 -1.9411639023314133
-2.0690732451360878 1.1977980176700247 -2.0183141134546974
-2.060030809715792 1.2424900938273975 -2.0959844073914429
-2.0588046934885527 1.2873530791531587 -2.173714545502099
-2.065254050034977 1.332001772334257 -2.2508417089967185
-2.0797007299670183 1.3759081021157777 -2.3264416809892894
-2.1029525331121537 1.4188596094333967 -2.4001221384050213
-2.134218536830073 1.4608474980368551 -2.4718917480583222
-2.1728684462533403 1.5014570597003454 -2.5410513696331769
-2.218688643100855 1.540258522971703 -2.6068631885463711
-2.2715965106739038 1.5769133060484004 -2.6687433515005181
-2.3313305726697529 1.611123238812644 -2.7261833884700892
-2.3970416969529409 1.642576213192642 -2.7786684385048388
-2.4687849412693912 1.6705635485105843 -2.8249695465923952
-2.5471172603812335 1.6944009736840662 -2.8638848635967333
-2.6306674986728873 1.7142519519532415 -2.8957388735512142
-2.7180604128555945 1.7299960723911136 -2.9203645711691442
-2.8085002469366418 1.7413066872291276 -2.9372202846115165
-2.9011108298445403 1.74797339749396 -2.9459680892751599
-2.9948801880341387 1.7499566886357139 -2.9465701015773251
-3.0888194014089088 1.747253294967142 -2.9390505191276519
-3.1817010187221628 1.739058653534403 -2.9220530459607712
-3.2722842577221494 1.725533199588003 -2.8958929938647446
-3.3596607723294118 1.7072844949837316 -2.8616499804735827
-3.442952409194957 1.6846007328050956 -2.8198496277034644
-3.5212133662332801 1.6576676667494126 -2.7708421999271873
-3.5934739725867852 1.6267283992895045 -2.7150780062629463
-3.6591882504416953 1.5922256637794192 -2.6533402864160798
-3.7175167403328762 1.5543707327452452 -2.5860203024242159
-3.7667508816780813 1.5132941118750574 -2.5133957057360226
-3.80666820039486 1.4697363560478811 -2.4367557446941985
-3.8374860166910301 1.424333178289497 -2.3571948133059832
-3.8590096725197012 1.3775453209488775 -2.2755167358995894
-3.8707872279697821 1.32984397279781 -2.1925512014499269
-3.8727719935177927 1.2817745567111651 -2.1092442093763415
-3.8649530306445814 1.2337919135489464 -2.0263838061845676
-3.8354475208413485 1.190639811247747 -1.9525445490629176
-3.7437571440015383 1.1923010970099754 -1.9581935076667327
-3.6490096347432406 1.1880768047107111 -1.953742190263086
-3.5542742632820197 1.1837839011764528 -1.9491716860530595
-3.4595510694111473 1.1794221614680425 -1.9444816042874966
-3.3648400864632708 1.1749913971663075 -1.9396716176572937
-3.2701413413053357 1.1704914564006812 -1.9347414623431196
-3.1754548543361101 1.1659222238632034 -1.9296909380397338
-3.0807806394863033 1.1612836208079009 -1.9245199079549125
-2.9861187042212394 1.1565756050355547 -1.9192282987829883
-2.8914690495461617 1.151798170863878 -1.9138161006530405
-2.7968316700140683 1.1469513490831083 -1.9082833670517574
-2.7022065537361479 1.1420352068970492 -1.9026302147210177
-2.6075936823947838 1.137049847849591 -1.8968568235302441
-2.5129930312591013 1.1319954117367363 -1.8909634363235828
-2.4184045692031093 1.12687207450418 -1.8849503587419856
-2.3238282587263512 1.1216800481304825 -1.8788179590202647
-2.2292640559771195 1.1164195804958854 -1.8725666677592128
-2.1347119107781896 1.1110909552368342 -1.8661969776728837
-2.0401717666550683 1.1056944915862503 -1.8597094433111285
-1.9456435608667761 1.1002305441996401 -1.8531046807575209
-1.8511272244390902 1.094699502967089 -1.8463833673027683
-1.7566226822002924 1.0891017928112336 -1.83954624109376
-1.6621298528193675 1.0834378734712797 -1.8325941007583815
-1.5676486488466796 1.0777082392731612 -1.8255278050062465
-1.4731789767570589 1.0719134188859201 -1.8183482722054984
-1.3787207369953207 1.0660539750644118 -1.8110564799358555
-1.2842738240241933 1.0601305043784297 -1.8036534645180644
-1.1898381263746003 1.0541436369283552 -1.7961403205199451
-1.0954135266983547 1.0480940360474447 -1.7885182002392264
-1.0009999018231552 1.0419823979908645 -1.7807883131633564
-0.90659712280992188 1.0358094516115952 -1.7729519254065063
-0.81220505501243911 1.0295759580233279 -1.765010359123975
-0.71782355813925558 1.0232827102504796 -1.7569649919042241
-0.62345248631787253 1.0169305328654652 -1.7488172561387647
-0.5290916881611315 1.0105202816133567 -1.7405686383701453
-0.43474100683582456 1.004052843024076 -1.7322206786182786
-0.34040028013348023 0.99752913401226828 -1.7237749696853657
-0.24606934054328999 0.99095010146500007 -1.7152331564396788
-0.15174801532719465 0.98431672181744911 -1.7065969350784715
-0.057436126597027626 0.97763000061673133 -1.6978680523702943
0.036866508606246517 0.97089097207403974 -1.689048304876996
0.13116007823126358 0.96410069860525582 -1.6801395381557078
0.22544477513299616 0.95726027036020911 -1.671143645941104
0.31972079698747408 0.95037080474076052 -1.662062569308248
0.41398834620460417 0.94343344590788702 -1.6528982958163336
0.50824762983905103 0.936449364277953 -1.6436528586336427
0.60249885949923909 0.92941975600835791 -1.6343283356440463
0.69674225125453182 0.9223458424727472 -1.6249268485353756
0.79097802554055718 0.91522886972598716 -1.615450561870013
0.88520640706279941 0.90807010795909759 -1.6059016821380385
0.97942762469842348 0.9008708509443486 -1.5962824567932883
1.0736419113964166 0.89363241547072458 -1.586595173272682
1.1678495040760379 0.88635614076996849 -1.5768421579991856
1.2620506435236565 0.87904338793341641 -1.5670257753687735
1.3562455742879993 0.87169553931983879 -1.5571484267217734
1.4504345445738365 0.86431399795451025 -1.5472125492989683
1.54461780613417 0.85690018691972669 -1.5372206151828476
1.6387956141609246 0.84945554873700202 -1.527175130224395
1.7329682271742322 0.84198154474116416 -1.517078632955817
1.8271359069103104 0.83447965444659067 -1.5069336934896058
1.9212989182079945 0.82695137490581394 -1.4967429124043523
2.0154575288939718 0.81939822006073315 -1.4865089196177173
2.1096120096667286 0.81182172008667652 -1.476234373246978
2.2037626339792942 0.80422342072955311 -1.4659219584575747
2.2979096779207984 0.79660488263634055 -1.4555743863000787
2.3783792005516542 0.79606902976877791 -1.4570792356668714
2.4513347967136467 0.77994471525786357 -1.431360554985732
2.5347909311817904 0.75211929326113214 -1.3856951091951664
2.6253620163157807 0.72633959616710664 -1.3437875285205592
2.7215877290835793 0.70510553940671195 -1.3099230513120506
2.8226011791559618 0.68895152625290546 -1.2850009391080053
2.9271196427136155 0.67831896327740293 -1.269746825195831
3.0342685396610745 0.67342333882169136 -1.2645074294102172
3.143492208226335 0.67499017579322196 -1.2705223796095175
3.2512616065468838 0.68397229976872009 -1.2893350619711437
3.3549489402482293 0.69919138014894056 -1.3188253992372121
3.4543329389799569 0.72032923040035313 -1.3584356455037165
3.5480407674444092 0.74731283591482289 -1.4079978340482038
3.6343635726103862 0.77964284661734906 -1.466595528764689
3.7122561472041378 0.81669510969322112 -1.5331162317908338
3.7807968661960807 0.85858285484908081 -1.607728164845436
3.8372817253085074 0.90490673264682941 -1.6896580050124166
3.8815398224955766 0.95361073688990017 -1.7753400647291058
3.9146838051606094 1.0038019242974729 -1.8632616202246071
3.9364516005972776 1.055264406874435 -1.9530408963009651
3.9467493787435242 1.1073346580338201 -2.0435259983336289
3.9460208638655034 1.1592678954523241 -2.1334405651478461
3.9345742052089774 1.2105330255636308 -2.2218741978790009
3.9114810316455078 1.2606483107501589 -2.3079645991043058
3.877142226828111 1.3086552548951469 -2.3900640057060967
3.8346101890381386 1.3541005758324229 -2.4674796979166098
3.7846780734191583 1.3968609425409695 -2.5400220751369931
3.7274527614504906 1.4365763473785145 -2.6070709253410427
3.6636413753001031 1.4728971185663948 -2.6680420718435167
3.5943027998965515 1.5056475260442452 -2.7226631902345129
3.5203270416317767 1.5346492157081817 -2.770652306283611
3.4418927505010246 1.5590073263802664 -2.8104651270445591
3.3602282197685756 1.5786002528601384 -2.8419281685137281
3.2768857349102749 1.5945154664660952 -2.8669715703148189
3.1924518622063611 1.6067507516937096 -2.8856092108160172
3.1076095634980252 1.6149937195807307 -2.8973207318345797
3.0230398300532513 1.619299661190597 -2.9022224505512568
2.9392772988238955 1.6198872599304697 -2.9007092194584247
2.8572237669591138 1.6167506341434728 -2.8927980887109843
2.7786571797033908 1.6095885792043461 -2.8780211470623791
2.7028584363311623 1.5985928187337297 -2.8566886786683523
2.628214189195107 1.5846830904674845 -2.8303447116504019
2.5562707115240295 1.5678114805139713 -2.7989529816291445
2.487836554350519 1.5479722913467797 -2.7625280430477721
2.4229229544683148 1.5252013078108797 -2.7211321997471849
2.3617606437927301 1.4995984871557408 -2.6749455214716114
2.3054028864094462 1.4716638733194534 -2.6248657966266888
2.2547732705468011 1.4411030831360829 -2.5704111102967167
2.2095016515297345 1.4073114472719455 -2.5105231133020336
2.1697204644925789 1.3707669733318231 -2.4460336182382418
2.1362103186372448 1.3320494186138276 -2.3779702302791508
2.1095609907098005 1.2913388994694208 -2.3066626950967284
2.0902604116229289 1.2488706132782639 -2.2325330737407039
2.0786204280623317 1.2050168508653067 -2.1562355286731147
2.074709442270418 1.1602269025472349 -2.0785502170890102
2.0801054441766005 1.1147340665455383 -1.9999288604250045
2.0954583794613106 1.0689188566185048 -1.9210500894110503
2.1200680061046357 1.0233418156898972 -1.8428635108924682
2.1536814139532789 0.97850075858314167 -1.7662236189973672
2.1963248331033913 0.93488100821727971 -1.6919717100880745
2.2480541419613811 0.89307020759494526 -1.621127175183023
2.3090848807926654 0.85438973188170075 -1.5559848976996076
2.4239107585549724 0.83538080984712448 -1.526535622635518
2.4126832115359078 0.77517025305046372 -1.4219240319937487
2.3615942671956911 0.73578086363018391 -1.3521656923305456
2.3105497081626254 0.6963781202813526 -1.2823855683362488
2.2595521625653698 0.65696123229561498 -1.2125823701238745
2.2086042283811045 0.61752941803610162 -1.142754822604799
2.157708472312228 0.57808190527539016 -1.0729016660400799
2.1068674286762392 0.53861793152949189 -1.0030216565852919
2.0560835983092409 0.49913674438776101 -0.93311356682870816
2.0053594474834227 0.45963760183857505 -0.86317618632258331
1.9546974068389675 0.4201197725906895 -0.7932083221073829
1.9040998703307503 0.38058253639013129 -0.7232087992287326
1.8535691941902377 0.34102518433253548 -0.6531764612469354
1.8031076959029553 0.30144701917078209 -0.58311017073882043
1.7527176532019098 0.26184735561783867 -0.51300880979177377
1.7024013030773448 0.22222552064469336 -0.44287128048975527
1.6521608408031743 0.18258085377325498 -0.3726965053911096
1.6019984189804986 0.14291270736413858 -0.3024834279980339
1.5519161465985003 0.10322044689919763 -0.23223101321747133
1.5019160881131199 0.063503451258721283 -0.16193824781330696
1.45200026254382 0.023761112993183314 -0.091604140849671944
1.4021706425887912 -0.016007161410554999 -0.021227724125202185
1.3524291537589244 -0.055801951268683841 0.049191947401907354
1.3027776735308536 -0.095623821445643603 0.11965579519824332
1.2532180305194387 -0.13547332210512955 0.19016471674898672
1.2037520036699203 -0.17535098846705768 0.26071958516144955
1.1543813214701086 -0.21525734057053672 0.33132124877841085
1.105107661182875 -0.25519288304295262 0.40197053080142187
1.0559326480992393 -0.29515810487524929 0.47266822892422056
1.0068578548123264 -0.33515347920349003 0.54341511497639117
0.95788480051247649 -0.37517946309677996 0.61421193457740197
0.90901495030376145 -0.41523649735163115 0.68505940680115041
0.86024971454217103 -0.45532500629284467 0.75595822385114197
0.81159044819570636 -0.49544539758099937 0.82690905074644583
0.7630384502266605 -0.53559806202657989 0.89791252501847985
0.71459496299625913 -0.57578337341087149 0.9689692564188348
0.66626117169193866 -0.61600168831364244 1.0400798266381734
0.61803820377745367 -0.65625334594770479 1.1112447890363477
0.56992712846603366 -0.69653866800040276 1.1824646683838167
0.52192895621678193 -0.7368579584820999 1.253739960614485
0.47404463825451787 -0.77721150358171665 1.3250711325900391
0.4262750661132429 -0.81759957152937512 1.3964586218758781
0.37862107120340954 -0.85802241246620303 1.4679028365287268
0.33108342440314203 -0.89848025832136247 1.5394041548960289
0.28366283567362066 -0.93897332269630795 1.61096292542714
0.23635995369870816 -0.9795018007563816 1.682579466496481
0.18917536554901421 -1.0200658691297362 1.7542540662386563
0.14210959637051285 -1.0606656858136516 1.8259869823956252
0.095163109097834042 -1.1013013900882769 1.8977784421759853
0.048336304192354462 -1.1419731024378281 1.9696286421264291
0.0016295194051866857 -1.1826809244792829 2.0415377480154162
-0.044956970434828547 -1.2234249388985898 2.1135058947291148
-0.091422953608055468 -1.2642052093944438 2.1855331861796836
-0.13776828166579502 -1.3050217806296016 2.257619695225848
-0.1839928695668108 -1.3458746781898248 2.3297654636059262
-0.23009669578853054 -1.3867639085504155 2.4019705018832398
-0.27607980241289881 -1.427689459050389 2.4742347894039787
-0.32194229518682693 -1.4686512978742876 2.5465582742675354
-0.36768434355720431 -1.509649374041643 2.6189408733093167
-0.41330618068045 -1.5506836174041072 2.6913824720960577
-0.45880810340658207 -1.5917539386502426 2.7638829249336423
-0.50419047223779478 -1.6328602293179801 2.8364420548874225
-0.54945371126156961 -1.6740023618147628 2.9090596538150817
