-0.6484117102798449 -1.5936900078172089 2.7729685492729503
-0.53506599543758127 -1.5970546771457348 2.7753686789232828
-0.60129390714722575 -1.580233857956701 2.7482407528855126
-0.66629690353415527 -1.5602211643039896 2.7155482887388041
-0.72921868977553084 -1.5372874556624714 2.6777344740084903
-0.78944701607901835 -1.5112212385968897 2.6344145565383017
-0.84611971292197197 -1.4817382250438287 2.5850701664262523
-0.89911799910994139 -1.449434804809647 2.5307305111723712
-0.94793526709816356 -1.4144168636404564 2.4715636432782513
-0.98857171147107525 -1.3753361615938002 2.4051138475438458
-1.0197498183373488 -1.3327365199994896 2.3322842632689702
-1.0423253595235269 -1.2877605748649663 2.255079503194231
-1.0552176120766326 -1.2408747209319946 2.1742745642806902
-1.0571306685544875 -1.1926988540818626 2.0909037633192229
-1.0480171962307019 -1.1438982124828709 2.0061176831163365
-1.0285440320665498 -1.0947012788602846 1.9203321467595225
-0.99582046317862849 -1.0463514754331078 1.8356130478870645
-0.94938005714572071 -1.0005813836139719 1.7549466745807965
-0.89153653881127815 -0.95776081512133038 1.6790433915037655
-0.82338281036631344 -0.91821609807826587 1.6085013542996287
-0.74566822941418764 -0.88264707932099329 1.5445551750410849
-0.6595244194781158 -0.85177431276523974 1.4884868836815461
-0.56610263542552541 -0.82576237153714316 1.4406162857845217
-0.46568319637702071 -0.80505126563640883 1.4017138447522779
-0.36015395004835188 -0.79087736073453674 1.3739777144656209
-0.25240133251406272 -0.78319911934489861 1.3574232324729945
-0.14358075632678288 -0.78163334297682741 1.3514217330856113
-0.034685303929803291 -0.78616318953260378 1.3559740829439648
0.072640403552462818 -0.79684229656069516 1.3712229024069835
0.17667757644384946 -0.81334787856897761 1.3966611845993628
0.27648626564605477 -0.83558371759274586 1.4321507385850425
0.3705053987888855 -0.86394766742117102 1.478427769208039
0.45597148143903238 -0.89770717125055088 1.5343072350229614
0.53224415339320807 -0.93522309343527388 1.5969699210496326
0.59902669103367634 -0.97614828002949161 1.6658236266565583
0.65537673963057586 -1.0200797061728186 1.7401989133278106
0.70058180424612826 -1.0662423337533413 1.8187751465086994
0.73450486486435285 -1.1137564962679789 1.900033091725926
0.75596175826194223 -1.1621066659609536 1.983115776874171
0.76307461046673719 -1.2103980582866209 2.0665304127647324
0.75893900628107636 -1.2573562720052174 2.1479764046024257
0.74661886210829054 -1.3026177460217061 2.2267314798616389
0.72500351429800136 -1.3457409385273671 2.3020645517201066
0.69485667713880916 -1.3862508184370976 2.3731298618442374
0.65768037702449478 -1.4240086300547494 2.4396416856029188
0.61435077093264212 -1.4587141200320497 2.5010535467471406
0.5648109516432378 -1.489120794088084 2.5552085021790574
0.51045139084396274 -1.515582841388261 2.6026778906507304
0.45323961062751611 -1.5399193217590703 2.6465524447807907
0.39344928517927064 -1.5617487157717838 2.6861631875136851
0.33153383180730961 -1.5806273451346724 2.7207280658185948
0.26795221672418273 -1.596697959145376 2.7504804236730545
0.20281649657944095 -1.61024295904333 2.7759059373473938
0.13707246971195769 -1.6211540762298549 2.796788532043863
0.072223850033523995 -1.6290327961761049 2.8123926294366641
0.0066241761296484403 -1.6343922598173277 2.8236566419419322
-0.061118946923750195 -1.6377422161743065 2.8315054283835899
-0.12976352835014743 -1.638843864453926 2.8354879088206792
-0.19848275963870868 -1.6376570930018661 2.8355096360559235
-0.26718348614100756 -1.6341144814363646 2.8314510445024963
-0.33620085460212773 -1.6280848581412422 2.8230951123887884
-0.39299163674249388 -1.6255588664423581 2.8204371873929714
-0.4339808717335728 -1.6466320914928798 2.8581704306207039
-0.49575828651968229 -1.6369955840560935 2.8433495804014144
-0.54289682773583037 -1.5951836181844636 2.772365318325209
-0.59003536895197861 -1.553371652312834 2.7013810562490037
-0.63717391016812719 -1.5115596864412044 2.6303967941727984
-0.68431245138427577 -1.4697477205695741 2.5594125320965917
-0.73145099260042357 -1.4279357546979445 2.488428270020385
-0.77858953381657181 -1.3861237888263154 2.4174440079441801
-0.82572807503272005 -1.344311822954686 2.3464597458679748
-0.87286661624886819 -1.3024998570830559 2.275475483791769
-0.92000515746501654 -1.2606878912114265 2.2044912217155637
-0.96714369868116501 -1.2188759253397967 2.133506959639357
-1.0142822398973133 -1.1770639594681667 2.0625226975631512
-1.0614207811134615 -1.1352519935965373 1.9915384354869454
-1.1085593223296097 -1.0934400277249077 1.9205541734107396
-1.155697863545758 -1.0516280618532778 1.8495699113345343
-1.202836404761906 -1.0098160959816485 1.7785856492583285
-1.2499749459780547 -0.96800413011001818 1.7076013871821218
-1.2971134871942029 -0.92619216423838879 1.6366171251059165
-1.344252028410351 -0.88438019836675941 1.5656328630297107
-1.391390569626499 -0.8425682324951298 1.4946486009535049
-1.4385291108426475 -0.80075626662349997 1.4236643388772994
-1.4856676520587957 -0.75894430075187058 1.3526800768010934
-1.5328061932749442 -0.71713233488024053 1.2816958147248871
-1.579944734491092 -0.67532036900861114 1.2107115526486818
-1.6270832757072407 -0.63350840313698131 1.1397272905724758
-1.6742218169233893 -0.59169643726535115 1.0687430284962689
-1.7213603581395371 -0.5498844713937221 0.99775876642006445
-1.7684988993556854 -0.50807250552209204 0.92677450434385822
-1.8156374405718332 -0.46626053965046288 0.85579024226765266
-1.8627759817879819 -0.42444857377883283 0.78480598019144643
-1.9099145230041297 -0.38263660790720366 0.71382171811524131
-1.9570530642202781 -0.34082464203557383 0.64283745603903553
-2.0041916054364264 -0.29901267616394367 0.57185319396282885
-2.0513301466525742 -0.25720071029231462 0.50086893188662385
-2.0984686878687233 -0.21538874442068442 0.42988466981041717
-2.1456072290848711 -0.17357677854905537 0.35890040773421228
-2.1927457703010189 -0.13176481267742543 0.28791614565800616
-2.2398843115171685 -0.0899528468057951 0.21693188358179882
-2.2870228527333163 -0.048140880934165881 0.14594762150559415
-2.334161393949465 -0.0063289150625360779 0.074963359429388143
-2.3812999351656119 0.035483050809093114 0.0039790973531832474
-2.4284384763817606 0.077295016680723083 -0.067005164723023258
-2.4755770175979102 0.11910698255235336 -0.13798942679923021
-2.5227155588140575 0.16091894842398247 -0.2089736888754348
-2.5698541000302058 0.20273091429561221 -0.27995795095164111
-2.6169926412463536 0.24454288016724152 -0.35094221302784606
-2.6641311824625022 0.28635484603887146 -0.4219264751040524
-2.71126972367865 0.32816681191050073 -0.49291073718025769
-2.7584082648947987 0.36997877778213084 -0.56389499925646414
-2.8055468061109474 0.41179074365376078 -0.63487926133267025
-2.8526853473270948 0.45360270952538995 -0.70586352340887526
-2.8998238885432435 0.49541467539701978 -0.7768477854850816
-2.9469624297593913 0.53722664126864905 -0.84783204756128672
-2.99410097097554 0.57903860714027922 -0.91881630963749328
-3.0412395121916891 0.62085057301190905 -0.98980057171369973
-3.0883780534078369 0.66266253888353843 -1.0607848337899046
-3.1355165946239856 0.70447450475516826 -1.1317690958661106
-3.182655135840132 0.74628647062679743 -1.2027533579423157
-3.2297936770562807 0.78809843649842737 -1.273737620018522
-3.276932218272429 0.82991040237005664 -1.3447218820947273
-3.3240707594885781 0.87172236824168681 -1.4157061441709338
-3.3712093007047268 0.91353433411331675 -1.48669040624714
-3.4183478419208737 0.9553462999849458 -1.5576746683233449
-3.465486383137022 0.99715826585657563 -1.6286589303995511
-3.5126249243531706 1.038970231728205 -1.6996431924757562
-3.5597634655693198 1.0807821975998355 -1.7706274545519629
-3.606902006785468 1.1225941634714647 -1.8416117166281694
-3.6540405480016149 1.1644061293430943 -1.9125959787043743
-3.8035982753622166 1.1883161526578554 -1.9494762478893404
-3.632669705499004 1.1693901986409041 -1.9218751045512561
-3.6276106922439944 1.1311600659698284 -1.8558204619962368
-3.6107595484025592 1.0911681726862632 -1.787071539410737
-3.5861048579345631 1.0510075306567854 -1.7182662682188055
-3.5529043373611024 1.0111051203469397 -1.6501665357774549
-3.5104061284421251 0.97202113254771838 -1.5837652077393549
-3.4595789268338231 0.93400343851141066 -1.5194622698897118
-3.4003432219990573 0.89733226237243224 -1.4577454105645042
-3.329744307017414 0.86417299566006334 -1.4024539366938382
-3.2491264899944867 0.83563062222400408 -1.3554608132262063
-3.1609532312865234 0.81138215253588952 -1.3161322149138761
-3.0662712316285994 0.79196524094530052 -1.285367590801612
-2.9663929989964721 0.7780558763197678 -1.2642979246011548
-2.8628171862551124 0.76994694043136747 -1.2533851140871644
-2.7562269727816742 0.76747845954524718 -1.2523314552026137
-2.6483356901854589 0.77177287134310302 -1.2630289690302785
-2.5428117598783997 0.78335645667124443 -1.286278183094764
-2.4411627669383806 0.80128029865410511 -1.3203902138210399
-2.3438681578094602 0.82508145778929032 -1.3645488583687657
-2.2525487987415569 0.8545806271969818 -1.4183946127666693
-2.1688894676186301 0.88926628334655478 -1.4809907206276571
-2.093583282905688 0.92864660616735417 -1.5514645200067829
-2.0275929683325447 0.97276018446974011 -1.629853757280479
-1.9735757427275555 1.020982228559477 -1.7149961517985974
-1.9322422395299002 1.0716286862568278 -1.8039538381827656
-1.9028619504083835 1.1238952464370371 -1.8953560203541036
-1.8856935357163094 1.1774596750994253 -1.9886368663574665
-1.8811483329352274 1.2315032636971091 -2.0823661448578692
-1.8887368653941763 1.2850624595457629 -2.1748900008652559
-1.9083906279357201 1.3375778037951709 -2.2652416639673412
-1.9414420650701028 1.3883803862067845 -2.3522224958766675
-1.9869393070576555 1.4360535910322796 -2.4334079904693975
-2.0410484485524818 1.4800478171020985 -2.5079621744687897
-2.1031055112613046 1.5201621297715933 -2.5755571317597328
-2.1726557804353868 1.5558598386153759 -2.6352771625144511
-2.2482286152076787 1.5867599163231474 -2.6865068214464713
-2.3280911539420419 1.6128030951360444 -2.7291957963388356
-2.4114096267073868 1.6332491018796966 -2.7620872571541608
-2.4967996375734818 1.6469937510982697 -2.7833107829996844
-2.5818299391502211 1.6557068398114716 -2.795831524938786
-2.6656432832178947 1.661055178105308 -2.8025619226384926
-2.7475505915978888 1.6622964250969279 -2.802237195888253
-2.8267907689606302 1.6596086726413299 -2.7951887417319203
-2.9031379498851311 1.6536098846535605 -2.7824935638364106
-2.9760724884386844 1.6445868844115479 -2.7646640752043616
-3.0433441978994176 1.6323937532262527 -2.7415155424716162
-3.1054283872857065 1.6174549019632802 -2.7137686087538571
-3.1656463491097746 1.6006531453148456 -2.6828518190225865
-3.2235210579189575 1.5820520259968351 -2.6488896329533977
-3.2778234614729951 1.5617352171964505 -2.6120640905756414
-3.328440391485342 1.5398432147579695 -2.5726219291775232
-3.3758856564421507 1.5163118618155926 -2.5304365237816628
-3.419950707197946 1.4914078341949952 -2.4859760139735552
-3.4594170646651112 1.4659147620848534 -2.4406343199785727
-3.4949241904483146 1.4391514212711567 -2.3932123723228931
-3.5275256685333476 1.4100880433590841 -2.3418949760394674
-3.5565999838207434 1.379146683586153 -2.2874318368577771
-3.5816712285471963 1.3469481991942704 -2.2309125495416735
-3.6023507119405385 1.3134862741080138 -2.1723379299527159
-3.618104735067794 1.2784942193849695 -2.1112622626269761
-3.631146957212076 1.2436622849765828 -2.0505458223825528
-3.7941526694869312 1.2129705559004365 -1.9924656812967225
-3.7545775711628906 1.1311370817819175 -1.851942140870094
-3.6600391246620094 1.1257310102157432 -1.8454379465339672
-3.5655006781611323 1.1203249386495693 -1.8389337521978402
-3.4709622316602511 1.1149188670833956 -1.8324295578617136
-3.3764237851593704 1.1095127955172215 -1.8259253635255865
-3.2818853386584901 1.1041067239510471 -1.8194211691894604
-3.1873468921576089 1.0987006523848728 -1.8129169748533336
-3.0928084456567317 1.0932945808186993 -1.8064127805172066
-2.9982699991558506 1.0878885092525252 -1.7999085861810802
-2.9037315526549694 1.0824824376863507 -1.7934043918449534
-2.8091931061540891 1.0770763661201768 -1.7869001975088268
-2.7146546596532084 1.0716702945540026 -1.7803960031727
-2.6201162131523312 1.0662642229878287 -1.7738918088365736
-2.5255777666514501 1.0608581514216546 -1.7673876145004466
-2.4310393201505693 1.0554520798554803 -1.7608834201643198
-2.3365008736496882 1.0500460082893064 -1.7543792258281936
-2.2419624271488079 1.044639936723132 -1.7478750314920664
-2.1474239806479303 1.0392338651569584 -1.7413708371559402
-2.0528855341470496 1.033827793590784 -1.7348666428198132
-1.9583470876461686 1.0284217220246099 -1.7283624484836864
-1.8638086411452881 1.023015650458436 -1.7218582541475598
-1.7692701946444105 1.0176095788922619 -1.7153540598114334
-1.6747317481435298 1.0122035073260878 -1.7088498654753064
-1.5801933016426493 1.0067974357599137 -1.7023456711391798
-1.485654855141769 1.0013913641937395 -1.6958414768030532
-1.3911164086408874 0.99598529262756563 -1.6893372824669264
-1.2965779621400102 0.99057922106139173 -1.6828330881307998
-1.2020395156391293 0.9851731494952175 -1.6763288937946732
-1.1075010691382479 0.97976707792904338 -1.6698246994585462
-1.0129626226373676 0.97436100636286915 -1.6633205051224196
-0.91842417613648708 0.96895493479669526 -1.656816310786293
-0.82388572963560947 0.96354886323052136 -1.6503121164501662
-0.72934728313472863 0.95814279166434724 -1.6438079221140396
-0.63480883663384802 0.95273672009817301 -1.6373037277779128
-0.54027039013296674 0.94733064853199889 -1.6307995334417862
-0.44573194363208635 0.94192457696582466 -1.6242953391056596
-0.35119349713120918 0.93651850539965087 -1.617791144769533
-0.25665505063032801 0.93111243383347675 -1.6112869504334064
-0.16211660412944762 0.92570636226730274 -1.6047827560972794
-0.067578157628566393 0.92030029070112851 -1.5982785617611526
0.026960288872314275 0.91489421913495439 -1.591774367425026
0.12149873537319128 0.90948814756878038 -1.5852701730888994
0.21603718187407278 0.90408207600260626 -1.5787659787527728
0.31057562837495317 0.89867600443643214 -1.5722617844166462
0.40511407487583367 0.89326993287025824 -1.5657575900805192
0.49965252137671484 0.88786386130408401 -1.5592533957443924
0.59419096787759207 0.88245778973791011 -1.552749201408266
0.68872941437847324 0.87705171817173588 -1.5462450070721394
0.78326786087935352 0.87164564660556176 -1.5397408127360126
0.87780630738023424 0.86623957503938764 -1.533236618399886
0.97234475388111208 0.86083350347321375 -1.5267324240637592
1.0668832003819924 0.85542743190703963 -1.5202282297276324
1.161421646882874 0.85002136034086551 -1.513724035391506
1.2559600933837545 0.84461528877469139 -1.5072198410553792
1.3504985398846345 0.83920921720851727 -1.5007156467192522
1.4450369863855126 0.83380314564234337 -1.4942114523831258
1.5395754328863931 0.82839707407616925 -1.4877072580469992
1.634113879387274 0.82299100250999524 -1.4812030637108722
1.7286523258881548 0.81758493094382112 -1.4746988693747458
1.8231907723890355 0.81217885937764689 -1.468194675038619
1.9177292188899135 0.80677278781147299 -1.4616904807024924
2.0122676653907936 0.80136671624529876 -1.4551862863663656
2.1068061118916743 0.79596064467912464 -1.4486820920302388
2.2013445583925555 0.79055457311295063 -1.4421778976941122
2.2958830048934362 0.78514850154677651 -1.4356737033579856
2.3600021607224346 0.76561941602373129 -1.4037913708351439
2.4031061602307515 0.7355152720916257 -1.3529595795596274
2.4984005095724329 0.71363224898963706 -1.3179430075310621
2.6056069426036279 0.69863892928609905 -1.295218183598486
2.7142119611217264 0.69019175271967914 -1.2838722603816364
2.8224534413291096 0.68843186838973625 -1.2840963859005112
2.9283138282319952 0.69308672565736296 -1.2953575378246538
3.0303435676386643 0.70424511015638025 -1.3177656213187279
3.1263544765715947 0.72273452950878592 -1.3526875268559158
3.2137435088780961 0.74697919202489216 -1.397315608068312
3.2930212197875663 0.77438174606531041 -1.4471672220208618
3.3635228582495205 0.80527088929630541 -1.5027914965857547
3.424355649126912 0.83922697433898996 -1.5634347017560173
3.4757779917407365 0.87526907851490399 -1.6274059101263572
3.5181195614654084 0.91267102333640615 -1.6934575151477211
3.5491801395550278 0.95104844357272711 -1.7608573770900655
3.5690143478709984 0.98958027007151461 -1.8281852539241843
3.5826311763404992 1.0277237942589703 -1.894652735707691
3.5909866410993385 1.065405912288627 -1.9601621349655116
3.5929794913721698 1.1022455233069666 -2.0240201901558699
3.5891551893331721 1.1380525082231654 -2.0859141550770737
3.5804285100845243 1.1728896218223455 -2.1459803650742622
3.567161405185538 1.2065073086041 -2.2037975930830647
3.5492838678372127 1.2378822925085882 -2.2575916464343653
3.5274327493125539 1.2676329237707693 -2.3084526169074486
3.5022990102922744 1.2973133560112442 -2.3590928285125092
3.473886969103773 1.326517141887315 -2.4088085386167029
3.4423780638615211 1.3546815487156283 -2.4566307067968158
3.4079148096422287 1.3817703564751944 -2.5025009160354341
3.3700151167718637 1.4080245569537515 -2.5468219435912141
3.329085365082785 1.4333395288383055 -2.589424890271423
3.2869658626499101 1.457161488592239 -2.6294063375223504
3.2414233297425215 1.4798389397214955 -2.6673023387115919
3.1895607447633267 1.5016600878570512 -2.7035244721892084
3.1325065599063646 1.5221850024158741 -2.7373449792742779
3.0713598952676033 1.5411186885868555 -2.7682862091381599
3.005832961212668 1.5581361085413716 -2.7957765784252167
2.9355838985127574 1.5728095218470086 -2.8190650114633788
2.8612800254371615 1.5850675517982273 -2.8380480641735137
2.7837640950274078 1.5953308513251789 -2.8534796773329152
2.7013562385776058 1.6011156068284396 -2.8610076741649184
2.6147582370270386 1.6009942526984031 -2.8581810200352922
2.5261183522391097 1.5959818224415081 -2.8468224246527445
2.4366387026745326 1.5859772036349806 -2.8267930860174646
2.3478892375728049 1.5703710327355851 -2.7970851290149179
2.2614902811106301 1.549071964630754 -2.7575892963052664
2.1773602036007098 1.5227113630133751 -2.7093964965287647
2.0980911773547759 1.4904281413735652 -2.6510937934679939
2.0286147138118968 1.4519523281850537 -2.582362614001585
1.9694556648166668 1.4086417670086884 -2.5055703120697013
1.920303636842003 1.3613050818742971 -2.4221078794973101
1.8823943555979084 1.3105931529933614 -2.3331398425329022
1.856637122941885 1.2573159994079985 -2.2400964698312515
1.843319188638864 1.2021885388489091 -2.144224548554567
1.8426248727778416 1.1454883720094002 -2.0460104187332471
1.8565334215426634 1.0884228611753697 -1.9476048221669446
1.8846490743747502 1.0328190635665639 -1.8521599267989366
1.9253761842812398 0.97920464063010915 -1.7605413533670959
1.9781602078778915 0.927998269471218 -1.6734574438803216
2.042411245426742 0.87996160884765673 -1.5922094433875618
2.1170473206851521 0.83597334421364156 -1.5182863863984561
2.1968134974263567 0.79743956668965821 -1.4539645375988681
2.2012160201838555 0.82236200484625332 -1.4972581455434915
2.2472571002834658 0.82494071857133733 -1.5031153918220461
2.1999326180710477 0.78441874949298873 -1.4315094463574387
2.1526081358586295 0.74389678041464036 -1.3599035008928306
2.1052836536462105 0.70337481133629187 -1.288297555428223
2.057959171433791 0.66285284225794305 -1.2166916099636156
2.0106346892213747 0.62233087317959623 -1.1450856644990104
1.9633102070089554 0.58180890410124786 -1.0734797190344025
1.9159857247965364 0.54128693502289904 -1.0018737735697945
1.8686612425841178 0.50076496594455067 -0.93026782810518704
1.821336760371701 0.46024299686620362 -0.85866188264058196
1.7740122781592824 0.41972102778785508 -0.78705593717597433
1.7266877959468634 0.37919905870950643 -0.71544999171136647
1.6793633137344453 0.33867708963115817 -0.64384404624675873
1.6320388315220262 0.29815512055280952 -0.57223810078215098
1.5847143493096096 0.25763315147446253 -0.50063215531754601
1.5373898670971904 0.21711118239611396 -0.42902620985293816
1.490065384884772 0.17658921331776539 -0.35742026438833047
1.4427409026723534 0.13606724423941688 -0.28581431892372267
1.3954164204599346 0.095545275161068421 -0.21420837345911498
1.3480919382475156 0.055023306082719908 -0.14260242799450734
1.3007674560350972 0.014501337004371256 -0.070996482529899596
1.2534429738226824 -0.026020632073974065 0.00060946293470276469
1.2061184916102634 -0.066542601152322606 0.07221540839931051
1.1587940093978444 -0.10706457023067126 0.14382135386391859
1.111469527185426 -0.14758653930901974 0.21542729932852622
1.0641450449730072 -0.18810850838736823 0.28703324479313375
1.0168205627605882 -0.22863047746571682 0.3586391902577416
0.96949608054816983 -0.26915244654406523 0.43024513572234946
0.9221715983357508 -0.30967441562241371 0.50185108118695698
0.87484711612333199 -0.35019638470076242 0.57345702665156517
0.82752263391091363 -0.39071835377911079 0.64506297211617247
0.78019815169849838 -0.43124032285745639 0.716668917580775
0.73287366948607957 -0.4717622919358051 0.78827486304538286
0.68554918727366099 -0.51228426101415347 0.85988080850999049
0.63822470506124218 -0.55280623009250207 0.93148675397459835
0.59090022284882338 -0.59332819917085022 1.0030926994392055
0.54357574063640479 -0.63385016824919904 1.0746986449038141
0.49625125842398593 -0.67437213732754775 1.1463045903684217
0.44892677621156746 -0.71489410640589623 1.2179105358330293
0.40160229399914865 -0.75541607548424472 1.289516481297637
0.35427781178672985 -0.79593804456259298 1.3611224267622442
0.3069533295743147 -0.83646001364093858 1.4327283722268469
0.25962884736189601 -0.87698198271928729 1.5043343176914545
0.2123043651494772 -0.91750395179763555 1.5759402631560624
0.16497988293705851 -0.95802592087598404 1.6475462086206698
0.1176554007246397 -0.99854788995433275 1.7191521540852781
0.070330918512221119 -1.0390698590326812 1.790758099549886
0.023006436299802202 -1.0795918281110299 1.8623640450144929
-0.024318045912616382 -1.1201137971893782 1.9339699904791017
-0.071642528125034965 -1.1606357662677267 2.0055759359437091
-0.11896701033745033 -1.2011577353460723 2.0771818814083112
-0.16629149254986908 -1.2416797044244208 2.148787826872919
-0.21361597476228764 -1.282201673502769 2.2203937723375264
-0.26094045697470647 -1.322723642581118 2.2919997178021343
-0.30826493918712533 -1.3632456116594667 2.3636056632667426
-0.35558942139954375 -1.4037675807378152 2.43521160873135
-0.40291390361196255 -1.4442895498161636 2.5068175541959583
-0.4502383858243813 -1.4848115188945119 2.5784234996605657
-0.49756286803680022 -1.5253334879728604 2.6500294451251731
-0.54488735024921886 -1.5658554570512093 2.721635390589781
-0.59221183246163389 -1.6063774261295545 2.7932413360543826
-0.63953631467405248 -1.6468993952079027 2.8648472815189909
