-19.8435485758401 -15.5087919950463 -0.926527844545974
-19.4814687477111 -16.4123748409935 -0.44709399759603
-19.0636172450321 -17.2893827274333 0.0368338002882924
-18.5906265066802 -18.1361108529258 0.524564149846774
-18.0632632358705 -18.9486563385249 1.01541567126121
-17.4824416419762 -19.7229320381474 1.50861791234193
-16.8492738586265 -20.4547002749416 2.00322672360177
-16.1651378065864 -21.1396345905693 2.49804784765267
-15.4317319191398 -21.7734049140916 2.99155517718272
-14.6511006317539 -22.3517726605394 3.48180063893839
-13.8256382990101 -22.8706819854333 3.96633274540726
-12.9580911257445 -23.3263390465463 4.44215109812038
-12.0515701511115 -23.7152770588113 4.90571328500512
-11.1095737162811 -24.0344081777391 5.3529866698084
-10.1360096794013 -24.2810645078061 5.77951962247324
-9.13521110552846 -24.4530317105507 6.18050738079089
-8.11194804082432 -24.5485802787787 6.55084363437114
-7.07144299085592 -24.5665000799006 6.88516646428056
-6.01939539951713 -24.5061416609461 7.17791518476977
-4.96201439475012 -24.3674638357594 7.42341161473353
-3.9060543129925 -24.1510844872222 7.61597190331121
-2.85884498006611 -23.8583325910676 7.7500499174831
-1.82830610005084 -23.4913020664725 7.82041125750443
-0.822931975681467 -23.0529072509432 7.82233404320019
0.148267329552956 -22.5469342341468 7.75182587309159
1.07587710437501 -21.9780776632314 7.60583953848884
1.95024472820897 -21.351955634178 7.38247060174393
2.7617085740085 -20.6751030176813 7.08112905938589
3.50090610283812 -19.9549426113039 6.70268456170341
4.15917724757646 -19.1997145600307 6.24957689310349
4.72904475528024 -18.4183185084289 5.72586226667242
5.20468705373797 -17.6200172662017 5.13715398970854
5.58225846813706 -16.8139834838532 4.49043915598097
5.85990653485991 -16.0087296518358 3.79381254208102
6.03741286651221 -15.2115128252499 3.05623112131521
6.1155249195332 -14.4278238092069 2.28740944769157
6.09519736475705 -13.6610570119937 1.49792105088135
5.97705140546629 -12.9124256712242 0.699461609212443
5.76131969175318 -12.1811439358572 -0.0948786482295648
5.44834954071955 -11.4648441269864 -0.870528830891284
5.03946110564209 -10.7601537795558 -1.61167080026322
4.53776971881371 -10.0633562059205 -2.30177591310839
3.94863510021456 -9.37110025007772 -2.92428944246136
3.27966661063185 -8.68114883476205 -3.46330149334632
2.54046808477177 -7.99310077735977 -3.90418536462087
1.74233419620672 -7.30891536522225 -4.23431348825479
0.897934628902337 -6.63302982396514 -4.44389684249415
0.0208717529389186 -5.97197354907016 -4.52676556732943
-0.874951717581434 -5.33359994001286 -4.48076641366193
-1.77604218275342 -4.72620650171171 -4.30760303766216
-2.66991945473983 -4.15776026495269 -4.01229624220443
-3.54557993377755 -3.6352347050482 -3.60266910766195
-4.39400031902586 -3.16389227737221 -3.08914420425418
-5.20891453138449 -2.74637228418366 -2.48478076183346
-5.98788288428639 -2.38165411329873 -1.80519767934385
-6.73331167232147 -2.06420720845703 -1.06806724842232
-7.45282073289686 -1.78373813752432 -0.292196711962636
-8.15842414516954 -1.52581668290928 0.503443521355112
-8.86443595549533 -1.27336193061396 1.30035701624647
-9.58462376889053 -1.00865579400731 2.08076548935824
-10.3295288923971 -0.71537527249517 2.82775545419936
-11.1047846694996 -0.38015180305877 3.5256284517934
-11.9107575757598 0.00664729085153177 4.16044328218534
-12.7432503877316 0.450936689545908 4.72047409566891
-13.5946868280359 0.955488210299734 5.19633909676425
-14.4552451752511 1.52069295191343 5.58079341110503
-15.3136806420976 2.14518920791421 5.86839023761722
-16.1578537349597 2.82620962421336 6.05525025833667
-16.9751212750173 3.55969426602464 6.13905163661192
-17.7527271227548 4.34032458772729 6.11917716987325
-18.4782234661664 5.16161719620873 5.99685698788025
-19.1398622118542 6.01612133096191 5.77517415116318
-19.726879376278 6.89567553815472 5.45890674414611
-20.2296428648681 7.79165021228938 5.05427340832507
-20.6396958514196 8.69512745471576 4.56867756368109
-20.949763416114 9.59701307612412 4.01051674791944
-21.1537861529976 10.4881098978131 3.38907290544535
-21.247008743368 11.359194354865 2.71445678737245
-21.2261052953245 12.2011270395807 1.99756116394092
-21.089295564747 13.005000246545 1.24998687845079
-20.8364164786956 13.7623013035438 0.48393083683532
-20.4689513034849 14.4650680681128 -0.287956827756558
-19.9900459253473 15.1060317170317 -1.05274106732327
-19.4045252332336 15.6787585725774 -1.79739912133833
-18.7188751262449 16.1777930503249 -2.50903830005182
-17.9411356973486 16.5987736939744 -3.17509012875406
-17.0807046271852 16.93848477511 -3.78341843393697
-16.1481419147639 17.1948523512497 -4.32232993074892
-15.155093173097 17.3669705143003 -4.78058342535016
-14.1143442058704 17.455267756882 -5.14755935391692
-13.0398576411282 17.461838217467 -5.41367782790293
-11.9465871266696 17.3908197344679 -5.57096709186796
-10.8499962251907 17.2486314947446 -5.61354530389679
-9.76541161872965 17.043965210864 -5.53783102129217
-8.70741135657127 16.7875831036044 -5.34250696489039
-7.68932621854014 16.4920636947914 -5.0284349049206
-6.72275615683841 16.1715861904341 -4.59870472984778
-5.81694899465459 15.8417299476895 -4.05883299708847
-4.97799173906414 15.5191974669472 -3.41696966476202
-4.20792851548552 15.2213736202503 -2.68395390090694
-3.50402549275501 14.9656564117236 -1.87317269098568
-2.85840040762531 14.7685034091968 -1.00029958094745
-2.25815793414135 14.6441810896741 -0.0830043019342869
-1.68610646891174 14.6033388957153 0.859373614576765
-1.12210898520082 14.6517039857528 1.8062786753698
-0.545049902959841 14.7892584232477 2.73659224393215
0.0648235970298827 15.0101440961043 3.62947763235069
0.723712586629233 15.3033297387911 4.46533320727627
1.44281866951859 15.6538810007839 5.22667491909955
2.22790707745746 16.044528399464 5.89871401930252
3.07967300929408 16.4571658262894 6.46952050395757
3.99446792897374 16.8740010763151 6.92992076633537
4.965075773193 17.2782820386893 7.27339595682014
5.98148345218274 17.6546841929714 7.4960881535244
7.03167677586127 17.9894724187071 7.59678056903526
8.10239198026313 18.2705058809235 7.57667662027406
9.17966890692901 18.4871546747689 7.43899927887031
10.2491435358012 18.6302533255169 7.18864033187294
11.2962210003136 18.6922237362061 6.83207315726386
12.3063725096193 18.6673767392069 6.37749955303245
13.2656658303739 18.5522172554267 5.83496295711561
14.1613713985857 18.3455109399544 5.21616418032946
14.9823477421856 18.0480141852565 4.53396217622852
15.719052470557 17.6620092861813 3.80179263660645
16.3633112594949 17.1909045484917 3.03326577194222
16.9081282809771 16.639062050318 2.2420223435911
17.3477182067464 16.0118170686359 1.44173142766926
17.6777180303936 15.3155343086801 0.646065322512628
17.8954091491543 14.5575787337539 -0.131423747297087
17.9998245833045 13.7461886243192 -0.877496581926267
17.9917412038914 12.890309483094 -1.57943286880667
17.8736283131096 11.9994356074676 -2.22522613504143
17.6495972845114 11.0834569612139 -2.80376878126446
17.3253332525249 10.1524892044458 -3.30501272209256
16.907971903852 9.21669226348186 -3.72007066399899
16.4059305560238 8.28611559123369 -4.04124845784643
15.8287543597561 7.37059485892036 -4.26206596422007
15.1870260937212 6.47966633551564 -4.37736362207636
14.4923094833941 5.62242260421423 -4.38354287149498
13.7570257740066 4.80726301262422 -4.27887657669674
12.9941755253327 4.04157416771445 -4.06375514515337
12.2169005933652 3.33141994132994 -3.74078359564232
11.4379435876162 2.68126173248367 -3.31477434376413
10.6690326953598 2.09361120533815 -2.7927606404588
9.92013326694598 1.56846383925882 -2.18409515584496
9.19848358486363 1.10246641350305 -1.50053863086416
8.50747040919063 0.688012336493275 -0.756136381984843
7.8456712457344 0.312696119395446 0.0332328435362264
7.206603461479 -0.0403874786091155 0.850490788555071
6.57963364392016 -0.391238528713516 1.67783877107597
5.95204971294424 -0.760602674181854 2.49688470335589
5.31172392754212 -1.16724846421335 3.28862421939195
4.6494872263813 -1.62562993153094 4.03371310583764
3.96051250717499 -2.14454751988515 4.71323606453114
3.24452634980683 -2.72699759017144 5.3097307970279
2.50516819124169 -3.37094154281835 5.80803169587693
1.74901897581272 -4.07049339457412 6.19568132139635
0.984722480777463 -4.81708895760429 6.46297817660787
0.222384951156309 -5.60043053164459 6.60292221473973
-0.526781136339937 -6.40922786221262 6.61129776362926
-1.25072124246233 -7.23187383150485 6.48695727215721
-1.93685980636595 -8.05717338331717 6.2321715755478
-2.57254406262759 -8.87512828965016 5.85282538388954
-3.14559188024582 -9.6776619047868 5.35830323331956
-3.64489046269446 -10.4591311480478 4.76105221311834
-4.06098904143143 -11.2165281497968 4.07590387209867
-4.38660207126913 -11.9493602215933 3.31924633187745
-4.61688513896895 -12.6592481626324 2.5081167908608
-4.74933396595848 -13.3492887056177 1.65930377933367
-4.78325963424121 -14.0232293239779 0.788598501139791
-4.71898738780768 -14.6845421891576 -0.0896587798112908
-4.55708705818338 -15.3355459948887 -0.962672420054427
-4.29794790818507 -15.9767546211383 -1.81898855822429
-3.94184788824095 -16.6065904754353 -2.64815460515102
-3.48943980425263 -17.2215009114471 -3.44041687604183
-2.94241337827362 -17.8164060918929 -4.18657936752343
-2.30406049782065 -18.3853293036353 -4.8780609038576
-1.57955601727796 -18.9220374813553 -5.50710770241156
-0.775903284144418 -19.4205523886806 -6.06707095118527
0.098386826936016 -19.8754655010637 -6.55265381013391
1.03375443327409 -20.2820694506413 -6.96006115254839
2.02006242707298 -20.6363697690061 -7.28702880667697
3.04700216572771 -20.9350453074257 -7.53274672669393
4.10440415405769 -21.1753969802351 -7.69771088747806
5.18245713106012 -21.3552926751318 -7.7835419756795
6.27185025698965 -21.4731038493875 -7.79280210154468
7.36385395450253 -21.5276366240639 -7.72882959923093
8.45035480594655 -21.5180713205428 -7.59559815913192
9.5238592446401 -21.4439254087017 -7.39759185477273
10.5774763135497 -21.3050450053972 -7.1396789790269
11.6048834683973 -21.1016185469841 -6.82697341168939
12.6002784771066 -20.8342010396518 -6.46469171260905
13.5583276229618 -20.5037387812985 -6.0580323205394
14.4741277253568 -20.1115885239335 -5.61210170383363
15.3431958576278 -19.6595288887591 -5.13188769639469
16.1614852373355 -19.1497648761372 -4.6222510833755
16.9254107851398 -18.5849272370418 -4.08789832994001
17.631866227986 -17.9680651659992 -3.5333199397016
18.278226432205 -17.3026244702073 -2.96271304815244
18.8623416138443 -16.5924004389014 -2.37992540783963
19.3825329216706 -15.8414607793128 -1.78844694972839
19.8375917078647 -15.0540464744399 -1.19144606504318
20.2267759795715 -14.2344670319735 -0.591825764596392
20.549793952992 -13.3870039888447 0.00772387290943658
20.8067673616115 -12.5158264454621 0.604681509768315
20.9981743127713 -11.6249156571653 1.19664607331888
21.1247806252059 -10.7179981220441 1.78127132378526
21.1875749432396 -9.79849277380692 2.35618493154646
21.1877195952666 -8.86947851059396 2.91890562894786
21.1265147267971 -7.93368216545305 3.46676886268027
21.0053588973669 -6.99348260831872 3.99685649029356
20.8256919051151 -6.05093085495115 4.50591657057845
20.588928676921 -5.10779447352673 4.99026826239552
20.2964180992939 -4.165636277178 5.44570859364487
19.9494630717427 -3.22592806311864 5.86745259884307
19.5494130533178 -2.29018756386027 6.25013219627921
19.0978087628888 -1.36012116952784 6.58785807663067
18.5965454716409 -0.43775822973047 6.87433111823274
18.0480318903999 0.474432459591527 7.10298693375468
17.4553413306962 1.37345435962093 7.26716437310026
16.8223646705336 2.25574002669432 7.36029484783316
16.1539769017958 3.11717676669882 7.37611233483301
15.4562240117319 3.95322956756129 7.30889351941352
14.7365231402574 4.75919686513619 7.15375731318981
14.0038397320267 5.53064415074823 6.90706293779541
13.2687635292686 6.26405313931583 6.5669156420615
12.5433738643752 6.95767091059665 6.13372259432425
11.8407930839209 7.61244733928423 5.61069578102544
11.1743799688795 8.23286978636707 5.00422610449795
10.5565904088784 8.82749689922571 4.32411997182225
9.99761454473503 9.40902211376459 3.58370770290747
9.5039811327945 9.99368017666712 2.799783266255
9.07736106709021 10.5997929617553 1.99228314053933
8.71376695160245 11.2454305325658 1.18358806758621
8.40330476147232 11.9456061894159 0.397341260645783
8.13067352248927 12.7098239697532 -0.343180034211344
7.87660347706556 13.5407269282205 -1.01680579584333
7.62014678404313 14.4340563294245 -1.60582921625534
7.34127182493305 15.3796051299268 -2.09669291657541
7.0229763511097 16.3626846488324 -2.48008580101759
6.65239134277231 17.3657070486913 -2.75068242844885
6.22089906891642 18.3696032685965 -2.90669995025092
5.72369281262645 19.3549288522387 -2.94939063688329
5.15921656953222 20.3026668189929 -2.88257081569203
4.5286734170712 21.1948216285719 -2.71223351649112
3.83557806554071 22.0148593342431 -2.44621518983087
3.08530278367256 22.7479757854363 -2.09386808099424
2.28465004996315 23.3811828317551 -1.66574259483605
1.44152999858654 23.9032912899975 -1.17333344077437
0.564768347833488 24.304933688173 -0.628924750811171
-0.336019137468486 24.5787259543253 -0.0455000876909051
-1.25058692030657 24.7195410091217 0.563365509634994
-2.16831094627761 24.7247621409187 1.1836954048184
-3.07850527980459 24.5943805980055 1.80137938338005
-3.97072803945414 24.3308914100879 2.40245809209038
-4.83501172741808 23.9390490149019 2.97335566386333
-5.66200604625029 23.4256003745085 3.50103232899587
-6.44307681857304 22.7990979341687 3.97308001075374
-7.17043193813885 22.0698290598911 4.37781310364605
-7.83732917404966 21.2498202268416 4.70440249298011
-8.43836717325962 20.3528236916775 4.94307472284455
-8.969807637572 19.3941990848744 5.08537100222888
-9.42987714181131 18.3906539102696 5.12444311018643
-9.8190664057636 17.3598609183024 5.05534838065084
-10.1405151196092 16.3199850952154 4.87529367322539
-10.4005327899439 15.2891251784719 4.58380349420918
-10.6091296130741 14.2846246530622 4.18288427738463
-10.7802348279073 13.3221514763646 3.67735936644271
-10.9312483780419 12.4144260791062 3.07547851806412
-11.0817793156308 11.5696062225702 2.38957869683982
-11.2517511148225 10.7896928052881 1.63624978300087
-11.4592874422284 10.0696889675845 0.835571167416127
-11.7188130470895 9.39815742744822 0.00954654981859327
-12.0396818068371 8.75914401375298 -0.819675014668783
-12.4255192598135 8.13472860981872 -1.6312512437325
-12.8743562940338 7.50736300939985 -2.4065729672584
-13.379461724378 6.86159477686008 -3.12972820414142
-13.930605943749 6.18519317755419 -3.78767605756529
-14.5154449576846 5.46977250940999 -4.37030561502523
-15.1208050531948 4.71091565128565 -4.87045673043901
-15.7337462041072 3.90780119816101 -5.28385492105305
-16.3423284184899 3.06245765109354 -5.60888895053013
-16.9360459299874 2.17886273016282 -5.84624317597664
-17.5059614492529 1.26208930330786 -5.99847292948071
-18.0446344977794 0.317613194854355 -6.06960498241597
-18.5459542350002 -0.64918270313818 -6.06478796375135
-19.0049583168723 -1.63331847146955 -5.98997531377648
-19.4176746293681 -2.63037055446329 -5.85162227109054
-19.7809886703705 -3.63650674568745 -5.65640178495106
-20.0925244831777 -4.64844579520089 -5.41096345585587
-20.3505274996301 -5.6633812795406 -5.12175706145173
-20.5537463611203 -6.67889484571115 -4.79491935798738
-20.7013204333834 -7.69286448191085 -4.43619740351774
-20.7926831907962 -8.70336191993647 -4.05087485174312
-20.8274859812173 -9.7085370138569 -3.64368677508821
-20.8055374242403 -10.7064996199028 -3.21873910321188
-20.726751312459 -11.6952172124091 -2.77946568638977
-20.5911046687396 -12.6724420752996 -2.32864548197542
-20.3986186061945 -13.6356709440733 -1.86847401650719
-20.1493730670278 -14.5821320224051 -1.40066113763205
