-20.2435437675901 -15.8671734950075 -1.03339434116404
-19.8674938249999 -16.7730646155025 -0.489857014500514
-19.4343114690185 -17.651139495135 0.0568289939179784
-18.9448647501456 -18.4979889878579 0.605344298964371
-18.4000586996921 -19.3099818348959 1.1544323710414
-17.8008808167183 -20.0832936739987 1.70278386235017
-17.1484543860412 -20.8139477248537 2.24893169022455
-16.4440957003316 -21.4978663523271 2.79116021539749
-15.6893714419053 -22.1309321224978 3.32743092746997
-14.8861529993404 -22.7090563332395 3.85532608572599
-14.0366653160054 -23.228252473904 4.37201083798076
-13.1435289069914 -23.6847117849537 4.87421353991137
-12.2097948092535 -24.0748781436411 5.3582234093341
-11.2389732872515 -24.3955199300497 5.81990434924885
-10.2350579292199 -24.643797292082 6.2547238083219
-9.20254717020059 -24.8173242216288 6.65779592389263
-8.14646512909871 -24.9142259119435 7.02393886211425
-7.07238286216009 -24.9331927837953 7.34774712225173
-5.98643970174314 -24.8735331272055 7.62368043521304
-4.89536234714493 -24.7352263042176 7.84617153387696
-3.80647699226886 -24.5189777419715 8.00975524260654
-2.72770732069209 -24.2262754424302 8.10922075800674
-1.66754909817732 -23.8594454904986 8.13978744529271
-0.6350108709365 -23.4217012492673 8.09730182967774
0.360489488953529 -22.9171779507514 7.97844977211997
1.30928041942661 -22.3509417470966 7.78097338850698
2.20164789965439 -21.7289606257487 7.50387771403205
3.02809860373579 -21.0580245883444 7.1476083585133
3.77966209368509 -20.3456047212268 6.71417961923536
4.44820872644092 -19.5996455673908 6.20723397923471
5.02674977433762 -18.8282924890081 5.63201972211538
5.50967852397961 -18.0395649932029 4.99528413441205
5.89290881340875 -17.2409973687599 4.30509505435583
6.17387453235937 -16.4392781558422 3.57062128932085
6.35137447227821 -15.6399282479489 2.80191801509431
6.42528399906896 -14.8470616417537 2.00976905810457
6.3962031128074 -14.0632706115221 1.20562529010821
6.26515090273128 -13.289666765624 0.401643732301136
6.03342121158866 -12.5260916893057 -0.389215229967985
5.70266722628259 -11.7714890687108 -1.15311290909038
5.27520123441297 -11.0244085226219 -1.8753683730193
4.75442355527489 -10.2835918290409 -2.5406714553813
4.14526519370413 -9.54857394825275 -3.13350069206495
3.45454153071878 -8.82021403101775 -3.63873775572637
2.69114535574513 -8.10106074895762 -4.04244060754581
1.86603406741775 -7.39546263835738 -4.33271144698996
0.991981183163746 -6.70936683417856 -4.50056876433398
0.0830755686128681 -6.04980638671674 -4.5407087902204
-0.846022628786908 -5.42414128399911 -4.45203191252008
-1.7810174588719 -4.83916972649711 -4.23782744334993
-2.70900307021714 -4.30024854808295 -3.90556044564044
-3.61944379956442 -3.81055134607946 -3.46627792375783
-4.50496600151233 -3.37055691178142 -2.93372807987967
-5.36184388126286 -2.97781204061955 -2.32334313491101
-6.19010749280738 -2.62696602688637 -1.65125795554695
-6.99325449228799 -2.31004018261917 -0.933518823259557
-7.7775978410896 -2.01687928398746 -0.185584318469186
-8.55132466981183 -1.73573061360526 0.577854380759313
-9.32337502517116 -1.45390301510722 1.34278604018886
-10.1022705480356 -1.15846497132404 2.09564022593932
-10.8950280904691 -0.836942317967919 2.82303919587673
-11.7062781503222 -0.477973905418369 3.5116663123174
-12.5376729214653 -0.0718829036376264 4.14832400638576
-13.3876209464962 0.388872924826537 4.72018950332882
-14.2513376173925 0.909397205023312 5.21522267644071
-15.1211642686099 1.4922087108016 5.62265012912352
-15.9870872705163 2.13725117456347 5.93344323679473
-16.8373802666306 2.84204520158593 6.14071909989809
-17.6592939478336 3.60195733603358 6.24001482599143
-18.4397260892548 4.41055254101199 6.22941114725522
-19.1658184455256 5.25999144445898 6.10950622767411
-19.8254447305881 6.14143388165709 5.8832608424633
-20.4075728388495 7.04541552278426 5.55574946231846
-20.9025019637337 7.96217341999382 5.13385732090315
-21.3019890854436 8.88190710581655 4.62596205505817
-21.5992882103873 9.79497235474741 4.04163187875106
-21.7891296760066 10.6920133392462 3.39136281151994
-21.8676665965699 11.5640448936654 2.68636735274324
-21.832412365569 12.4024998837421 1.93841769635696
-21.6821883039815 13.1992576892932 1.15973892741645
-21.4170950220865 13.9466691734731 0.362941842860837
-21.0385154145288 14.6375918338611 -0.439019069601847
-20.5491516282543 15.2654465324383 -1.23287967255017
-19.9530927732898 15.8243044747218 -2.00511095910759
-19.255904445111 16.3090099327005 -2.74199369365067
-18.4647252427307 16.715340424694 -3.42974108915115
-17.5883495934545 17.0402014959494 -4.05468499247438
-16.6372708893733 17.2818478141913 -4.60353608037126
-15.6236551619022 17.4401161807696 -5.06372093267984
-14.5612145657087 17.5166498017798 -5.42378849636909
-13.4649532318788 17.515087720328 -5.67386596744133
-12.3507667526784 17.441189980247 -5.8061309306097
-11.2348911129137 17.3028692808663 -5.81525503678539
-10.1332165123052 17.1101047086678 -5.69876753996253
-9.06050397096486 16.8747229315938 -5.45728767681639
-8.0295642470511 16.6100461554476 -5.09458531774061
-7.05047501880413 16.3304219814001 -4.61744986055827
-6.12991929715998 16.0506648905213 -4.0353756647845
-5.2707227499956 15.7854490937927 -3.36010327846719
-4.47164936595193 15.5486956272008 -2.60508192726163
-3.72748581583958 15.3529926048837 -1.78493234312252
-3.02941021590423 15.20907858806 -0.914984349390621
-2.36560864633216 15.1254086835157 -0.0109402443278221
-1.72208116085573 15.1078145672207 0.91132088357202
-1.08357280432899 15.1592646596446 1.83582053640599
-0.434571024231582 15.2797287791663 2.74649201491884
0.239681653011312 15.4661515568219 3.62719328822439
0.952211562102354 15.7125395497768 4.461789872229
1.71343582818938 16.0101671254491 5.23436134917312
2.53045229676483 16.3479040743945 5.92955625374352
3.40656381174068 16.7126616452203 6.53308184890512
4.34108273313766 17.0899425666134 7.03227772757488
5.32942869835317 17.464466384025 7.41669656033782
6.36349630182498 17.8208281060897 7.67860891759069
7.43223822719379 18.1441402193479 7.81336217061048
8.52238910143714 18.4206084753206 7.81955035369497
9.61924824692276 18.6380006717856 7.69898419558271
10.707444929892 18.785982668847 7.45648037213455
11.7716247750503 18.8563134707042 7.09951083408958
12.7970166043986 18.842907683916 6.63776433526014
13.7698607342468 18.7417862970002 6.08267334337831
14.677699137915 18.5509441864756 5.44695261708227
15.5095425764125 18.2701650620133 4.74418401499886
16.2559389690836 17.9008126884125 3.98846863905426
16.9089712491697 17.4456225684412 3.19415459498904
17.462212778469 16.9085122257921 2.37563794261425
17.9106653929889 16.2944218746617 1.54722639949594
18.2507005269633 15.6091912671124 0.723050009221482
18.4800185093681 14.8594731441444 -0.0830001025744824
18.5976355523668 14.0526789721035 -0.857325055179661
18.6039023160488 13.1969483817596 -1.58668364225976
18.5005521705506 12.3011298269091 -2.25828839780983
18.2907712548925 11.3747564907913 -2.85994786056528
17.9792761501637 10.4279987040773 -3.38026579534213
17.5723787544892 9.4715727052601 -3.80890112774279
17.0780125220623 8.51658630551821 -4.13688301737522
16.5056908147256 7.57430577516837 -4.35696424226114
15.8663682006691 6.65583561498407 -4.46398409485802
15.1721805153495 5.77171371400325 -4.45520136706836
14.4360501529942 4.93143767361565 -4.33055142797569
13.6711590500753 4.14295177969542 -4.09278161047358
12.8903114987391 3.41213566801222 -3.74742806113688
12.1052295933862 2.7423428615446 -3.30261524923449
11.3258427807201 2.13403892878996 -2.76868495570534
10.5596471352772 1.584585405267 -2.15769156592723
9.81121759290265 1.08820802977464 -1.48283033861614
9.08195480133921 0.636176651464637 -0.757888927988748
8.3701330850833 0.217207839098379 0.00317866159098231
7.67128275252847 -0.181921991190452 0.786472451739874
6.97888988668088 -0.575592680658405 1.57812517819471
6.2853419958258 -0.978448279558587 2.3640753285662
5.58300664258039 -1.40446827832756 3.12974415995994
4.86531384972466 -1.86606859567352 3.85977110765803
4.12772018077857 -2.37329010222149 4.53795876702242
3.36845426953361 -2.93312923324851 5.1475297176349
2.58897230788506 -3.54906795213992 5.67172148725706
1.79408371442128 -4.22086166707312 6.09466522659973
0.991741827572406 -4.94463395682781 6.40242610347309
0.192532563560112 -5.71329959221845 6.58404176965641
-0.591067638700832 -6.51729319955979 6.63238801167371
-1.34556296983659 -7.34552922474267 6.54473040224089
-2.05732461579374 -8.1864741817677 6.32288088749216
-2.71338926979915 -9.0291886937678 5.97295283027652
-3.30209621476771 -9.86420254905355 5.50477653100098
-3.81352508823557 -10.6841193030997 4.93108282909334
-4.23972535374961 -11.4838973347029 4.26657877648898
-4.57474558308134 -12.2608070027252 3.52703154744616
-4.81448108729146 -13.014106501791 2.72845538338037
-4.95637239790379 -13.7445075772103 1.88647061037854
-4.99901137530848 -14.4535192181919 1.01587686229521
-4.94174228512207 -15.1427672635736 0.130452124111921
-4.78436380749133 -15.8133893835444 -0.757048158378128
-4.5270200976096 -16.4655902133705 -1.63475773093391
-4.17030668320738 -17.0984052324345 -2.49152516246921
-3.71553671856326 -17.7096730218898 -3.31678909953294
-3.16506008552039 -18.2961737063403 -4.10055919944967
-2.52252669211967 -18.8538716373175 -4.83351018065025
-1.7930237854817 -19.3782026000973 -5.50715719836256
-0.983065768555744 -19.8643600160213 -6.11406307386431
-0.100452508851435 -20.3075509895197 -6.64802984734813
0.845967757940012 -20.7032066889101 -7.10424017501915
1.84658908223332 -21.0471414610392 -7.47933029453065
2.89135346546205 -21.3356618719395 -7.77139080841976
3.97004091836981 -21.5656313138925 -7.97990229118849
5.07252289895747 -21.7344984412145 -8.10561928377606
6.18896754431073 -21.8402988076044 -8.15041902485566
7.30999324741791 -21.8816389319548 -8.11713109828312
8.42677337462114 -21.8576708968249 -8.00936199807463
9.53109906261538 -21.7680638029288 -7.8313253433938
10.6154091663916 -21.6129762950024 -7.58768489660557
11.6727968485495 -21.3930322456794 -7.28341423321296
12.6970014193274 -21.109299786825 -6.92367425807332
13.6823923063903 -20.7632723943825 -6.51370793711655
14.6239498840997 -20.3568497712454 -6.05875063722158
15.5172456963927 -19.8923158701967 -5.56395424075789
16.3584226613334 -19.3723115288626 -5.03432355138996
17.1441743595399 -18.7997997691522 -4.4746642206153
17.8717216066711 -18.1780227190162 -3.88954227842228
18.5387842304888 -17.510450189628 -3.28325614218973
19.1435462749263 -16.8007210215388 -2.65982253966284
19.6846136284022 -16.0525792475213 -2.02297800234818
20.1609641628415 -15.2698077930954 -1.3761974147968
20.5718916899584 -14.4561627894237 -0.722730554935511
20.9169462121807 -13.6153116138448 -0.0656566964774768
21.1958739181906 -12.7507775679012 0.592043730192466
21.4085610509372 -11.8658937601002 1.2474025875171
21.5549861252316 -10.9637684004837 1.89736590207466
21.6351850170922 -10.0472634307962 2.53868850412598
21.6492332518288 -9.11898824326006 3.16782667004157
21.597249454868 -8.18131013695678 3.78083475884121
21.4794234413646 -7.23638299107572 4.37327252451844
21.2960717832949 -6.28619519481905 4.94013050380344
21.0477227873726 -5.33263692457844 5.47578170255564
20.7352314267295 -4.37758517724136 5.97396873024559
20.3599226101286 -3.42300241397274 6.42783640024288
19.9237579724138 -2.47104125662195 6.83002023832545
19.4295169959291 -1.52414365054183 7.17280069147356
18.880977893455 -0.58511878683601 7.4483302945883
18.2830779267035 0.342819313857843 7.64893584313447
17.6420278698508 1.25607525113504 7.76748929055944
16.9653527815144 2.15077608280466 7.79782995216608
16.2618328768849 3.02296967332492 7.73520807508327
15.5413253990599 3.86892210804277 7.57670856651811
14.8144611155594 4.68550514823031 7.32160717079938
14.0922258138211 5.47064822809266 6.97161315100989
13.3854545230371 6.22381182331966 6.53096475784291
12.7042796331356 6.94642215787091 6.00636598591174
12.0575795294133 7.64219367510443 5.4067812611269
11.4524700918052 8.31725953599291 4.74313113985605
10.8938695665625 8.98003831780396 4.0279471968041
10.3841540040107 9.6407948413918 3.27504009299532
9.92291367925034 10.3109065006311 2.49921056443437
9.50682635308867 11.0019103924159 1.71599898406499
9.12967893015152 11.724453611767 0.941442813266416
8.78258252381833 12.4872767808179 0.191805439987777
8.45441891467989 13.2963330874016 -0.516747725882128
8.13251883218671 14.1541088240919 -1.16853291852264
7.80351542578659 15.0591890713703 -1.74878660099382
7.45426803303452 16.0061021467923 -2.24414586016613
7.07273619738673 16.9854624360026 -2.64314616301588
6.64870435216357 17.984403666067 -2.93669705012576
6.17429756445598 18.9872589091127 -3.1184851702729
5.64426968711252 19.9764121277205 -3.18525475138828
5.05607705630407 20.9332285891097 -3.13693008824171
4.40977158067008 21.8389711154438 -2.97656827109905
3.70775828708059 22.675623694345 -2.71015567064285
2.95446599909047 23.4265683485445 -2.34628197308657
2.15597729087395 24.077089366576 -1.89573695894595
1.31965660126985 24.6147055674929 -1.37107693623385
0.453805071765837 25.0293522197027 -0.786201323357999
-0.432640903483738 25.3134474506319 -0.155968152571809
-1.33036160618167 25.4618831455349 0.504136686716099
-2.22986013824741 25.4719784192348 1.17827519216553
-3.12163371099524 25.3434264217995 1.85048799135197
-3.9963255625825 25.0782543366264 2.50489803157469
-4.84487490028656 24.6808036228508 3.12590926022661
-5.65868164348961 24.1577242882957 3.69842245685547
-6.42979970545181 23.5179645637751 4.20808658557034
-7.15116721620986 22.772727120275 4.64159658078235
-7.81687466232214 21.9353563999454 4.98703789655175
-8.42246283654401 21.0211202861168 5.23426545799741
-8.96523254361437 20.0468546222995 5.37529152634353
-9.4445383859171 19.0304518010638 5.40464578252389
-9.86203113096362 17.9901944320818 5.31966443565941
-10.2218086488789 16.9439600403378 5.12066600456717
-10.5304354485143 15.9083492197649 4.81098120126057
-10.7967962982291 14.897812672028 4.39682265747683
-11.0317609895376 13.9238664657331 3.88700395272844
-11.2476559043592 12.9944845782602 3.29254074208298
-11.4575645203052 12.1137405485051 2.62618273884781
-11.6745119652716 11.2817378105014 1.90192871038798
-11.9106210163381 10.4948295814613 1.1345676396855
-12.1763444849258 9.74609727749586 0.339273923951222
-12.4798678428653 9.02604066474193 -0.468729691557866
-12.8267352454586 8.32342918815638 -1.27443901548529
-13.2196992427946 7.62625683629052 -2.06327545700543
-13.6587544522794 6.9227231822342 -2.82126008452513
-14.1413029926472 6.20214131736414 -3.53519497006923
-14.6624109661446 5.45567078177725 -4.19289023946314
-15.2151353425788 4.67680064598824 -4.7834531761535
-15.7909142255914 3.86155428859157 -5.29762200633272
-16.3800140609681 3.00843353914033 -5.72809755060233
-16.9720174171146 2.1181523753413 -6.06981301473438
-17.5563220240177 1.19322668060189 -6.32008871763858
-18.1226131992278 0.237489993023304 -6.47863955769792
-18.6612717045501 -0.744400370377074 -6.54743008018834
-19.1636874910752 -1.74741415230734 -6.53039704764423
-19.62246372424 -2.76651893413559 -6.43307687124389
-20.0315107598627 -3.79695097142154 -6.26218285800108
-20.3860426624544 -4.83438230039884 -6.02517566709106
-20.6824971933455 -5.8749932504463 -5.72986232228169
-20.9184034314486 -6.91546800026823 -5.38404798229353
-21.0922201491582 -7.95293471141016 -4.99525344551483
-21.2031642754466 -8.98487173745352 -4.57050207729133
-21.251043842956 -10.0089986089502 -4.11617336956084
-21.2361050007377 -11.0231662146634 -3.63791661718555
-21.1588987289743 -12.0252559581181 -3.14061661540964
-21.0201700739685 -13.0130934776419 -2.62840306127919
-20.8207709318199 -13.9843792507155 -2.10469577676684
-20.5615963607451 -14.9366362281428 -1.57227847766121
