-30.4206245443851 -12.9869123704319 5.52889663204569
-30.4576074473342 -13.857732462017 4.85342042741823
-30.4352482928012 -14.7159450964258 4.16137688202045
-30.3547557835136 -15.5592696720997 3.45551079171833
-30.2176532087523 -16.385701086676 2.73850520652806
-30.025221628413 -17.1933358856982 2.01287373029381
-29.7782206066654 -17.9801788702943 1.28097166127703
-29.4769756629022 -18.7440537993184 0.54508517008242
-29.1217059323328 -19.4826593064964 -0.192475494197484
-28.7128720984857 -20.1937179334665 -0.929334366243945
-28.2513798517338 -20.8751260300562 -1.66306930428859
-27.7385970745236 -21.52503557566 -2.39126375259135
-27.176234936419 -22.1418487293684 -3.11155054021271
-26.5661700723066 -22.7241416565331 -3.82162022490245
-25.910278731146 -23.2705498417745 -4.51919066791824
-25.2103480734193 -23.7796619051139 -5.20196125510426
-24.4681146660664 -24.2499857281194 -5.86759452276635
-23.6854251449268 -24.6800388306569 -6.5137630077351
-22.8644279796197 -25.0685464544585 -7.13825804275739
-22.0076556993533 -25.4146323964217 -7.73909588847475
-21.1179102549845 -25.7178431445455 -8.31452380705794
-20.1980038028834 -25.9779263695093 -8.8628720093822
-19.2505277412127 -26.1944629591498 -9.38230831721609
-18.2778202794441 -26.3665962600748 -9.87065141240735
-17.2821678547931 -26.4930810614649 -10.325396748732
-16.266105105169 -26.5726778003697 -10.7439911238934
-15.2326048637329 -26.6046795928302 -11.1242338695437
-14.1850360169646 -26.5892608867202 -11.4645943801284
-13.1269384582422 -26.5274548899882 -11.764278233985
-12.0617729236321 -26.4208074940444 -12.0230110400307
-10.9927782634368 -26.2709289458987 -12.2406377247334
-9.92297381981619 -26.0791558648181 -12.4166847639704
-8.85527986928359 -25.8464000481267 -12.5500275802636
-7.7927134364755 -25.5731509795757 -12.6388075704139
-6.73859075785597 -25.2596075947789 -12.6807450739854
-5.69659702514278 -24.9059786564146 -12.6738953455959
-4.67054841796947 -24.5129665921346 -12.6176212730607
-3.6638186262382 -24.0822882864034 -12.5132247345141
-2.67874295614967 -23.6169209584042 -12.3636006301633
-1.71656384179422 -23.120784872142 -12.1717159990179
-0.77827415481532 -22.5978458095482 -11.9385549762386
0.133938966216361 -22.0510154475573 -11.6618623066688
1.0155837852167 -21.4815010425303 -11.3369259707556
1.86017119539222 -20.8891180617718 -10.9595120883167
2.66143228988118 -20.2734865251567 -10.5294030419784
3.41657536001441 -19.6354702230569 -10.0520301018718
4.12832013774581 -18.9782198709909 -9.5365526291117
4.80359712167828 -18.3075020143722 -8.99109733767441
5.44904712229515 -17.6310659353904 -8.41800367407315
6.06603081151532 -16.9568914489149 -7.81236562286726
6.6485754334888 -16.2907680282748 -7.16556706785566
7.18624151378529 -15.6341923041703 -6.47228198737384
7.67109923171523 -14.9835188514714 -5.73635291518501
8.10487209407578 -14.3312723296006 -4.97111925859429
8.50114072499027 -13.6702425908998 -4.19373343446494
8.880386120756 -12.999028110005 -3.41701155477408
9.26069604242655 -12.3252057100168 -2.64335009291236
9.64975014718562 -11.662910150222 -1.86423917534115
10.0425671086805 -11.0255041291274 -1.0665215896438
10.4262021631447 -10.417188257945 -0.242076005223462
10.7888381195759 -9.8281119694805 0.605548227671764
11.1277883576392 -9.23666643545384 1.46141459966229
11.4513699680826 -8.61913949820686 2.30498238956782
11.774056387189 -7.96119606335267 3.11811852155397
12.1087222819673 -7.26322201913272 3.89241566260594
12.4604540467688 -6.53625975507293 4.63198008975206
12.824369690499 -5.79247863547227 5.34893327940993
13.1877842129856 -5.03680224007658 6.0541145108466
13.5354283093123 -4.2640350273025 6.74934168820946
13.8550878199693 -3.46230771222473 7.42577231726115
14.1409812156131 -2.62027881603049 8.06836724190783
14.3937718688075 -1.73321648327228 8.66328849904506
14.6178531099846 -0.804211907005241 9.20392906608634
14.817484156624 0.15911792525253 9.69219273970709
14.9936576972916 1.14907867325969 10.1347832906738
15.1431574889881 2.16056695283553 10.5375722364077
15.2600231719173 3.19118882634166 10.9018283228475
15.3382770583917 4.23970831142806 11.2240916459386
15.3742147698529 5.30431850648192 11.4988536234893
15.3670794402495 6.38189379926473 11.7217630590874
15.3180636853185 7.46835238416268 11.8913334868302
15.2285729440922 8.55939813056426 12.0085521066183
15.0989488374183 9.6509234107003 12.0752610270939
14.9283190380492 10.7389460098486 12.0927150796821
14.7153924286471 11.819403292604 12.061187447
14.4594701931292 12.8881346245081 11.9805433349917
14.1609854751639 13.9411064333609 11.8510846410062
13.8213554200029 14.9746739846688 11.6739973434355
13.4424146811573 15.9856474347262 11.4511972809311
13.025869097066 16.9711169354692 11.1848228707046
12.5730428330998 17.9281783882182 10.8767657092389
12.0849193753525 18.8537285734756 10.528478733691
11.5623244674926 19.7444038783331 10.1410681271233
11.0061205314012 20.5966508982656 9.71554043555692
10.4173729872769 21.4068999768044 9.25307214425497
9.79748835699396 22.1718190613436 8.75521886320816
9.1482921084368 22.888590269407 8.22401502485777
8.47198667277943 23.5550852641009 7.66193267511898
7.77097490254959 24.1698047484633 7.07170643525166
7.04762810288409 24.7315576001493 6.45609498916248
6.30413143581149 25.2390347076446 5.81769244299905
5.54249432057497 25.6905363293716 5.15888049098334
4.76469949811608 26.0840354418169 4.48192878736553
3.97287143033347 26.4175448000432 3.78916139068885
3.16934530845128 26.6895599094964 3.08307608647614
2.35660630789882 26.8993167519416 2.36635134655815
1.53716506559778 27.046745276216 1.64175922546546
0.713461517840554 27.1321953005898 0.912055293529991
-0.11215837722259 27.1561132285033 0.17991084523456
-0.937409048346383 27.1188102030558 -0.552088290134028
-1.76001200500477 27.0203626675578 -1.28139076195801
-2.57764510211454 26.8606288754286 -2.00541110504855
-3.38790391508501 26.6393738410971 -2.72148317331469
-4.18829422505788 26.3565064021573 -3.42686896337132
-4.97628407770378 26.0123821098169 -4.11883332119748
-5.74941798640447 25.6080386230658 -4.79475386734847
-6.50543754345024 25.1452051299996 -5.45219659388666
-7.24231678167875 24.6260322235126 -6.08888926252575
-7.95816119675502 24.052672077439 -6.70258538075431
-8.65102129185011 23.42695889449 -7.29089590054071
-9.31875098137483 22.750389260782 -7.85120560159466
-9.95902405211613 22.0244075868596 -8.38074866771804
-10.5695153893419 21.2508068994877 -8.87682233998582
-11.1481415340641 20.4320040143779 -9.33703778436717
-11.6932264957592 19.5710633997814 -9.75949470539238
-12.2035293198731 18.6715127354628 -10.1428148085437
-12.6781643205641 17.7370806238491 -10.4860274510055
-13.1164717519571 16.7714619530425 -10.7883306258442
-13.5178497423848 15.7781554563381 -11.0487715857787
-13.8815276055458 14.7603993550605 -11.2659479182795
-14.2063282551564 13.7212455656959 -11.4379066465335
-14.4905944052852 12.6637844971787 -11.5624146838135
-14.7324850451252 11.591424139893 -11.6375912370652
-14.9306579767528 10.5080260152732 -11.6625793504249
-15.0850063702791 9.417760928096 -11.6377289347345
-15.1968914122447 8.32479062863995 -11.5639448960432
-15.2684941171417 7.23308426657405 -11.441450736243
-15.3014933085222 6.14658602307952 -11.2688551457137
-15.2958889049914 5.06958639533247 -11.0435126305624
-15.2499312453683 4.00680681724814 -10.763428470708
-15.1615453256465 2.96273570408717 -10.4296945318818
-15.0306197741433 1.9403722485742 -10.0475830895189
-14.8607574155221 0.940422874426827 -9.62489335437001
-14.6591734950587 -0.0378549503043061 -9.16792463313491
-14.4344034281158 -0.994145546358305 -8.67737716162298
-14.1928130981854 -1.92444617370841 -8.14717762079544
-13.9358319518834 -2.82040547952152 -7.56796269253956
-13.6596554118746 -3.67202799279002 -6.93394749406386
-13.3578549296348 -4.47336528484578 -6.24888837969112
-13.0258197615242 -5.22806507552071 -5.52670285291622
-12.6651339018128 -5.95009546501273 -4.78590147549887
-12.285786261668 -6.65762716519648 -4.04110617080107
-11.9044204003363 -7.36354980809987 -3.29630093287041
-11.5384680453366 -8.06892251274503 -2.5436076076137
-11.1986758825148 -8.76346949947858 -1.76911819408685
-10.8838481872232 -9.43305316269071 -0.962937233305599
-10.5806143456144 -10.0703329872118 -0.12687175440577
-10.2689304592972 -10.682022232417 0.724940858948683
-9.93133462492864 -11.2871644661363 1.57156725182114
-9.56114935838942 -11.9073622508043 2.39344247200373
-9.16433730245797 -12.5561929242475 3.18016949258902
-8.75354734219385 -13.23448954984 3.93430884350677
-8.33842275050301 -13.9326215259904 4.66786260785079
-7.91839231998887 -14.6368622513626 5.39304881313929
-7.48183121620605 -15.336176550628 6.11370614453195
-7.01156258328153 -16.0262031865256 6.82263000054624
-6.49327479445667 -16.7088177570436 7.50544408012015
-5.92171425319078 -17.3886137463274 8.14800966996304
-5.30101993656276 -18.0691987450798 8.74294902834286
-4.63978832714272 -18.7510375464429 9.29148008449309
-3.94487404765068 -19.4309475692841 9.79985784802462
-3.21788141685013 -20.1028997581814 10.2734539721683
-2.45576556465345 -20.7597128896209 10.7126520838004
-1.65430446330246 -21.3949379886916 11.1127525214627
-0.811755694994691 -22.004196945782 11.4671490313828
0.0696477871247233 -22.5855665417697 11.7712095546171
0.984827689504448 -23.1389346382545 12.0243264018519
1.92821010474458 -23.6646335276823 12.2292006913198
2.8955067887155 -24.1620725776064 12.389372318817
3.88408997653839 -24.6291221165537 12.5069016586025
4.89224158099431 -25.0624799085227 12.5815543288054
5.91810393012376 -25.4586264477541 12.6115794367571
6.95906377819355 -25.8147288476815 12.5952038099116
8.0118000436237 -26.1290463443652 12.5317966933906
9.07272194658028 -26.4007818649178 12.4221603414749
10.1383716374818 -26.6296314512238 12.2680658316136
11.2055634216954 -26.8153446652536 12.0715214617444
12.2712963356231 -26.9574658548761 11.834217885478
13.332589418322 -27.0552596603696 11.5573334470483
14.3863560072681 -27.107768569875 11.2416526192452
15.4293672954064 -27.1139813672881 10.887855027671
16.458317721792 -27.0730976616378 10.496831976636
17.4699752533309 -26.9848055604765 10.0699111648683
18.4613490861846 -26.849418255182 9.60890371762545
19.4297654863002 -26.667750493473 9.11595562624091
20.3727751785616 -26.4407745951725 8.59328322633167
21.2879329247387 -26.1692636367754 8.04294150521789
22.172604829067 -25.8536597049321 7.46675508995132
23.0239636415878 -25.4942555363049 6.86643560426871
23.8392058299687 -25.0915560792996 6.24378670626628
24.6158563999498 -24.6465639356892 5.60084971831671
25.3519497630681 -24.1608014897158 4.9399025933973
26.0459558261079 -23.6360788955011 4.26333813046613
26.6965006242352 -23.0741822113294 3.57352136029393
27.3020671652955 -22.4766768675167 2.87271570079037
27.8608563950459 -21.8449133011612 2.1631014250261
28.3708681094334 -21.1801872924553 1.4468472578404
28.8301346320766 -20.4839396725441 0.726174727519285
29.2369860800982 -19.7578961421577 0.00337510648987235
29.5902430660836 -19.0041028346997 -0.719224078431831
29.8892710654893 -18.2248590140099 -1.43931566704688
30.1338626277646 -17.4225756866916 -2.15465213799503
30.3239587314299 -16.5996131669636 -2.86303374675775
30.4593010140727 -15.7581712803177 -3.56223953565951
30.539188645517 -14.9002968648545 -4.24993622799259
30.5625147704227 -14.0280154149625 -4.92363026262854
30.5281266854677 -13.1435107295305 -5.58071943608666
30.435346811308 -12.2492316081367 -6.21864419811238
30.2843549160869 -11.3478495004777 -6.83506249285121
30.076190777331 -10.4421031426049 -7.42793377098406
29.812373065047 -9.53465140330466 -7.99544266028456
29.494378622204 -8.62803742032897 -8.53580078911243
29.1233036910336 -7.72476768919228 -9.04705393212885
28.6998864942968 -6.82742133444958 -9.52702039744914
28.2248268186818 -5.93869495794734 -9.97340117076469
27.6991725910248 -5.06134916430357 -10.3839998100639
27.1245537287841 -4.19809404213857 -10.7569347615068
26.5031816150583 -3.35147893211866 -11.0907364172002
25.8376693592586 -2.5238348003641 -11.3842725353775
25.1307793248743 -1.71729491132197 -11.6365122959161
24.3851895114742 -0.933911843503674 -11.8462170766842
23.6033544910814 -0.175863229275344 -12.011728882092
22.7875354487091 0.554343794476354 -12.1310621470762
21.9400335836414 1.25385996546946 -12.2024015666975
21.0635429000977 1.91985367493314 -12.2248369025183
20.1614134034667 2.55019580948214 -12.1988593157268
19.2376258886944 3.14405968287602 -12.1260810345961
18.2964628008779 3.70184342495886 -12.0080313237429
17.3420716114845 4.22412251998379 -11.8446014707716
16.3781896446788 4.71005699115323 -11.6332641006345
15.4081815073796 5.15632837240523 -11.3700262300687
14.4352652345189 5.55771501956536 -11.0520328087628
13.4625727209665 5.90957792598959 -10.6803420663986
12.4929053372691 6.21111062661248 -10.2607332525906
11.5286751825298 6.46715924362959 -9.80134910018905
10.5726710658813 6.68683514760828 -9.30813944608941
9.62939100015494 6.87908655557665 -8.78092076356841
8.70570485458314 7.04757772601303 -8.21305134241581
7.80971174110344 7.18812887021255 -7.59588181143314
6.94758766978431 7.29092825107412 -6.92587697132369
6.11954700656019 7.34706586265456 -6.20964341941416
5.31772151070208 7.35599878967107 -5.46284518947084
4.52903396016851 7.32942508786258 -4.70327054650183
3.7428364555534 7.28880527448137 -3.94225684297862
2.95839184611811 7.25728120812147 -3.17933664889197
2.18644889896234 7.24993587321369 -2.40334586797003
1.44312316011915 7.26754517902889 -1.6001824031178
0.739008984725485 7.297355453582 -0.762912005613769
0.0695656108744475 7.32068491124117 0.102399820152221
-0.586412422608473 7.32332084294957 0.978246408803455
-1.25762205808188 7.30307116387432 1.8423799076471
-1.96596216291863 7.27046011727869 2.67619055996298
-2.7171394408018 7.24229866170657 3.47201888300099
-3.50173988953949 7.23169432527666 4.23555455198178
-4.30419769425084 7.23998937329291 4.98057806043147
-5.11310853413923 7.25487500445736 5.71888672783618
-5.92728841921461 7.25536352437063 6.45212652234158
-6.75486476408042 7.22063755416298 7.17013862876418
-7.60679742039888 7.13800344198982 7.85582869400024
-8.48990438915925 7.00602186659026 8.49340770587937
-9.40399397885296 6.83173282411641 9.07534653613314
-10.3435070801744 6.62421714912695 9.6039982827202
-11.3009256684531 6.38855901345668 10.0873797392048
-12.2694401105699 6.12340040568756 10.532604569561
-13.2440182598127 5.82265099380847 10.9413974455695
-14.2211254996625 5.47952391609332 11.3098268502372
-15.1978703038446 5.09015978161006 11.6313719796652
-16.1713762553078 4.65487575084211 11.9007322800862
-17.1386114593651 4.17688188576936 12.1159777533203
-18.0963599585885 3.65988154779777 12.2782192152583
-19.0410898246293 3.10629746010947 12.3897231363294
-19.9688442455984 2.51699517202099 12.4521160285777
-20.8753857261416 1.89219948376541 12.465776564912
-21.7566067382345 1.23264634582039 12.4304105322252
-22.6089680871323 0.54014408670303 12.346030313872
-23.4296660448419 -0.182653502467596 12.2135287771248
-24.2164120758256 -0.932880156202624 12.0345554031525
-24.9669903633046 -1.70796738923498 11.81096306954
-25.6789008768645 -2.50575554866129 11.544307213511
-26.3492999181359 -3.32427395781975 11.2357113624949
-26.9752342350397 -4.16143708589345 10.8860958831609
-27.554007009073 -5.01486601578109 10.4965499804905
-28.083487863893 -5.88189793528302 10.0686075426309
-28.5622417683597 -6.75972393916803 9.60430386534845
-28.9894314493146 -7.64555623570877 9.1060264160478
-29.3645170585273 -8.53674638321557 8.5762569670459
-29.6868497081028 -9.43081189642592 8.01732738145802
-29.9553300154968 -10.3253646555971 7.43129408586055
-30.1683257448657 -11.2179780529797 6.81998472969714
-30.3239521205428 -12.1060731249638 6.1851903662668
