1 0.999867 
2 0.999864 
3 0.999857 
4 0.99985 
5 0.999844 
6 0.999836 
7 0.999833 
8 0.999831 
9 0.999819 
10 0.9998 
11 0.99979 
12 0.999777 
13 0.999769 
14 0.999764 
15 0.999757 
16 0.999755 
17 0.99975 
18 0.999746 
19 0.999741 
20 0.999735 
21 0.999729 
22 0.999723 
23 0.999719 
24 0.999711 
25 0.99971 
26 0.999702 
27 0.999697 
28 0.999695 
29 0.999693 
30 0.999691 
31 0.999685 
32 0.999678 
33 0.999671 
34 0.999666 
35 0.999665 
36 0.999657 
37 0.999652 
38 0.999651 
39 0.999645 
40 0.999643 
41 0.999642 
42 0.999636 
43 0.999634 
44 0.999631 
45 0.999587 
46 0.999585 
47 0.999583 
48 0.999556 
49 0.999553 
50 0.99955 
51 0.999526 
52 0.999518 
53 0.999505 
54 0.999503 
55 0.9995 
56 0.999499 
57 0.999496 
58 0.999494 
59 0.999486 
60 0.999479 
61 0.999474 
62 0.999461 
63 0.999459 
64 0.999453 
65 0.999349 
66 0.999343 
67 0.999336 
68 0.999327 
69 0.999313 
70 0.999285 
71 0.999276 
72 0.999266 
73 0.999206 
74 0.999194 
75 0.999187 
76 0.998999 
77 0.998997 
78 0.998946 
79 0.998899 
80 0.998897 
81 0.998869 
82 0.998867 
83 0.998866 
84 0.998841 
85 0.99884 
86 0.998815 
87 0.998763 
88 0.998746 
89 0.998724 
90 0.998683 
91 0.998609 
92 0.998578 
93 0.99856 
94 0.998439 
95 0.998417 
96 0.998395 
97 0.998375 
98 0.998325 
99 0.998305 
100 0.998278 
101 0.998229 
102 0.998208 
103 0.998171 
104 0.99815 
105 0.998117 
106 0.998089 
107 0.998059 
108 0.998037 
109 0.99799 
110 0.997923 
111 0.997859 
112 0.997833 
113 0.997774 
