-1.5688535327260194 0.091041859156839475 -0.16316949321669752
-1.6670562489342966 -0.020989020299059746 -0.25753216025696296
-1.7433598009545015 -0.15272801980919945 -0.34856310365394344
-1.7967984751528434 -0.3032993368519552 -0.42703779921068147
-1.8261149477968879 -0.46734518537653624 -0.4912253612677408
-1.8301291931356383 -0.63976496260535465 -0.54000277350931503
-1.8075504347819524 -0.81521989515798821 -0.57283316248837324
-1.7575670770856924 -0.98790304832875597 -0.59025894611590557
-1.6799872059007346 -1.1507111342863798 -0.59382952152623603
-1.5820020196282973 -1.3002445270838359 -0.58964366364105358
-1.4723394960826544 -1.440233448215172 -0.58525157781785386
-1.3501674988883972 -1.5699965960644846 -0.58084245278262336
-1.2155963225654742 -1.6874008853453086 -0.57645448395175136
-1.0693051720826927 -1.7903773147311048 -0.572207596982102
-0.91247346606961599 -1.8770172197614088 -0.56824976705856789
-0.74670721010087804 -1.9456357890387916 -0.56470049666028321
-0.57396282984097458 -1.9948166233437796 -0.56159750536598607
-0.39647628399967172 -2.0234406240232832 -0.55885270352478378
-0.21670201996881866 -2.0307055372568579 -0.55622326864559202
-0.037262494399653262 -2.01614520663593 -0.55330358612214781
0.13909689891529145 -1.9796572827415753 -0.54954267171131044
0.30955881850882827 -1.9215438218219447 -0.54428941092955463
0.47130638440251671 -1.8425608418896517 -0.53686446105239449
0.62163146443420469 -1.7439615994943038 -0.52665261795069951
0.75808357557108241 -1.6275078798735692 -0.51320294715098724
0.87864528960408128 -1.4954210304598428 -0.4963178365603173
0.98189867233399664 -1.3502566817299555 -0.47611035465773799
1.0671363127443014 -1.1947132831372684 -0.45301525543323068
1.1343793388580421 -1.0314130508379504 -0.427749328617893
1.1842917868594414 -0.86269485413045233 -0.40121125505240351
1.2176648533157446 -0.68976304327977001 -0.37346496398458628
1.2277189226766363 -0.51616025416675493 -0.33263831741679351
1.2136611125438592 -0.34982186832388429 -0.27142917393232141
1.1821614945642787 -0.19673938284046924 -0.18954984504113453
1.1387013514168172 -0.061223125903796333 -0.087205884357362845
1.0879354815305642 0.052553986893908972 0.034563875575614446
1.0340450923530893 0.13712159989266845 0.17717359038124406
0.96720237764392447 0.19399225567893363 0.33025122850840222
0.87859874568006613 0.2289405941084969 0.48000999465220101
0.76971834867692568 0.24143379204314336 0.62020061623126577
0.6394898332166028 0.24051431253534433 0.74216885542877908
0.49038014537689711 0.23353473658165425 0.83990092127036098
0.32735004100097009 0.22314197358854063 0.91100046162916504
0.1553217686064238 0.21097065821812144 0.95459440584754252
-0.02107132952538518 0.19877827016994673 0.97094608512119185
-0.19778254184628621 0.18817642827649325 0.96145735696394141
-0.37140884876456437 0.1805291338872011 0.92765886387772412
-0.5390928144833903 0.17692238240897995 0.87164998687354078
-0.6986195464389332 0.17811621052628773 0.79569208283153203
-0.84780211838308506 0.18481940417359671 0.70122081037952155
-0.98353267424402024 0.19769430273987415 0.58873829000876599
-1.103762111963366 0.21678810828108747 0.46040888024318211
-1.2041747556874025 0.23571771733249283 0.31710808181687067
-1.2948773979118042 0.23141205681063437 0.16918387835564302
-1.3988637586375785 0.19963486771616984 0.035021368135845353
-1.5089386038126975 0.14142332258620166 -0.090902293370853149
-1.5466657220000097 0.012493332251859807 -0.096807685982683134
-1.5167158998284491 -0.13801218387716588 -0.0041682982902416718
-1.4869435981816357 -0.28381512154889155 0.08660116011642735
-1.457171296534822 -0.42961805922061691 0.17737061852309632
-1.4273989948880088 -0.5754209968923425 0.26814007692976533
-1.3861415740362566 -0.72091158932475408 0.34854354871188764
-1.4864240036783263 -0.73612365607570107 0.44801133553034139
-1.6305017764241265 -0.66769795547477628 0.53334749401890025
-1.7635537078199448 -0.5699003102188116 0.60446042229409258
-1.8816867768162497 -0.44696976478966532 0.66317281287754237
-1.9797772820143638 -0.30233912555422182 0.70936190170196645
-2.0539214159230714 -0.14066473502177737 0.74326124298470131
-2.1008894359649908 0.033146847620104891 0.76520576011930752
-2.1178269660807159 0.2135741724341283 0.77600037420727208
-2.1036078105962708 0.39453858839672118 0.77678979796123959
-2.0586097022460352 0.57008420835350404 0.76800689812469924
-1.9848442929590229 0.73367457990541163 0.75044172347807891
-1.8921216032515646 0.88430129936240709 0.72872359919808138
-1.7889426566256066 1.0269219296062286 0.70733765050935515
-1.6724947585574279 1.1595182927435304 0.68458021067001029
-1.5422286162876508 1.2786591964384963 0.65940895490704332
-1.3990072692251077 1.3813587636524853 0.63126603411891147
-1.2447158327867003 1.4653593210057652 0.60004059883628791
-1.0819055923162368 1.5294028272939804 0.566023690463761
-0.91332942103229586 1.5732926045613083 0.52982008124376989
-0.74154620711581787 1.5977731984787953 0.49224473806692709
-0.56865693775780157 1.6042900376728229 0.45422388759128535
-0.39618618379888881 1.5946676086834199 0.41670589603179403
-0.22439893623773494 1.5704477369391299 0.37998919409572524
-0.058662362393107709 1.5259948106820365 0.33206120884485524
0.092931583773304488 1.4614949590195194 0.26443067267889386
0.22657998015978917 1.3833720372262885 0.17789127656217057
0.34002459098713489 1.2975475704937078 0.073076362160439806
0.43172559051579318 1.2093549340426895 -0.048871116045508756
0.49687424138494163 1.1242839750122138 -0.18862582632082206
0.51933373807801708 1.0510689784503708 -0.3482669544197689
0.51071157233644249 0.96948888713282633 -0.50637893234043763
0.47589549602203907 0.87541573652059568 -0.65370520573616353
0.41503937478803377 0.77281133119693746 -0.78604422605896451
0.33061224776377307 0.66388481605026839 -0.89901070419878526
0.22726571376576307 0.54896954194879821 -0.98772905675970268
0.1099042266814784 0.4294721202518253 -1.0484360926179019
-0.01736776552694716 0.30889323019528481 -1.0791845760883525
-0.14871340130185859 0.1890547694229209 -1.0797294371778798
-0.2779588916439783 0.070956195297691968 -1.0499194130648588
-0.39992881652722401 -0.043978996982669855 -0.99209300107565201
-0.51089920318109827 -0.15462701577154422 -0.90976630442770101
-0.6078098297245117 -0.26003813227626182 -0.80607466492393731
-0.68859249711005155 -0.35961170778553131 -0.68463384480708878
-0.75139599589463524 -0.45285577357410101 -0.54873617843190969
-0.79612424927759595 -0.54000158818028399 -0.40307195370971244
-0.84032936411155368 -0.62219465182104661 -0.25543394529762603
-0.9049359799955411 -0.68773397415622284 -0.10723866948305052
-0.99006431014789598 -0.7371662572354537 0.036310940564042209
-1.1021957498848323 -0.77246203907950839 0.16538602557921342
-1.2378047047499676 -0.78732805950160267 0.28140061131988214
-1.3452202872115826 -0.71826926699289251 0.35427827062446765
-1.258883156391555 -0.56588905649376331 0.28183096692681942
-1.1864719347577051 -0.41997184709149615 0.21979259925051695
-1.1140607131238536 -0.274054637689226 0.15775423157421312
-1.0416494914900036 -0.12813742828695876 0.095715863897910564
-0.96923826985615402 0.017779781115308257 0.033677496221608032
-0.89682704822230275 0.16369699051757847 -0.02836087145469577
-0.8244158265884528 0.30961419991984551 -0.090399239130998288
-0.75200460495460153 0.45553140932211567 -0.15243760680730212
-0.67959338332075148 0.60144861872438304 -0.2144759744836047
-0.6071821616869002 0.74736582812665309 -0.2765143421599085
-0.53477094005305037 0.89328303752892013 -0.338552709836211
-0.46235971841920054 1.0392002469311874 -0.40059107751251355
-0.38994849678534921 1.1851174563334572 -0.46262944518881727
-0.31753727515149921 1.3310346657357244 -0.52466781286511988
-0.24512605351764785 1.4769518751379946 -0.58670618054142376
-0.17333816100056948 1.6233293457948625 -0.64931167111169252
-0.098107276410368177 1.7724245967181835 -0.71189205847060044
0.049528241103369591 1.8800677367864758 -0.71891873382127702
0.21063567708315331 1.9587767106639853 -0.70786204929316632
0.38131181374136858 2.0114770095737784 -0.68340647020628864
0.55665224600963981 2.0360867531611757 -0.64623702661791449
0.73133842530763205 2.0310797616893552 -0.59730466785974679
0.89934216519075338 1.9960573815397153 -0.53815797003915677
1.0547481084225152 1.9352766593803463 -0.47201802408898191
1.2024486882487908 1.8634153389135706 -0.40447756514675604
1.3439391564432799 1.7809670613378055 -0.33521189332529527
1.4775552772897833 1.686904793050833 -0.26394034562893748
1.6013307072454239 1.5808801215431805 -0.19079334549666602
1.7134359419206096 1.4630926367594046 -0.11615169713760218
1.8122342869355994 1.3341777450429555 -0.040577855955362598
1.8962644001816278 1.1950961087786596 0.035244862671594122
1.9642692589778363 1.04709895972912 0.11056120685416912
2.0152263025912145 0.89168821149435751 0.18459759420238517
2.0483927738482239 0.73058398621499965 0.25661622954735536
2.0633710198644097 0.56568190967531484 0.32597424524207769
2.0601885402674913 0.39898346312937688 0.39218893212960482
2.0393778107087099 0.23248749929183563 0.45500553368139335
2.0020167977068422 0.067984866653274051 0.51448081991252703
1.9485921107863811 -0.094357627851263198 0.571236297997614
1.869635562826292 -0.25057357828896576 0.62074224214602847
1.7630542895214276 -0.39341733850600658 0.65890226136996788
1.6332125769046617 -0.51809230555994601 0.683983563363745
1.4847437782926969 -0.62131907045395895 0.69458805877576291
1.3228878360511191 -0.70090137744469683 0.68910742966182426
1.1533353299627354 -0.75567191093060315 0.66601854312234898
0.98208866562990016 -0.78534442963977069 0.62385170324761696
0.81541932247380799 -0.78993432206693914 0.56164063140747678
0.65987781373599819 -0.76956098034189546 0.47952862838441529
0.5186689372143618 -0.72295350108763612 0.38454746862240941
0.38993557404229251 -0.64881200582695631 0.29051168079896394
0.27752879665347741 -0.549575917167485 0.20008014083383255
0.18472732424461971 -0.42802514331159514 0.11606143357469625
0.11227732703875995 -0.28730895442717275 0.043585634567394109
0.056695377664918362 -0.13155216139986955 -0.010558145082666358
0.0025066926354088692 0.031545267577072489 -0.039914684373031459
-0.07198858678558509 0.1890338719164584 -0.052591793133860865
-0.16934544375012534 0.33311392153782005 -0.068083493184880897
-0.28011706235047734 0.46270636503396645 -0.10381113779106883
-0.37661297494456336 0.59386399814225421 -0.16470114233807831
-0.45035755864137017 0.73029906114050658 -0.24341389188849191
-0.49607684053312728 0.87207559983704719 -0.33380999540326173
-0.51166424025638646 1.016946318292298 -0.43019709739893441
-0.49447914695583217 1.1666527204872104 -0.51955712183593528
-0.44603131786522382 1.3194474379720722 -0.59218861968816938
-0.36997756437502993 1.4688707764523417 -0.6479068856886655
-0.26933652762432014 1.6094932268536033 -0.68728651422032672
-0.13584023004594081 1.7491390022990745 -0.71665149906101666
-0.23724802186845453 1.6235104783317529 -0.66881035755131424
-0.34833279067655459 1.4959038077767994 -0.62757660669290161
-0.45936668156799054 1.3680901006749073 -0.58611451198345366
-0.57040057245942877 1.2402763935730123 -0.54465241727400482
-0.68143446335086455 1.11246268647112 -0.50319032256455687
-0.79246835424230277 0.98464897936922513 -0.46172822785510803
-0.90350224513374111 0.85683527226733025 -0.42026613314565936
-1.0145361360251746 0.72902156516544059 -0.37880403843621224
-1.1255700269166129 0.60120785806354549 -0.3373419437267634
-1.236603917808051 0.47339415096165083 -0.29587984901731468
-1.3476378086994849 0.34558044385976117 -0.25441775430786756
-1.458671699590923 0.2177667367578662 -0.21295565959841875
