-1.5229715155703361 0.057290745987696595 -0.18684991003770898
-1.5981251065269599 -0.0335145832971524 -0.30222751234849954
-1.6636111597260956 -0.15992245632387139 -0.39579069745355405
-1.7080295224259219 -0.30331440688548383 -0.47614903976795847
-1.7299062516114254 -0.45902940574207174 -0.54120810156607801
-1.7277231275626075 -0.62157656827161467 -0.58946554938471907
-1.7004663661220505 -0.7848347763219049 -0.62039448150566312
-1.648281344683717 -0.94230564421739549 -0.63502821396054554
-1.5721259947607986 -1.0890292329267337 -0.63603290773098609
-1.4778035681361197 -1.2257793957020144 -0.63034873694173799
-1.3726296937339209 -1.3548927252398117 -0.62516979032603304
-1.2566115453187388 -1.4730936360163247 -0.61997212283612257
-1.1301450519736003 -1.5787239498962684 -0.61480878551090479
-0.9940607931089338 -1.6702826680223999 -0.60981381082585939
-0.84954354197057469 -1.7464467610415888 -0.60513628257742302
-0.69805664306243376 -1.8060939077648388 -0.60088581254166873
-0.54127878266796714 -1.8483118686054991 -0.59708532406873072
-0.38105458421946004 -1.8724010252034657 -0.59363491112321798
-0.21935746230345601 -1.8778759057929786 -0.5902899959064114
-0.058261512372325075 -1.8644711490545094 -0.58665720924767106
0.10008238755254065 -1.8321559054382266 -0.58221072100647919
0.25347312856189186 -1.7811584590824106 -0.57633028764578764
0.3996974979232818 -1.7119993070932022 -0.56836019659425507
0.53658937663093398 -1.6255256793700579 -0.55768540437180758
0.66211641751210792 -1.5229343793458539 -0.54381727956933368
0.77449234568448699 -1.405765650127363 -0.52647695916534065
0.87230068622583934 -1.2758525629718316 -0.50566137478898143
0.95460423996739374 -1.1352207626573498 -0.48167822255903875
1.0210101955882291 -0.98594942367428084 -0.45514035524251606
1.0716764054430903 -0.83003194357747601 -0.42693068026795722
1.1075926636605511 -0.66980070577501627 -0.39887007293387422
1.1228491706215886 -0.50829682754319672 -0.35956251633141006
1.1151906627911259 -0.3506400601480083 -0.29928889872262382
1.0896225787815164 -0.20320735231362422 -0.21631283364757659
1.0517848703219932 -0.072016832554301774 -0.11140664500582058
1.0067127354651437 0.038863709170933319 0.012895430631028194
0.96151553282904412 0.12133360848838123 0.15538523465416101
0.9105706572199046 0.17768660291709329 0.30641274038844951
0.84320129696750357 0.21633283398759429 0.45817535676782134
0.75621321140003683 0.23532921126280779 0.60826399432648226
0.64458969607389416 0.23899108385737244 0.74853873896922363
0.50616645419438988 0.23423972725405878 0.86880814886491664
0.34466914660300352 0.22464808382182064 0.9610467529601544
0.1668223121100125 0.21225265542913946 1.0200307772703987
-0.019377464580942666 0.1993606583821674 1.0435578279187376
-0.20632607720997259 0.18824869267530553 1.0327395275235169
-0.38771757224735143 0.18076252238435464 0.990337804176317
-0.55875171053999395 0.17814891571815702 0.92064852059954716
-0.71647004496695055 0.18103599784754443 0.82824614418404507
-0.85850546891684809 0.18981765943165402 0.71643961796211308
-0.98202600386165428 0.20452506900625381 0.58805006807788696
-1.0861990455923269 0.22338051503627621 0.44710128837513002
-1.1715589699839246 0.23697271057114042 0.29575043467708545
-1.2547165052140583 0.22605506921151144 0.14197608500678427
-1.3541334571527146 0.18896983906191395 0.0017294669718074182
-1.4519810214340161 0.11704406857037392 -0.11897047359408783
-1.4640129953189163 0.012190518230745989 -0.098595820745652485
-1.4345847109941983 -0.11912588079181877 -0.00076969435769207867
-1.4057537187333817 -0.25931902294706055 0.099330621724469437
-1.3769227264725648 -0.39951216510230225 0.19943093780663093
-1.3480917342117484 -0.53970530725754418 0.29953125388879243
-1.3257561677136631 -0.6804634613630387 0.40580541328351283
-1.4299333477933978 -0.66435657678571247 0.49753070621684453
-1.5586873358021565 -0.59634986768386267 0.58160634149417689
-1.67827619658433 -0.50395191253507665 0.65405153184410725
-1.7840780115336077 -0.3894055538437885 0.71376813075710299
-1.8715020865827809 -0.25597297980137212 0.76062117009501484
-1.9372656944462261 -0.10792955179563299 0.79492077624110136
-1.9786417974332737 0.049957360536638656 0.8170494035679905
-1.9935270306282389 0.21273715722328349 0.82796914323447512
-1.9813142234425702 0.37565800640878283 0.828958225025617
-1.9423969984675515 0.53401549277395943 0.82046047069865935
-1.8772182122216841 0.68383096963863343 0.80281728499584093
-1.7919991651623288 0.82554574564506822 0.77998241446991157
-1.6955836849545931 0.96103373807281933 0.75714799747752171
-1.5875174772373848 1.086236000361775 0.73316683489036372
-1.4671532436163572 1.1984325031419005 0.70685131070350404
-1.3350202279173022 1.2952737477531546 0.67752425261909677
-1.1925356490051353 1.3749090231880692 0.6449732928580495
-1.0417041970469181 1.4362246324831385 0.60939690242389011
-0.88477456658430498 1.4789156771509215 0.57133112865851021
-0.72392124163711802 1.5034418897688071 0.53156198246085162
-0.56101763432426555 1.5108846442118538 0.49103951614088487
-0.39751159337056308 1.5027181596515273 0.45079950893166926
-0.23440775277831177 1.4804928437512641 0.41167985831007703
-0.077627866369062715 1.4391336288111463 0.36094451426986124
0.065225298753881195 1.3788202297527024 0.28904519415683227
0.1903015917565741 1.305948900500733 0.19697897820964985
0.29510809224164136 1.2268535421068201 0.086422715468711747
0.37849922446045414 1.1471924719148878 -0.039809772516294951
0.43766491785334749 1.0727195610965474 -0.17885145922083448
0.46145672655860714 1.0125496577164272 -0.33215944455070229
0.46122613267907797 0.94800536123831847 -0.48709771994373746
0.44001520586415588 0.87123789341210489 -0.63858219930795512
0.39506873996237601 0.78260639864162773 -0.78270165328203989
0.32414405434507931 0.68297788307027552 -0.91410943058738714
0.22816380220593305 0.57178335827432158 -1.0245643118427608
0.11107146742897953 0.45009541619380367 -1.1049651976586579
-0.021834388771749202 0.32305673136222235 -1.148447654286781
-0.16197717032330511 0.19503990894977197 -1.1520518133020816
-0.29913202333487654 0.069521454808671251 -1.1152164063101766
-0.42461169880792338 -0.049797110321461446 -1.0427953347547601
-0.53340647920526496 -0.16074480892319712 -0.94212717891931275
-0.62286877461582357 -0.26223617216210493 -0.81997284741329513
-0.69250193093625934 -0.35423217536323937 -0.68278008012613101
-0.74288867214034893 -0.43735288482538404 -0.53557831944264733
-0.77933435441255494 -0.51377764848502605 -0.38287051986609572
-0.82133076361493351 -0.58450851908240931 -0.22967124784849732
-0.88388860928212865 -0.63907011073287467 -0.077270408045697236
-0.96628449724744814 -0.68085243885932734 0.07105471271219102
-1.0748373196141561 -0.70978295529182911 0.20510884819115519
-1.1961038306094567 -0.7157274523818864 0.3198390546872999
-1.2698893189164933 -0.71134671487101309 0.38007014364620384
-1.2209461437688214 -0.56586713580977355 0.3261966347821727
-1.1499375359810955 -0.42242598813822596 0.25669010522445085
-1.0789289281933678 -0.27898484046667549 0.18718357566672747
-1.0079203204056417 -0.13554369279512776 0.11767704610900553
-0.93691171261791573 0.007897454876419685 0.048170516551283619
-0.86590310483018829 0.15133860254797027 -0.021336013006439718
-0.79489449704246207 0.29477975021951774 -0.090842542564161605
-0.72388588925473463 0.43822089789106827 -0.16034907212188498
-0.65287728146700841 0.58166204556261603 -0.22985560167960695
-0.58186867367928097 0.7251031932341665 -0.29936213123733024
-0.51086006589155486 0.86854434090571397 -0.36886866079505215
-0.43985145810382886 1.0119854885772614 -0.43837519035277406
-0.36884285031610131 1.1554266362488119 -0.50788171991049735
-0.29783424252837509 1.2988677839203595 -0.57738824946821943
-0.22682563474064754 1.44230893159191 -0.64689477902594272
-0.15461689919260471 1.5860385170588938 -0.71606257024367725
-0.062462048096016132 1.7241123185192551 -0.77245938525627722
0.091511362658238588 1.807952456142973 -0.76318589437483053
0.24781480771863676 1.8709765836673997 -0.74460345602514943
0.408047014044981 1.9077050685750383 -0.71245368387214192
0.56705292147815356 1.9180142715419128 -0.66823780266687671
0.72002254182514969 1.902567613069166 -0.6137749540992864
0.86370667512360821 1.8631900572270823 -0.55092266271682144
1.0003343651236043 1.8036592946311123 -0.48097904557489468
1.1349983916157755 1.7345930648794807 -0.40847772015517581
1.2629990249422216 1.6564043269178113 -0.33460311716585961
1.3822667101804098 1.5686593548714052 -0.25940397564188916
1.4916013475648524 1.471330266641623 -0.18299962596467184
1.589975907158125 1.3647162766136136 -0.10569449733590691
1.676486851579212 1.2493484701674644 -0.027927417898381397
1.7503029894907156 1.1259020323351636 0.049779894963980852
1.8106680119221883 0.99517356734564399 0.12686191854449519
1.8568894410621328 0.85807932862507241 0.20273678552293847
1.8883547368885463 0.71566384708491637 0.27683680655256326
1.9045739023751316 0.56911008151335285 0.34864509708547303
1.9052507369672029 0.41973645789724373 0.41774305748341656
1.890377666792634 0.26896290535153222 0.48387061140760862
1.8604164132777563 0.11831182388748476 0.54698809033443441
1.8180329264119606 -0.029138499021501008 0.6071320909537502
1.7564958552634704 -0.170309327170479 0.66032060072888821
1.6705102027851977 -0.30309088561032815 0.70355310797151538
1.5606286721877372 -0.42391628455413433 0.7347845113293624
1.4294567183994726 -0.52855695307026962 0.75190052165046517
1.2807898090654644 -0.61334057291170319 0.75241897965236082
1.1197705129936875 -0.67538074794783709 0.73382007485419121
0.95289937249369872 -0.7128793043570868 0.69369917253171498
0.78771014623073343 -0.72494042244738066 0.63051453390201195
0.63381647944113606 -0.7119293243221404 0.54444604959133203
0.49791244276112867 -0.67471728894250271 0.44381341845412409
0.37501247638566104 -0.61258823000979346 0.34289905381167668
0.26512121209467021 -0.52579674472458049 0.24401379958503097
0.17188276105786424 -0.41566406352024532 0.14991683148370258
0.097497781213663565 -0.28397882450377177 0.066107840546393515
0.040945164975156628 -0.13388391867729629 0.0010382188247835614
-0.011530117715847804 0.026543821476225971 -0.035526295840832584
-0.083222229326254338 0.18280697187380046 -0.051124448267853444
-0.17878807076313435 0.32578563853979181 -0.068955357298540007
-0.28789112782271414 0.4540622177432696 -0.11049479573822038
-0.38078087819872697 0.5828245445144753 -0.18073593251605433
-0.44885969081293664 0.71490761408897918 -0.26963213403847996
-0.48837762678855018 0.85029241887002049 -0.36959017778769315
-0.49845807660714647 0.98894644388641018 -0.47458323856518503
-0.47597735275561154 1.1352222205219029 -0.57118945442350644
-0.42155736193081539 1.2856256136634971 -0.64843738476761437
-0.33922526668014186 1.4310200857606601 -0.70582236475534443
-0.23267175939074125 1.5650768798759165 -0.74393233553097959
-0.092346438664640207 1.6739783312822119 -0.73533517402007864
-0.20504049985216682 1.5759569167831728 -0.72885810861276723
-0.31480776173243213 1.4491493243990039 -0.6819866280325183
-0.42496496364075409 1.322262780270562 -0.63531415686964532
-0.53512216554907832 1.1953762361421172 -0.58864168570677144
-0.64527936745740011 1.0684896920136751 -0.54196921454389857
-0.75543656936572445 0.94160314788523036 -0.49529674338102458
-0.86559377127404868 0.81471660375678567 -0.44862427221815082
-0.97575097318236836 0.68783005962834609 -0.40195180105527883
-1.0859081750906925 0.56094351549990118 -0.3552793298924049
-1.1960653769990168 0.43405697137145666 -0.30860685872953109
-1.3062225789073367 0.30717042724301719 -0.2619343875666591
-1.4163797808156608 0.18028388311457239 -0.21526191640378525
