1 0.4999625 
2 0.4999625 
3 0.4999623 
4 0.4999623 
5 0.4999634 
6 0.4999634 
7 0.4999633 
8 0.4999633 
9 0.4999634 
10 0.4999635 
11 0.4999636 
12 0.4999635 
13 0.4999633 
14 0.4999633 
15 0.4999637 
16 0.4999639 
17 0.4999639 
18 0.4999641 
19 0.499965 
20 0.4999649 
21 0.4999648 
22 0.4999651 
23 0.4999651 
24 0.4999652 
25 0.4999652 
26 0.4999652 
27 0.4999652 
28 0.4999652 
29 0.4999652 
30 0.4999654 
31 0.4999653 
32 0.4999652 
33 0.4999657 
34 0.4999664 
35 0.4999664 
36 0.4999664 
37 0.4999663 
38 0.4999662 
39 0.4999662 
40 0.4999661 
41 0.4999661 
42 0.4999671 
43 0.4999671 
44 0.499967 
45 0.4999668 
46 0.4999672 
47 0.4999675 
48 0.4999675 
49 0.4999675 
50 0.4999675 
51 0.4999674 
52 0.4999679 
53 0.4999677 
54 0.4999677 
55 0.4999678 
56 0.4999676 
57 0.4999675 
58 0.4999677 
59 0.4999677 
60 0.4999678 
61 0.4999678 
62 0.4999678 
63 0.4999678 
64 0.4999678 
65 0.4999677 
66 0.4999676 
67 0.4999683 
68 0.4999683 
69 0.4999682 
70 0.4999681 
71 0.4999679 
72 0.4999679 
73 0.4999682 
74 0.4999682 
75 0.4999681 
76 0.4999691 
77 0.499969 
78 0.4999688 
79 0.4999691 
80 0.4999691 
81 0.4999689 
82 0.4999706 
83 0.4999705 
84 0.4999702 
85 0.49997 
86 0.49997 
87 0.49997 
88 0.4999706 
89 0.4999705 
90 0.4999703 
91 0.4999703 
92 0.4999703 
93 0.4999703 
94 0.4999701 
95 0.4999701 
96 0.49997 
97 0.4999699 
98 0.4999698 
99 0.4999697 
100 0.4999695 
101 0.4999694 
102 0.4999693 
103 0.4999699 
104 0.4999698 
105 0.4999697 
106 0.4999696 
107 0.4999696 
108 0.4999696 
109 0.4999694 
110 0.4999693 
111 0.4999691 
112 0.4999691 
113 0.4999689 
114 0.4999688 
115 0.4999686 
116 0.4999685 
117 0.4999686 
118 0.4999686 
119 0.4999685 
120 0.4999686 
121 0.4999684 
122 0.4999683 
123 0.4999682 
124 0.4999682 
125 0.4999682 
126 0.4999681 
127 0.4999683 
128 0.4999683 
129 0.4999682 
130 0.4999684 
131 0.4999683 
132 0.4999682 
133 0.4999688 
134 0.4999688 
135 0.4999689 
136 0.4999689 
137 0.4999689 
138 0.499969 
139 0.4999689 
140 0.4999689 
141 0.4999688 
142 0.4999687 
143 0.4999686 
144 0.4999685 
145 0.4999684 
146 0.4999683 
147 0.4999684 
148 0.4999684 
149 0.4999683 
150 0.4999682 
151 0.4999681 
152 0.499968 
153 0.499968 
154 0.4999679 
155 0.4999678 
156 0.4999677 
157 0.4999677 
158 0.4999675 
159 0.4999674 
160 0.4999673 
161 0.4999673 
162 0.4999672 
163 0.4999672 
164 0.4999675 
165 0.4999674 
166 0.4999671 
167 0.499967 
168 0.4999669 
169 0.4999669 
170 0.4999669 
171 0.4999668 
172 0.4999668 
173 0.4999667 
174 0.4999667 
175 0.4999666 
176 0.4999666 
177 0.4999663 
178 0.4999663 
179 0.4999662 
180 0.4999662 
181 0.4999662 
182 0.499966 
183 0.499966 
184 0.499966 
185 0.499966 
186 0.499966 
187 0.4999659 
188 0.4999659 
189 0.4999659 
190 0.4999659 
191 0.4999658 
192 0.4999658 
193 0.4999657 
194 0.4999657 
195 0.4999657 
196 0.4999656 
197 0.4999656 
198 0.4999654 
199 0.4999654 
200 0.4999653 
201 0.4999653 
202 0.4999653 
203 0.4999653 
204 0.4999653 
205 0.4999656 
206 0.4999656 
207 0.4999654 
208 0.4999654 
209 0.4999654 
210 0.4999653 
211 0.4999653 
212 0.4999653 
213 0.4999652 
214 0.4999652 
215 0.4999652 
216 0.4999652 
217 0.4999651 
218 0.4999651 
219 0.4999651 
220 0.499965 
221 0.499965 
222 0.499965 
223 0.499965 
224 0.499965 
225 0.499965 
226 0.499965 
227 0.4999649 
228 0.4999649 
229 0.4999649 
230 0.4999649 
231 0.4999649 
232 0.4999649 
233 0.4999649 
234 0.4999649 
235 0.4999649 
236 0.4999648 
237 0.4999648 
238 0.4999648 
239 0.4999648 
240 0.4999647 
241 0.4999647 
242 0.4999647 
243 0.4999647 
244 0.4999646 
245 0.4999646 
246 0.4999646 
247 0.4999646 
248 0.4999646 
249 0.4999645 
250 0.4999645 
251 0.4999645 
252 0.4999645 
253 0.4999645 
254 0.4999645 
255 0.4999645 
256 0.4999644 
257 0.4999644 
258 0.4999644 
259 0.4999644 
260 0.4999644 
261 0.4999644 
262 0.4999644 
263 0.4999644 
264 0.4999644 
265 0.4999644 
266 0.4999643 
267 0.4999643 
268 0.4999643 
269 0.4999643 
270 0.4999643 
271 0.4999643 
272 0.4999643 
273 0.4999643 
274 0.4999643 
275 0.4999643 
276 0.4999643 
277 0.4999643 
278 0.4999643 
279 0.4999643 
280 0.4999643 
281 0.4999643 
282 0.4999642 
283 0.4999642 
284 0.4999642 
285 0.4999642 
286 0.4999642 
287 0.4999642 
288 0.4999642 
289 0.4999642 
290 0.4999642 
291 0.4999642 
292 0.4999642 
293 0.4999642 
294 0.4999641 
295 0.4999641 
296 0.4999641 
297 0.4999641 
298 0.4999641 
299 0.4999641 
300 0.4999641 
