-2.0522847312914099 -0.51903883864596523 -0.044580319920460007
-2.081305744036118 -0.59270253115835569 -0.18458539764875093
-2.0877428046190274 -0.6610541813210058 -0.32961409456395746
-2.0681152712571524 -0.72224664241618641 -0.47626674122512708
-2.0248183360874887 -0.77479947397299254 -0.62113455949607022
-1.9581583444202386 -0.81924325987391589 -0.75974171122690659
-1.8687704729583836 -0.85286956192091123 -0.88879234369630022
-1.7607891770786068 -0.87553232447836604 -1.0060902268240384
-1.6345247190634453 -0.88416682128035362 -1.1062509463939274
-1.4948372723361043 -0.88328131078967964 -1.1883109554972795
-1.3438789777580022 -0.86933065033115597 -1.2475540641375902
-1.186676650467694 -0.84365494866730761 -1.2841400373183225
-1.0272517047971366 -0.80666410151038603 -1.2954194503297167
-0.87020437431002207 -0.75978943179216485 -1.2805529950542993
-0.71944679998690542 -0.70537436411473708 -1.2408343593960203
-0.58027230889867498 -0.64529830549307976 -1.1745657798095872
-0.45419721488028059 -0.5835944446614455 -1.0862958206075493
-0.34764825711729486 -0.52332598429109745 -0.97387612362649179
-0.26069303875559346 -0.46664576822678872 -0.84357447725128187
-0.19850587581511478 -0.41663276696062113 -0.69696178194252967
-0.1606087246100075 -0.37693396790608347 -0.53932580015129128
-0.14761338407622557 -0.35302575718852702 -0.37433038116694617
-0.15915313428966305 -0.3442224843743984 -0.20793130429480833
-0.18998110336442586 -0.36020728965470017 -0.046522737064040212
-0.21776476030573402 -0.42097967678273673 0.10545656340989526
-0.26661165569476314 -0.49523438383447094 0.24742806667506445
-0.33442672343271573 -0.5809688791872214 0.37541567109643303
-0.39706375736579858 -0.65027170223336883 0.5159570556054679
-0.44569549349452564 -0.6972453006996473 0.67069089137735494
-0.47949157619047283 -0.7208136171625964 0.83430714420579988
-0.49842387922450454 -0.71987241325653439 1.0018958660255104
-0.50137959515818187 -0.69289269384047381 1.1677268604818936
-0.489615097453941 -0.64407771487694254 1.3272345011053119
-0.46073852950091515 -0.57210983498914703 1.474425738556133
-0.41898157468066705 -0.48316779771932494 1.6070717755130666
-0.36125976314704217 -0.37952647756402413 1.7200635832115878
-0.28969093203815471 -0.26636936983277593 1.812720241533579
-0.20637058644500134 -0.1459428344807806 1.8826163768983557
-0.11592824708264154 -0.019462896969966559 1.9278590426903137
-0.021790283389160066 0.11010414665755577 1.949548716516688
0.074248889224409975 0.23992593005945234 1.9441848870783831
0.16879763195194764 0.36802944132405702 1.9158750305826378
0.25896911190463867 0.49076646663097911 1.8607226234820129
0.34189568333087761 0.60697729243450027 1.7832312219789004
0.41244971267888658 0.71426240845999689 1.6827311209879205
0.46878359199839914 0.81003995340213919 1.5618967643521628
0.51152025199049522 0.89028356291578492 1.4235484804170597
0.53959751886525698 0.94959415150108306 1.2704776035725764
0.55353481544819882 0.98826141835089076 1.1080073582060903
0.55056345205671453 1.0005346389079008 0.94021260579469146
0.53335865035333285 0.98954203434682242 0.77275696227843138
0.50010544304187821 0.95255578042002675 0.61132778159826662
0.45267570292189246 0.89385496949912724 0.46033004561092528
0.39162707658923485 0.81325529295289045 0.32557577353733913
0.33200811126256424 0.72607409482210483 0.19480200421398436
0.29700607095846304 0.64983276474651619 0.050511081120126755
0.27212043002351249 0.59611843003738341 -0.10348822836281059
0.2508326599748138 0.58493445271407152 -0.26734070914888514
0.25226226339081281 0.59290673572039165 -0.43433733400003965
0.27746898436059092 0.61649544045438076 -0.59781941081204049
0.32858666905590389 0.65435873129822664 -0.75225261456621384
0.40349155523517027 0.70216191663999294 -0.89330637407197955
0.50052579219391102 0.75609035743877206 -1.0173922238779249
0.61751820894084197 0.81389226841765006 -1.1200472151661705
0.7496121097299997 0.87278226562472982 -1.2010220031824281
0.89554399662443851 0.92888034030817268 -1.2551447832742118
1.0494650089949196 0.97984933430253518 -1.2853536454810237
1.2081879513078129 1.0229799527396866 -1.2873262343668062
1.3669182666285371 1.0566028865255763 -1.2646480373865712
1.5210764079920345 1.0798828492591115 -1.2163793643168594
1.6666214179780803 1.0915581845109754 -1.1451449652647729
1.799724654911993 1.0939563270491059 -1.0533234760802916
1.9164719998510773 1.0837216652601613 -0.94227416180852785
2.0163053016497181 1.0621186447413788 -0.81800656980505493
2.0931839141523332 1.0283339804954434 -0.6813718813068057
2.1490070288389616 0.98559173311044967 -0.53749720768075149
2.1796937311100164 0.93466308461430225 -0.38895087913784754
2.1864040463548897 0.87542063167845363 -0.24021505802949594
2.1685956735841461 0.81051007252905061 -0.094527067479690544
2.1257994752910094 0.73902557457867202 0.043306343619271007
2.0612907318867437 0.66402711693704819 0.17115944343332401
1.9736457319156893 0.58536767650000687 0.28283035327491607
1.8680190408551005 0.50463955556878448 0.37734285602229722
1.7447475080062611 0.42365333528840432 0.44883685861645817
1.6091970768431743 0.34299988323917929 0.49642360849273703
1.4655984002143971 0.26290601651432838 0.51638556403221736
1.3198398677826524 0.18339358122313865 0.50690784100446307
1.1782359248465195 0.10358875448119201 0.46854218323491126
1.0552787026112591 0.016707376903657797 0.39682053909991533
0.95925995516637552 -0.086315851841099217 0.30772228162155046
0.88073191092843717 -0.21135679497506987 0.23192804426104141
0.82115344036655469 -0.3521627589178456 0.16728261480682033
0.78359934539333564 -0.50586588221325368 0.11580736276878621
0.75355386561906079 -0.66524277465499515 0.071829217851082358
0.70348752810849702 -0.82124126683890453 0.025603846232812713
0.62594795119484703 -0.96619029745062457 -0.02364045871107652
0.52504956377769141 -1.097749831205729 -0.073911631639003203
0.39873991232871109 -1.2078511580076259 -0.12208325347094366
0.25399055971905399 -1.2949204499874805 -0.16796701148161797
0.093075234554697239 -1.3524304162512273 -0.20840882926974702
-0.076431516583840675 -1.379791692254642 -0.24368459917844015
-0.24846183895108462 -1.3747403781199674 -0.27469797463418311
-0.41658772363161067 -1.33887451357052 -0.29747875640253196
-0.57589636247216713 -1.2757125370768452 -0.31282796206222346
-0.72078682190720755 -1.1865260314146453 -0.31873321844054708
-0.84743936775396489 -1.0756593839336874 -0.31699564808964975
-0.94876773569917794 -0.94328607298853651 -0.31129063827091319
-1.030980626011599 -0.79968752732846005 -0.3123025952992215
-1.0880024547043354 -0.64605394679073669 -0.325831884163165
-1.1219137287890857 -0.48799992142221971 -0.36450974324858987
-1.1630694920045979 -0.33613378584679926 -0.42922276212915161
-1.2346141923008123 -0.19466258436598938 -0.48921943910640858
-1.3207222052444245 -0.055607275321918781 -0.51945698078359248
-1.4085989326119992 0.083716180632978379 -0.51674366125233451
-1.491189919208886 0.22310183587373106 -0.48972500650663914
-1.5636323273156063 0.36127918403427234 -0.43725174944761375
-1.6236296067735287 0.49629218357988164 -0.36302999360341226
-1.6678143830962051 0.6255557306171684 -0.26798016227833366
-1.6925996309437892 0.74623952013755357 -0.15445748946257504
-1.6975094146790466 0.8560585592617892 -0.026039335023475788
-1.678472349363737 0.94968261557528433 0.11466656533207183
-1.6382869817169123 1.0263514110343563 0.26201793097425308
-1.5737122830814696 1.0820200957350448 0.41069638099070183
-1.4883346358356087 1.1171139255577813 0.55470211697361649
-1.3807946127194843 1.1316298435438812 0.68716821117806237
-1.2570392246404511 1.1238690946969179 0.80547982508826521
-1.1225166836978651 1.093773652850814 0.90745343742669848
-0.98274081676740366 1.0399670587526053 0.98955561597726593
-0.84278471606387062 0.96692385286437232 1.0521751419491163
-0.70684228509000024 0.87488849064716467 1.0905965520347489
-0.57729143512040637 0.77066476878832946 1.1079635553458096
-0.45758245906561906 0.65538795959107521 1.1015704627203664
-0.34950703081960488 0.53308155331225415 1.0741708417157805
-0.25219829094900542 0.40663423430164025 1.0260532012146319
-0.14240147044377391 0.2850737854277639 0.98728928041516006
-0.018618965686502259 0.17112984481012267 0.96754569192211815
0.11755730516952792 0.07075319700188426 0.97707105584494114
0.23619212021966529 -0.045103466708069806 1.0104537103141613
0.33720273508461229 -0.16816541899164933 1.0636410676508259
0.43535045392688915 -0.29249044124483603 1.1133652722582787
0.54709962452251515 -0.41174378454101734 1.1415228604837724
0.67097987427043704 -0.52295468682582635 1.1480823051197955
0.80436330026392011 -0.62354642589098519 1.1328280804175328
0.94440318758502761 -0.70914008941895679 1.0936059670333618
1.0873001459817992 -0.77892543883288401 1.0333539118582629
1.2280759757875233 -0.82688428702611838 0.94937768136226564
1.3624658883395595 -0.85529368852029863 0.84683074076613551
1.48504490056459 -0.85943743357658475 0.72660509312749799
1.5900048761671173 -0.84260757904032879 0.5926591990952812
1.6731641935485031 -0.80596893778520373 0.44750408818997767
1.7339708709688393 -0.74782436874878833 0.29830961849671289
1.7734164405881534 -0.67049972158044224 0.1513369545096297
1.7874425064444475 -0.57550507521340155 0.011497075400606835
1.7809675785768126 -0.46708611453549254 -0.11735298160727521
1.7520670661584758 -0.34641998769167986 -0.22960610117299685
1.7057564789200785 -0.21848145283543102 -0.32457547286541166
1.6429807029504524 -0.084769908327644139 -0.39828220587896185
1.5679760808069858 0.052379716341201393 -0.4493366777440761
1.4841852502778687 0.19125896184217095 -0.4764634440491386
1.3963517547190814 0.33089084913529831 -0.47577397018851492
1.3110348731974886 0.47156269618137825 -0.44525669540060969
1.2485703987043504 0.61767749865826294 -0.38341756996558496
1.2129845700819986 0.77431750568897317 -0.33007350127862151
1.1719017869085013 0.93312867603332672 -0.3099372540099038
1.1059110193388293 1.0837702409918577 -0.30810946279914742
1.0181712924217579 1.2243002878152032 -0.31699342260878438
0.90816727105308059 1.3493353243350792 -0.32951695308675988
0.7764330125804626 1.4550879296743782 -0.33716092526914648
0.62581228044443904 1.5355538568856661 -0.33504749453340871
0.46313282349564078 1.5924929040968205 -0.32453569960986606
0.29202722401603853 1.6180561804576259 -0.3051779263098901
0.11921616438528448 1.6143666735602769 -0.27849634479665958
-0.049442988229102515 1.577950545727326 -0.24551359288695301
-0.2067780034331933 1.5117489202709593 -0.20585396824019919
-0.34807241266953487 1.4188724047410659 -0.16055835724367645
-0.46740290771741361 1.3020746268696546 -0.11210081057031414
-0.56453046136596408 1.168476001203099 -0.061450525684372079
-0.63353903390542954 1.0197059022199748 -0.011328728188354203
-0.67820960510880546 0.86357682931567825 0.036620765050132578
-0.70807091076244166 0.70601520093206049 0.085029545863663389
-0.75482679501895023 0.5580826069314655 0.14420068233341832
-0.82256162563468471 0.42426884934866993 0.21518601391934206
-0.90891773378774388 0.30897994253196692 0.2974360637586968
-1.0137429460391441 0.214285815688909 0.38615410040287401
-1.1483071162204133 0.13350814064248126 0.44383310513114665
-1.2924793774466905 0.054814410531164232 0.47288232819351778
-1.4381527049561353 -0.025187387302426173 0.46967498710150168
-1.578740073870079 -0.10688538028971525 0.43989753486297767
-1.7085320051146398 -0.19036356554593209 0.3828602106942145
-1.8237479019149416 -0.27436590671025302 0.30257564920913427
-1.9209776836546097 -0.35846512406708159 0.20263937427555123
-1.9969334874011198 -0.44044468983140328 0.085080004695966049
