1 73.7635
2 73.7635
3 73.7635
4 73.7635
5 73.7635
6 73.7635
7 73.7635
8 73.7635
9 73.7635
10 73.7635
11 73.7635
12 73.7635
13 73.7635
14 73.7635
15 73.7635
16 73.7635
17 73.7635
18 73.7635
19 73.7635
20 73.7635
21 73.7635
22 73.7635
23 73.7635
24 73.7635
25 73.7635
26 73.7635
27 73.7635
28 73.7635
29 73.7635
30 73.7635
31 73.7635
32 73.7635
33 73.7635
34 73.7635
35 73.7635
36 73.7635
37 73.7635
38 73.7635
39 73.7635
40 73.7635
41 73.7635
42 73.7635
43 73.7635
44 73.7635
45 73.7635
46 73.7635
47 73.7635
48 73.7635
49 73.7635
50 73.7635
51 73.7635
52 73.7635
53 73.7635
54 73.7635
55 73.7635
56 73.7635
57 73.7635
58 73.7635
59 73.7635
60 73.7635
61 73.7635
62 73.7635
63 73.7635
64 73.7635
65 73.7635
66 73.7635
67 73.7635
68 73.7635
69 73.7635
70 73.7635
71 73.7635
72 73.7635
73 73.7635
74 73.7635
75 73.7635
76 73.7635
77 73.7635
78 73.7635
79 73.7633
80 73.7633
81 73.7633
82 73.7633
83 73.7633
84 73.7633
85 73.7633
86 73.7633
87 73.7633
88 73.7633
89 73.7633
90 73.7633
91 73.7633
92 73.7633
93 73.7633
94 73.7633
95 73.7633
96 73.7633
97 73.7633
98 73.7633
99 73.7633
100 73.7633
101 73.7633
102 73.7633
103 73.7633
104 73.7633
105 73.7633
106 73.7633
107 73.7633
108 73.7633
109 73.7633
110 73.7633
111 73.7633
112 73.7633
113 73.7633
114 73.7633
115 73.7633
116 73.7633
117 73.7633
118 73.7633
119 73.7633
120 73.7633
121 73.7633
122 73.7633
123 73.7633
124 73.7633
125 73.7633
126 73.7633
127 73.7633
128 73.7633
129 73.7633
130 73.7633
131 73.7633
132 73.7633
133 73.7633
134 73.7633
135 73.7633
136 73.7633
137 73.7633
138 73.7633
139 73.7633
140 73.7633
141 73.7633
142 73.7633
143 73.7633
144 73.7633
145 73.7633
146 73.7632
147 73.7632
148 73.7632
149 73.7632
150 73.7632
151 73.7632
152 73.7632
153 73.7632
154 73.7632
155 73.7632
156 73.7632
157 73.7632
158 73.7632
159 73.7632
160 73.7632
161 73.7632
162 73.7632
163 73.7632
164 73.7632
165 73.7632
166 73.7632
167 73.7632
168 73.7632
169 73.7632
170 73.7632
171 73.7632
172 73.7632
173 73.7632
174 73.7632
175 73.7632
176 73.7632
177 73.7632
178 73.7632
179 73.7632
180 73.7632
181 73.7632
182 73.7632
183 73.7632
184 73.7632
185 73.7632
186 73.7632
187 73.7632
188 73.7632
189 73.7632
190 73.7632
191 73.7632
192 73.7632
193 73.7632
194 73.7632
195 73.7632
196 73.7632
197 73.7632
198 73.7632
199 73.7632
200 73.7632
201 73.7632
202 73.7632
203 73.7632
204 73.7632
205 73.7632
206 73.7632
207 73.7632
208 73.7632
209 73.7632
210 73.7632
211 73.7632
212 73.7632
213 73.7632
214 73.7632
215 73.7632
216 73.7632
217 73.7632
218 73.7632
219 73.7632
220 73.7632
221 73.7632
222 73.7632
223 73.7632
224 73.7632
225 73.7632
226 73.7632
227 73.7632
228 73.7632
229 73.7632
230 73.7632
231 73.7632
232 73.7632
233 73.7632
234 73.7632
235 73.7632
236 73.7632
237 73.7632
238 73.7632
239 73.7632
240 73.7632
241 73.7632
242 73.7632
243 73.7632
244 73.7632
245 73.7632
246 73.7632
247 73.7632
248 73.7632
249 73.7632
250 73.7632
251 73.7632
252 73.7632
253 73.7632
254 73.7632
255 73.7632
256 73.7632
257 73.7632
258 73.7632
259 73.7632
260 73.7632
261 73.7632
262 73.7632
263 73.7632
264 73.7632
265 73.7632
266 73.7632
267 73.7632
268 73.7632
269 73.7632
270 73.7632
271 73.7632
272 73.7632
273 73.7632
274 73.7632
275 73.7632
276 73.7632
277 73.7632
278 73.7632
279 73.7632
280 73.7632
281 73.7632
282 73.7632
283 73.7632
284 73.7632
285 73.7632
286 73.7632
287 73.7632
288 73.7632
289 73.7632
290 73.7632
291 73.7632
292 73.7632
293 73.7632
294 73.7632
295 73.7632
296 73.7632
297 73.7632
298 73.7632
299 73.7632
300 73.7632
301 73.7632
302 73.7632
303 73.7632
304 73.7632
305 73.7632
306 73.7632
307 73.7632
308 73.7632
309 73.7632
310 73.7632
311 73.7632
312 73.7632
313 73.7632
314 73.7632
315 73.7632
316 73.7632
317 73.7632
318 73.7632
319 73.7632
320 73.7632
321 73.7632
322 73.7632
323 73.7632
324 73.7632
325 73.7632
326 73.7632
327 73.7632
328 73.7632
329 73.7632
330 73.7632
331 73.7632
332 73.7632
333 73.7632
334 73.7632
335 73.7632
336 73.7632
337 73.7632
338 73.7632
339 73.7632
340 73.7632
341 73.7632
342 73.7632
343 73.7632
344 73.7632
345 73.7632
346 73.7632
347 73.7632
348 73.7632
349 73.7632
350 73.7632
351 73.7632
352 73.7632
353 73.7632
354 73.7632
355 73.7632
356 73.7632
357 73.7632
358 73.7632
359 73.7632
360 73.7632
361 73.7632
362 73.7632
363 73.7632
364 73.7632
365 73.7632
366 73.7632
367 73.7632
368 73.7632
369 73.7632
370 73.7632
371 73.7632
372 73.7632
373 73.7632
374 73.7632
375 73.7632
376 73.7632
377 73.7632
378 73.7632
379 73.7632
380 73.7632
381 73.7632
382 73.7632
383 73.7632
384 73.7632
385 73.7632
386 73.7632
387 73.7632
388 73.7632
389 73.7632
390 73.7632
391 73.7632
392 73.7632
393 73.7632
394 73.7632
395 73.7632
396 73.7632
397 73.7632
398 73.7632
399 73.7632
400 73.7632
401 73.7632
402 73.7632
403 73.7632
404 73.7632
405 73.7629
406 73.7629
407 73.7629
408 73.7629
409 73.7629
410 73.7629
411 73.7629
412 73.7629
413 73.7629
414 73.7629
415 73.7629
416 73.7629
417 73.7629
418 73.7629
419 73.7629
420 73.7629
421 73.7629
422 73.7629
423 73.7629
424 73.7629
425 73.7629
426 73.7629
427 73.7629
428 73.7629
429 73.7629
430 73.7629
431 73.7629
432 73.7629
433 73.7629
434 73.7629
435 73.7629
436 73.7629
437 73.7629
438 73.7629
439 73.7629
440 73.7629
441 73.7629
442 73.7629
443 73.7629
444 73.7629
445 73.7629
446 73.7629
447 73.7629
448 73.7629
449 73.7629
450 73.7629
451 73.7629
452 73.7629
453 73.7629
454 73.7629
455 73.7629
456 73.7629
457 73.7629
458 73.7629
459 73.7629
460 73.7629
461 73.7629
462 73.7629
463 73.7629
464 73.7629
465 73.7629
466 73.7629
467 73.7629
468 73.7629
469 73.7629
470 73.7629
471 73.7629
472 73.7629
473 73.7629
474 73.7629
475 73.7629
476 73.7629
477 73.7629
478 73.7629
479 73.7629
480 73.7629
481 73.7629
482 73.7629
483 73.7629
484 73.7629
485 73.7629
486 73.7629
487 73.7629
488 73.7629
489 73.7629
490 73.7629
491 73.7629
492 73.7629
493 73.7629
494 73.7629
495 73.7629
496 73.7629
497 73.7629
498 73.7629
499 73.7629
500 73.7629
501 73.7629
502 73.7629
503 73.7629
504 73.7629
505 73.7629
506 73.7629
507 73.7629
508 73.7629
509 73.7629
510 73.7629
511 73.7629
512 73.7629
513 73.7629
514 73.7629
515 73.7629
516 73.7629
517 73.7629
518 73.7629
519 73.7629
520 73.7629
521 73.7629
522 73.7629
523 73.7629
524 73.7629
525 73.7629
526 73.7629
527 73.7629
528 73.7629
529 73.7629
530 73.7629
531 73.7629
532 73.7629
533 73.7629
534 73.7629
535 73.7629
536 73.7629
537 73.7629
538 73.7629
539 73.7629
540 73.7629
541 73.7629
542 73.7629
543 73.7629
544 73.7629
545 73.7629
546 73.7629
547 73.7629
548 73.7629
549 73.7629
550 73.7629
551 73.7629
552 73.7629
553 73.7629
554 73.7629
555 73.7629
556 73.7629
557 73.7629
558 73.7629
559 73.7629
560 73.7629
561 73.7629
562 73.7629
563 73.7629
564 73.7629
565 73.7629
566 73.7629
567 73.7629
568 73.7629
569 73.7629
570 73.7629
571 73.7629
572 73.7629
573 73.7629
574 73.7629
575 73.7629
576 73.7629
577 73.7629
578 73.7629
579 73.7629
580 73.7629
581 73.7629
582 73.7629
583 73.7629
584 73.7629
585 73.7629
586 73.7629
587 73.7629
588 73.7629
589 73.7629
590 73.7629
591 73.7629
592 73.7629
593 73.7629
594 73.7629
595 73.7629
596 73.7629
597 73.7629
598 73.7629
599 73.7629
600 73.7629
601 73.7629
602 73.7629
603 73.7629
604 73.7629
605 73.7629
606 73.7629
607 73.7629
608 73.7629
609 73.7629
610 73.7629
611 73.7629
612 73.7629
613 73.7629
614 73.7629
615 73.7629
616 73.7629
617 73.7629
618 73.7629
619 73.7629
620 73.7629
621 73.7629
622 73.7629
623 73.7629
624 73.7629
625 73.7629
626 73.7629
627 73.7629
628 73.7629
629 73.7629
630 73.7629
631 73.7629
632 73.7629
633 73.7629
634 73.7629
635 73.7629
636 73.7629
637 73.7629
638 73.7629
639 73.7629
640 73.7629
641 73.7629
642 73.7629
643 73.7629
644 73.7629
645 73.7629
646 73.7629
647 73.7629
648 73.7629
649 73.7628
650 73.7628
651 73.7628
652 73.7628
653 73.7628
654 73.7628
655 73.7628
656 73.7628
657 73.7628
658 73.7628
659 73.7628
660 73.7628
661 73.7628
662 73.7628
663 73.7628
664 73.7628
665 73.7628
666 73.7628
667 73.7628
668 73.7628
669 73.7628
670 73.7628
671 73.7628
672 73.7628
673 73.7628
674 73.7628
675 73.7628
676 73.7628
677 73.7628
678 73.7628
679 73.7628
680 73.7628
681 73.7628
682 73.7628
683 73.7628
684 73.7628
685 73.7628
686 73.7628
687 73.7628
688 73.7628
689 73.7628
690 73.7628
691 73.7628
692 73.7628
693 73.7628
694 73.7628
695 73.7628
696 73.7628
697 73.7628
698 73.7628
699 73.7628
700 73.7628
701 73.7628
702 73.7628
703 73.7628
704 73.7628
705 73.7628
706 73.7628
707 73.7628
708 73.7628
709 73.7628
710 73.7628
711 73.7628
712 73.7628
713 73.7628
714 73.7628
715 73.7628
716 73.7628
717 73.7628
718 73.7628
719 73.7628
720 73.7628
721 73.7628
722 73.7628
723 73.7628
724 73.7628
725 73.7628
726 73.7628
727 73.7628
728 73.7628
729 73.7628
730 73.7628
731 73.7628
732 73.7628
733 73.7628
734 73.7628
735 73.7628
736 73.7628
737 73.7628
738 73.7628
739 73.7628
740 73.7628
741 73.7628
742 73.7628
743 73.7628
744 73.7628
745 73.7628
746 73.7628
747 73.7628
748 73.7628
749 73.7628
750 73.7628
751 73.7628
752 73.7628
753 73.7628
754 73.7628
755 73.7628
756 73.7628
757 73.7628
758 73.7628
759 73.7628
760 73.7628
761 73.7628
762 73.7628
763 73.7628
764 73.7628
765 73.7628
766 73.7628
767 73.7628
768 73.7628
769 73.7628
770 73.7628
771 73.7628
772 73.7628
773 73.7628
774 73.7628
775 73.7628
776 73.7628
777 73.7628
778 73.7628
779 73.7628
780 73.7628
781 73.7628
782 73.7628
783 73.7628
784 73.7628
785 73.7628
786 73.7628
787 73.7628
788 73.7628
789 73.7628
790 73.7628
791 73.7628
792 73.7628
793 73.7628
794 73.7628
795 73.7628
796 73.7628
797 73.7628
798 73.7628
799 73.7628
800 73.7628
801 73.7628
802 73.7628
803 73.7628
804 73.7628
805 73.7628
806 73.7628
807 73.7628
808 73.7628
809 73.7628
810 73.7628
811 73.7628
812 73.7628
813 73.7628
814 73.7628
815 73.7628
816 73.7628
817 73.7628
818 73.7628
819 73.7628
820 73.7628
821 73.7628
822 73.7628
823 73.7628
824 73.7628
825 73.7628
826 73.7628
827 73.7628
828 73.7628
829 73.7628
830 73.7628
831 73.7628
832 73.7628
833 73.7628
834 73.7628
835 73.7628
836 73.7628
837 73.7628
838 73.7628
839 73.7628
840 73.7628
841 73.7628
842 73.7628
843 73.7628
844 73.7628
845 73.7628
846 73.7628
847 73.7628
848 73.7628
849 73.7628
850 73.7628
851 73.7628
852 73.7628
853 73.7628
854 73.7628
855 73.7628
856 73.7628
857 73.7628
858 73.7628
859 73.7628
860 73.7628
861 73.7628
862 73.7628
863 73.7628
864 73.7628
865 73.7628
866 73.7628
867 73.7628
868 73.7628
869 73.7628
870 73.7628
871 73.7628
872 73.7628
873 73.7628
874 73.7628
875 73.7628
876 73.7628
877 73.7628
878 73.7628
879 73.7628
880 73.7628
881 73.7628
882 73.7628
883 73.7628
884 73.7628
885 73.7628
886 73.7628
887 73.7628
888 73.7628
889 73.7628
890 73.7628
891 73.7628
892 73.7628
893 73.7628
894 73.7628
895 73.7628
896 73.7628
897 73.7628
898 73.7628
899 73.7628
900 73.7628
901 73.7628
902 73.7628
903 73.7628
904 73.7628
905 73.7628
906 73.7628
907 73.7628
908 73.7628
909 73.7628
910 73.7628
911 73.7628
912 73.7628
913 73.7628
914 73.7628
915 73.7628
916 73.7628
917 73.7628
918 73.7628
919 73.7628
920 73.7628
921 73.7628
922 73.7628
923 73.7628
924 73.7628
925 73.7628
926 73.7626
927 73.7626
928 73.7626
929 73.7626
930 73.7626
931 73.7626
932 73.7626
933 73.7626
934 73.7626
935 73.7626
936 73.7626
937 73.7626
938 73.7626
939 73.7626
940 73.7626
941 73.7626
942 73.7626
943 73.7626
944 73.7626
945 73.7626
946 73.7626
947 73.7626
948 73.7626
949 73.7626
950 73.7626
951 73.7626
952 73.7626
953 73.7626
954 73.7626
955 73.7626
956 73.7626
957 73.7626
958 73.7626
959 73.7626
960 73.7626
961 73.7626
962 73.7626
963 73.7626
964 73.7626
965 73.7626
966 73.7626
967 73.7626
968 73.7626
969 73.7626
970 73.7626
971 73.7626
972 73.7626
973 73.7626
974 73.7626
975 73.7626
976 73.7626
977 73.7626
978 73.7626
979 73.7626
980 73.7626
981 73.7626
982 73.7626
983 73.7626
984 73.7626
985 73.7626
986 73.7626
987 73.7626
988 73.7626
989 73.7626
990 73.7626
991 73.7626
992 73.7626
993 73.7626
994 73.7626
995 73.7626
996 73.7626
997 73.7626
998 73.7626
999 73.7626
1000 73.7626
1001 73.7626
1002 73.7626
1003 73.7626
1004 73.7626
1005 73.7626
1006 73.7626
1007 73.7626
1008 73.7626
1009 73.7626
1010 73.7626
1011 73.7626
1012 73.7626
1013 73.7626
1014 73.7626
1015 73.7626
1016 73.7626
1017 73.7626
1018 73.7626
1019 73.7626
1020 73.7626
1021 73.7626
1022 73.7626
1023 73.7626
1024 73.7626
1025 73.7626
1026 73.7626
1027 73.7626
1028 73.7626
1029 73.7626
1030 73.7626
1031 73.7626
1032 73.7626
1033 73.7626
1034 73.7626
1035 73.7626
1036 73.7626
1037 73.7626
1038 73.7626
1039 73.7626
1040 73.7626
1041 73.7626
1042 73.7626
1043 73.7626
1044 73.7626
1045 73.7626
1046 73.7626
1047 73.7626
1048 73.7626
1049 73.7626
1050 73.7626
1051 73.7626
1052 73.7626
1053 73.7626
1054 73.7626
1055 73.7626
1056 73.7626
1057 73.7626
1058 73.7626
1059 73.7626
1060 73.7626
1061 73.7626
1062 73.7626
1063 73.7626
1064 73.7626
1065 73.7626
1066 73.7626
1067 73.7626
1068 73.7626
1069 73.7626
1070 73.7626
1071 73.7626
1072 73.7626
1073 73.7626
1074 73.7626
1075 73.7626
1076 73.7626
1077 73.7626
1078 73.7626
1079 73.7626
1080 73.7626
1081 73.7626
1082 73.7626
1083 73.7626
1084 73.7626
1085 73.7626
1086 73.7626
1087 73.7626
1088 73.7626
1089 73.7626
1090 73.7626
1091 73.7626
1092 73.7626
1093 73.7626
1094 73.7626
1095 73.7626
1096 73.7626
1097 73.7626
1098 73.7626
1099 73.7626
1100 73.7626
1101 73.7626
1102 73.7626
1103 73.7626
1104 73.7626
1105 73.7626
1106 73.7626
1107 73.7626
1108 73.7626
1109 73.7626
1110 73.7626
1111 73.7626
1112 73.7626
1113 73.7626
1114 73.7626
1115 73.7626
1116 73.7626
1117 73.7626
1118 73.7626
1119 73.7626
1120 73.7626
1121 73.7626
1122 73.7626
1123 73.7626
1124 73.7626
1125 73.7626
1126 73.7626
1127 73.7626
1128 73.7626
1129 73.7626
1130 73.7626
1131 73.7626
1132 73.7626
1133 73.7626
1134 73.7626
1135 73.7626
1136 73.7626
1137 73.7626
1138 73.7626
1139 73.7626
1140 73.7626
1141 73.7626
1142 73.7626
1143 73.7626
1144 73.7626
1145 73.7626
1146 73.7626
1147 73.7626
1148 73.7626
1149 73.7626
1150 73.7626
1151 73.7626
1152 73.7626
1153 73.7626
1154 73.7626
1155 73.7626
1156 73.7626
1157 73.7626
1158 73.7626
1159 73.7626
1160 73.7626
1161 73.7626
1162 73.7626
1163 73.7626
1164 73.7626
1165 73.7626
1166 73.7626
1167 73.7626
1168 73.7626
1169 73.7626
1170 73.7626
1171 73.7626
1172 73.7626
1173 73.7626
1174 73.7626
1175 73.7626
1176 73.7626
1177 73.7626
1178 73.7626
1179 73.7626
1180 73.7626
1181 73.7626
1182 73.7626
1183 73.7626
1184 73.7626
1185 73.7626
1186 73.7626
1187 73.7626
1188 73.7626
1189 73.7626
1190 73.7626
1191 73.7626
1192 73.7626
1193 73.7626
1194 73.7626
1195 73.7626
1196 73.7626
1197 73.7626
1198 73.7626
1199 73.7626
1200 73.7626
1201 73.7626
1202 73.7626
1203 73.7626
1204 73.7626
1205 73.7626
1206 73.7626
1207 73.7626
1208 73.7626
1209 73.7626
1210 73.7626
1211 73.7626
1212 73.7626
1213 73.7626
1214 73.7626
1215 73.7626
1216 73.7626
1217 73.7626
1218 73.7626
1219 73.7626
1220 73.7626
1221 73.7626
1222 73.7626
1223 73.7626
1224 73.7626
1225 73.7626
1226 73.7626
1227 73.7626
1228 73.7626
1229 73.7626
1230 73.7626
1231 73.7626
1232 73.7626
1233 73.7626
1234 73.7626
1235 73.7626
1236 73.7626
1237 73.7626
1238 73.7626
1239 73.7626
1240 73.7626
1241 73.7626
1242 73.7626
1243 73.7626
1244 73.7626
1245 73.7626
1246 73.7626
1247 73.7625
1248 73.7625
1249 73.7625
1250 73.7625
1251 73.7625
1252 73.7625
1253 73.7625
1254 73.7625
1255 73.7625
1256 73.7625
1257 73.7625
1258 73.7625
1259 73.7625
1260 73.7625
1261 73.7625
1262 73.7625
1263 73.7625
1264 73.7625
1265 73.7625
1266 73.7625
1267 73.7625
1268 73.7625
1269 73.7625
1270 73.7625
1271 73.7625
1272 73.7625
1273 73.7625
1274 73.7625
1275 73.7625
1276 73.7625
1277 73.7625
1278 73.7625
1279 73.7625
1280 73.7625
1281 73.7625
1282 73.7625
1283 73.7625
1284 73.7625
1285 73.7625
1286 73.7625
1287 73.7625
1288 73.7625
1289 73.7625
1290 73.7625
1291 73.7625
1292 73.7625
1293 73.7625
1294 73.7625
1295 73.7625
1296 73.7625
1297 73.7625
1298 73.7625
1299 73.7625
1300 73.7625
1301 73.7625
1302 73.7625
1303 73.7625
1304 73.7625
1305 73.7625
1306 73.7625
1307 73.7625
1308 73.7625
1309 73.7625
1310 73.7625
1311 73.7625
1312 73.7625
1313 73.7625
1314 73.7625
1315 73.7625
1316 73.7625
1317 73.7625
1318 73.7625
1319 73.7625
1320 73.7625
1321 73.7625
1322 73.7625
1323 73.7625
1324 73.7625
1325 73.7625
1326 73.7625
1327 73.7625
1328 73.7625
1329 73.7625
1330 73.7625
1331 73.7625
1332 73.7625
1333 73.7625
1334 73.7625
1335 73.7625
1336 73.7625
1337 73.7625
1338 73.7625
1339 73.7625
1340 73.7625
1341 73.7625
1342 73.7625
1343 73.7625
1344 73.7625
1345 73.7625
1346 73.7625
1347 73.7625
1348 73.7625
1349 73.7625
1350 73.7625
1351 73.7625
1352 73.7625
1353 73.7625
1354 73.7625
1355 73.7625
1356 73.7625
1357 73.7625
1358 73.7625
1359 73.7625
1360 73.7625
1361 73.7625
1362 73.7625
1363 73.7625
1364 73.7625
1365 73.7625
1366 73.7625
1367 73.7625
1368 73.7625
1369 73.7625
1370 73.7625
1371 73.7625
1372 73.7625
1373 73.7625
1374 73.7625
1375 73.7625
1376 73.7625
1377 73.7625
1378 73.7625
1379 73.7625
1380 73.7625
1381 73.7625
1382 73.7625
1383 73.7625
1384 73.7625
1385 73.7625
1386 73.7625
1387 73.7625
1388 73.7625
1389 73.7625
1390 73.7625
1391 73.7625
1392 73.7625
1393 73.7625
1394 73.7625
1395 73.7625
1396 73.7625
1397 73.7625
1398 73.7625
1399 73.7625
1400 73.7625
1401 73.7625
1402 73.7625
1403 73.7625
1404 73.7625
1405 73.7625
1406 73.7625
1407 73.7625
1408 73.7625
1409 73.7625
1410 73.7625
1411 73.7625
1412 73.7625
1413 73.7625
1414 73.7625
1415 73.7625
1416 73.7625
1417 73.7625
1418 73.7625
1419 73.7625
1420 73.7625
1421 73.7625
1422 73.7625
1423 73.7625
1424 73.7625
1425 73.7625
1426 73.7625
1427 73.7625
1428 73.7625
1429 73.7625
1430 73.7625
1431 73.7625
1432 73.7625
1433 73.7625
1434 73.7625
1435 73.7625
1436 73.7625
1437 73.7625
1438 73.7625
1439 73.7625
1440 73.7625
1441 73.7625
1442 73.7625
1443 73.7625
1444 73.7625
1445 73.7625
1446 73.7625
1447 73.7625
1448 73.7625
1449 73.7625
1450 73.7625
1451 73.7625
1452 73.7625
1453 73.7625
1454 73.7625
1455 73.7625
1456 73.7625
1457 73.7625
1458 73.7625
1459 73.7625
1460 73.7625
1461 73.7625
1462 73.7625
1463 73.7625
1464 73.7625
1465 73.7625
1466 73.7625
1467 73.7625
1468 73.7625
1469 73.7625
1470 73.7625
1471 73.7625
1472 73.7625
1473 73.7625
1474 73.7625
1475 73.7625
1476 73.7625
1477 73.7625
1478 73.7625
1479 73.7625
1480 73.7625
1481 73.7625
1482 73.7625
1483 73.7625
1484 73.7625
1485 73.7625
1486 73.7625
1487 73.7625
1488 73.7625
1489 73.7625
1490 73.7625
1491 73.7625
1492 73.7625
1493 73.7625
1494 73.7625
1495 73.7625
1496 73.7625
1497 73.7625
1498 73.7625
1499 73.7625
1500 73.7625
1501 73.7625
1502 73.7625
1503 73.7625
1504 73.7625
1505 73.7625
1506 73.7625
1507 73.7625
1508 73.7625
1509 73.7625
1510 73.7625
1511 73.7625
1512 73.7625
1513 73.7625
1514 73.7625
1515 73.7625
1516 73.7625
1517 73.7625
1518 73.7625
1519 73.7625
1520 73.7625
1521 73.7625
1522 73.7625
1523 73.7625
1524 73.7625
1525 73.7625
1526 73.7625
1527 73.7625
1528 73.7625
1529 73.7625
1530 73.7625
1531 73.7625
1532 73.7625
1533 73.7625
1534 73.7625
1535 73.7625
1536 73.7625
1537 73.7625
1538 73.7625
1539 73.7625
1540 73.7625
1541 73.7625
1542 73.7625
1543 73.7625
1544 73.7625
1545 73.7625
1546 73.7625
1547 73.7625
1548 73.7625
1549 73.7625
1550 73.7625
1551 73.7625
1552 73.7625
1553 73.7625
1554 73.7625
1555 73.7625
1556 73.7625
1557 73.7625
1558 73.7625
1559 73.7625
1560 73.7625
1561 73.7625
1562 73.7625
1563 73.7625
1564 73.7625
1565 73.7625
1566 73.7625
1567 73.7625
1568 73.7625
1569 73.7625
1570 73.7625
1571 73.7625
1572 73.7625
1573 73.7625
1574 73.7625
1575 73.7625
1576 73.7625
1577 73.7625
1578 73.7625
1579 73.7625
1580 73.7625
1581 73.7625
1582 73.7625
1583 73.7625
1584 73.7625
1585 73.7625
1586 73.7625
1587 73.7625
1588 73.7625
1589 73.7625
1590 73.7625
1591 73.7625
1592 73.7625
1593 73.7625
1594 73.7625
1595 73.7625
1596 73.7625
1597 73.7625
1598 73.7625
1599 73.7625
1600 73.7625
1601 73.7625
1602 73.7625
1603 73.7625
1604 73.7625
1605 73.7625
1606 73.7625
1607 73.7625
1608 73.7625
1609 73.7625
1610 73.7625
1611 73.7625
1612 73.7625
1613 73.7625
1614 73.7625
1615 73.7625
1616 73.7625
1617 73.7625
1618 73.7625
1619 73.7625
1620 73.7625
1621 73.7625
1622 73.7625
1623 73.7625
1624 73.7625
1625 73.7625
1626 73.7625
1627 73.7625
1628 73.7625
1629 73.7625
1630 73.7625
1631 73.7625
1632 73.7625
1633 73.7625
1634 73.7625
1635 73.7625
1636 73.7625
1637 73.7625
1638 73.7625
1639 73.7625
1640 73.7625
1641 73.7625
1642 73.7625
1643 73.7625
1644 73.7625
1645 73.7625
1646 73.7625
1647 73.7625
1648 73.7625
1649 73.7625
1650 73.7625
1651 73.7625
1652 73.7625
1653 73.7625
1654 73.7625
1655 73.7625
1656 73.7625
1657 73.7625
1658 73.7625
1659 73.7625
1660 73.7625
1661 73.7625
1662 73.7625
1663 73.7625
1664 73.7625
1665 73.7625
1666 73.7625
1667 73.7625
1668 73.7625
1669 73.7625
1670 73.7625
1671 73.7625
1672 73.7625
1673 73.7625
1674 73.7625
1675 73.7625
1676 73.7625
1677 73.7625
1678 73.7625
1679 73.7625
1680 73.7625
1681 73.7625
1682 73.7625
1683 73.7625
1684 73.7625
1685 73.7625
1686 73.7625
1687 73.7625
1688 73.7624
1689 73.7624
1690 73.7624
1691 73.7624
1692 73.7624
1693 73.7624
1694 73.7624
1695 73.7624
1696 73.7624
1697 73.7624
1698 73.7624
1699 73.7624
1700 73.7624
1701 73.7624
1702 73.7624
1703 73.7624
1704 73.7624
1705 73.7624
1706 73.7624
1707 73.7624
1708 73.7624
1709 73.7624
1710 73.7624
1711 73.7624
1712 73.7624
1713 73.7624
1714 73.7624
1715 73.7624
1716 73.7624
1717 73.7624
1718 73.7624
1719 73.7624
1720 73.7624
1721 73.7624
1722 73.7624
1723 73.7624
1724 73.7624
1725 73.7624
1726 73.7624
1727 73.7624
1728 73.7624
1729 73.7624
1730 73.7624
1731 73.7624
1732 73.7624
1733 73.7624
1734 73.7624
1735 73.7624
1736 73.7624
1737 73.7624
1738 73.7624
1739 73.7624
1740 73.7624
1741 73.7624
1742 73.7624
1743 73.7624
1744 73.7624
1745 73.7624
1746 73.7624
1747 73.7624
1748 73.7624
1749 73.7624
1750 73.7624
1751 73.7624
1752 73.7624
1753 73.7624
1754 73.7624
1755 73.7624
1756 73.7624
1757 73.7624
1758 73.7624
1759 73.7624
1760 73.7624
1761 73.7624
1762 73.7624
1763 73.7624
1764 73.7624
1765 73.7624
1766 73.7624
1767 73.7624
1768 73.7624
1769 73.7624
1770 73.7624
1771 73.7624
1772 73.7624
1773 73.7624
1774 73.7624
1775 73.7624
1776 73.7624
1777 73.7624
1778 73.7624
1779 73.7624
1780 73.7624
1781 73.7624
1782 73.7624
1783 73.7624
1784 73.7624
1785 73.7624
1786 73.7624
1787 73.7624
1788 73.7624
1789 73.7624
1790 73.7624
1791 73.7624
1792 73.7624
1793 73.7624
1794 73.7624
1795 73.7624
1796 73.7624
1797 73.7624
1798 73.7624
1799 73.7624
1800 73.7624
1801 73.7624
1802 73.7624
1803 73.7624
1804 73.7624
1805 73.7624
1806 73.7624
1807 73.7624
1808 73.7624
1809 73.7624
1810 73.7624
1811 73.7624
1812 73.7624
1813 73.7624
1814 73.7624
1815 73.7624
1816 73.7624
1817 73.7624
1818 73.7624
1819 73.7624
1820 73.7624
1821 73.7624
1822 73.7624
1823 73.7624
1824 73.7624
1825 73.7624
1826 73.7624
1827 73.7624
1828 73.7624
1829 73.7624
1830 73.7624
1831 73.7624
1832 73.7624
1833 73.7624
1834 73.7624
1835 73.7624
1836 73.7624
1837 73.7624
1838 73.7624
1839 73.7624
1840 73.7624
1841 73.7624
1842 73.7624
1843 73.7624
1844 73.7624
1845 73.7624
1846 73.7624
1847 73.7624
1848 73.7624
1849 73.7624
1850 73.7624
1851 73.7624
1852 73.7624
1853 73.7624
1854 73.7624
1855 73.7624
1856 73.7624
1857 73.7624
1858 73.7624
1859 73.7624
1860 73.7624
1861 73.7624
1862 73.7624
1863 73.7624
1864 73.7624
1865 73.7624
1866 73.7624
1867 73.7624
1868 73.7624
1869 73.7624
1870 73.7624
1871 73.7624
1872 73.7624
1873 73.7624
1874 73.7624
1875 73.7624
1876 73.7624
1877 73.7624
1878 73.7624
1879 73.7624
1880 73.7624
1881 73.7624
1882 73.7624
1883 73.7624
1884 73.7624
1885 73.7624
1886 73.7624
1887 73.7624
1888 73.7624
1889 73.7624
1890 73.7624
1891 73.7624
1892 73.7624
1893 73.7624
1894 73.7624
1895 73.7624
1896 73.7624
1897 73.7624
1898 73.7624
1899 73.7624
1900 73.7624
1901 73.7624
1902 73.7624
1903 73.7624
1904 73.7624
1905 73.7624
1906 73.7624
1907 73.7624
1908 73.7624
1909 73.7624
1910 73.7624
1911 73.7622
1912 73.7622
1913 73.7622
1914 73.7622
1915 73.7622
1916 73.7622
1917 73.7622
1918 73.7622
1919 73.7622
1920 73.7622
1921 73.7622
1922 73.7622
1923 73.7622
1924 73.7622
1925 73.7622
1926 73.7622
1927 73.7622
1928 73.7622
1929 73.7622
1930 73.7622
1931 73.7622
1932 73.7622
1933 73.7622
1934 73.7622
1935 73.7622
1936 73.7622
1937 73.7622
1938 73.7622
1939 73.7622
1940 73.7622
1941 73.7622
1942 73.7622
1943 73.7622
1944 73.7622
1945 73.7622
1946 73.7622
1947 73.7622
1948 73.7622
1949 73.7622
1950 73.7622
1951 73.7622
1952 73.7622
1953 73.7622
1954 73.7622
1955 73.7622
1956 73.7622
1957 73.7622
1958 73.7622
1959 73.7622
1960 73.7622
1961 73.7622
1962 73.7622
1963 73.7622
1964 73.7622
1965 73.7622
1966 73.7622
1967 73.7622
1968 73.7622
1969 73.7622
1970 73.7622
1971 73.7622
1972 73.7622
1973 73.7622
1974 73.7622
1975 73.7622
1976 73.7622
1977 73.7622
1978 73.7622
1979 73.7622
1980 73.7622
1981 73.7622
1982 73.7622
1983 73.7622
1984 73.7622
1985 73.7622
1986 73.7622
1987 73.7622
1988 73.7622
1989 73.7622
1990 73.7622
1991 73.7622
1992 73.7622
1993 73.7622
1994 73.7622
1995 73.7622
1996 73.7622
1997 73.7622
1998 73.7622
1999 73.7622
2000 73.7622
2001 73.7622
2002 73.7622
2003 73.7622
2004 73.7622
2005 73.7622
2006 73.7622
2007 73.7622
2008 73.7622
2009 73.7622
2010 73.7622
2011 73.7622
2012 73.7622
2013 73.7622
2014 73.7622
2015 73.7622
2016 73.7622
2017 73.7622
2018 73.7622
2019 73.7622
2020 73.7622
2021 73.7622
2022 73.7622
2023 73.7622
2024 73.7622
2025 73.7622
2026 73.7622
2027 73.7622
2028 73.7622
2029 73.7622
2030 73.7622
2031 73.7622
2032 73.7622
2033 73.7622
2034 73.7622
2035 73.7622
2036 73.7622
2037 73.7622
2038 73.7622
2039 73.7622
2040 73.7622
2041 73.7622
2042 73.7622
2043 73.7622
2044 73.7622
2045 73.7622
2046 73.7622
2047 73.7622
2048 73.7622
2049 73.7622
2050 73.7622
2051 73.7622
2052 73.7622
2053 73.7622
2054 73.7622
2055 73.7622
2056 73.7622
2057 73.7622
2058 73.7622
2059 73.7622
2060 73.7622
2061 73.7622
2062 73.7622
2063 73.7622
2064 73.7622
2065 73.7622
2066 73.7622
2067 73.7622
2068 73.7622
2069 73.7622
2070 73.7622
2071 73.7622
2072 73.7622
2073 73.7622
2074 73.7622
2075 73.7622
2076 73.7622
2077 73.7622
2078 73.7622
2079 73.7622
2080 73.7622
2081 73.7622
2082 73.7622
2083 73.7622
2084 73.7622
2085 73.7622
2086 73.7622
2087 73.7622
2088 73.7622
2089 73.7622
2090 73.7622
2091 73.7622
2092 73.7622
2093 73.7622
2094 73.7622
2095 73.7622
2096 73.7622
2097 73.7622
2098 73.7622
2099 73.7622
2100 73.7622
2101 73.7622
2102 73.7622
2103 73.7622
2104 73.7622
2105 73.7622
2106 73.7622
2107 73.7622
2108 73.7622
2109 73.7622
2110 73.7622
2111 73.7622
2112 73.7622
2113 73.7622
2114 73.7622
2115 73.7622
2116 73.7622
2117 73.7622
2118 73.7622
2119 73.7622
2120 73.7622
2121 73.7622
2122 73.7622
2123 73.7622
2124 73.7622
2125 73.7622
2126 73.7622
2127 73.7622
2128 73.7622
2129 73.7622
2130 73.7622
2131 73.7622
2132 73.7622
2133 73.7622
2134 73.7622
2135 73.7622
2136 73.7622
2137 73.7622
2138 73.7622
2139 73.7622
2140 73.7622
2141 73.7622
2142 73.7622
2143 73.7622
2144 73.7622
2145 73.7622
2146 73.7622
2147 73.7622
2148 73.7622
2149 73.7622
2150 73.7622
2151 73.7622
2152 73.7622
2153 73.7622
2154 73.7622
2155 73.7622
2156 73.7622
2157 73.7622
2158 73.7622
2159 73.7622
2160 73.7622
2161 73.7622
2162 73.7622
2163 73.7622
2164 73.7622
2165 73.7622
2166 73.7622
2167 73.7622
2168 73.7622
2169 73.7622
2170 73.7622
2171 73.7622
2172 73.7622
2173 73.7622
2174 73.7622
2175 73.7622
2176 73.7622
2177 73.7622
2178 73.7622
2179 73.7622
2180 73.7622
2181 73.7622
2182 73.7622
2183 73.7622
2184 73.7622
2185 73.7622
2186 73.7622
2187 73.7622
2188 73.7622
2189 73.7622
2190 73.7622
2191 73.7622
2192 73.7622
2193 73.7622
2194 73.7622
2195 73.7622
2196 73.7622
2197 73.7622
2198 73.7622
2199 73.7622
2200 73.7622
2201 73.7622
2202 73.7622
2203 73.7622
2204 73.7622
2205 73.7622
2206 73.7622
2207 73.7622
2208 73.7622
2209 73.7622
2210 73.7622
2211 73.7622
2212 73.7622
2213 73.7622
2214 73.7622
2215 73.7622
2216 73.7622
2217 73.7622
2218 73.7622
2219 73.7622
2220 73.7622
2221 73.7622
2222 73.7622
2223 73.7622
2224 73.7622
2225 73.7622
2226 73.7622
2227 73.7622
2228 73.7622
2229 73.7622
2230 73.7622
2231 73.7622
2232 73.7622
2233 73.7622
2234 73.7622
2235 73.7622
2236 73.7622
2237 73.7622
2238 73.7622
2239 73.7622
2240 73.7622
2241 73.7622
2242 73.7622
2243 73.7622
2244 73.7622
2245 73.7622
2246 73.7622
2247 73.7622
2248 73.7622
2249 73.7622
2250 73.7622
2251 73.7622
2252 73.7622
2253 73.7622
2254 73.7622
2255 73.7622
2256 73.7622
2257 73.7622
2258 73.7622
2259 73.7622
2260 73.7622
2261 73.7622
2262 73.7622
2263 73.7622
2264 73.7622
2265 73.7622
2266 73.7622
2267 73.7622
2268 73.7622
2269 73.7622
2270 73.7622
2271 73.7622
2272 73.7622
2273 73.7622
2274 73.7622
2275 73.7622
2276 73.7622
2277 73.7622
2278 73.7622
2279 73.7622
2280 73.7622
2281 73.7622
2282 73.7622
2283 73.7621
2284 73.7621
2285 73.7621
2286 73.7621
2287 73.7621
2288 73.7621
2289 73.7621
2290 73.7621
2291 73.7621
2292 73.7621
2293 73.7621
2294 73.7621
2295 73.7621
2296 73.7621
2297 73.7621
2298 73.7621
2299 73.7621
2300 73.7621
2301 73.7621
2302 73.7621
2303 73.7621
2304 73.7621
2305 73.7621
2306 73.7621
2307 73.7621
2308 73.7621
2309 73.7621
2310 73.7621
2311 73.7621
2312 73.7621
2313 73.7621
2314 73.7621
2315 73.7621
2316 73.7621
2317 73.7621
2318 73.7621
2319 73.7621
2320 73.7621
2321 73.7621
2322 73.7621
2323 73.7621
2324 73.7621
2325 73.7621
2326 73.7621
2327 73.7621
2328 73.7621
2329 73.7621
2330 73.7621
2331 73.7621
2332 73.7621
2333 73.7621
2334 73.7621
2335 73.7621
2336 73.7621
2337 73.7621
2338 73.7621
2339 73.7621
2340 73.7621
2341 73.7621
2342 73.7621
2343 73.7621
2344 73.7621
2345 73.7621
2346 73.7621
2347 73.7621
2348 73.7621
2349 73.7621
2350 73.7621
2351 73.7621
2352 73.7621
2353 73.7621
2354 73.7621
2355 73.7621
2356 73.7621
2357 73.7621
2358 73.7621
2359 73.7621
2360 73.7621
2361 73.7621
2362 73.7621
2363 73.7621
2364 73.7621
2365 73.7621
2366 73.7621
2367 73.7621
2368 73.7621
2369 73.7621
2370 73.7621
2371 73.7621
2372 73.7621
2373 73.7621
2374 73.7621
2375 73.7621
2376 73.7621
2377 73.7621
2378 73.7621
2379 73.7621
2380 73.7621
2381 73.7621
2382 73.7621
2383 73.7621
2384 73.7621
2385 73.7621
2386 73.7621
2387 73.7621
2388 73.7621
2389 73.7621
2390 73.7621
2391 73.7621
2392 73.7621
2393 73.7621
2394 73.7621
2395 73.7621
2396 73.7621
2397 73.7621
2398 73.7621
2399 73.7621
2400 73.7621
2401 73.7621
2402 73.7621
2403 73.7621
2404 73.7621
2405 73.7621
2406 73.7621
2407 73.7621
2408 73.7621
2409 73.7621
2410 73.7621
2411 73.7621
2412 73.7621
2413 73.7621
2414 73.7621
2415 73.7621
2416 73.7621
2417 73.7621
2418 73.7621
2419 73.7621
2420 73.7621
2421 73.7621
2422 73.7621
2423 73.7621
2424 73.7621
2425 73.7621
2426 73.7621
2427 73.7621
2428 73.7621
2429 73.7621
2430 73.7621
2431 73.7621
2432 73.7621
2433 73.7621
2434 73.7621
2435 73.7621
2436 73.7621
2437 73.7621
2438 73.7621
2439 73.7621
2440 73.7621
2441 73.7621
2442 73.7621
2443 73.7621
2444 73.7621
2445 73.7621
2446 73.7621
2447 73.7621
2448 73.7621
2449 73.7621
2450 73.7621
2451 73.7621
2452 73.7621
2453 73.7621
2454 73.7621
2455 73.7621
2456 73.7621
2457 73.7621
2458 73.7621
2459 73.7621
2460 73.7621
2461 73.7621
2462 73.7621
2463 73.7621
2464 73.7621
2465 73.7621
2466 73.7621
2467 73.7621
2468 73.7621
2469 73.7621
2470 73.7621
2471 73.7621
2472 73.7621
2473 73.7621
2474 73.7621
2475 73.7621
2476 73.7621
2477 73.7621
2478 73.7621
2479 73.7621
2480 73.7621
2481 73.7621
2482 73.7621
2483 73.7621
2484 73.7621
2485 73.7621
2486 73.7621
2487 73.7621
2488 73.7621
2489 73.7621
2490 73.7621
2491 73.7621
2492 73.7621
2493 73.7621
2494 73.7621
2495 73.7621
2496 73.7621
2497 73.7621
2498 73.7621
2499 73.7621
2500 73.7621
2501 73.7621
2502 73.7621
2503 73.7621
2504 73.7621
2505 73.7621
2506 73.7621
2507 73.7621
2508 73.7621
2509 73.7621
2510 73.7621
2511 73.7621
2512 73.7621
2513 73.7621
2514 73.7621
2515 73.7621
2516 73.7621
2517 73.7621
2518 73.7621
2519 73.7621
2520 73.7621
2521 73.7621
2522 73.7621
2523 73.7621
2524 73.7621
2525 73.7621
2526 73.7621
2527 73.7621
2528 73.7621
2529 73.7621
2530 73.7621
2531 73.7621
2532 73.7621
2533 73.7621
2534 73.7621
2535 73.7621
2536 73.7621
2537 73.7621
2538 73.7621
2539 73.7621
2540 73.7621
2541 73.7621
2542 73.7621
2543 73.7621
2544 73.7621
2545 73.7621
2546 73.7621
2547 73.7621
2548 73.7621
2549 73.7621
2550 73.7621
2551 73.7621
2552 73.7621
2553 73.7621
2554 73.7621
2555 73.7621
2556 73.7621
2557 73.7621
2558 73.7621
2559 73.7621
2560 73.7621
2561 73.7621
2562 73.7621
2563 73.7621
2564 73.7621
2565 73.7621
2566 73.7621
2567 73.7621
2568 73.7621
2569 73.7621
2570 73.7621
2571 73.7621
2572 73.7621
2573 73.7621
2574 73.7621
2575 73.7621
2576 73.7621
2577 73.7621
2578 73.7621
2579 73.7621
2580 73.7621
2581 73.7621
2582 73.7621
2583 73.7621
2584 73.7621
2585 73.7621
2586 73.7621
2587 73.7621
2588 73.7621
2589 73.7621
2590 73.7621
2591 73.7621
2592 73.7621
2593 73.7621
2594 73.7621
2595 73.7621
2596 73.7621
2597 73.7621
2598 73.7621
2599 73.7621
2600 73.7621
2601 73.7621
2602 73.7621
2603 73.7621
2604 73.7621
2605 73.7621
2606 73.7621
2607 73.7621
2608 73.7621
2609 73.7621
2610 73.7621
2611 73.7621
2612 73.7621
2613 73.7621
2614 73.7621
2615 73.7621
2616 73.7621
2617 73.7621
2618 73.7621
2619 73.7621
2620 73.7621
2621 73.7621
2622 73.7621
2623 73.7621
2624 73.7621
2625 73.7621
2626 73.7621
2627 73.7621
2628 73.7621
2629 73.7621
2630 73.7621
2631 73.7621
2632 73.7621
2633 73.7621
2634 73.7621
2635 73.7621
2636 73.7621
2637 73.7621
2638 73.7621
2639 73.7621
2640 73.7621
2641 73.7621
2642 73.7621
2643 73.7621
2644 73.7621
2645 73.7621
2646 73.7621
2647 73.7621
2648 73.7621
2649 73.7621
2650 73.7621
2651 73.7621
2652 73.7621
2653 73.7621
2654 73.7621
2655 73.7621
2656 73.7621
2657 73.7621
2658 73.7621
2659 73.7621
2660 73.7621
2661 73.7621
2662 73.7621
2663 73.7621
2664 73.7621
2665 73.7621
2666 73.7621
2667 73.7621
2668 73.7621
2669 73.7621
2670 73.7621
2671 73.7621
2672 73.7621
2673 73.7621
2674 73.7621
2675 73.7621
2676 73.7621
2677 73.7621
2678 73.7621
2679 73.7621
2680 73.7621
2681 73.7621
2682 73.7621
2683 73.7621
2684 73.7621
2685 73.7621
2686 73.7621
2687 73.7621
2688 73.7621
2689 73.7621
2690 73.7621
2691 73.7621
2692 73.7621
2693 73.7621
2694 73.7621
2695 73.7621
2696 73.7621
2697 73.7621
2698 73.7621
2699 73.7621
2700 73.7621
2701 73.7621
2702 73.7621
2703 73.7621
2704 73.7621
2705 73.7621
2706 73.7621
2707 73.7621
2708 73.7621
2709 73.7621
2710 73.7621
2711 73.7621
2712 73.7621
2713 73.7621
2714 73.7621
2715 73.7621
2716 73.7621
2717 73.7621
2718 73.7621
2719 73.7621
2720 73.7621
2721 73.7621
2722 73.7621
2723 73.7621
2724 73.7621
2725 73.7621
2726 73.7621
2727 73.7621
2728 73.7621
2729 73.7621
2730 73.7621
2731 73.7621
2732 73.7621
2733 73.7621
2734 73.7621
2735 73.7621
2736 73.7621
2737 73.7621
2738 73.7621
2739 73.7621
2740 73.7621
2741 73.7621
2742 73.7621
2743 73.7621
2744 73.7621
2745 73.7621
2746 73.7621
2747 73.7621
2748 73.7621
2749 73.7621
2750 73.7621
2751 73.7621
2752 73.7621
2753 73.7621
2754 73.7621
2755 73.7621
2756 73.7621
2757 73.7621
2758 73.7621
2759 73.7621
2760 73.7621
2761 73.7621
2762 73.7621
2763 73.7621
2764 73.7621
2765 73.7621
2766 73.7621
2767 73.7621
2768 73.7621
2769 73.7621
2770 73.7621
2771 73.7621
2772 73.7621
2773 73.7621
2774 73.7621
2775 73.7621
2776 73.7621
2777 73.7621
2778 73.7621
2779 73.7621
2780 73.7621
2781 73.7621
2782 73.7621
2783 73.7621
2784 73.7621
2785 73.7621
2786 73.7621
2787 73.7621
2788 73.7621
2789 73.7621
2790 73.7621
2791 73.7621
2792 73.7621
2793 73.7621
2794 73.7621
2795 73.7621
2796 73.7621
2797 73.7621
2798 73.7621
2799 73.7621
2800 73.7621
2801 73.7621
2802 73.7621
2803 73.7621
2804 73.7621
2805 73.7621
2806 73.7621
2807 73.7621
2808 73.7621
2809 73.7621
2810 73.7621
2811 73.7621
2812 73.7621
2813 73.7621
2814 73.7621
2815 73.7621
2816 73.7621
2817 73.7621
2818 73.7621
2819 73.7621
2820 73.7621
2821 73.7621
2822 73.7621
2823 73.7621
2824 73.7621
2825 73.7621
2826 73.7621
2827 73.7621
2828 73.7621
2829 73.7621
2830 73.7621
2831 73.7621
2832 73.7621
2833 73.7621
2834 73.7621
2835 73.7621
2836 73.7621
2837 73.7621
2838 73.7621
2839 73.7621
2840 73.7621
2841 73.7621
2842 73.7621
2843 73.7621
2844 73.7621
2845 73.7621
2846 73.7621
2847 73.7621
2848 73.7621
2849 73.7621
2850 73.7621
2851 73.7621
2852 73.7621
2853 73.7621
2854 73.7621
2855 73.7621
2856 73.7621
2857 73.7621
2858 73.7621
2859 73.7621
2860 73.7621
2861 73.7621
2862 73.7621
2863 73.7621
2864 73.7621
2865 73.7621
2866 73.7621
2867 73.7621
2868 73.7621
2869 73.7621
2870 73.7621
2871 73.7621
2872 73.7621
2873 73.7621
2874 73.7621
2875 73.7621
2876 73.7621
2877 73.7621
2878 73.7621
2879 73.7621
2880 73.7621
2881 73.7621
2882 73.7621
2883 73.7621
2884 73.7621
2885 73.7621
2886 73.7621
2887 73.7621
2888 73.7621
2889 73.7621
2890 73.7621
2891 73.7621
2892 73.7621
2893 73.7621
2894 73.7621
2895 73.7621
2896 73.7621
2897 73.7621
2898 73.7621
2899 73.7621
2900 73.7621
2901 73.7621
2902 73.7621
2903 73.7621
2904 73.7621
2905 73.7621
2906 73.7621
2907 73.7621
2908 73.7621
2909 73.7621
2910 73.7621
2911 73.7621
2912 73.7621
2913 73.7621
2914 73.7621
2915 73.7621
2916 73.7621
2917 73.7621
2918 73.7621
2919 73.7621
2920 73.7621
2921 73.7621
2922 73.7621
2923 73.7621
2924 73.762
2925 73.762
2926 73.762
2927 73.762
2928 73.762
2929 73.762
2930 73.762
2931 73.762
2932 73.762
2933 73.762
2934 73.762
2935 73.762
2936 73.762
2937 73.762
2938 73.762
2939 73.762
2940 73.762
2941 73.762
2942 73.762
2943 73.762
2944 73.762
2945 73.762
2946 73.762
2947 73.762
2948 73.762
2949 73.762
2950 73.762
2951 73.762
2952 73.762
2953 73.762
2954 73.762
2955 73.762
2956 73.762
2957 73.762
2958 73.762
2959 73.762
2960 73.762
2961 73.762
2962 73.762
2963 73.762
2964 73.762
2965 73.762
2966 73.762
2967 73.762
2968 73.762
2969 73.762
2970 73.762
2971 73.762
2972 73.762
2973 73.762
2974 73.762
2975 73.762
2976 73.762
2977 73.762
2978 73.762
2979 73.762
2980 73.762
2981 73.762
2982 73.762
2983 73.762
2984 73.762
2985 73.762
2986 73.762
2987 73.762
2988 73.762
2989 73.762
2990 73.762
2991 73.762
2992 73.762
2993 73.762
2994 73.762
2995 73.762
2996 73.762
2997 73.762
2998 73.762
2999 73.762
3000 73.762
3001 73.762
3002 73.762
3003 73.762
3004 73.762
3005 73.762
3006 73.762
3007 73.762
3008 73.762
3009 73.762
3010 73.762
3011 73.762
3012 73.762
3013 73.762
3014 73.762
3015 73.762
3016 73.762
3017 73.762
3018 73.762
3019 73.762
3020 73.762
3021 73.762
3022 73.762
3023 73.762
3024 73.762
3025 73.762
3026 73.762
3027 73.762
3028 73.762
3029 73.762
3030 73.762
3031 73.762
3032 73.762
3033 73.762
3034 73.762
3035 73.762
3036 73.762
3037 73.762
3038 73.762
3039 73.762
3040 73.762
3041 73.762
3042 73.762
3043 73.762
3044 73.762
3045 73.762
3046 73.762
3047 73.762
3048 73.762
3049 73.762
3050 73.762
3051 73.762
3052 73.762
3053 73.762
3054 73.762
3055 73.762
3056 73.762
3057 73.762
3058 73.762
3059 73.762
3060 73.762
3061 73.762
3062 73.762
3063 73.762
3064 73.762
3065 73.762
3066 73.762
3067 73.762
3068 73.762
3069 73.762
3070 73.762
3071 73.762
3072 73.762
3073 73.762
3074 73.762
3075 73.762
3076 73.762
3077 73.762
3078 73.762
3079 73.762
3080 73.762
3081 73.762
3082 73.762
3083 73.762
3084 73.762
3085 73.762
3086 73.762
3087 73.762
3088 73.762
3089 73.762
3090 73.762
3091 73.762
3092 73.762
3093 73.762
3094 73.762
3095 73.762
3096 73.762
3097 73.762
3098 73.762
3099 73.762
3100 73.762
3101 73.762
3102 73.762
3103 73.762
3104 73.762
3105 73.762
3106 73.762
3107 73.762
3108 73.762
3109 73.762
3110 73.762
3111 73.762
3112 73.762
3113 73.762
3114 73.762
3115 73.762
3116 73.762
3117 73.762
3118 73.762
3119 73.762
3120 73.762
3121 73.762
3122 73.762
3123 73.762
3124 73.762
3125 73.762
3126 73.762
3127 73.762
3128 73.762
3129 73.762
3130 73.762
3131 73.762
3132 73.762
3133 73.762
3134 73.762
3135 73.762
3136 73.762
3137 73.762
3138 73.762
3139 73.762
3140 73.762
3141 73.762
3142 73.762
3143 73.762
3144 73.762
3145 73.762
3146 73.762
3147 73.762
3148 73.762
3149 73.762
3150 73.762
3151 73.762
3152 73.762
3153 73.762
3154 73.762
3155 73.762
3156 73.762
3157 73.762
3158 73.762
3159 73.762
3160 73.762
3161 73.762
3162 73.762
3163 73.762
3164 73.762
3165 73.762
3166 73.762
3167 73.762
3168 73.762
3169 73.762
3170 73.762
3171 73.762
3172 73.762
3173 73.762
3174 73.762
3175 73.762
3176 73.762
3177 73.762
3178 73.762
3179 73.762
3180 73.762
3181 73.762
3182 73.762
3183 73.762
3184 73.762
3185 73.762
3186 73.762
3187 73.762
3188 73.762
3189 73.762
3190 73.762
3191 73.762
3192 73.762
3193 73.762
3194 73.762
3195 73.762
3196 73.762
3197 73.762
3198 73.762
3199 73.762
3200 73.762
3201 73.762
3202 73.762
3203 73.762
3204 73.762
3205 73.762
3206 73.762
3207 73.762
3208 73.762
3209 73.762
3210 73.762
3211 73.762
3212 73.762
3213 73.762
3214 73.762
3215 73.762
3216 73.762
3217 73.762
3218 73.762
3219 73.762
3220 73.762
3221 73.762
3222 73.762
3223 73.762
3224 73.762
3225 73.762
3226 73.762
3227 73.762
3228 73.762
3229 73.762
3230 73.762
3231 73.762
3232 73.762
3233 73.762
3234 73.762
3235 73.762
3236 73.762
3237 73.762
3238 73.762
3239 73.762
3240 73.762
3241 73.762
3242 73.762
3243 73.762
3244 73.762
3245 73.762
3246 73.762
3247 73.762
3248 73.762
3249 73.762
3250 73.762
3251 73.762
3252 73.762
3253 73.762
3254 73.762
3255 73.762
3256 73.762
3257 73.762
3258 73.762
3259 73.762
3260 73.762
3261 73.762
3262 73.762
3263 73.762
3264 73.762
3265 73.762
3266 73.762
3267 73.762
3268 73.762
3269 73.762
3270 73.762
3271 73.762
3272 73.762
3273 73.762
3274 73.762
3275 73.762
3276 73.762
3277 73.762
3278 73.762
3279 73.762
3280 73.762
3281 73.762
3282 73.762
3283 73.762
3284 73.762
3285 73.762
3286 73.762
3287 73.762
3288 73.762
3289 73.762
3290 73.762
3291 73.762
3292 73.762
3293 73.762
3294 73.762
3295 73.762
3296 73.762
3297 73.762
3298 73.762
3299 73.762
3300 73.762
3301 73.762
3302 73.762
3303 73.762
3304 73.762
3305 73.762
3306 73.762
3307 73.762
3308 73.762
3309 73.762
3310 73.762
3311 73.762
3312 73.762
3313 73.762
3314 73.762
3315 73.762
3316 73.762
3317 73.762
3318 73.762
3319 73.762
3320 73.762
3321 73.762
3322 73.762
3323 73.762
3324 73.762
3325 73.762
3326 73.762
3327 73.762
3328 73.762
3329 73.762
3330 73.762
3331 73.762
3332 73.762
3333 73.762
3334 73.762
3335 73.762
3336 73.762
3337 73.762
3338 73.762
3339 73.762
3340 73.762
3341 73.762
3342 73.762
3343 73.762
3344 73.762
3345 73.762
3346 73.762
3347 73.762
3348 73.762
3349 73.762
3350 73.762
3351 73.762
3352 73.762
3353 73.762
3354 73.762
3355 73.762
3356 73.762
3357 73.762
3358 73.762
3359 73.762
3360 73.762
3361 73.762
3362 73.762
3363 73.762
3364 73.762
3365 73.762
3366 73.762
3367 73.762
3368 73.762
3369 73.762
3370 73.762
3371 73.762
3372 73.762
3373 73.762
3374 73.762
3375 73.762
3376 73.762
3377 73.762
3378 73.762
3379 73.762
3380 73.762
3381 73.762
3382 73.762
3383 73.762
3384 73.762
3385 73.762
3386 73.762
3387 73.762
3388 73.762
3389 73.762
3390 73.762
3391 73.762
3392 73.762
3393 73.762
3394 73.762
3395 73.762
3396 73.762
3397 73.762
3398 73.762
3399 73.762
3400 73.762
3401 73.762
3402 73.762
3403 73.762
3404 73.762
3405 73.762
3406 73.762
3407 73.762
3408 73.762
3409 73.762
3410 73.762
3411 73.762
3412 73.762
3413 73.762
3414 73.762
3415 73.762
3416 73.762
3417 73.762
3418 73.762
3419 73.762
3420 73.762
3421 73.762
3422 73.762
3423 73.762
3424 73.762
3425 73.762
3426 73.762
3427 73.762
3428 73.762
3429 73.762
3430 73.762
3431 73.762
3432 73.762
3433 73.762
3434 73.762
3435 73.762
3436 73.762
3437 73.762
3438 73.762
3439 73.762
3440 73.762
3441 73.762
3442 73.762
3443 73.762
3444 73.762
3445 73.762
3446 73.762
3447 73.762
3448 73.762
3449 73.762
3450 73.762
3451 73.762
3452 73.762
3453 73.762
3454 73.762
3455 73.762
3456 73.762
3457 73.762
3458 73.762
3459 73.762
3460 73.762
3461 73.762
3462 73.762
3463 73.762
3464 73.762
3465 73.762
3466 73.762
3467 73.762
3468 73.762
3469 73.762
3470 73.762
3471 73.762
3472 73.762
3473 73.762
3474 73.762
3475 73.762
3476 73.762
3477 73.762
3478 73.762
3479 73.762
3480 73.762
3481 73.762
3482 73.762
3483 73.762
3484 73.762
3485 73.762
3486 73.762
3487 73.762
3488 73.762
3489 73.762
3490 73.762
3491 73.762
3492 73.762
3493 73.762
3494 73.762
3495 73.762
3496 73.762
3497 73.762
3498 73.762
3499 73.762
3500 73.762
3501 73.762
3502 73.762
3503 73.762
3504 73.762
3505 73.762
3506 73.762
3507 73.762
3508 73.762
3509 73.762
3510 73.762
3511 73.762
3512 73.762
3513 73.762
3514 73.762
3515 73.762
3516 73.762
3517 73.762
3518 73.762
3519 73.762
3520 73.762
3521 73.762
3522 73.762
3523 73.762
3524 73.762
3525 73.762
3526 73.762
3527 73.762
3528 73.762
3529 73.762
3530 73.762
3531 73.762
3532 73.762
3533 73.762
3534 73.762
3535 73.762
3536 73.762
3537 73.762
3538 73.762
3539 73.762
3540 73.762
3541 73.762
3542 73.762
3543 73.762
3544 73.762
3545 73.762
3546 73.762
3547 73.762
3548 73.762
3549 73.762
3550 73.762
3551 73.762
3552 73.762
3553 73.762
3554 73.762
3555 73.762
3556 73.762
3557 73.762
3558 73.762
3559 73.762
3560 73.762
3561 73.762
3562 73.762
3563 73.762
3564 73.762
3565 73.762
3566 73.762
3567 73.762
3568 73.762
3569 73.762
3570 73.762
3571 73.762
3572 73.762
3573 73.762
3574 73.762
3575 73.762
3576 73.762
3577 73.762
3578 73.762
3579 73.762
3580 73.762
3581 73.762
3582 73.762
3583 73.762
3584 73.762
3585 73.762
3586 73.762
3587 73.762
3588 73.762
3589 73.762
3590 73.762
3591 73.762
3592 73.762
3593 73.762
3594 73.762
3595 73.762
3596 73.762
3597 73.762
3598 73.762
3599 73.762
3600 73.762
3601 73.762
3602 73.762
3603 73.762
3604 73.762
3605 73.762
3606 73.762
3607 73.762
3608 73.762
3609 73.762
3610 73.762
3611 73.762
3612 73.762
3613 73.762
3614 73.762
3615 73.762
3616 73.762
3617 73.762
3618 73.762
3619 73.762
3620 73.762
3621 73.762
3622 73.762
3623 73.762
3624 73.762
3625 73.762
3626 73.762
3627 73.762
3628 73.762
3629 73.762
3630 73.762
3631 73.762
3632 73.762
3633 73.762
3634 73.762
3635 73.762
3636 73.762
3637 73.762
3638 73.762
3639 73.762
3640 73.762
3641 73.762
3642 73.762
3643 73.762
3644 73.762
3645 73.762
3646 73.762
3647 73.762
3648 73.762
3649 73.762
3650 73.762
3651 73.762
3652 73.762
3653 73.762
3654 73.762
3655 73.762
3656 73.762
3657 73.762
3658 73.762
3659 73.762
3660 73.762
3661 73.762
3662 73.762
3663 73.762
3664 73.762
3665 73.762
3666 73.762
3667 73.762
3668 73.762
3669 73.762
3670 73.762
3671 73.762
3672 73.762
3673 73.762
3674 73.762
3675 73.762
3676 73.762
3677 73.762
3678 73.762
3679 73.762
3680 73.762
3681 73.762
3682 73.762
3683 73.762
3684 73.762
3685 73.762
3686 73.762
3687 73.762
3688 73.762
3689 73.762
3690 73.762
3691 73.762
3692 73.762
3693 73.762
3694 73.762
3695 73.762
3696 73.762
3697 73.762
3698 73.762
3699 73.762
3700 73.762
3701 73.762
3702 73.762
3703 73.762
3704 73.762
3705 73.762
3706 73.762
3707 73.762
3708 73.762
3709 73.762
3710 73.762
3711 73.762
3712 73.762
3713 73.762
3714 73.762
3715 73.762
3716 73.762
3717 73.762
3718 73.762
3719 73.762
3720 73.762
3721 73.762
3722 73.762
3723 73.762
3724 73.762
3725 73.762
3726 73.762
3727 73.762
3728 73.762
3729 73.762
3730 73.762
3731 73.762
3732 73.762
3733 73.762
3734 73.762
3735 73.762
3736 73.762
3737 73.762
3738 73.762
3739 73.762
3740 73.762
3741 73.762
3742 73.762
3743 73.762
3744 73.762
3745 73.762
3746 73.762
3747 73.762
3748 73.762
3749 73.762
3750 73.762
3751 73.762
3752 73.762
3753 73.762
3754 73.762
3755 73.762
3756 73.762
3757 73.762
3758 73.762
3759 73.762
3760 73.762
3761 73.762
3762 73.762
3763 73.762
3764 73.762
3765 73.762
3766 73.762
3767 73.762
3768 73.762
3769 73.762
3770 73.762
3771 73.762
3772 73.762
3773 73.762
3774 73.762
3775 73.762
3776 73.762
3777 73.762
3778 73.762
3779 73.762
3780 73.762
3781 73.762
3782 73.762
3783 73.762
3784 73.762
3785 73.762
3786 73.762
3787 73.762
3788 73.762
3789 73.762
3790 73.762
3791 73.762
3792 73.762
3793 73.762
3794 73.762
3795 73.762
3796 73.7619
3797 73.7619
3798 73.7619
3799 73.7619
3800 73.7619
3801 73.7619
3802 73.7619
3803 73.7619
3804 73.7619
3805 73.7619
3806 73.7619
3807 73.7619
3808 73.7619
3809 73.7619
3810 73.7619
3811 73.7619
3812 73.7619
3813 73.7619
3814 73.7619
3815 73.7619
3816 73.7619
3817 73.7619
3818 73.7619
3819 73.7619
3820 73.7619
3821 73.7619
3822 73.7619
3823 73.7619
3824 73.7619
3825 73.7619
3826 73.7619
3827 73.7619
3828 73.7619
3829 73.7619
3830 73.7619
3831 73.7619
3832 73.7619
3833 73.7619
3834 73.7619
3835 73.7619
3836 73.7619
3837 73.7619
3838 73.7619
3839 73.7619
3840 73.7619
3841 73.7619
3842 73.7619
3843 73.7619
3844 73.7619
3845 73.7619
3846 73.7619
3847 73.7619
3848 73.7619
3849 73.7619
3850 73.7619
3851 73.7619
3852 73.7619
3853 73.7619
3854 73.7619
3855 73.7619
3856 73.7619
3857 73.7619
3858 73.7619
3859 73.7619
3860 73.7619
3861 73.7619
3862 73.7619
3863 73.7619
3864 73.7619
3865 73.7619
3866 73.7619
3867 73.7619
3868 73.7619
3869 73.7619
3870 73.7619
3871 73.7619
3872 73.7619
3873 73.7619
3874 73.7619
3875 73.7619
3876 73.7619
3877 73.7619
3878 73.7619
3879 73.7619
3880 73.7619
3881 73.7619
3882 73.7619
3883 73.7619
3884 73.7619
3885 73.7619
3886 73.7619
3887 73.7619
3888 73.7619
3889 73.7619
3890 73.7619
3891 73.7619
3892 73.7619
3893 73.7619
3894 73.7619
3895 73.7619
3896 73.7619
3897 73.7619
3898 73.7619
3899 73.7619
3900 73.7619
3901 73.7619
3902 73.7619
3903 73.7619
3904 73.7619
3905 73.7619
3906 73.7619
3907 73.7619
3908 73.7619
3909 73.7619
3910 73.7619
3911 73.7619
3912 73.7619
3913 73.7619
3914 73.7619
3915 73.7619
3916 73.7619
3917 73.7619
3918 73.7619
3919 73.7619
3920 73.7619
3921 73.7619
3922 73.7619
3923 73.7619
3924 73.7619
3925 73.7619
3926 73.7619
3927 73.7619
3928 73.7619
3929 73.7619
3930 73.7619
3931 73.7619
3932 73.7619
3933 73.7619
3934 73.7619
3935 73.7619
3936 73.7619
3937 73.7619
3938 73.7619
3939 73.7619
3940 73.7619
3941 73.7619
3942 73.7619
3943 73.7619
3944 73.7619
3945 73.7619
3946 73.7619
3947 73.7619
3948 73.7619
3949 73.7619
3950 73.7619
3951 73.7619
3952 73.7619
3953 73.7619
3954 73.7619
3955 73.7619
3956 73.7619
3957 73.7619
3958 73.7619
3959 73.7619
3960 73.7619
3961 73.7619
3962 73.7619
3963 73.7619
3964 73.7619
3965 73.7619
3966 73.7619
3967 73.7619
3968 73.7619
3969 73.7619
3970 73.7619
3971 73.7619
3972 73.7619
3973 73.7619
3974 73.7619
3975 73.7619
3976 73.7619
3977 73.7619
3978 73.7619
3979 73.7619
3980 73.7619
3981 73.7619
3982 73.7619
3983 73.7619
3984 73.7619
3985 73.7619
3986 73.7619
3987 73.7619
3988 73.7619
3989 73.7619
3990 73.7619
3991 73.7619
3992 73.7619
3993 73.7619
3994 73.7619
3995 73.7619
3996 73.7619
3997 73.7619
3998 73.7619
3999 73.7619
4000 73.7619
4001 73.7619
4002 73.7619
4003 73.7619
4004 73.7619
4005 73.7619
4006 73.7619
4007 73.7619
4008 73.7619
4009 73.7619
4010 73.7619
4011 73.7619
4012 73.7619
4013 73.7619
4014 73.7619
4015 73.7619
4016 73.7619
4017 73.7619
4018 73.7619
4019 73.7619
4020 73.7619
4021 73.7619
4022 73.7619
4023 73.7619
4024 73.7619
4025 73.7619
4026 73.7619
4027 73.7619
4028 73.7619
4029 73.7619
4030 73.7619
4031 73.7619
4032 73.7619
4033 73.7619
4034 73.7619
4035 73.7619
4036 73.7619
4037 73.7619
4038 73.7619
4039 73.7619
4040 73.7619
4041 73.7619
4042 73.7619
4043 73.7619
4044 73.7619
4045 73.7619
4046 73.7619
4047 73.7619
4048 73.7619
4049 73.7619
4050 73.7619
4051 73.7619
4052 73.7619
4053 73.7619
4054 73.7619
4055 73.7619
4056 73.7619
4057 73.7619
4058 73.7619
4059 73.7619
4060 73.7619
4061 73.7619
4062 73.7619
4063 73.7619
4064 73.7619
4065 73.7619
4066 73.7619
4067 73.7619
4068 73.7619
4069 73.7619
4070 73.7619
4071 73.7619
4072 73.7619
4073 73.7619
4074 73.7619
4075 73.7619
4076 73.7619
4077 73.7619
4078 73.7619
4079 73.7619
4080 73.7619
4081 73.7619
4082 73.7619
4083 73.7619
4084 73.7619
4085 73.7619
4086 73.7619
4087 73.7619
4088 73.7619
4089 73.7619
4090 73.7619
4091 73.7619
4092 73.7619
4093 73.7619
4094 73.7619
4095 73.7619
4096 73.7619
4097 73.7619
4098 73.7619
4099 73.7619
4100 73.7619
4101 73.7619
4102 73.7619
4103 73.7619
4104 73.7619
4105 73.7619
4106 73.7619
4107 73.7619
4108 73.7619
4109 73.7619
4110 73.7619
4111 73.7619
4112 73.7619
4113 73.7619
4114 73.7619
4115 73.7619
4116 73.7619
4117 73.7619
4118 73.7619
4119 73.7619
4120 73.7619
4121 73.7619
4122 73.7619
4123 73.7619
4124 73.7619
4125 73.7619
4126 73.7619
4127 73.7619
4128 73.7618
4129 73.7618
4130 73.7618
4131 73.7618
4132 73.7618
4133 73.7618
4134 73.7618
4135 73.7618
4136 73.7618
4137 73.7618
4138 73.7618
4139 73.7618
4140 73.7618
4141 73.7618
4142 73.7618
4143 73.7618
4144 73.7618
4145 73.7618
4146 73.7618
4147 73.7618
4148 73.7618
4149 73.7618
4150 73.7618
4151 73.7618
4152 73.7618
4153 73.7618
4154 73.7618
4155 73.7618
4156 73.7618
4157 73.7618
4158 73.7618
4159 73.7618
4160 73.7618
4161 73.7618
4162 73.7618
4163 73.7618
4164 73.7618
4165 73.7618
4166 73.7618
4167 73.7618
4168 73.7618
4169 73.7618
4170 73.7618
4171 73.7618
4172 73.7618
4173 73.7618
4174 73.7618
4175 73.7618
4176 73.7618
4177 73.7618
4178 73.7618
4179 73.7618
4180 73.7618
4181 73.7618
4182 73.7618
4183 73.7618
4184 73.7618
4185 73.7618
4186 73.7618
4187 73.7618
4188 73.7618
4189 73.7618
4190 73.7618
4191 73.7618
4192 73.7618
4193 73.7618
4194 73.7618
4195 73.7618
4196 73.7618
4197 73.7618
4198 73.7618
4199 73.7618
4200 73.7618
4201 73.7618
4202 73.7618
4203 73.7618
4204 73.7618
4205 73.7618
4206 73.7618
4207 73.7618
4208 73.7618
4209 73.7618
4210 73.7618
4211 73.7618
4212 73.7618
4213 73.7618
4214 73.7618
4215 73.7618
4216 73.7618
4217 73.7618
4218 73.7618
4219 73.7618
4220 73.7618
4221 73.7618
4222 73.7618
4223 73.7618
4224 73.7618
4225 73.7618
4226 73.7618
4227 73.7618
4228 73.7618
4229 73.7618
4230 73.7618
4231 73.7618
4232 73.7618
4233 73.7618
4234 73.7618
4235 73.7618
4236 73.7618
4237 73.7618
4238 73.7618
4239 73.7618
4240 73.7618
4241 73.7618
4242 73.7618
4243 73.7618
4244 73.7618
4245 73.7618
4246 73.7618
4247 73.7618
4248 73.7618
4249 73.7618
4250 73.7618
4251 73.7618
4252 73.7618
4253 73.7618
4254 73.7618
4255 73.7618
4256 73.7618
4257 73.7618
4258 73.7618
4259 73.7618
4260 73.7618
4261 73.7618
4262 73.7618
4263 73.7618
4264 73.7618
4265 73.7618
4266 73.7618
4267 73.7618
4268 73.7618
4269 73.7618
4270 73.7618
4271 73.7618
4272 73.7618
4273 73.7618
4274 73.7618
4275 73.7618
4276 73.7618
4277 73.7618
4278 73.7618
4279 73.7618
4280 73.7618
4281 73.7618
4282 73.7618
4283 73.7618
4284 73.7618
4285 73.7618
4286 73.7618
4287 73.7618
4288 73.7618
4289 73.7618
4290 73.7618
4291 73.7618
4292 73.7618
4293 73.7618
4294 73.7618
4295 73.7618
4296 73.7618
4297 73.7618
4298 73.7618
4299 73.7618
4300 73.7618
4301 73.7618
4302 73.7618
4303 73.7618
4304 73.7618
4305 73.7618
4306 73.7618
4307 73.7618
4308 73.7618
4309 73.7618
4310 73.7618
4311 73.7618
4312 73.7618
4313 73.7618
4314 73.7618
4315 73.7618
4316 73.7618
4317 73.7618
4318 73.7618
4319 73.7618
4320 73.7618
4321 73.7618
4322 73.7618
4323 73.7618
4324 73.7618
4325 73.7618
4326 73.7618
4327 73.7618
4328 73.7618
4329 73.7618
4330 73.7618
4331 73.7618
4332 73.7618
4333 73.7618
4334 73.7618
4335 73.7618
4336 73.7618
4337 73.7618
4338 73.7618
4339 73.7618
4340 73.7618
4341 73.7618
4342 73.7618
4343 73.7618
4344 73.7618
4345 73.7618
4346 73.7618
4347 73.7618
4348 73.7618
4349 73.7618
4350 73.7618
4351 73.7618
4352 73.7618
4353 73.7618
4354 73.7618
4355 73.7618
4356 73.7618
4357 73.7618
4358 73.7618
4359 73.7618
4360 73.7618
4361 73.7618
4362 73.7618
4363 73.7618
4364 73.7618
4365 73.7618
4366 73.7618
4367 73.7618
4368 73.7618
4369 73.7618
4370 73.7618
4371 73.7618
4372 73.7618
4373 73.7618
4374 73.7618
4375 73.7618
4376 73.7618
4377 73.7618
4378 73.7618
4379 73.7618
4380 73.7618
4381 73.7618
4382 73.7618
4383 73.7618
4384 73.7618
4385 73.7618
4386 73.7618
4387 73.7618
4388 73.7618
4389 73.7618
4390 73.7618
4391 73.7618
4392 73.7618
4393 73.7618
4394 73.7618
4395 73.7618
4396 73.7618
4397 73.7618
4398 73.7618
4399 73.7618
4400 73.7618
4401 73.7618
4402 73.7618
4403 73.7618
4404 73.7618
4405 73.7618
4406 73.7618
4407 73.7618
4408 73.7618
4409 73.7618
4410 73.7618
4411 73.7618
4412 73.7618
4413 73.7618
4414 73.7618
4415 73.7618
4416 73.7618
4417 73.7618
4418 73.7618
4419 73.7618
4420 73.7618
4421 73.7618
4422 73.7618
4423 73.7618
4424 73.7618
4425 73.7618
4426 73.7618
4427 73.7618
4428 73.7618
4429 73.7618
4430 73.7618
4431 73.7618
4432 73.7618
4433 73.7618
4434 73.7618
4435 73.7618
4436 73.7618
4437 73.7618
4438 73.7618
4439 73.7618
4440 73.7618
4441 73.7618
4442 73.7618
4443 73.7618
4444 73.7618
4445 73.7618
4446 73.7618
4447 73.7618
4448 73.7618
4449 73.7618
4450 73.7618
4451 73.7618
4452 73.7618
4453 73.7618
4454 73.7618
4455 73.7618
4456 73.7618
4457 73.7618
4458 73.7618
4459 73.7618
4460 73.7618
4461 73.7618
4462 73.7618
4463 73.7618
4464 73.7618
4465 73.7618
4466 73.7618
4467 73.7618
4468 73.7618
4469 73.7618
4470 73.7618
4471 73.7618
4472 73.7618
4473 73.7618
4474 73.7618
4475 73.7618
4476 73.7618
4477 73.7618
4478 73.7618
4479 73.7618
4480 73.7618
4481 73.7618
4482 73.7618
4483 73.7618
4484 73.7618
4485 73.7618
4486 73.7618
4487 73.7618
4488 73.7618
4489 73.7618
4490 73.7618
4491 73.7618
4492 73.7618
4493 73.7618
4494 73.7618
4495 73.7618
4496 73.7618
4497 73.7618
4498 73.7618
4499 73.7618
4500 73.7618
4501 73.7618
4502 73.7618
4503 73.7618
4504 73.7618
4505 73.7618
4506 73.7618
4507 73.7618
4508 73.7618
4509 73.7618
4510 73.7618
4511 73.7618
4512 73.7618
4513 73.7618
4514 73.7618
4515 73.7618
4516 73.7618
4517 73.7618
4518 73.7618
4519 73.7618
4520 73.7618
4521 73.7618
4522 73.7618
4523 73.7618
4524 73.7618
4525 73.7618
4526 73.7618
4527 73.7618
4528 73.7618
4529 73.7618
4530 73.7618
4531 73.7618
4532 73.7618
4533 73.7618
4534 73.7618
4535 73.7618
4536 73.7618
4537 73.7618
4538 73.7618
4539 73.7618
4540 73.7618
4541 73.7618
4542 73.7618
4543 73.7618
4544 73.7618
4545 73.7618
4546 73.7618
4547 73.7618
4548 73.7618
4549 73.7618
4550 73.7618
4551 73.7618
4552 73.7618
4553 73.7618
4554 73.7618
4555 73.7618
4556 73.7618
4557 73.7618
4558 73.7618
4559 73.7618
4560 73.7618
4561 73.7618
4562 73.7618
4563 73.7618
4564 73.7618
4565 73.7618
4566 73.7618
4567 73.7618
4568 73.7618
4569 73.7618
4570 73.7618
4571 73.7618
4572 73.7618
4573 73.7618
4574 73.7618
4575 73.7618
4576 73.7618
4577 73.7618
4578 73.7618
4579 73.7618
4580 73.7618
4581 73.7618
4582 73.7618
4583 73.7618
4584 73.7618
4585 73.7618
4586 73.7618
4587 73.7618
4588 73.7618
4589 73.7618
4590 73.7618
4591 73.7618
4592 73.7618
4593 73.7618
4594 73.7618
4595 73.7618
4596 73.7618
4597 73.7618
4598 73.7618
4599 73.7618
4600 73.7618
4601 73.7618
4602 73.7618
4603 73.7618
4604 73.7618
4605 73.7618
4606 73.7618
4607 73.7618
4608 73.7618
4609 73.7618
4610 73.7618
4611 73.7618
4612 73.7618
4613 73.7618
4614 73.7618
4615 73.7618
4616 73.7618
4617 73.7618
4618 73.7618
4619 73.7618
4620 73.7618
4621 73.7618
4622 73.7618
4623 73.7618
4624 73.7618
4625 73.7618
4626 73.7618
4627 73.7618
4628 73.7618
4629 73.7618
4630 73.7618
4631 73.7618
4632 73.7618
4633 73.7618
4634 73.7618
4635 73.7618
4636 73.7618
4637 73.7618
4638 73.7618
4639 73.7618
4640 73.7618
4641 73.7618
4642 73.7618
4643 73.7618
4644 73.7618
4645 73.7618
4646 73.7618
4647 73.7618
4648 73.7618
4649 73.7618
4650 73.7618
4651 73.7618
4652 73.7618
4653 73.7618
4654 73.7618
4655 73.7618
4656 73.7618
4657 73.7618
4658 73.7618
4659 73.7618
4660 73.7618
4661 73.7618
4662 73.7618
4663 73.7618
4664 73.7618
4665 73.7618
4666 73.7618
4667 73.7618
4668 73.7618
4669 73.7618
4670 73.7618
4671 73.7618
4672 73.7618
4673 73.7618
4674 73.7618
4675 73.7618
4676 73.7618
4677 73.7618
4678 73.7618
4679 73.7618
4680 73.7618
4681 73.7618
4682 73.7618
4683 73.7618
4684 73.7618
4685 73.7618
4686 73.7618
4687 73.7618
4688 73.7618
4689 73.7618
4690 73.7618
4691 73.7618
4692 73.7618
4693 73.7618
4694 73.7618
4695 73.7618
4696 73.7618
4697 73.7618
4698 73.7618
4699 73.7618
4700 73.7618
4701 73.7618
4702 73.7618
4703 73.7618
4704 73.7618
4705 73.7618
4706 73.7618
4707 73.7618
4708 73.7618
4709 73.7618
4710 73.7618
4711 73.7618
4712 73.7618
4713 73.7618
4714 73.7618
4715 73.7618
4716 73.7618
4717 73.7618
4718 73.7617
4719 73.7617
4720 73.7617
4721 73.7617
4722 73.7617
4723 73.7617
4724 73.7617
4725 73.7617
4726 73.7617
4727 73.7617
4728 73.7617
4729 73.7617
4730 73.7617
4731 73.7617
4732 73.7617
4733 73.7617
4734 73.7617
4735 73.7617
4736 73.7617
4737 73.7617
4738 73.7617
4739 73.7617
4740 73.7617
4741 73.7617
4742 73.7617
4743 73.7617
4744 73.7617
4745 73.7617
4746 73.7617
4747 73.7617
4748 73.7617
4749 73.7617
4750 73.7617
4751 73.7617
4752 73.7617
4753 73.7617
4754 73.7617
4755 73.7617
4756 73.7617
4757 73.7617
4758 73.7617
4759 73.7617
4760 73.7617
4761 73.7617
4762 73.7617
4763 73.7617
4764 73.7617
4765 73.7617
4766 73.7617
4767 73.7617
4768 73.7617
4769 73.7617
4770 73.7617
4771 73.7617
4772 73.7617
4773 73.7617
4774 73.7617
4775 73.7617
4776 73.7617
4777 73.7617
4778 73.7617
4779 73.7617
4780 73.7617
4781 73.7617
4782 73.7617
4783 73.7617
4784 73.7617
4785 73.7617
4786 73.7617
4787 73.7617
4788 73.7617
4789 73.7617
4790 73.7617
4791 73.7617
4792 73.7617
4793 73.7617
4794 73.7617
4795 73.7617
4796 73.7617
4797 73.7617
4798 73.7617
4799 73.7617
4800 73.7617
4801 73.7617
4802 73.7617
4803 73.7617
4804 73.7617
4805 73.7617
4806 73.7617
4807 73.7617
4808 73.7617
4809 73.7617
4810 73.7617
4811 73.7617
4812 73.7617
4813 73.7617
4814 73.7617
4815 73.7617
4816 73.7617
4817 73.7617
4818 73.7617
4819 73.7617
4820 73.7617
4821 73.7617
4822 73.7617
4823 73.7617
4824 73.7617
4825 73.7617
4826 73.7617
4827 73.7617
4828 73.7617
4829 73.7617
4830 73.7617
4831 73.7617
4832 73.7617
4833 73.7617
4834 73.7617
4835 73.7617
4836 73.7617
4837 73.7617
4838 73.7617
4839 73.7617
4840 73.7617
4841 73.7617
4842 73.7617
4843 73.7617
4844 73.7617
4845 73.7617
4846 73.7617
4847 73.7617
4848 73.7617
4849 73.7617
4850 73.7617
4851 73.7617
4852 73.7617
4853 73.7617
4854 73.7617
4855 73.7617
4856 73.7617
4857 73.7617
4858 73.7617
4859 73.7617
4860 73.7617
4861 73.7617
4862 73.7617
4863 73.7617
4864 73.7617
4865 73.7617
4866 73.7617
4867 73.7617
4868 73.7617
4869 73.7617
4870 73.7617
4871 73.7617
4872 73.7617
4873 73.7617
4874 73.7617
4875 73.7617
4876 73.7617
4877 73.7617
4878 73.7617
4879 73.7617
4880 73.7617
4881 73.7617
4882 73.7617
4883 73.7617
4884 73.7617
4885 73.7617
4886 73.7617
4887 73.7617
4888 73.7617
4889 73.7617
4890 73.7617
4891 73.7617
4892 73.7617
4893 73.7617
4894 73.7617
4895 73.7617
4896 73.7617
4897 73.7617
4898 73.7617
4899 73.7617
4900 73.7617
4901 73.7617
4902 73.7617
4903 73.7617
4904 73.7617
4905 73.7617
4906 73.7617
4907 73.7617
4908 73.7617
4909 73.7617
4910 73.7617
4911 73.7617
4912 73.7617
4913 73.7617
4914 73.7617
4915 73.7617
4916 73.7617
4917 73.7617
4918 73.7617
4919 73.7617
4920 73.7617
4921 73.7617
4922 73.7617
4923 73.7617
4924 73.7617
4925 73.7617
4926 73.7617
4927 73.7617
4928 73.7617
4929 73.7617
4930 73.7617
4931 73.7617
4932 73.7617
4933 73.7617
4934 73.7617
4935 73.7617
4936 73.7617
4937 73.7617
4938 73.7617
4939 73.7617
4940 73.7617
4941 73.7617
4942 73.7617
4943 73.7617
4944 73.7617
4945 73.7617
4946 73.7617
4947 73.7617
4948 73.7617
4949 73.7617
4950 73.7617
4951 73.7617
4952 73.7617
4953 73.7617
4954 73.7617
4955 73.7617
4956 73.7617
4957 73.7617
4958 73.7617
4959 73.7617
4960 73.7617
4961 73.7617
4962 73.7617
4963 73.7617
4964 73.7617
4965 73.7617
4966 73.7617
4967 73.7617
4968 73.7617
4969 73.7617
4970 73.7617
4971 73.7617
4972 73.7617
4973 73.7617
4974 73.7617
4975 73.7617
4976 73.7617
4977 73.7617
4978 73.7617
4979 73.7617
4980 73.7617
4981 73.7617
4982 73.7617
4983 73.7617
4984 73.7617
4985 73.7617
4986 73.7617
4987 73.7617
4988 73.7617
4989 73.7617
4990 73.7617
4991 73.7617
4992 73.7617
4993 73.7617
4994 73.7617
4995 73.7617
4996 73.7617
4997 73.7617
4998 73.7617
4999 73.7617
5000 73.7617
5001 73.7617
5002 73.7617
5003 73.7617
5004 73.7617
5005 73.7617
5006 73.7617
5007 73.7617
5008 73.7617
5009 73.7617
5010 73.7617
5011 73.7617
5012 73.7617
5013 73.7617
5014 73.7617
5015 73.7617
5016 73.7617
5017 73.7617
5018 73.7617
5019 73.7617
5020 73.7617
5021 73.7617
5022 73.7617
5023 73.7617
5024 73.7617
5025 73.7617
5026 73.7617
5027 73.7617
5028 73.7617
5029 73.7617
5030 73.7617
5031 73.7617
5032 73.7617
5033 73.7617
5034 73.7617
5035 73.7617
5036 73.7617
5037 73.7617
5038 73.7617
5039 73.7617
5040 73.7617
5041 73.7617
5042 73.7617
5043 73.7617
5044 73.7617
5045 73.7617
5046 73.7617
5047 73.7617
5048 73.7617
5049 73.7617
5050 73.7617
5051 73.7617
5052 73.7617
5053 73.7617
5054 73.7617
5055 73.7617
5056 73.7617
5057 73.7617
5058 73.7617
5059 73.7617
5060 73.7617
5061 73.7617
5062 73.7617
5063 73.7617
5064 73.7617
5065 73.7617
5066 73.7617
5067 73.7617
5068 73.7617
5069 73.7617
5070 73.7617
5071 73.7617
5072 73.7617
5073 73.7617
5074 73.7617
5075 73.7617
5076 73.7617
5077 73.7617
5078 73.7617
5079 73.7617
5080 73.7617
5081 73.7617
5082 73.7617
5083 73.7617
5084 73.7617
5085 73.7617
5086 73.7617
5087 73.7617
5088 73.7617
5089 73.7617
5090 73.7617
5091 73.7617
5092 73.7617
5093 73.7617
5094 73.7617
5095 73.7617
5096 73.7617
5097 73.7617
5098 73.7617
5099 73.7617
5100 73.7617
5101 73.7617
5102 73.7617
5103 73.7617
5104 73.7617
5105 73.7617
5106 73.7617
5107 73.7617
5108 73.7617
5109 73.7617
5110 73.7617
5111 73.7617
5112 73.7617
5113 73.7617
5114 73.7617
5115 73.7617
5116 73.7617
5117 73.7617
5118 73.7617
5119 73.7617
5120 73.7617
5121 73.7617
5122 73.7617
5123 73.7617
5124 73.7617
5125 73.7617
5126 73.7617
5127 73.7617
5128 73.7617
5129 73.7617
5130 73.7617
5131 73.7617
5132 73.7617
5133 73.7617
5134 73.7617
5135 73.7617
5136 73.7617
5137 73.7617
5138 73.7617
5139 73.7617
5140 73.7617
5141 73.7617
5142 73.7617
5143 73.7617
5144 73.7617
5145 73.7617
5146 73.7617
5147 73.7617
5148 73.7617
5149 73.7617
5150 73.7617
5151 73.7617
5152 73.7617
5153 73.7617
5154 73.7617
5155 73.7617
5156 73.7617
5157 73.7617
5158 73.7617
5159 73.7617
5160 73.7617
5161 73.7617
5162 73.7617
5163 73.7617
5164 73.7617
5165 73.7617
5166 73.7617
5167 73.7617
5168 73.7617
5169 73.7617
5170 73.7617
5171 73.7617
5172 73.7617
5173 73.7617
5174 73.7617
5175 73.7617
5176 73.7617
5177 73.7617
5178 73.7617
5179 73.7617
5180 73.7617
5181 73.7617
5182 73.7617
5183 73.7617
5184 73.7617
5185 73.7617
5186 73.7617
5187 73.7617
5188 73.7617
5189 73.7617
5190 73.7617
5191 73.7617
5192 73.7617
5193 73.7617
5194 73.7617
5195 73.7617
5196 73.7617
5197 73.7617
5198 73.7617
5199 73.7617
5200 73.7617
5201 73.7617
5202 73.7617
5203 73.7617
5204 73.7617
5205 73.7617
5206 73.7617
5207 73.7617
5208 73.7617
5209 73.7617
5210 73.7617
5211 73.7617
5212 73.7617
5213 73.7617
5214 73.7617
5215 73.7617
5216 73.7617
5217 73.7617
5218 73.7617
5219 73.7617
5220 73.7617
5221 73.7617
5222 73.7617
5223 73.7617
5224 73.7617
5225 73.7617
5226 73.7617
5227 73.7617
5228 73.7617
5229 73.7617
5230 73.7617
5231 73.7617
5232 73.7617
5233 73.7617
5234 73.7617
5235 73.7617
5236 73.7617
5237 73.7617
5238 73.7617
5239 73.7617
5240 73.7617
5241 73.7617
5242 73.7617
5243 73.7617
5244 73.7617
5245 73.7617
5246 73.7617
5247 73.7617
5248 73.7617
5249 73.7617
5250 73.7617
5251 73.7617
5252 73.7617
5253 73.7617
5254 73.7617
5255 73.7617
5256 73.7617
5257 73.7617
5258 73.7617
5259 73.7617
5260 73.7617
5261 73.7617
5262 73.7617
5263 73.7617
5264 73.7617
5265 73.7617
5266 73.7617
5267 73.7617
5268 73.7617
5269 73.7617
5270 73.7617
5271 73.7617
5272 73.7617
5273 73.7617
5274 73.7617
5275 73.7617
5276 73.7617
5277 73.7617
5278 73.7617
5279 73.7617
5280 73.7617
5281 73.7617
5282 73.7617
5283 73.7617
5284 73.7617
5285 73.7617
5286 73.7617
5287 73.7617
5288 73.7617
5289 73.7617
5290 73.7617
5291 73.7617
5292 73.7617
5293 73.7617
5294 73.7617
5295 73.7617
5296 73.7617
5297 73.7617
5298 73.7617
5299 73.7617
5300 73.7617
5301 73.7617
5302 73.7617
5303 73.7617
5304 73.7617
5305 73.7617
5306 73.7617
5307 73.7617
5308 73.7617
5309 73.7617
5310 73.7617
5311 73.7617
5312 73.7617
5313 73.7617
5314 73.7617
5315 73.7617
5316 73.7617
5317 73.7617
5318 73.7617
5319 73.7617
5320 73.7617
5321 73.7617
5322 73.7617
5323 73.7617
5324 73.7617
5325 73.7617
5326 73.7617
5327 73.7617
5328 73.7617
5329 73.7617
5330 73.7617
5331 73.7617
5332 73.7617
5333 73.7617
5334 73.7617
5335 73.7617
5336 73.7617
5337 73.7617
5338 73.7617
5339 73.7617
5340 73.7617
5341 73.7617
5342 73.7617
5343 73.7617
5344 73.7617
5345 73.7617
5346 73.7617
5347 73.7617
5348 73.7617
5349 73.7617
5350 73.7617
5351 73.7617
5352 73.7617
5353 73.7617
5354 73.7617
5355 73.7617
5356 73.7617
5357 73.7617
5358 73.7617
5359 73.7617
5360 73.7617
5361 73.7617
5362 73.7617
5363 73.7617
5364 73.7617
5365 73.7617
5366 73.7617
5367 73.7617
5368 73.7617
5369 73.7617
5370 73.7617
5371 73.7617
5372 73.7617
5373 73.7617
5374 73.7617
5375 73.7617
5376 73.7617
5377 73.7617
5378 73.7617
5379 73.7617
5380 73.7617
5381 73.7617
5382 73.7617
5383 73.7617
5384 73.7617
5385 73.7617
5386 73.7617
5387 73.7617
5388 73.7617
5389 73.7617
5390 73.7617
5391 73.7617
5392 73.7617
5393 73.7617
5394 73.7617
5395 73.7617
5396 73.7617
5397 73.7617
5398 73.7617
5399 73.7617
5400 73.7617
5401 73.7617
5402 73.7617
5403 73.7617
5404 73.7617
5405 73.7617
5406 73.7617
5407 73.7617
5408 73.7617
5409 73.7617
5410 73.7617
5411 73.7617
5412 73.7617
5413 73.7617
5414 73.7617
5415 73.7617
5416 73.7617
5417 73.7617
5418 73.7617
5419 73.7617
5420 73.7617
5421 73.7617
5422 73.7617
5423 73.7617
5424 73.7617
5425 73.7617
5426 73.7617
5427 73.7617
5428 73.7617
5429 73.7617
5430 73.7617
5431 73.7617
5432 73.7617
5433 73.7617
5434 73.7617
5435 73.7617
5436 73.7617
5437 73.7617
5438 73.7617
5439 73.7617
5440 73.7617
5441 73.7617
5442 73.7617
5443 73.7617
5444 73.7617
5445 73.7617
5446 73.7617
5447 73.7617
5448 73.7617
5449 73.7617
5450 73.7617
5451 73.7617
5452 73.7617
5453 73.7617
5454 73.7617
5455 73.7617
5456 73.7617
5457 73.7617
5458 73.7617
5459 73.7617
5460 73.7617
5461 73.7617
5462 73.7617
5463 73.7617
5464 73.7617
5465 73.7617
5466 73.7617
5467 73.7617
5468 73.7617
5469 73.7617
5470 73.7617
5471 73.7617
5472 73.7617
5473 73.7617
5474 73.7617
5475 73.7617
5476 73.7617
5477 73.7617
5478 73.7617
5479 73.7617
5480 73.7617
5481 73.7617
5482 73.7617
5483 73.7617
5484 73.7617
5485 73.7617
5486 73.7617
5487 73.7617
5488 73.7617
5489 73.7617
5490 73.7617
5491 73.7617
5492 73.7617
5493 73.7617
5494 73.7617
5495 73.7617
5496 73.7617
5497 73.7617
5498 73.7617
5499 73.7617
5500 73.7617
5501 73.7617
5502 73.7617
5503 73.7617
5504 73.7617
5505 73.7617
5506 73.7617
5507 73.7617
5508 73.7617
5509 73.7617
5510 73.7617
5511 73.7617
5512 73.7617
5513 73.7617
5514 73.7617
5515 73.7617
5516 73.7617
5517 73.7617
5518 73.7617
5519 73.7617
5520 73.7617
5521 73.7617
5522 73.7617
5523 73.7617
5524 73.7617
5525 73.7617
5526 73.7617
5527 73.7617
5528 73.7617
5529 73.7617
5530 73.7617
5531 73.7617
5532 73.7617
5533 73.7617
5534 73.7617
5535 73.7617
5536 73.7617
5537 73.7617
5538 73.7617
5539 73.7617
5540 73.7617
5541 73.7617
5542 73.7617
5543 73.7617
5544 73.7617
5545 73.7617
5546 73.7617
5547 73.7617
5548 73.7617
5549 73.7617
5550 73.7617
5551 73.7617
5552 73.7617
5553 73.7617
5554 73.7617
5555 73.7617
5556 73.7617
5557 73.7617
5558 73.7617
5559 73.7617
5560 73.7617
5561 73.7617
5562 73.7617
5563 73.7617
5564 73.7617
5565 73.7617
5566 73.7617
5567 73.7617
5568 73.7617
5569 73.7617
5570 73.7617
5571 73.7617
5572 73.7617
5573 73.7617
5574 73.7617
5575 73.7617
5576 73.7617
5577 73.7617
5578 73.7617
5579 73.7617
5580 73.7617
5581 73.7617
5582 73.7617
5583 73.7617
5584 73.7617
5585 73.7617
5586 73.7617
5587 73.7617
5588 73.7617
5589 73.7617
5590 73.7617
5591 73.7617
5592 73.7617
5593 73.7617
5594 73.7617
5595 73.7617
5596 73.7617
5597 73.7617
5598 73.7617
5599 73.7617
5600 73.7617
5601 73.7617
5602 73.7617
5603 73.7617
5604 73.7617
5605 73.7617
5606 73.7617
5607 73.7617
5608 73.7617
5609 73.7617
5610 73.7617
5611 73.7617
5612 73.7617
5613 73.7617
5614 73.7617
5615 73.7617
5616 73.7617
5617 73.7617
5618 73.7617
5619 73.7617
5620 73.7617
5621 73.7617
5622 73.7617
5623 73.7617
5624 73.7617
5625 73.7617
5626 73.7617
5627 73.7617
5628 73.7617
5629 73.7617
5630 73.7617
5631 73.7617
5632 73.7617
5633 73.7617
5634 73.7617
5635 73.7617
5636 73.7617
5637 73.7617
5638 73.7617
5639 73.7617
5640 73.7617
5641 73.7617
5642 73.7617
5643 73.7617
5644 73.7617
5645 73.7617
5646 73.7617
5647 73.7617
5648 73.7617
5649 73.7617
5650 73.7617
5651 73.7617
5652 73.7617
5653 73.7617
5654 73.7617
5655 73.7617
5656 73.7617
5657 73.7617
5658 73.7617
5659 73.7617
5660 73.7617
5661 73.7617
5662 73.7617
5663 73.7617
5664 73.7617
5665 73.7617
5666 73.7617
