1 0.9265617 
2 0.8727288 
3 0.8729151 
4 0.9269309 
5 0.9270307 
6 0.9270478 
7 0.8954586 
8 0.8357097 
9 0.8360821 
10 0.926602 
11 0.7925326 
12 0.7928836 
13 0.8327297 
14 0.8968347 
15 0.928582 
16 0.9286829 
17 0.9286984 
18 0.9287004 
19 0.9173852 
20 0.9175924 
21 0.9290319 
22 0.5722783 
23 0.5727841 
24 0.5728122 
25 0.5762938 
26 0.7754324 
27 0.9203083 
28 0.5704376 
29 0.5707413 
30 0.5720569 
31 0.629574 
32 0.7942672 
33 0.8229274 
34 0.823169 
35 0.8236824 
36 0.8514756 
37 0.8992983 
38 0.9316584 
39 0.9318034 
40 0.9318131 
41 0.9318169 
42 0.9318205 
43 0.9318412 
44 0.8736349 
45 0.8741047 
46 0.928554 
47 0.9326275 
48 0.9326513 
49 0.9326638 
50 0.8867239 
51 0.8464817 
52 0.846619 
53 0.8471725 
54 0.8736583 
55 0.8755072 
56 0.8781098 
57 0.882134 
58 0.9130164 
59 0.7677176 
60 0.7679369 
61 0.7710662 
62 0.8231491 
63 0.8440956 
64 0.9036211 
65 0.7092695 
66 0.7095255 
67 0.7265034 
68 0.7265589 
69 0.8272857 
70 0.8337044 
71 0.8438666 
72 0.9013401 
73 0.8033072 
74 0.8035416 
75 0.8256138 
76 0.8505665 
77 0.8514502 
78 0.8538058 
79 0.8566278 
80 0.8586122 
81 0.8606566 
82 0.8736237 
83 0.8932497 
84 0.7491707 
85 0.7493431 
86 0.7500037 
87 0.7582967 
88 0.7654728 
89 0.7656272 
90 0.8108819 
91 0.8292011 
92 0.8299019 
93 0.8331969 
94 0.8483619 
95 0.8699777 
96 0.878434 
97 0.9124368 
98 0.825475 
99 0.8256672 
100 0.8316941 
101 0.8538077 
102 0.8649863 
103 0.8661751 
104 0.8670819 
105 0.8675625 
106 0.868606 
107 0.8762201 
108 0.8857997 
109 0.9142953 
110 0.919332 
111 0.9195216 
112 0.922735 
113 0.9250662 
114 0.9314813 
115 0.9335151 
116 0.9359507 
117 0.9359831 
118 0.9360588 
119 0.8132026 
120 0.8133312 
121 0.8133416 
122 0.8133521 
123 0.8180018 
124 0.8396061 
125 0.8511072 
126 0.8797042 
127 0.9068362 
128 0.8587915 
129 0.8589103 
130 0.8589253 
131 0.861771 
132 0.8680689 
133 0.8827183 
134 0.8900389 
135 0.9027542 
136 0.9150541 
137 0.9276315 
138 0.9398943 
139 0.9416013 
140 0.9452755 
141 0.9604454 
142 0.9653645 
143 0.9058071 
144 0.9159744 
145 0.7073506 
146 0.7076818 
147 0.7076996 
148 0.8352939 
149 0.8354062 
150 0.835414 
151 0.8366314 
152 0.8375282 
153 0.8375632 
154 0.8376512 
155 0.8433771 
156 0.8442508 
157 0.8535759 
158 0.8559535 
159 0.857929 
160 0.8597174 
161 0.8654058 
162 0.8671962 
163 0.8788465 
164 0.8818569 
165 0.886845 
166 0.9009068 
167 0.9094157 
168 0.9292578 
169 0.9244936 
170 0.6631289 
171 0.6636019 
172 0.6636471 
173 0.7969359 
174 0.7971508 
175 0.7971651 
176 0.7971757 
177 0.8091345 
178 0.8091757 
179 0.817104 
180 0.8255893 
181 0.8256374 
182 0.8295536 
183 0.8316509 
184 0.8461325 
185 0.8554096 
186 0.8622996 
187 0.8739962 
188 0.8889179 
189 0.9002052 
190 0.9235939 
191 0.9463226 
192 0.9546846 
193 0.9598801 
194 0.7720718 
195 0.7721979 
196 0.7722513 
197 0.7727662 
198 0.7728369 
199 0.7799256 
200 0.7799519 
201 0.7826734 
202 0.7828124 
203 0.7960474 
204 0.8014625 
205 0.8061825 
206 0.8140342 
207 0.8284968 
208 0.8659706 
209 0.9370359 
210 0.749451 
211 0.7497084 
212 0.7497218 
213 0.7702435 
214 0.7706928 
215 0.774123 
216 0.7774459 
217 0.7819138 
218 0.7827289 
219 0.7862821 
220 0.7867649 
221 0.7886323 
222 0.7906701 
223 0.7916987 
224 0.7946487 
225 0.7962316 
226 0.7985472 
227 0.8013976 
228 0.8058378 
229 0.8077569 
230 0.8111462 
231 0.814116 
232 0.8202547 
233 0.8299353 
234 0.8427001 
235 0.8485103 
236 0.8621243 
237 0.8759932 
238 0.8876819 
239 0.9088763 
240 0.7554001 
241 0.7555111 
242 0.7555819 
243 0.7771487 
244 0.7821778 
245 0.7888335 
246 0.7965301 
247 0.8052826 
248 0.8148103 
249 0.8390913 
250 0.8977646 
251 0.714834 
252 0.7150602 
253 0.7159774 
254 0.716027 
255 0.7175197 
256 0.7176294 
257 0.7307347 
258 0.7308386 
259 0.7308652 
260 0.7321104 
261 0.7441524 
262 0.7571005 
263 0.7626485 
264 0.7671512 
265 0.770761 
266 0.7735999 
267 0.7779459 
268 0.7826734 
269 0.7907307 
270 0.7946419 
271 0.8070119 
272 0.8219826 
273 0.8446571 
274 0.8622758 
275 0.8809025 
276 0.9131616 
277 0.924915 
278 0.9363814 
279 0.9457956 
280 0.8470233 
281 0.8471469 
282 0.8471581 
283 0.8472073 
284 0.8504251 
285 0.8547529 
286 0.8596139 
287 0.8719403 
288 0.8748763 
289 0.876977 
290 0.8795128 
291 0.8826159 
292 0.8832142 
293 0.8873511 
294 0.8934194 
295 0.895518 
296 0.8998644 
297 0.9035145 
298 0.8796846 
299 0.8247416 
300 0.8249615 
301 0.8249726 
302 0.826487 
303 0.8276062 
304 0.8280938 
305 0.8309606 
306 0.8320443 
307 0.8326671 
308 0.8335124 
309 0.834038 
310 0.8346354 
311 0.835289 
312 0.8362343 
313 0.8372769 
314 0.8382427 
315 0.8391668 
316 0.840966 
317 0.8434943 
318 0.8453177 
319 0.8478195 
320 0.849909 
321 0.8515823 
322 0.8536197 
323 0.8570114 
324 0.8615075 
325 0.8687822 
326 0.8734631 
327 0.8913044 
328 0.935377 
329 0.5009386 
330 0.5719768 
331 0.5720687 
332 0.5720873 
333 0.5721429 
334 0.5892525 
335 0.591089 
336 0.5933022 
337 0.5943825 
338 0.5953951 
339 0.5970224 
340 0.5976968 
341 0.6000518 
342 0.6010648 
343 0.6120177 
344 0.6257354 
345 0.6276886 
346 0.6287546 
347 0.6300948 
348 0.6314655 
349 0.6348058 
350 0.6363986 
351 0.642235 
352 0.6437887 
353 0.6458515 
354 0.6521115 
355 0.6551713 
356 0.6567326 
357 0.6583762 
358 0.6607866 
359 0.6623307 
360 0.664493 
361 0.6675953 
362 0.6703588 
363 0.6731299 
364 0.6769474 
365 0.684245 
366 0.6894511 
367 0.6957076 
368 0.7005793 
369 0.7059441 
370 0.7116662 
371 0.7310505 
372 0.7396586 
373 0.7632807 
374 0.8159742 
375 0.8411561 
376 0.8737479 
377 0.8983669 
378 0.9047039 
379 0.9124469 
380 0.923179 
381 0.937637 
382 0.8368555 
383 0.8369906 
384 0.8370486 
385 0.837517 
386 0.8375273 
387 0.8375751 
388 0.8376685 
389 0.8382752 
390 0.8395247 
391 0.8436175 
392 0.8448442 
393 0.8451427 
394 0.8456354 
395 0.8461826 
396 0.8466152 
397 0.8472276 
398 0.8487985 
399 0.8490267 
400 0.8554355 
401 0.8558903 
402 0.8566705 
403 0.8571944 
404 0.8578012 
405 0.8591019 
406 0.8597238 
407 0.8603508 
408 0.8608355 
409 0.8609526 
410 0.8615902 
411 0.8618649 
412 0.8625189 
413 0.862723 
414 0.8628301 
415 0.8631232 
416 0.8633023 
417 0.8636412 
418 0.8639509 
419 0.8642008 
420 0.8644198 
421 0.8645324 
422 0.8646719 
423 0.864795 
424 0.8649101 
425 0.8650216 
426 0.8651504 
427 0.8652518 
428 0.8653608 
429 0.8654622 
430 0.8655721 
431 0.8657223 
432 0.865919 
433 0.8661935 
434 0.8665473 
435 0.8667876 
436 0.8671251 
437 0.8675181 
438 0.8679699 
439 0.8684522 
440 0.8688327 
441 0.8693215 
442 0.8697169 
443 0.8699348 
444 0.8704509 
445 0.871063 
446 0.8718568 
447 0.8722469 
448 0.8728074 
449 0.8736869 
450 0.8741332 
451 0.8744297 
452 0.8748356 
453 0.8755088 
454 0.8765479 
455 0.8778741 
456 0.8786153 
457 0.8795182 
458 0.880391 
459 0.8808085 
460 0.8818527 
461 0.8832078 
462 0.884251 
463 0.8856546 
464 0.8902977 
465 0.8924277 
466 0.8943106 
467 0.8960053 
468 0.8977968 
469 0.8998206 
470 0.9033063 
471 0.9069372 
472 0.9109669 
473 0.6426142 
474 0.6431307 
475 0.6694135 
476 0.676723 
477 0.6880181 
478 0.6961844 
479 0.7022031 
480 0.7097701 
481 0.7153474 
482 0.7207365 
483 0.7247172 
484 0.7289046 
485 0.7325629 
486 0.7374732 
487 0.7439097 
488 0.7524548 
489 0.7657191 
490 0.7795275 
491 0.8014309 
492 0.8458664 
493 0.8937629 
494 0.9262418 
495 0.8277724 
496 0.8279516 
497 0.8290211 
498 0.8341788 
499 0.8350721 
500 0.8367703 
501 0.8378846 
502 0.8393647 
503 0.8403697 
504 0.8412186 
505 0.8420711 
506 0.8432246 
507 0.844505 
508 0.8453448 
509 0.8462983 
510 0.8471059 
511 0.8479277 
512 0.8488614 
513 0.8502597 
514 0.8515115 
515 0.8546926 
516 0.8578122 
517 0.8638616 
518 0.8678785 
519 0.8738435 
520 0.8848666 
521 0.8916041 
522 0.9087214 
523 0.9293863 
524 0.940196 
525 0.9397704 
526 0.7233913 
527 0.7237635 
528 0.7237797 
529 0.7268499 
530 0.7287585 
531 0.7355506 
532 0.7436748 
533 0.7481364 
534 0.7491685 
535 0.7510657 
536 0.7512447 
537 0.7518155 
538 0.7522026 
539 0.7547466 
540 0.7586616 
541 0.759126 
542 0.7596582 
543 0.7609611 
544 0.7617371 
545 0.7645667 
546 0.7657542 
547 0.7708137 
548 0.7736351 
549 0.7750726 
550 0.7782645 
551 0.782719 
552 0.7849174 
553 0.7870841 
554 0.7927719 
555 0.796093 
556 0.7983507 
557 0.8017293 
558 0.8064752 
559 0.8087185 
560 0.8108476 
561 0.8127946 
562 0.8146712 
563 0.8163313 
564 0.8185318 
565 0.8213056 
566 0.8257239 
567 0.8409001 
568 0.8506728 
569 0.8551612 
570 0.8633244 
571 0.8726966 
572 0.8765327 
573 0.8775785 
574 0.8785702 
575 0.8789851 
576 0.8802474 
577 0.8847827 
578 0.8872093 
579 0.8902782 
580 0.8952171 
581 0.9051108 
582 0.926293 
583 0.8969184 
584 0.501483 
585 0.5171771 
586 0.5260625 
587 0.5333019 
588 0.5455262 
589 0.5468417 
590 0.5565604 
591 0.559087 
592 0.5664411 
593 0.5820729 
594 0.5872992 
595 0.5940662 
596 0.597039 
597 0.6054749 
598 0.6154964 
599 0.6249481 
600 0.6291097 
601 0.6333552 
602 0.6456808 
603 0.6515699 
604 0.656657 
605 0.661712 
606 0.666348 
607 0.6703883 
608 0.6743068 
609 0.6776045 
610 0.6807417 
611 0.6841456 
612 0.6899761 
613 0.6992869 
614 0.7072527 
615 0.7190849 
616 0.7344809 
617 0.7490939 
618 0.7704886 
619 0.7917292 
620 0.807633 
621 0.8261181 
622 0.8453434 
623 0.8552068 
624 0.8716664 
625 0.8759576 
626 0.8848375 
627 0.8875821 
628 0.9003777 
629 0.8795829 
630 0.8313251 
631 0.8314224 
632 0.8331728 
633 0.8336581 
634 0.8338476 
635 0.8346704 
636 0.8349984 
637 0.8352215 
638 0.8353134 
639 0.8368466 
640 0.8369945 
641 0.8372899 
642 0.8374441 
643 0.8376506 
644 0.8377999 
645 0.837925 
646 0.8380241 
647 0.8381024 
648 0.8383429 
649 0.8386033 
650 0.8388668 
651 0.8390763 
652 0.8398851 
653 0.8403261 
654 0.8411179 
655 0.841323 
656 0.8420619 
657 0.8424529 
658 0.8436087 
659 0.8440675 
660 0.8444706 
661 0.8447898 
662 0.8452246 
663 0.8455254 
664 0.8459047 
665 0.8461965 
666 0.846677 
667 0.8468968 
668 0.8471454 
669 0.8474997 
670 0.8478908 
671 0.8480922 
672 0.8486185 
673 0.8490757 
674 0.8494316 
675 0.8497917 
676 0.8499537 
677 0.8502043 
678 0.8504981 
679 0.8507521 
680 0.8511067 
681 0.8513894 
682 0.8517087 
683 0.8518724 
684 0.8521076 
685 0.852327 
686 0.8525175 
687 0.8527927 
688 0.8530395 
689 0.8533595 
690 0.8535992 
691 0.8538742 
692 0.8541973 
693 0.8544394 
694 0.8548958 
695 0.855425 
696 0.8558724 
697 0.8563448 
698 0.8569575 
699 0.8576475 
700 0.8580721 
701 0.8584082 
702 0.8588826 
703 0.8592556 
704 0.8597647 
705 0.8606503 
706 0.8612317 
707 0.8619118 
708 0.8623877 
709 0.8629864 
710 0.8640903 
711 0.86508 
712 0.8660976 
713 0.8673087 
714 0.8690356 
715 0.8704123 
716 0.8714674 
717 0.8728359 
718 0.874189 
719 0.8751343 
720 0.8769189 
721 0.8781498 
722 0.8790578 
723 0.8799592 
724 0.8804977 
725 0.8855169 
726 0.8920608 
727 0.9367954 
728 0.6460098 
729 0.6698945 
730 0.6757221 
731 0.6869124 
732 0.6908811 
733 0.6950829 
734 0.6988821 
735 0.7028665 
736 0.7078865 
737 0.7085669 
738 0.7106973 
739 0.712532 
740 0.713915 
741 0.7152917 
742 0.7169908 
743 0.7184209 
744 0.7191345 
745 0.7201172 
746 0.7210009 
747 0.7220135 
748 0.722852 
749 0.723752 
750 0.7246724 
751 0.7258682 
752 0.7267418 
753 0.727679 
754 0.7285412 
755 0.7292183 
756 0.7300499 
757 0.7309236 
758 0.7321246 
759 0.7335645 
760 0.7362827 
761 0.7385956 
762 0.7413882 
763 0.7443752 
764 0.74641 
765 0.7487593 
766 0.7530445 
767 0.7590588 
768 0.7647479 
769 0.7766518 
770 0.7871604 
771 0.7961556 
772 0.8089687 
773 0.8148582 
774 0.8245446 
775 0.8354537 
776 0.8456878 
777 0.851571 
778 0.8544432 
779 0.8613429 
780 0.8777086 
781 0.9317226 
782 0.8043069 
783 0.8116172 
784 0.8133825 
785 0.8157856 
786 0.8168497 
787 0.8182053 
788 0.8228618 
789 0.8232651 
790 0.8236712 
791 0.8248481 
792 0.8250392 
793 0.8255001 
794 0.8265184 
795 0.8268432 
796 0.8300894 
797 0.8315488 
798 0.8326832 
799 0.8336926 
800 0.8349384 
801 0.836479 
802 0.8382554 
803 0.8412156 
804 0.8459562 
805 0.8520729 
806 0.8599908 
807 0.8696988 
808 0.8838335 
809 0.8892701 
810 0.9043981 
811 0.9196822 
812 0.9223032 
813 0.9274466 
814 0.6938415 
815 0.69404 
816 0.7015635 
817 0.7057489 
818 0.7075207 
819 0.7084211 
820 0.7123243 
821 0.7127931 
822 0.7148545 
823 0.7156044 
824 0.7161394 
825 0.7162941 
826 0.7170698 
827 0.7172039 
828 0.7179728 
829 0.7203987 
830 0.7233794 
831 0.7255315 
832 0.7271881 
833 0.7282338 
834 0.7303772 
835 0.7313677 
836 0.7323504 
837 0.7341634 
838 0.7360162 
839 0.7369641 
840 0.7379151 
841 0.7393506 
842 0.7402877 
843 0.7413351 
844 0.7420826 
845 0.742833 
846 0.7437796 
847 0.7451292 
848 0.7465112 
849 0.7483233 
850 0.7504026 
851 0.7529048 
852 0.754863 
853 0.7593164 
854 0.7634636 
855 0.7658124 
856 0.7693466 
857 0.773703 
858 0.7820998 
859 0.7854188 
860 0.7918181 
861 0.800463 
862 0.8118425 
863 0.8252927 
864 0.8464154 
865 0.857518 
866 0.8759222 
867 0.8876121 
868 0.9157656 
869 0.9313746 
870 0.7719995 
871 0.7722889 
872 0.7768987 
873 0.7771262 
874 0.7822139 
875 0.7859087 
876 0.7875321 
877 0.7932467 
878 0.7982807 
879 0.8008056 
880 0.8032784 
881 0.805486 
882 0.8073321 
883 0.8090924 
884 0.8108639 
885 0.812373 
886 0.8147728 
887 0.8183552 
888 0.8298201 
889 0.8365037 
890 0.8453102 
891 0.8507181 
892 0.8636866 
893 0.8776306 
894 0.9106136 
895 0.935726 
896 0.8075871 
897 0.8106326 
898 0.8138601 
899 0.8150886 
900 0.8153421 
901 0.8160285 
902 0.8177374 
903 0.8182456 
904 0.8184129 
905 0.8185966 
906 0.8190488 
907 0.8194702 
908 0.8199721 
909 0.8202328 
910 0.8204504 
911 0.8206221 
912 0.8207676 
913 0.820879 
914 0.8226459 
915 0.8236601 
916 0.8264587 
917 0.8277946 
918 0.8288809 
919 0.830231 
920 0.8313286 
921 0.8326166 
922 0.8341767 
923 0.8375822 
924 0.8402033 
925 0.844663 
926 0.8467113 
927 0.8517364 
928 0.8605059 
929 0.8670774 
930 0.8766443 
931 0.888177 
932 0.932399 
933 0.9305557 
934 0.5014809 
935 0.5801898 
936 0.6873916 
937 0.687645 
938 0.6876613 
939 0.6929017 
940 0.6942415 
941 0.6972576 
942 0.702276 
943 0.7102776 
944 0.7230367 
945 0.7329924 
946 0.7374621 
947 0.740358 
948 0.7428872 
949 0.7455887 
950 0.7481844 
951 0.7510708 
952 0.7533833 
953 0.7559342 
954 0.758922 
955 0.7664542 
956 0.7758917 
957 0.7907191 
958 0.8084014 
959 0.8302552 
960 0.8501821 
961 0.8868003 
962 0.901888 
963 0.9150132 
964 0.926925 
965 0.9367469 
966 0.9292806 
967 0.8935719 
968 0.8954859 
969 0.897791 
970 0.8983621 
971 0.8988318 
972 0.8994527 
973 0.899933 
974 0.9002498 
975 0.900656 
976 0.9017882 
977 0.9022505 
978 0.9027135 
979 0.9031954 
980 0.9036681 
981 0.9040331 
982 0.9052646 
983 0.9072361 
984 0.9104732 
985 0.9126407 
986 0.9176823 
987 0.9203441 
988 0.9249549 
989 0.9318783 
990 0.932022 
991 0.9270742 
992 0.8526189 
993 0.7000319 
994 0.7178132 
995 0.7549923 
996 0.7559829 
997 0.7563876 
998 0.757683 
999 0.7583388 
1000 0.7591718 
1001 0.7597892 
1002 0.7617011 
1003 0.7627797 
1004 0.7647551 
1005 0.7653457 
1006 0.7658607 
1007 0.7664569 
1008 0.7673614 
1009 0.768747 
1010 0.7691028 
1011 0.7694216 
1012 0.7697712 
1013 0.77021 
1014 0.7708433 
1015 0.7713826 
1016 0.772136 
1017 0.7727528 
1018 0.7733983 
1019 0.7736548 
1020 0.7740757 
1021 0.77472 
1022 0.7750855 
1023 0.7754502 
1024 0.7756847 
1025 0.7760789 
1026 0.7763298 
1027 0.7767935 
1028 0.7770626 
1029 0.7774025 
1030 0.7778529 
1031 0.7781288 
1032 0.7784965 
1033 0.7788404 
1034 0.7791905 
1035 0.7794629 
1036 0.7797678 
1037 0.7801176 
1038 0.7803887 
1039 0.7807909 
1040 0.7811424 
1041 0.7816046 
1042 0.781945 
1043 0.782715 
1044 0.7832998 
1045 0.7837595 
1046 0.7845295 
1047 0.7853571 
1048 0.7863826 
1049 0.7872606 
1050 0.7890863 
1051 0.7901658 
1052 0.7914347 
1053 0.7927348 
1054 0.7951006 
1055 0.797795 
1056 0.8001479 
1057 0.8018693 
1058 0.8042353 
1059 0.8058224 
1060 0.8088496 
1061 0.8139664 
1062 0.8165367 
1063 0.8199015 
1064 0.8232551 
1065 0.8258146 
1066 0.8302844 
1067 0.8340646 
1068 0.8387343 
1069 0.841679 
1070 0.8615859 
1071 0.8710718 
1072 0.9039421 
1073 0.9201521 
1074 0.923345 
1075 0.9391366 
1076 0.6118051 
1077 0.8168614 
1078 0.8313347 
1079 0.8416127 
1080 0.8500504 
1081 0.8630111 
1082 0.8861691 
1083 0.8979642 
1084 0.9184256 
1085 0.8962469 
1086 0.643896 
1087 0.6603899 
1088 0.7067488 
1089 0.7138486 
1090 0.7288114 
1091 0.7381188 
1092 0.7471848 
1093 0.7580251 
1094 0.766623 
1095 0.7763801 
1096 0.7932336 
1097 0.8232024 
1098 0.881086 
1099 0.9100196 
1100 0.9060978 
1101 0.9139819 
1102 0.6204023 
1103 0.6207581 
1104 0.6284155 
1105 0.6290196 
1106 0.69022 
1107 0.7177427 
1108 0.7435434 
1109 0.7564061 
1110 0.7680642 
1111 0.7792377 
1112 0.803042 
1113 0.8383602 
1114 0.8940165 
1115 0.9153918 
1116 0.8919054 
1117 0.9044827 
1118 0.7271892 
1119 0.7275547 
1120 0.7296062 
1121 0.7380091 
1122 0.7432755 
1123 0.7441981 
1124 0.7548458 
1125 0.7559928 
1126 0.7565494 
1127 0.7604909 
1128 0.7624612 
1129 0.7646159 
1130 0.7662838 
1131 0.7673693 
1132 0.7681119 
1133 0.7690082 
1134 0.7701485 
1135 0.7713327 
1136 0.772308 
1137 0.7732663 
1138 0.774567 
1139 0.7753273 
1140 0.7764039 
1141 0.7772974 
1142 0.7781883 
1143 0.7792873 
1144 0.7810362 
1145 0.7828644 
1146 0.7844784 
1147 0.7864928 
1148 0.7891323 
1149 0.7921144 
1150 0.7962442 
1151 0.7999125 
1152 0.8046827 
1153 0.8092423 
1154 0.8163359 
1155 0.8206682 
1156 0.828364 
1157 0.8342968 
1158 0.8448332 
1159 0.8596027 
1160 0.8706413 
1161 0.8774968 
1162 0.8905652 
1163 0.8699242 
1164 0.8042432 
1165 0.8872274 
1166 0.6877347 
1167 0.7013542 
1168 0.7016353 
1169 0.7030957 
1170 0.7039868 
1171 0.7047094 
1172 0.706953 
1173 0.7086777 
1174 0.7110031 
1175 0.7141057 
1176 0.7195246 
1177 0.7224114 
1178 0.724481 
1179 0.726661 
1180 0.7293731 
1181 0.7313346 
1182 0.7332307 
1183 0.7350162 
1184 0.7374671 
1185 0.7395826 
1186 0.742294 
1187 0.7468064 
1188 0.754958 
1189 0.7673674 
1190 0.7815465 
1191 0.7994034 
1192 0.8298534 
1193 0.8708564 
1194 0.882735 
1195 0.8389403 
1196 0.8687341 
1197 0.7401592 
1198 0.7402616 
1199 0.7402752 
1200 0.7403421 
1201 0.7405597 
1202 0.7406297 
1203 0.7408028 
1204 0.7409764 
1205 0.7414372 
1206 0.7414571 
1207 0.7433062 
1208 0.7451393 
1209 0.7466698 
1210 0.7491197 
1211 0.7510064 
1212 0.752374 
1213 0.7544516 
1214 0.7563721 
1215 0.7582156 
1216 0.7606044 
1217 0.7624734 
1218 0.7643954 
1219 0.7661906 
1220 0.767738 
1221 0.7695344 
1222 0.7719948 
1223 0.7770526 
1224 0.7834769 
1225 0.7933075 
1226 0.8063186 
1227 0.8185193 
1228 0.8309821 
1229 0.8511297 
1230 0.8780531 
1231 0.8736795 
1232 0.7879467 
1233 0.8645005 
1234 0.7261733 
1235 0.7263905 
1236 0.7269089 
1237 0.7277888 
1238 0.7283101 
1239 0.7290549 
1240 0.7307739 
1241 0.7314418 
1242 0.7330468 
1243 0.7337946 
1244 0.7349942 
1245 0.7361374 
1246 0.737203 
1247 0.7381662 
1248 0.7405644 
1249 0.7423659 
1250 0.7442091 
1251 0.7449022 
1252 0.7460103 
1253 0.7479218 
1254 0.749269 
1255 0.7512013 
1256 0.7527752 
1257 0.7550357 
1258 0.7559921 
1259 0.7567585 
1260 0.7576127 
1261 0.7588273 
1262 0.7601954 
1263 0.7611203 
1264 0.7625289 
1265 0.7632938 
1266 0.7638614 
1267 0.7643879 
1268 0.7651223 
1269 0.7662128 
1270 0.767191 
1271 0.7679325 
1272 0.7685379 
1273 0.7694016 
1274 0.7704985 
1275 0.7712905 
1276 0.7727209 
1277 0.7748606 
1278 0.777818 
1279 0.7794815 
1280 0.7830757 
1281 0.787987 
1282 0.792153 
1283 0.798602 
1284 0.8049942 
1285 0.8339764 
1286 0.8680401 
1287 0.9277634 
1288 0.6650958 
1289 0.6695651 
1290 0.6713381 
1291 0.6802536 
1292 0.6841216 
1293 0.6992272 
1294 0.7039996 
1295 0.7110524 
1296 0.7166046 
1297 0.7241502 
1298 0.7314918 
1299 0.738193 
1300 0.7444677 
1301 0.7521569 
1302 0.7609952 
1303 0.768696 
1304 0.7780516 
1305 0.8048858 
1306 0.8429905 
1307 0.9028483 
1308 0.9375689 
1309 0.6663368 
1310 0.7023179 
1311 0.7051534 
1312 0.7074596 
1313 0.7098518 
1314 0.7113083 
1315 0.7132214 
1316 0.7147205 
1317 0.7190095 
1318 0.7203142 
1319 0.725331 
1320 0.7291336 
1321 0.7359996 
1322 0.7420324 
1323 0.7454218 
1324 0.7487119 
1325 0.751853 
1326 0.7552417 
1327 0.7586871 
1328 0.7614791 
1329 0.7648254 
1330 0.7688651 
1331 0.7726512 
1332 0.7768145 
1333 0.782749 
1334 0.7871361 
1335 0.7924712 
1336 0.7958603 
1337 0.8004712 
1338 0.8051978 
1339 0.8079453 
1340 0.8116311 
1341 0.8266269 
1342 0.8317498 
1343 0.8446715 
1344 0.8559856 
1345 0.8676468 
1346 0.8909047 
1347 0.9108047 
1348 0.9207445 
1349 0.9179478 
1350 0.8970613 
1351 0.708873 
1352 0.7091612 
1353 0.7091758 
1354 0.7102991 
1355 0.7138338 
1356 0.7151381 
1357 0.7164172 
1358 0.7187856 
1359 0.7196683 
1360 0.7210748 
1361 0.7229316 
1362 0.7241109 
1363 0.7249428 
1364 0.7258981 
1365 0.7271468 
1366 0.7282715 
1367 0.729372 
1368 0.7305126 
1369 0.7318744 
1370 0.7334964 
1371 0.7351237 
1372 0.7361876 
1373 0.7380824 
1374 0.7400948 
1375 0.7419848 
1376 0.7438156 
1377 0.7462776 
1378 0.749392 
1379 0.7518249 
1380 0.7555775 
1381 0.7614599 
1382 0.7664725 
1383 0.7740342 
1384 0.781626 
1385 0.7971661 
1386 0.8084184 
1387 0.8160035 
1388 0.830027 
1389 0.8397103 
1390 0.9220202 
1391 0.7789556 
1392 0.7793089 
1393 0.7805549 
1394 0.7829912 
1395 0.78358 
1396 0.7839498 
1397 0.7851774 
1398 0.7856705 
1399 0.7860584 
1400 0.7867725 
1401 0.7874494 
1402 0.7885415 
1403 0.7901045 
1404 0.7909051 
1405 0.7916203 
1406 0.7923637 
1407 0.7930115 
1408 0.7936392 
1409 0.7942957 
1410 0.795174 
1411 0.796055 
1412 0.7971735 
1413 0.7983931 
1414 0.8002429 
1415 0.8020911 
1416 0.804639 
1417 0.8064009 
1418 0.8093861 
1419 0.8117889 
1420 0.8169193 
1421 0.822198 
1422 0.8271549 
1423 0.8320484 
1424 0.839664 
1425 0.8450823 
1426 0.8533161 
1427 0.864508 
1428 0.8730867 
1429 0.9313593 
1430 0.6783816 
1431 0.6937195 
1432 0.7157576 
1433 0.7269093 
1434 0.7285696 
1435 0.7304227 
1436 0.732144 
1437 0.7365294 
1438 0.738623 
1439 0.7398599 
1440 0.7505484 
1441 0.7551181 
1442 0.7580248 
1443 0.7609265 
1444 0.7627364 
1445 0.7644754 
1446 0.7664431 
1447 0.7683752 
1448 0.7699743 
1449 0.7716877 
1450 0.7732848 
1451 0.7748763 
1452 0.7773914 
1453 0.7804917 
1454 0.7836203 
1455 0.7870251 
1456 0.7925079 
1457 0.7969952 
1458 0.8029974 
1459 0.8112368 
1460 0.8221291 
1461 0.8315758 
1462 0.8366158 
1463 0.8418588 
1464 0.8538822 
1465 0.8580834 
1466 0.8696234 
1467 0.875871 
1468 0.8812171 
1469 0.8877103 
1470 0.8955049 
1471 0.9116299 
1472 0.9303148 
1473 0.8931219 
1474 0.89238 
1475 0.8955195 
1476 0.8978784 
1477 0.8995121 
1478 0.9012094 
1479 0.9022774 
1480 0.9111999 
1481 0.9242036 
1482 0.9264331 
1483 0.6909654 
1484 0.6932418 
1485 0.6972035 
1486 0.7355343 
1487 0.7590016 
1488 0.7850181 
1489 0.8067749 
1490 0.8349339 
1491 0.8748289 
1492 0.9035454 
1493 0.91278 
1494 0.8018671 
1495 0.8404857 
1496 0.8405772 
1497 0.840646 
1498 0.8420934 
1499 0.8424052 
1500 0.8433275 
1501 0.8439778 
1502 0.8449563 
1503 0.8450695 
1504 0.845229 
1505 0.8453141 
1506 0.8453873 
1507 0.8455576 
1508 0.8457507 
1509 0.8458287 
1510 0.845973 
1511 0.8460776 
1512 0.8461846 
1513 0.8463024 
1514 0.8463862 
1515 0.8467918 
1516 0.8470339 
1517 0.8473423 
1518 0.8475498 
1519 0.8478898 
1520 0.8480942 
1521 0.8483754 
1522 0.8486594 
1523 0.8489645 
1524 0.8491952 
1525 0.849505 
1526 0.8497089 
1527 0.8501314 
1528 0.850435 
1529 0.8506885 
1530 0.8510178 
1531 0.8512262 
1532 0.8514051 
1533 0.8515839 
1534 0.8517811 
1535 0.8520312 
1536 0.8523814 
1537 0.8525789 
1538 0.8527575 
1539 0.8530218 
1540 0.8531668 
1541 0.853424 
1542 0.8535567 
1543 0.8538236 
1544 0.8540301 
1545 0.8542652 
1546 0.8545031 
1547 0.8548789 
1548 0.8551201 
1549 0.8556548 
1550 0.8561225 
1551 0.8564641 
1552 0.8567196 
1553 0.8572001 
1554 0.8574511 
1555 0.8580028 
1556 0.8583895 
1557 0.858766 
1558 0.8591244 
1559 0.859455 
1560 0.8600092 
1561 0.86047 
1562 0.8609906 
1563 0.8620682 
1564 0.8627048 
1565 0.8631642 
1566 0.8639682 
1567 0.8651334 
1568 0.8662756 
1569 0.8669708 
1570 0.8691377 
1571 0.8703332 
1572 0.8709833 
1573 0.8725742 
1574 0.8738429 
1575 0.8751325 
1576 0.8773891 
1577 0.8802716 
1578 0.8817136 
1579 0.8830874 
1580 0.8842282 
1581 0.8858758 
1582 0.8894965 
1583 0.9134038 
1584 0.5969859 
1585 0.5972035 
1586 0.5992235 
1587 0.6036433 
1588 0.6087749 
1589 0.608795 
1590 0.6090184 
1591 0.6092537 
1592 0.6130609 
1593 0.6158863 
1594 0.6215876 
1595 0.6233021 
1596 0.6245398 
1597 0.6258224 
1598 0.6285328 
1599 0.6317489 
1600 0.6340851 
1601 0.6363411 
1602 0.6409525 
1603 0.6437634 
1604 0.6470096 
1605 0.6495173 
1606 0.6518729 
1607 0.655102 
1608 0.6580776 
1609 0.6608872 
1610 0.6640182 
1611 0.6674824 
1612 0.6729104 
1613 0.6763852 
1614 0.6813633 
1615 0.6871694 
1616 0.6931073 
1617 0.7018321 
1618 0.7095418 
1619 0.7188627 
1620 0.7262605 
1621 0.7436502 
1622 0.7615528 
1623 0.7764713 
1624 0.7911174 
1625 0.8264594 
1626 0.8989289 
1627 0.912717 
1628 0.7453423 
1629 0.752017 
1630 0.7539549 
1631 0.7556303 
1632 0.7569992 
1633 0.758539 
1634 0.7596293 
1635 0.7607438 
1636 0.7613961 
1637 0.76567 
1638 0.7670388 
1639 0.7681851 
1640 0.7690095 
1641 0.76938 
1642 0.7698345 
1643 0.7705714 
1644 0.770975 
1645 0.7715695 
1646 0.7722099 
1647 0.7726517 
1648 0.7730895 
1649 0.7737641 
1650 0.7747644 
1651 0.7757084 
1652 0.7763234 
1653 0.7772027 
1654 0.7779475 
1655 0.7793832 
1656 0.7806934 
1657 0.7816511 
1658 0.7824157 
1659 0.7831564 
1660 0.7838055 
1661 0.7846376 
1662 0.7854561 
1663 0.7867302 
1664 0.7875541 
1665 0.7885872 
1666 0.7902791 
1667 0.7913209 
1668 0.7923648 
1669 0.7949178 
1670 0.7971661 
1671 0.7994599 
1672 0.8012589 
1673 0.8039318 
1674 0.8064289 
1675 0.8108706 
1676 0.8158163 
1677 0.8197576 
1678 0.8247966 
1679 0.8282413 
1680 0.8320264 
1681 0.8370188 
1682 0.8460468 
1683 0.8507634 
1684 0.8711557 
1685 0.8945041 
1686 0.8357712 
1687 0.840251 
1688 0.8409574 
1689 0.8415759 
1690 0.8423207 
1691 0.843149 
1692 0.8438211 
1693 0.8446188 
1694 0.8452617 
1695 0.8458792 
1696 0.8482399 
1697 0.8509123 
1698 0.8508866 
1699 0.8506609 
1700 0.850677 
1701 0.8527112 
1702 0.8553744 
1703 0.8597393 
1704 0.8628199 
1705 0.8686429 
1706 0.8745969 
1707 0.8855343 
1708 0.8994146 
1709 0.8062605 
1710 0.811026 
1711 0.8112727 
1712 0.8114716 
1713 0.8115502 
1714 0.8120825 
1715 0.8131456 
1716 0.8136679 
1717 0.8146699 
1718 0.815754 
1719 0.8163055 
1720 0.8172511 
1721 0.8174702 
1722 0.8177202 
1723 0.8179567 
1724 0.8183168 
1725 0.8188103 
1726 0.8196099 
1727 0.8200951 
1728 0.8202928 
1729 0.8208523 
1730 0.8211369 
1731 0.8214214 
1732 0.8216887 
1733 0.8221171 
1734 0.822364 
1735 0.8226272 
1736 0.8231181 
1737 0.8234451 
1738 0.823736 
1739 0.8243662 
1740 0.8248783 
1741 0.8254115 
1742 0.8260023 
1743 0.826764 
1744 0.8276578 
1745 0.8284759 
1746 0.8292485 
1747 0.8301648 
1748 0.8308738 
1749 0.831747 
1750 0.8326625 
1751 0.8336108 
1752 0.8345718 
1753 0.836087 
1754 0.8374037 
1755 0.8385202 
1756 0.8396608 
1757 0.8418382 
1758 0.8427622 
1759 0.844397 
1760 0.8464782 
1761 0.8482298 
1762 0.8503241 
1763 0.8527115 
1764 0.8550201 
1765 0.8570988 
1766 0.8591121 
1767 0.8611959 
1768 0.8635034 
1769 0.8651856 
1770 0.8670848 
1771 0.8883031 
1772 0.9065239 
1773 0.6696388 
1774 0.6872054 
1775 0.693605 
1776 0.6957941 
1777 0.699271 
1778 0.7019324 
1779 0.705358 
1780 0.7083116 
1781 0.7111927 
1782 0.7144123 
1783 0.7171769 
1784 0.7209857 
1785 0.7254815 
1786 0.7337497 
1787 0.7481729 
1788 0.7610313 
1789 0.7673437 
1790 0.7909781 
1791 0.8366735 
1792 0.8649522 
1793 0.9236298 
1794 0.5032267 
1795 0.5035571 
1796 0.5266094 
1797 0.5298899 
1798 0.538451 
1799 0.5422641 
1800 0.5478508 
1801 0.5494547 
1802 0.5550895 
1803 0.5616501 
1804 0.562295 
1805 0.5797967 
1806 0.5813388 
1807 0.5826731 
1808 0.5890367 
1809 0.5932452 
1810 0.5951073 
1811 0.5969064 
1812 0.5988368 
1813 0.6003156 
1814 0.6030047 
1815 0.604844 
1816 0.6082805 
1817 0.609925 
1818 0.6127439 
1819 0.6201867 
1820 0.6221351 
1821 0.6243431 
1822 0.629518 
1823 0.6342998 
1824 0.6364006 
1825 0.6388156 
1826 0.6424186 
1827 0.6456149 
1828 0.6481027 
1829 0.6506856 
1830 0.6535268 
1831 0.6557221 
1832 0.6577532 
1833 0.6630531 
1834 0.664558 
1835 0.6656921 
1836 0.6672216 
1837 0.6682733 
1838 0.6691226 
1839 0.670189 
1840 0.6714141 
1841 0.6723357 
1842 0.6738023 
1843 0.6748768 
1844 0.6765317 
1845 0.6783309 
1846 0.6802094 
1847 0.681515 
1848 0.6829292 
1849 0.6849088 
1850 0.6881188 
1851 0.6931586 
1852 0.6966574 
1853 0.7011008 
1854 0.7057577 
1855 0.7088792 
1856 0.7112468 
1857 0.7156888 
1858 0.7198675 
1859 0.7235653 
1860 0.7278377 
1861 0.7336289 
1862 0.738531 
1863 0.7519908 
1864 0.7635387 
1865 0.7748091 
1866 0.7993269 
1867 0.8312384 
1868 0.8944091 
1869 0.8560199 
1870 0.8561433 
1871 0.8579873 
1872 0.8584179 
1873 0.8584623 
1874 0.8588785 
1875 0.8589549 
1876 0.8593484 
1877 0.8594297 
1878 0.8595138 
1879 0.8597374 
1880 0.8597828 
1881 0.8602252 
1882 0.8607172 
1883 0.8614799 
1884 0.8617534 
1885 0.8620521 
1886 0.8624473 
1887 0.8628794 
1888 0.863016 
1889 0.8631133 
1890 0.8655187 
1891 0.8670487 
1892 0.8697751 
1893 0.8717524 
1894 0.873837 
1895 0.8761613 
1896 0.8784055 
1897 0.8803617 
1898 0.8804671 
1899 0.8811756 
1900 0.8819011 
1901 0.8825494 
1902 0.8840586 
1903 0.8855586 
1904 0.8876129 
1905 0.8885823 
1906 0.8898589 
1907 0.8901462 
1908 0.8927075 
1909 0.8947539 
1910 0.8980988 
1911 0.9001186 
1912 0.9021121 
1913 0.905606 
1914 0.9069664 
1915 0.9078211 
1916 0.9101505 
1917 0.5005026 
1918 0.6153217 
1919 0.618762 
1920 0.6347071 
1921 0.6502304 
1922 0.6542024 
1923 0.655159 
1924 0.656767 
1925 0.6575415 
1926 0.6583257 
1927 0.6618596 
1928 0.664628 
1929 0.6689478 
1930 0.6721777 
1931 0.6756035 
1932 0.6768157 
1933 0.6776597 
1934 0.6786616 
1935 0.6795785 
1936 0.6802629 
1937 0.6809298 
1938 0.6818798 
1939 0.6833052 
1940 0.6842141 
1941 0.6848777 
1942 0.6863284 
1943 0.6875676 
1944 0.6882723 
1945 0.6890002 
1946 0.6901206 
1947 0.6908569 
1948 0.6916409 
1949 0.6921879 
1950 0.6932827 
1951 0.6939138 
1952 0.6948169 
1953 0.6956898 
1954 0.6972862 
1955 0.6986921 
1956 0.7000554 
1957 0.7011248 
1958 0.7021962 
1959 0.7030743 
1960 0.7042272 
1961 0.705447 
1962 0.7061137 
1963 0.7072862 
1964 0.7083519 
1965 0.709059 
1966 0.709838 
1967 0.7106916 
1968 0.7116368 
1969 0.7125329 
1970 0.7138665 
1971 0.7151858 
1972 0.7173116 
1973 0.7204506 
1974 0.7231928 
1975 0.7243404 
1976 0.7266054 
1977 0.7284763 
1978 0.7302503 
1979 0.7323324 
1980 0.7343931 
1981 0.7369306 
1982 0.7383778 
1983 0.739369 
1984 0.7400814 
1985 0.7414227 
1986 0.742337 
1987 0.7434425 
1988 0.7440811 
1989 0.7449747 
1990 0.7458581 
1991 0.7465741 
1992 0.7474571 
1993 0.7486721 
1994 0.7498227 
1995 0.7508873 
1996 0.7522122 
1997 0.7542204 
1998 0.7557956 
1999 0.757436 
2000 0.7591804 
2001 0.760861 
2002 0.7635083 
2003 0.7646493 
2004 0.7676974 
2005 0.7688656 
2006 0.7713468 
2007 0.7737615 
2008 0.7753659 
2009 0.7774655 
2010 0.7797692 
2011 0.7841988 
2012 0.7885538 
2013 0.7917868 
2014 0.7936826 
2015 0.8051304 
2016 0.8135707 
2017 0.8211488 
2018 0.8313358 
2019 0.8375409 
2020 0.8431967 
2021 0.859693 
2022 0.8684583 
2023 0.8680184 
2024 0.6850076 
2025 0.6853949 
2026 0.6854153 
2027 0.6859415 
2028 0.6996468 
2029 0.7000075 
2030 0.7007222 
2031 0.702061 
2032 0.7059461 
2033 0.7088892 
2034 0.7091448 
2035 0.7155957 
2036 0.7179935 
2037 0.7191793 
2038 0.7207163 
2039 0.7213919 
2040 0.7222205 
2041 0.7236047 
2042 0.725011 
2043 0.7259995 
2044 0.7265528 
2045 0.7274815 
2046 0.7279953 
2047 0.7293329 
2048 0.7308527 
2049 0.7318842 
2050 0.7328464 
2051 0.73388 
2052 0.7345206 
2053 0.7348843 
2054 0.7352641 
2055 0.7360205 
2056 0.7367749 
2057 0.7371915 
2058 0.7379306 
2059 0.7384316 
2060 0.739465 
2061 0.7402746 
2062 0.7408726 
2063 0.7413122 
2064 0.7421134 
2065 0.7425937 
2066 0.7432092 
2067 0.7437167 
2068 0.7443001 
2069 0.7448088 
2070 0.7450693 
2071 0.7453509 
2072 0.7457897 
2073 0.7462253 
2074 0.74656 
2075 0.7470405 
2076 0.7474001 
2077 0.747784 
2078 0.7482304 
2079 0.74861 
2080 0.7493993 
2081 0.7499491 
2082 0.7506154 
2083 0.7517244 
2084 0.7526023 
2085 0.7536542 
2086 0.7552159 
2087 0.7568911 
2088 0.7583558 
2089 0.7591245 
2090 0.7604006 
2091 0.7619618 
2092 0.7642911 
2093 0.7650857 
2094 0.7674229 
2095 0.7687081 
2096 0.7703849 
2097 0.772181 
2098 0.774404 
2099 0.7757196 
2100 0.7771526 
2101 0.7795254 
2102 0.7803874 
2103 0.7822963 
2104 0.7857401 
2105 0.7910439 
2106 0.7925468 
2107 0.7936091 
2108 0.7952212 
2109 0.7996963 
2110 0.8022771 
2111 0.8050463 
2112 0.8086383 
2113 0.8163405 
2114 0.8205323 
2115 0.8234374 
2116 0.8254925 
2117 0.8297165 
2118 0.8332529 
2119 0.8375142 
2120 0.8421257 
2121 0.8458324 
2122 0.8473602 
2123 0.8532086 
2124 0.7854178 
2125 0.785511 
2126 0.7855713 
2127 0.7862013 
2128 0.7862119 
2129 0.7863116 
2130 0.78639 
2131 0.7864125 
2132 0.7885472 
2133 0.789764 
2134 0.7907403 
2135 0.7909785 
2136 0.7913681 
2137 0.7923482 
2138 0.793317 
2139 0.7936459 
2140 0.7941548 
2141 0.7944529 
2142 0.7948554 
2143 0.795148 
2144 0.795729 
2145 0.7965054 
2146 0.7972366 
2147 0.797993 
2148 0.7987209 
2149 0.7997461 
2150 0.8013495 
2151 0.8025742 
2152 0.8036695 
2153 0.8055083 
2154 0.8075135 
2155 0.809436 
2156 0.8128067 
2157 0.8154408 
2158 0.8181684 
2159 0.8198977 
2160 0.8217553 
2161 0.8247666 
2162 0.8301886 
2163 0.8351797 
2164 0.8390899 
2165 0.8475631 
2166 0.8509071 
2167 0.8614689 
2168 0.8810556 
2169 0.8310901 
2170 0.8330139 
2171 0.8330231 
2172 0.8396849 
2173 0.8508787 
2174 0.8530105 
2175 0.8563264 
2176 0.8559462 
2177 0.8555672 
2178 0.8553499 
2179 0.8551097 
2180 0.8548714 
2181 0.8547117 
2182 0.8549666 
2183 0.8551198 
2184 0.8552694 
2185 0.8554 
2186 0.855573 
2187 0.8562774 
2188 0.8567607 
2189 0.85674 
2190 0.8566259 
2191 0.8563705 
2192 0.856186 
2193 0.8559949 
2194 0.8558889 
2195 0.8555267 
2196 0.8558955 
2197 0.855517 
2198 0.8570269 
2199 0.858976 
2200 0.8638335 
2201 0.8674937 
2202 0.8708001 
2203 0.8741301 
2204 0.8762627 
2205 0.8781583 
2206 0.5368086 
2207 0.6066306 
2208 0.6274081 
2209 0.640833 
2210 0.6479801 
2211 0.6555538 
2212 0.6607691 
2213 0.6673301 
2214 0.6776474 
2215 0.6871057 
2216 0.6973054 
2217 0.7066911 
2218 0.7168434 
2219 0.7233275 
2220 0.7292731 
2221 0.7353069 
2222 0.741875 
2223 0.7488963 
2224 0.7576536 
2225 0.7643479 
2226 0.7738869 
2227 0.7844474 
2228 0.7965644 
2229 0.810441 
2230 0.8259693 
2231 0.8411678 
2232 0.8644357 
2233 0.6676171 
2234 0.6871715 
2235 0.700155 
2236 0.7019139 
2237 0.7040474 
2238 0.7073856 
2239 0.7158004 
2240 0.7182138 
2241 0.7209399 
2242 0.7229567 
2243 0.727968 
2244 0.7304419 
2245 0.7354203 
2246 0.7384884 
2247 0.739505 
2248 0.741298 
2249 0.7426183 
2250 0.7438858 
2251 0.7447067 
2252 0.745655 
2253 0.7485754 
2254 0.7503922 
2255 0.7521077 
2256 0.7548042 
2257 0.7570831 
2258 0.7588791 
2259 0.7603611 
2260 0.7619146 
2261 0.763263 
2262 0.7637169 
2263 0.7638962 
2264 0.7641735 
2265 0.7644879 
2266 0.7654046 
2267 0.7666298 
2268 0.7676171 
2269 0.7686728 
2270 0.769955 
2271 0.7710885 
2272 0.7725498 
2273 0.7752264 
2274 0.7769337 
2275 0.780087 
2276 0.7822541 
2277 0.7855262 
2278 0.7875526 
2279 0.7923833 
2280 0.796736 
2281 0.7998607 
2282 0.8013446 
2283 0.8040723 
2284 0.8086256 
2285 0.8110139 
2286 0.815383 
2287 0.818721 
2288 0.8200666 
2289 0.8215136 
2290 0.8230427 
2291 0.8252289 
2292 0.8269982 
2293 0.8286419 
2294 0.8304941 
2295 0.8386991 
2296 0.8541846 
2297 0.6540785 
2298 0.6544097 
2299 0.6882085 
2300 0.6902337 
2301 0.6967805 
2302 0.6992299 
2303 0.7018097 
2304 0.7042524 
2305 0.706708 
2306 0.7088471 
2307 0.7131999 
2308 0.7172003 
2309 0.7186739 
2310 0.7218974 
2311 0.7243743 
2312 0.7271991 
2313 0.7287795 
2314 0.7311109 
2315 0.7327222 
2316 0.7348771 
2317 0.7365894 
2318 0.7386589 
2319 0.7416918 
2320 0.7457217 
2321 0.751117 
2322 0.7568253 
2323 0.7613621 
2324 0.7677721 
2325 0.7766902 
2326 0.7821285 
2327 0.7964577 
2328 0.8055954 
2329 0.8133537 
2330 0.8182765 
2331 0.8252432 
2332 0.7662019 
2333 0.7663823 
2334 0.7674634 
2335 0.7716934 
2336 0.7742222 
2337 0.7751642 
2338 0.7767072 
2339 0.7783236 
2340 0.7796337 
2341 0.7806918 
2342 0.7818904 
2343 0.7844447 
2344 0.787474 
2345 0.7907012 
2346 0.7965708 
2347 0.8048702 
2348 0.8120081 
2349 0.8196161 
2350 0.8353912 
2351 0.8279154 
2352 0.8280335 
2353 0.8280363 
2354 0.8299336 
2355 0.8336198 
2356 0.8341123 
2357 0.8345865 
2358 0.8350974 
2359 0.8355802 
2360 0.8360751 
2361 0.8356278 
2362 0.8365206 
2363 0.8379534 
2364 0.8394912 
2365 0.839615 
2366 0.8400064 
2367 0.8385075 
2368 0.8380579 
2369 0.8386369 
2370 0.7204532 
2371 0.7667347 
2372 0.7881627 
2373 0.8107766 
2374 0.8111043 
2375 0.8114228 
2376 0.8117551 
2377 0.8121277 
2378 0.8132864 
2379 0.8113348 
2380 0.8121587 
2381 0.8134283 
2382 0.8157333 
2383 0.8180041 
2384 0.8208396 
2385 0.8236077 
2386 0.8282459 
2387 0.8302822 
2388 0.8330991 
2389 0.8448613 
2390 0.5019989 
2391 0.5411986 
2392 0.5567753 
2393 0.5591681 
2394 0.5622609 
2395 0.5712343 
2396 0.5781918 
2397 0.5808436 
2398 0.5918462 
2399 0.6031 
2400 0.6144939 
2401 0.6176817 
2402 0.62853 
2403 0.6412357 
2404 0.6505131 
2405 0.6559668 
2406 0.6592824 
2407 0.6621319 
2408 0.6656727 
2409 0.6689563 
2410 0.673519 
2411 0.6780779 
2412 0.6807629 
2413 0.6837304 
2414 0.6879838 
2415 0.6907469 
2416 0.69551 
2417 0.6984215 
2418 0.7014808 
2419 0.7051418 
2420 0.707101 
2421 0.7086811 
2422 0.7106319 
2423 0.7119655 
2424 0.7134762 
2425 0.7147623 
2426 0.7164039 
2427 0.7184268 
2428 0.7199783 
2429 0.7215009 
2430 0.7228948 
2431 0.72476 
2432 0.726523 
2433 0.7285249 
2434 0.7318067 
2435 0.733939 
2436 0.734912 
2437 0.736443 
2438 0.7381028 
2439 0.7396747 
2440 0.7416026 
2441 0.7430413 
2442 0.7446035 
2443 0.7456399 
2444 0.7471296 
2445 0.748495 
2446 0.7500239 
2447 0.751895 
2448 0.7528752 
2449 0.7559065 
2450 0.75799 
2451 0.7619567 
2452 0.7641779 
2453 0.7668607 
2454 0.7715583 
2455 0.7769438 
2456 0.7820628 
2457 0.7881184 
2458 0.7932553 
2459 0.8061268 
2460 0.8045906 
2461 0.7673412 
2462 0.7674298 
2463 0.7693077 
2464 0.771775 
2465 0.7722453 
2466 0.7733635 
2467 0.7737948 
2468 0.7740397 
2469 0.7746618 
2470 0.774965 
2471 0.775262 
2472 0.7759625 
2473 0.7762233 
2474 0.7764424 
2475 0.776836 
2476 0.7772166 
2477 0.7774654 
2478 0.7777649 
2479 0.7779741 
2480 0.7784399 
2481 0.7787872 
2482 0.7792622 
2483 0.7798327 
2484 0.7802019 
2485 0.7805991 
2486 0.7808107 
2487 0.7810206 
2488 0.7812637 
2489 0.781402 
2490 0.7815233 
2491 0.7816526 
2492 0.7818029 
2493 0.7820095 
2494 0.7821852 
2495 0.7823765 
2496 0.7826047 
2497 0.7828879 
2498 0.7832795 
2499 0.7837226 
2500 0.7841206 
2501 0.7847948 
2502 0.785743 
2503 0.7865533 
2504 0.7887953 
2505 0.7896486 
2506 0.7907542 
2507 0.7925688 
2508 0.7930371 
2509 0.7935482 
2510 0.794395 
2511 0.7948941 
2512 0.7953282 
2513 0.7963328 
2514 0.7971875 
2515 0.7983392 
2516 0.7992161 
2517 0.8003912 
2518 0.8025449 
2519 0.8044433 
2520 0.8087699 
2521 0.8127667 
2522 0.8269053 
2523 0.5013205 
2524 0.5198112 
2525 0.5202749 
2526 0.5212081 
2527 0.5242117 
2528 0.5295221 
2529 0.5348508 
2530 0.537953 
2531 0.5388607 
2532 0.5412504 
2533 0.5427071 
2534 0.5433873 
2535 0.5488526 
2536 0.5516672 
2537 0.5546291 
2538 0.5593423 
2539 0.5627082 
2540 0.5677338 
2541 0.5705305 
2542 0.5734538 
2543 0.576251 
2544 0.5789634 
2545 0.5834248 
2546 0.5863834 
2547 0.5905251 
2548 0.5937959 
2549 0.5974145 
2550 0.6011887 
2551 0.60555 
2552 0.6087346 
2553 0.6129044 
2554 0.616206 
2555 0.6203025 
2556 0.6242636 
2557 0.6283171 
2558 0.6336305 
2559 0.6388277 
2560 0.6455972 
2561 0.654868 
2562 0.6638463 
2563 0.6774331 
2564 0.6910726 
2565 0.7073211 
2566 0.7195046 
2567 0.7452727 
2568 0.7559957 
2569 0.7578492 
2570 0.759651 
2571 0.7632664 
2572 0.7677727 
2573 0.7731578 
2574 0.778193 
2575 0.7932389 
2576 0.7999981 
2577 0.619854 
2578 0.6569469 
2579 0.6740481 
2580 0.6846841 
2581 0.6912697 
2582 0.6913049 
2583 0.7066116 
2584 0.7337366 
2585 0.7747607 
2586 0.7809826 
2587 0.7530284 
2588 0.7548764 
2589 0.7548878 
2590 0.7551762 
2591 0.75545 
2592 0.7555272 
2593 0.7560662 
2594 0.756208 
2595 0.7564665 
2596 0.7565824 
2597 0.7566556 
2598 0.7567702 
2599 0.7568648 
2600 0.7570019 
2601 0.7571107 
2602 0.7571857 
2603 0.7572637 
2604 0.7573281 
2605 0.7578845 
2606 0.7580534 
2607 0.758279 
2608 0.7583813 
2609 0.7585502 
2610 0.7587723 
2611 0.7588616 
2612 0.7589453 
2613 0.758999 
2614 0.7591883 
2615 0.7592897 
2616 0.759354 
2617 0.7595246 
2618 0.7596914 
2619 0.7597829 
2620 0.7598353 
2621 0.7600521 
2622 0.7602251 
2623 0.7603596 
2624 0.760395 
2625 0.7604442 
2626 0.7604654 
2627 0.7604849 
2628 0.760509 
2629 0.7605313 
2630 0.7605547 
2631 0.7605782 
2632 0.7606026 
2633 0.7606367 
2634 0.760657 
2635 0.7606696 
2636 0.7607071 
2637 0.7607249 
2638 0.7607444 
2639 0.76076 
2640 0.7607815 
2641 0.7607973 
2642 0.7608089 
2643 0.7608388 
2644 0.7608631 
2645 0.7608964 
2646 0.7609103 
2647 0.760929 
2648 0.7609454 
2649 0.7609763 
2650 0.7612674 
2651 0.7614179 
2652 0.7614712 
2653 0.7615555 
2654 0.7616846 
2655 0.7618588 
2656 0.7620335 
2657 0.7623166 
2658 0.7624755 
2659 0.7626958 
2660 0.7629128 
2661 0.763031 
2662 0.76325 
2663 0.7634565 
2664 0.7638364 
2665 0.7639814 
2666 0.7642748 
2667 0.7645269 
2668 0.7647806 
2669 0.7651172 
2670 0.765326 
2671 0.7656193 
2672 0.7658192 
2673 0.7659801 
2674 0.7662582 
2675 0.7664342 
2676 0.7666546 
2677 0.7668055 
2678 0.7670138 
2679 0.7671683 
2680 0.7673986 
2681 0.7676734 
2682 0.7680144 
2683 0.7683462 
2684 0.7686027 
2685 0.7688629 
2686 0.7690547 
2687 0.7693157 
2688 0.7696343 
2689 0.7699079 
2690 0.7701825 
2691 0.7704554 
2692 0.7706913 
2693 0.7709155 
2694 0.7710786 
2695 0.7715022 
2696 0.7716822 
2697 0.7718888 
2698 0.7720394 
2699 0.7723127 
2700 0.7725091 
2701 0.7729202 
2702 0.7731577 
2703 0.7734844 
2704 0.7739584 
2705 0.7742573 
2706 0.774593 
2707 0.7748346 
2708 0.7755803 
2709 0.7762939 
2710 0.7764037 
2711 0.7764287 
2712 0.7764677 
2713 0.7764989 
2714 0.7765379 
2715 0.776577 
2716 0.7766152 
2717 0.7766957 
2718 0.776742 
2719 0.7767944 
2720 0.7769012 
2721 0.7770127 
2722 0.7771548 
2723 0.7772548 
2724 0.777401 
2725 0.7775943 
2726 0.7777283 
2727 0.777981 
2728 0.7781032 
2729 0.7783168 
2730 0.778441 
2731 0.7785852 
2732 0.7786599 
2733 0.7787655 
2734 0.7788725 
2735 0.7790645 
2736 0.7792945 
2737 0.7794784 
2738 0.7795991 
2739 0.7796922 
2740 0.7799181 
2741 0.7800174 
2742 0.7801361 
2743 0.7808336 
2744 0.7811357 
2745 0.7819189 
2746 0.7824098 
2747 0.7831707 
2748 0.7837403 
2749 0.784509 
2750 0.785231 
2751 0.7858125 
2752 0.7862 
2753 0.7880624 
2754 0.7934361 
2755 0.7163315 
2756 0.7252628 
2757 0.7254551 
2758 0.7272263 
2759 0.7290941 
2760 0.7309292 
2761 0.7323774 
2762 0.732873 
2763 0.7329991 
2764 0.7332376 
2765 0.7361322 
2766 0.7365138 
2767 0.7369895 
2768 0.737562 
2769 0.7377898 
2770 0.7387514 
2771 0.7391371 
2772 0.7395318 
2773 0.7399225 
2774 0.7404251 
2775 0.7409219 
2776 0.7418866 
2777 0.742416 
2778 0.7429455 
2779 0.7434946 
2780 0.7439306 
2781 0.7445172 
2782 0.7450341 
2783 0.7455933 
2784 0.7460407 
2785 0.7464062 
2786 0.747072 
2787 0.7475484 
2788 0.7481093 
2789 0.7488152 
2790 0.7496571 
2791 0.7502864 
2792 0.7508275 
2793 0.7513803 
2794 0.7520141 
2795 0.7523305 
2796 0.7524815 
2797 0.7526233 
2798 0.7528612 
2799 0.7529585 
2800 0.7530984 
2801 0.7531785 
2802 0.753543 
2803 0.7537712 
2804 0.7541417 
2805 0.7545697 
2806 0.7549579 
2807 0.7552356 
2808 0.7554212 
2809 0.7555961 
2810 0.7557661 
2811 0.7559659 
2812 0.7562753 
2813 0.7565532 
2814 0.7569393 
2815 0.7571827 
2816 0.7574915 
2817 0.7577536 
2818 0.7581309 
2819 0.7588521 
2820 0.759263 
2821 0.7600773 
2822 0.7605 
2823 0.7609003 
2824 0.7614173 
2825 0.7619451 
2826 0.7622856 
2827 0.7627136 
2828 0.7631834 
2829 0.7635525 
2830 0.7643907 
2831 0.7660135 
2832 0.7671822 
2833 0.7679851 
2834 0.7688478 
2835 0.7695044 
2836 0.770519 
2837 0.771988 
2838 0.7728279 
2839 0.773992 
2840 0.7756084 
2841 0.7764499 
2842 0.7981314 
2843 0.5612158 
2844 0.56166 
2845 0.5664356 
2846 0.5706039 
2847 0.5814143 
2848 0.5890908 
2849 0.5994468 
2850 0.6071985 
2851 0.6132359 
2852 0.6193203 
2853 0.6255529 
2854 0.6315742 
2855 0.6371002 
2856 0.6440838 
2857 0.6539119 
2858 0.6680094 
2859 0.6874581 
2860 0.7353428 
2861 0.7667806 
2862 0.7852294 
2863 0.72995 
2864 0.7308787 
2865 0.7309712 
2866 0.731967 
2867 0.7347489 
2868 0.7352455 
2869 0.7352357 
2870 0.7351277 
2871 0.7345669 
2872 0.7341178 
2873 0.733891 
2874 0.7338022 
2875 0.7339038 
2876 0.7343203 
2877 0.7350575 
2878 0.7361247 
2879 0.7379697 
2880 0.7407308 
2881 0.7432745 
2882 0.7453514 
2883 0.7487199 
2884 0.751004 
2885 0.7611554 
2886 0.7716536 
2887 0.7873321 
2888 0.7967832 
2889 0.7293654 
2890 0.7295134 
2891 0.7295186 
2892 0.7305707 
2893 0.7308574 
2894 0.7312921 
2895 0.7344476 
2896 0.7370514 
2897 0.7401908 
2898 0.7420407 
2899 0.7459316 
2900 0.7589173 
2901 0.7783239 
2902 0.7849749 
2903 0.7557572 
2904 0.7560061 
2905 0.756299 
2906 0.7564669 
2907 0.7570546 
2908 0.757288 
2909 0.7575933 
2910 0.7578983 
2911 0.7580795 
2912 0.7582917 
2913 0.7584618 
2914 0.7586436 
2915 0.758812 
2916 0.7589885 
2917 0.7588709 
2918 0.7591474 
2919 0.7596446 
2920 0.7599354 
2921 0.7593367 
2922 0.7590708 
2923 0.7596997 
2924 0.7608784 
2925 0.7626509 
2926 0.7646249 
2927 0.7670709 
2928 0.7698819 
2929 0.7710705 
2930 0.7719541 
2931 0.7755197 
2932 0.7791884 
2933 0.7887959 
2934 0.6187088 
2935 0.622967 
2936 0.6261289 
2937 0.6273135 
2938 0.6284289 
2939 0.6295811 
2940 0.6312686 
2941 0.6321819 
2942 0.633667 
2943 0.6349446 
2944 0.6356838 
2945 0.6364963 
2946 0.6375264 
2947 0.6385295 
2948 0.6390392 
2949 0.6400501 
2950 0.6406198 
2951 0.6411737 
2952 0.6418593 
2953 0.6424016 
2954 0.6429604 
2955 0.6440111 
2956 0.6454554 
2957 0.6466937 
2958 0.6483894 
2959 0.6505935 
2960 0.6532747 
2961 0.6567235 
2962 0.6608473 
2963 0.6648779 
2964 0.669278 
2965 0.6790989 
2966 0.6883336 
2967 0.696284 
2968 0.7048427 
2969 0.7167121 
2970 0.7301127 
2971 0.7839141 
2972 0.7334891 
2973 0.7577512 
2974 0.7825365 
2975 0.7676774 
2976 0.7852696 
2977 0.6639655 
2978 0.66722 
2979 0.6730475 
2980 0.6753372 
2981 0.6757393 
2982 0.675902 
2983 0.6776033 
2984 0.6778802 
2985 0.678914 
2986 0.6804322 
2987 0.6814918 
2988 0.6824502 
2989 0.6835696 
2990 0.6846846 
2991 0.6860014 
2992 0.6869034 
2993 0.6879611 
2994 0.6890844 
2995 0.6900265 
2996 0.6908039 
2997 0.6919769 
2998 0.6929376 
2999 0.69423 
3000 0.6959638 
3001 0.6976496 
3002 0.7002701 
3003 0.7033648 
3004 0.7076252 
3005 0.7143653 
3006 0.7216188 
3007 0.740112 
3008 0.75361 
3009 0.7750145 
3010 0.7791783 
3011 0.7805119 
3012 0.7579154 
3013 0.759712 
3014 0.7700628 
3015 0.7620977 
3016 0.7724734 
3017 0.7427142 
3018 0.7599152 
3019 0.7631229 
3020 0.7394812 
3021 0.7617857 
3022 0.7407173 
3023 0.7689027 
3024 0.7689828 
3025 0.769138 
3026 0.7694774 
3027 0.7699157 
3028 0.7699837 
3029 0.7700555 
3030 0.7701774 
3031 0.7702409 
3032 0.7703107 
3033 0.7700273 
3034 0.769891 
3035 0.7699886 
3036 0.7701135 
3037 0.770243 
3038 0.7702619 
3039 0.7702591 
3040 0.7701576 
3041 0.7702033 
3042 0.7702659 
3043 0.7704935 
3044 0.7675681 
3045 0.7634741 
3046 0.7757697 
3047 0.7769021 
3048 0.6199139 
3049 0.620118 
3050 0.6212772 
3051 0.6236744 
3052 0.62607 
3053 0.6456741 
3054 0.6605523 
3055 0.7006301 
3056 0.7433104 
3057 0.7562975 
3058 0.6552908 
3059 0.6555161 
3060 0.6571239 
3061 0.6589674 
3062 0.6598602 
3063 0.6609492 
3064 0.6619309 
3065 0.6628026 
3066 0.6633763 
3067 0.6639639 
3068 0.664654 
3069 0.6652461 
3070 0.6659928 
3071 0.6670443 
3072 0.668273 
3073 0.6691479 
3074 0.6698714 
3075 0.6706931 
3076 0.671919 
3077 0.6735132 
3078 0.6744008 
3079 0.6757587 
3080 0.6769004 
3081 0.6784666 
3082 0.6810284 
3083 0.6840416 
3084 0.6859639 
3085 0.688904 
3086 0.69427 
3087 0.6974903 
3088 0.7027733 
3089 0.7112401 
3090 0.7190741 
3091 0.7304426 
3092 0.7450806 
3093 0.756406 
3094 0.6960416 
3095 0.7473105 
3096 0.7430708 
3097 0.7539204 
3098 0.7462111 
3099 0.7298084 
3100 0.7533034 
3101 0.7310988 
3102 0.7490904 
3103 0.6693091 
3104 0.6694284 
3105 0.6695209 
3106 0.6695856 
3107 0.6698616 
3108 0.6698686 
3109 0.6701783 
3110 0.6708543 
3111 0.6714364 
3112 0.6722346 
3113 0.6727058 
3114 0.6734052 
3115 0.6739662 
3116 0.6742663 
3117 0.6746032 
3118 0.6748972 
3119 0.675232 
3120 0.6754376 
3121 0.6758282 
3122 0.6763981 
3123 0.6768222 
3124 0.6773577 
3125 0.67783 
3126 0.6783516 
3127 0.6790174 
3128 0.6798153 
3129 0.6804406 
3130 0.6815009 
3131 0.6830598 
3132 0.685856 
3133 0.6879562 
3134 0.6929163 
3135 0.6989902 
3136 0.7056781 
3137 0.7105617 
3138 0.7199236 
3139 0.7274607 
3140 0.7348546 
3141 0.6235875 
3142 0.623752 
3143 0.6243968 
3144 0.6260456 
3145 0.6278783 
3146 0.6318425 
3147 0.6338771 
3148 0.6355651 
3149 0.6442935 
3150 0.6510886 
3151 0.6558931 
3152 0.6624592 
3153 0.6872721 
3154 0.7098318 
3155 0.7024814 
3156 0.7152884 
3157 0.7176338 
3158 0.6824364 
3159 0.6830254 
3160 0.6839527 
3161 0.6839771 
3162 0.6842105 
3163 0.684892 
3164 0.6853908 
3165 0.6858571 
3166 0.6864342 
3167 0.6869295 
3168 0.6873818 
3169 0.6877903 
3170 0.688265 
3171 0.6888052 
3172 0.6893447 
3173 0.6900285 
3174 0.6910591 
3175 0.6922613 
3176 0.6929057 
3177 0.6936428 
3178 0.6952301 
3179 0.69726 
3180 0.7007439 
3181 0.7062616 
3182 0.7122863 
3183 0.717898 
3184 0.7190061 
3185 0.7205271 
3186 0.7285553 
3187 0.7144198 
3188 0.7299691 
3189 0.7236401 
3190 0.7276873 
3191 0.7008874 
3192 0.7138035 
3193 0.7197341 
3194 0.7031487 
3195 0.7114357 
3196 0.6906192 
3197 0.6959016 
3198 0.6980406 
3199 0.7022997 
3200 0.6071193 
3201 0.6072518 
3202 0.6090481 
3203 0.6096933 
3204 0.6097319 
3205 0.6100599 
3206 0.6109679 
3207 0.6119631 
3208 0.6123253 
3209 0.6140368 
3210 0.6147287 
3211 0.6151323 
3212 0.6155381 
3213 0.6162103 
3214 0.616606 
3215 0.6172845 
3216 0.6178531 
3217 0.618283 
3218 0.6186234 
3219 0.619009 
3220 0.619547 
3221 0.6200333 
3222 0.6205428 
3223 0.6210104 
3224 0.6214747 
3225 0.6218033 
3226 0.6221875 
3227 0.6225916 
3228 0.623074 
3229 0.6235121 
3230 0.6238673 
3231 0.624272 
3232 0.624712 
3233 0.6251629 
3234 0.6256299 
3235 0.6260733 
3236 0.6267278 
3237 0.6271977 
3238 0.6278243 
3239 0.6283533 
3240 0.6291184 
3241 0.6298691 
3242 0.6309893 
3243 0.6326971 
3244 0.6340668 
3245 0.6348616 
3246 0.639244 
3247 0.6456503 
3248 0.6530657 
3249 0.6582039 
3250 0.6604312 
3251 0.6645993 
3252 0.668944 
3253 0.6780522 
3254 0.6859477 
3255 0.6871011 
3256 0.6767905 
3257 0.6802059 
3258 0.6916138 
3259 0.686608 
3260 0.6969379 
3261 0.6826188 
3262 0.6908585 
3263 0.69712 
3264 0.6783152 
3265 0.6869103 
3266 0.6897749 
3267 0.6857345 
3268 0.6960857 
3269 0.6771821 
3270 0.6845954 
3271 0.695274 
3272 0.6864283 
3273 0.694159 
3274 0.6877037 
3275 0.6934756 
3276 0.687127 
3277 0.6923692 
3278 0.6840258 
3279 0.6891728 
3280 0.6815216 
3281 0.6925465 
3282 0.6895449 
3283 0.6909766 
3284 0.6905475 
3285 0.6815861 
3286 0.6908368 
3287 0.6917364 
3288 0.6660471 
3289 0.6759486 
3290 0.6760066 
3291 0.6763254 
3292 0.676506 
3293 0.6766763 
3294 0.6769224 
3295 0.6769182 
3296 0.6777935 
3297 0.6783781 
3298 0.6789513 
3299 0.679056 
3300 0.6789385 
3301 0.6789292 
3302 0.6789195 
3303 0.6788768 
3304 0.6792123 
3305 0.6806341 
3306 0.6822128 
3307 0.6871647 
3308 0.6870822 
3309 0.6872902 
3310 0.6865014 
3311 0.6876352 
3312 0.6779728 
3313 0.6838853 
3314 0.6853542 
3315 0.6849318 
3316 0.677115 
3317 0.6788929 
3318 0.6808086 
3319 0.6823679 
3320 0.6830579 
3321 0.6680018 
3322 0.6700099 
3323 0.6719944 
3324 0.6740196 
3325 0.6761601 
3326 0.6779281 
3327 0.6633049 
3328 0.6785787 
3329 0.6762998 
3330 0.6766442 
3331 0.6768923 
3332 0.6775827 
3333 0.6642876 
3334 0.6687832 
3335 0.6700148 
3336 0.6713358 
3337 0.6728973 
3338 0.6672192 
3339 0.6723056 
3340 0.6746953 
3341 0.674366 
3342 0.6734472 
3343 0.6658122 
3344 0.6715847 
3345 0.6738214 
3346 0.6352825 
3347 0.6436859 
3348 0.655715 
3349 0.656111 
3350 0.6617851 
3351 0.6629044 
3352 0.6547081 
3353 0.6647861 
3354 0.649017 
3355 0.6640781 
3356 0.6584016 
