-20.1158838889559 -15.6575037110943 -0.94139622767839
-19.7438135652078 -16.5858205408131 -0.450493822808615
-19.3139054430005 -17.4869024780967 0.0441014290448398
-18.8268330757639 -18.3565878747432 0.542150882679037
-18.2834478078429 -19.1905119264792 1.04339674723946
-17.6848094834795 -19.9841563141211 1.54742801192422
-17.0322212076125 -20.7329091904126 2.05355659458164
-16.3272662628294 -21.432137657002 2.56070811083859
-15.5718435787331 -22.0772719454841 3.06733269377286
-14.768197641036 -22.6638969259603 3.57134125441691
-13.9189398263727 -23.1878438418211 4.07007088250242
-13.0270604718008 -23.645274498925 4.56028000890689
-12.0959336011984 -24.0327518354387 5.03817047129588
-11.1293181516007 -24.3472941773938 5.4994309723932
-10.131360205319 -24.5864142075604 5.93929550228079
-9.10660016943291 -24.7481464039593 6.35261131883641
-8.05998752007854 -24.8310677053813 6.7339135241162
-6.99690419189724 -24.8343155750538 7.07750618044532
-5.92319623710311 -24.757606317332 7.37755230914675
-4.84521189339471 -24.6012555545174 7.62817638947215
-3.76984224536778 -24.3662029552943 7.82358300315529
-2.70455773422766 -24.0540445967557 7.958194311447
-1.65742966953804 -23.6670777593818 8.02680746015318
-0.637121124992714 -23.2083627933397 8.0247709344791
0.347172388367944 -22.6818031508118 7.9481761614944
1.28585292860642 -22.0922367641126 7.79405698554499
2.16913626865936 -21.4455204196718 7.56058505878636
2.9873568564212 -20.7485766382992 7.24724459404408
3.73134403114968 -20.009364646988 6.85496726605423
4.39282809327461 -19.2367383372468 6.38620975164648
4.96481459436469 -18.440167455912 5.84496403073482
5.44185705747411 -17.6293223031406 5.23670332936549
5.82016833175538 -16.8135513355842 4.56828090242116
6.09753966447485 -16.0013077234475 3.84780979235784
6.27307946710908 -15.1995986248077 3.08455534223019
6.34683208132267 -14.4135361406811 2.28886694099644
6.31937924906976 -13.6460607671444 1.47216111358054
6.19154816556248 -12.8978880187532 0.64694546069557
5.96433318119804 -12.1677003732289 -0.173153968666207
5.63907735241725 -11.4525750201486 -0.973421057864078
5.2178731492936 -10.7486076316318 -1.73819764399534
4.70406607159019 -10.051665797763 -2.45119637217666
4.10271348181469 -9.35818457539947 -3.09598554317527
3.42087257871556 -8.66590481325251 -3.65660808273979
2.66765181152206 -7.97445890642602 -4.11826073730384
1.85403297627675 -7.28573231068187 -4.46794806096235
0.992528714146483 -6.60396693948188 -4.69504779023508
0.0967596073328122 -5.93560737638304 -4.79177457386283
-0.818993692404844 -5.28890348676965 -4.75358312160463
-1.74027591992449 -4.67326941723474 -4.57957116925189
-2.65306738300302 -4.09838062331497 -4.27289525252343
-3.54463485598257 -3.57300608623545 -3.84110208572647
-4.40467327851137 -3.10365060202882 -3.29616490407611
-5.22662117725282 -2.69320729768599 -2.65399672607021
-6.00883223200255 -2.33992384196838 -1.93336479433612
-6.7551777713156 -2.03697828839764 -1.15441554365172
-7.47474135295589 -1.77280914157382 -0.337267138439254
-8.18052789122861 -1.53212266797487 0.498861303535902
-8.88740527465627 -1.29734261703467 1.33579112358001
-9.60968567020472 -1.05024577124461 2.15600623161708
-10.3588109579065 -0.773584748923191 2.94223771140115
-11.1415823090646 -0.452530259523948 3.677469514045
-11.9592741494952 -0.0757457224884197 4.34553158608322
-12.8077584617384 0.3640802244338 4.93207539759107
-13.6784715612478 0.870303686638327 5.42550968307351
-14.5598242952906 1.44288247703352 5.81752595222814
-15.4386129428382 2.07917589602563 6.10308566263304
-16.3011259019223 2.77473151218625 6.27999136898624
-17.1338486579113 3.5238913995495 6.34828719458261
-17.9238320369844 4.32016996663621 6.30971168152234
-18.6588573218716 5.15644586100984 6.16732295391398
-19.327521121882 6.02504794430522 5.92530863921625
-19.9193145833565 6.91780867508376 5.58892607436193
-20.4247224114 7.82612960672723 5.16449988922508
-20.8353363365294 8.74107365013844 4.65941934582519
-21.1439676036104 9.65347916564014 4.08210582511017
-21.3447466194487 10.5540844218039 3.44194522686596
-21.4332055951684 11.4336536462217 2.74919327142459
-21.4063451999416 12.2831016772307 2.01486421744855
-21.2626869203792 13.0936182730866 1.25061009145976
-21.0023106886522 13.8567936368559 0.468593244523128
-20.6268753463378 14.5647446476049 -0.318647187304019
-20.1396196143249 15.2102389372257 -1.09833429676695
-19.5453434295072 15.7868132613004 -1.85759632169064
-18.8503722002313 16.2888841824164 -2.58361151091311
-18.0625078259725 16.7118521406354 -3.26375367934048
-17.1909692722735 17.0522031176158 -3.88573839667667
-16.246322596927 17.3076142252829 -4.43777061270948
-15.240397012421 17.4770704774132 -4.90869490901774
-14.186180905188 17.5610002058891 -5.28815060944022
-13.0976892167333 17.5614362293918 -5.56673748511793
-11.9897890290694 17.4822077069856 -5.73620458854742
-10.8779612049462 17.3291605616906 -5.7896827518273
-9.77796279567954 17.1103888433153 -5.72198456731896
-8.70534334769683 16.8364342491603 -5.52998603226427
-7.67476974594314 16.5203811350574 -5.21307554540731
-6.69914217799427 16.1777525770281 -4.7736112713093
-5.78854459164866 15.8261172874302 -4.21728292539526
-4.94915596378136 15.4843611211858 -3.55325547921248
-4.1823221824863 15.1716572241514 -2.79400466162059
-3.48401066004077 14.906258060487 -1.95483993145209
-2.84481479222345 14.704287725926 -1.05321753274903
-2.2505573021203 14.5787019047913 -0.108017854533295
-1.68341427999715 14.5385109018466 0.861048439576078
-1.12340323245454 14.5882741265606 1.83383341080284
-0.550065417522061 14.7278282630891 2.78999887003782
0.0558096122933586 14.9522302567052 3.70926585172275
0.710568111705958 15.2519526046558 4.57182467373348
1.42635918536793 15.6134026531004 5.35898135592516
2.21026656200235 16.0198034733539 6.05398111034275
3.06403119439155 16.4523759244809 6.64283303302825
3.98436904938355 16.8916541625681 7.11492648689553
4.96375110242966 17.318714974104 7.46329558024827
5.99142479794294 17.716134311157 7.68451253653295
7.05445193652853 18.0685807466574 7.77830595975881
8.13860377695087 18.3630642173591 7.74705603849379
9.22904765894952 18.5889337323134 7.59530637243651
10.3108385974271 18.7377410770085 7.32937564904179
11.3692715028697 18.8030673810586 6.95708708822623
12.3901544453799 18.7803681167838 6.48758626634109
13.3600442295223 18.6668518128773 5.93119926955842
14.2664597192773 18.461382057219 5.29928947960865
15.0980691377711 18.1643843606348 4.60409121418042
15.8448407863636 17.777744495854 3.85851944842209
16.4981508662372 17.3046950482671 3.07596825835915
17.050851513075 16.7496950824413 2.27011359870924
17.4973102882208 16.1183104667703 1.45473081961157
17.8334350677096 15.4170997354891 0.643528863985105
18.0566949075151 14.6535050770981 -0.150003810561985
18.1661402558564 13.8357432898082 -0.912749017861209
18.1624182124183 12.9726895090987 -1.6321094059829
18.0477733305846 12.0737478577641 -2.29615908186047
17.8260233631609 11.148707400039 -2.8937867109674
17.5025027156718 10.2075878397975 -3.41481816970779
17.0839736037872 9.26048590892188 -3.85010480278831
16.5785145345861 8.3174383226318 -4.19156944241912
15.9954048667806 7.38831738209545 -4.43221765996555
15.3450279323764 6.48276668589232 -4.56614567935673
14.638806828216 5.61016353511289 -4.58860317851714
13.8891603610052 4.77956186222096 -4.49618597522645
13.1094211076301 3.99953300614848 -4.28722173720776
12.3136048038617 3.27779992784171 -3.962354225762
11.5158892554163 2.62057999681794 -3.52522699741132
10.729693091613 2.03163424578614 -2.9830484454343
9.9663704187745 1.51116144455343 -2.3467584096728
9.23373774220364 1.05482032517077 -1.63059429224054
8.53483237385828 0.653222849555348 -0.851094193348838
7.8673388120108 0.292148365319393 -0.0258748647661973
7.22394965975995 -0.0464865439169123 0.827315087894365
6.59363574141211 -0.383072148043206 1.69089149579202
5.96355641016971 -0.738408227452774 2.54707444582245
5.32123396800828 -1.13168013205806 3.37725857876514
4.6565976826258 -1.57851871066231 4.16168138974075
3.9635203798105 -2.08942836079043 4.87981549739826
3.24056387166078 -2.66891229440699 5.51151988335756
2.49086326500231 -3.31550671803348 6.03857727754531
1.72134589649998 -4.02266876158175 6.44607276580892
0.941652140294017 -4.78020548791705 6.72321401251128
0.163114153016111 -5.57583601083038 6.86351521554789
-0.602008312363205 -6.39656943548233 6.8645405911237
-1.34102616023698 -7.22976388612599 6.72749399532371
-2.04116985320199 -8.06388909229929 6.45686045510702
-2.68993038297263 -8.88908309075183 6.06015119434106
-3.27547773414956 -9.69757598512944 5.54767644450409
-3.7871508055074 -10.4839930287936 4.93222399609656
-4.21593195139452 -11.2454933393806 4.22855801138323
-4.55478230054802 -11.9816802917709 3.45273798233036
-4.79873399420631 -12.6942421008612 2.62134419695987
-4.94470355290236 -13.3863337862252 1.75074385839992
-4.99108016372524 -14.0617728040569 0.856524130792438
-4.93721963606856 -14.7241688030238 -0.0468358807434107
-4.78300843335709 -15.3761280134714 -0.946056122698951
-4.52863570182287 -16.0186582813295 -1.82897508146326
-4.17463207305907 -16.6508560599961 -2.68439561836942
-3.72213645432944 -17.2698965778959 -3.50195052135604
-3.17327933963335 -17.8712916845613 -4.27204948813458
-2.53154817918976 -18.4493398216533 -4.9859276842954
-1.80202319890688 -18.9976730456569 -5.63577939320198
-0.99142109918847 -19.5098051237441 -6.21493630121382
-0.107939442787418 -19.979599382634 -6.71804091273649
0.839058382249973 -20.4016018667777 -7.14117089499009
1.83944874999043 -20.7712191508573 -7.48188655183961
2.88276841709352 -21.0847531378349 -7.73919491423123
3.9585877958883 -21.3393294631203 -7.91344276911846
5.0567991699524 -21.5327669200254 -8.00616199273944
6.16780833104211 -21.663432714939 -8.01989249689942
7.28263822858843 -21.7301165654558 -7.95800326945463
8.39296416386932 -21.7319415291977 -7.82452432322234
9.49110275944238 -21.6683159851962 -7.62399527649786
10.5699744307113 -21.538922108533 -7.36133154710504
11.6230545732937 -21.3437318602697 -7.04170687667604
12.6443243103477 -21.0830407656843 -6.6704502629033
13.6282282459734 -20.7575108352024 -6.25295534769039
14.5696441015312 -20.3682154266902 -5.79460027013384
15.4638668609292 -19.9166798700117 -5.30067589515621
16.3066077526807 -19.4049121889456 -4.77632050661733
17.094006064903 -18.8354186351296 -4.22645986706871
17.8226497669737 -18.2111994974334 -3.65575305318969
18.4895996431126 -17.5357221135643 -3.06854630820605
19.0924114226074 -16.8128702028858 -2.46883864357216
19.629151196514 -16.0468712183195 -1.86026341931493
20.0984008824154 -15.2422058076149 -1.24608933792862
20.49925206991 -14.4035051101693 -0.62924244888391
20.8312877105335 -13.5354421812768 -0.0123485987243235
21.0945515522164 -12.6426234262626 0.602205868629035
21.2895051479831 -11.7294850114106 1.21219790790393
21.4169722745 -10.800198422131 1.81547837419229
21.478071379468 -9.85858914814458 2.40987106044624
21.4741386470911 -8.90807301421332 2.99306193022715
21.4066471990545 -7.95161565088113 3.5624820144914
21.2771308902136 -6.99172142292749 4.11519068368151
21.0871227498086 -6.03045812267572 4.64776971445618
20.8381171838741 -5.06952232659337 5.15624093841665
20.5315613073298 -4.1103472420666 5.63601943801773
20.1688753369663 -3.15425033226027 6.08190920159873
19.7514974185797 -2.20261272665835 6.48813936766695
19.2809479267187 -1.25707746949829 6.8484291333374
18.7589148049853 -0.319749856527608 7.15606238701981
18.1873748082751 0.606619751065176 7.403954462892
17.5687808686067 1.51849391214014 7.58470749973354
16.9063534481646 2.41147736976185 7.69067827242846
16.2045009030833 3.28036049828881 7.71411662998357
15.4693502666352 4.11933483113305 7.6474588363982
14.7092960151516 4.92244603117031 7.48385704762322
13.9353902776706 5.68433216968379 7.21797533951023
13.1613454833366 6.40123517229126 6.84698305752398
12.402950699335 7.07216858048282 6.37155861321718
11.6768439110209 7.70000487455354 5.79664320656472
10.9988012068242 8.29217169236164 5.13171731689388
10.3818984816622 8.86068049191199 4.39052476853263
9.83495498571049 9.42136644529346 3.59036714311383
9.36154167632086 9.99243124312819 2.75121368021879
8.95961748150355 10.5925460137499 1.89484213085397
8.62169228041411 11.2388216282029 1.04408060563507
8.33539102890143 11.9449067340509 0.2220746046142
8.08436577333049 12.7194058233714 -0.54854754788331
7.84955801849287 13.564778622035 -1.24667825926897
7.61077548413059 14.4768781415305 -1.85384819929655
7.34843031376144 15.4452441720621 -2.35528485014909
7.04517653628279 16.454143371159 -2.74068632423115
6.6871670794988 17.4841653162914 -3.00452939075563
6.26474501108626 18.5140391061838 -3.14585684080433
5.77254131665436 19.52230792827 -3.16763745341502
5.20909764762906 20.4885976856574 -3.07589466817598
4.57621290688382 21.3943815397044 -2.87882152006161
3.87821460259856 22.2232973179191 -2.58604742385897
3.12130144214658 22.961166656706 -2.20813396987701
2.31302830656464 23.5958820613641 -1.75629250852232
1.46193891320642 24.1172906630915 -1.2422617385085
0.577311027024661 24.5171428180109 -0.678265152718025
-0.331034175970701 24.789116777318 -0.0769783429633416
-1.25290003396551 24.9288926808066 0.548538502285172
-2.17788392127001 24.9342338290771 1.18495936930604
-3.09555448341383 24.805036677097 1.81885592104609
-3.99562971117468 24.5433260692589 2.43688483242338
-4.86814417804789 24.1531916902372 3.02597240433275
-5.70359738229252 23.6406800293594 3.57347147649233
-6.4930855015789 23.0136697641702 4.06727310461892
-7.22843314359531 22.2817648401702 4.49586830220461
-7.90235611026397 21.4562360788111 4.84837330337116
-8.50869597527063 20.550025914519 5.11455400327634
-9.04276644425901 19.5777998324228 5.28490695135241
-9.50183375113787 18.5559843467416 5.35086665840046
-9.88571471450344 17.5026848195196 5.30520032713513
-10.1974189737171 16.4373462913218 5.14261184508098
-10.4436994140473 15.3800314470482 4.86050717779821
-10.6353312653193 14.3502609210793 4.45979003461281
-10.7869450422727 13.3654898117491 3.94549380760228
-10.9163106568579 12.4394439419762 3.32705269806696
-11.0431008560241 11.5806443038815 2.6180928891656
-11.1873058949578 10.7914456623354 1.83576352732745
-11.3675609954399 10.0677942772303 0.999765083431443
-11.5996370509911 9.39973241340008 0.131298909348155
-11.8952479107634 8.772537525174 -0.747875678752025
-12.2612181874761 8.168328333339 -1.61620570245374
-12.6990114236338 7.56796486147983 -2.4529871843727
-13.2046559067244 6.95304985490335 -3.23901316548206
-13.7691608149783 6.3077833128311 -3.9573199922696
-14.3794942525079 5.62037878237068 -4.59399763348937
-15.0200587210318 4.88379404006902 -5.13888975718334
-15.6744147773991 4.09568375781593 -5.58595976306096
-16.3268928425278 3.25768718916781 -5.9331837645116
-16.963772841089 2.37431916422321 -6.18199756848987
-17.5738754012927 1.4517730324799 -6.33646957588722
-18.1486018038027 0.496877198071399 -6.40242326563125
-18.6815939872629 -0.483670304879099 -6.38668854187787
-19.1682257352731 -1.4837721622736 -6.29656726193135
-19.6050990513795 -2.49815562418109 -6.13950833260488
-19.989646654796 -3.52242076831944 -5.92293350260177
-20.319869883521 -4.55297837021527 -5.65414109285426
-20.5941921928954 -5.58692570069674 -5.34022921858251
-20.8113868011233 -6.62189176662466 -4.98800605274715
-20.9705374177903 -7.65587142739674 -4.60387955382707
-21.0710038720509 -8.6870609022805 -4.19373625050546
-21.1123806532771 -9.71370401493404 -3.76282676233694
-21.0944494047502 -10.7339571964942 -3.31567632876045
-21.0171332318056 -11.7457800742376 -2.85603432484246
-20.8804613441963 -12.7468563217668 -2.38687004772919
-20.6845491250205 -13.7345461435427 -1.91041494304773
-20.4295940048957 -14.7058679644232 -1.42824539115985
