-25.8485763386678 -11.3421420973383 -2.42850749307668
-25.745510708672 -12.3160331748 -1.88496755568241
-25.5997668532377 -13.2815043529478 -1.33617343993068
-25.411160939517 -14.2368903844756 -0.782775015600797
-25.1794421667467 -15.1804515366498 -0.225440639865128
-24.9042998072432 -16.1103653206236 0.335115270317578
-24.5853719558221 -17.0247184532679 0.898104542126762
-24.2222576627329 -17.921499289721 1.46263784127359
-23.8145341351898 -18.7985913315437 2.02769828335438
-23.3617803917044 -19.6537687420306 2.59211707226497
-22.8636081681805 -20.4846950311673 3.15455238247734
-22.3197000685916 -21.288926157584 3.71347279129224
-21.7298540225996 -22.0639191947629 4.26714650918939
-21.0940321801461 -22.8070474033802 4.81363743489812
-20.4124115759876 -23.5156220468818 5.35080867843536
-19.6854333710319 -24.1869206223379 5.87633367430297
-18.9138473355714 -24.8182204290951 6.38771439875512
-18.0987485498467 -25.4068356726228 6.88230558615246
-17.2416040605862 -25.9501557291317 7.35734330603474
-16.3442683692678 -26.4456819045344 7.80997591578713
-15.4089879820932 -26.8910601053678 8.23729532880928
-14.4383966086681 -27.2841073390427 8.63636678129519
-13.4355037206453 -27.6228308426193 9.00425583166624
-12.4036798619277 -27.9054397953864 9.33805211148053
-11.3466421948143 -28.1303508351614 9.63489023646085
-10.268443225587 -28.2961897772786 9.89196912043962
-9.17346453931309 -28.4017928407336 10.10657155317
-8.0664158429775 -28.4462111666086 10.276086178487
-6.95233789108337 -28.4287223751351 10.3980338756624
-5.83660620155513 -28.3488523188733 10.4701000109081
-4.724931109438 -28.2064090805322 10.4901731667684
-3.62334886330853 -28.0015297169972 10.4563899105313
-2.53819829956249 -27.7347383914769 10.3671840975828
-1.47607821759762 -27.407012526017 10.221338295196
-0.44378193004471 -27.0198516437106 10.0180343074478
0.551792503689611 -26.5753418796294 9.75689958849644
1.50375530693144 -26.07620796315 9.43804659347413
2.40535743045135 -25.5258440405288 9.06210280587982
3.25013585803971 -24.9283151876807 8.63023019385325
4.03206296726613 -24.2883229265336 8.14413401174198
4.74568966960408 -23.6111304318402 7.60606195943215
5.3862715650804 -22.902446188863 7.01879552708861
5.94986785380512 -22.1682683361959 6.38563575640942
6.43340409620003 -21.4146954925936 5.7103856736352
6.8346919027798 -20.6477132736583 4.99733152961866
7.15240121347143 -19.8729687817019 4.25122509464525
7.38598428285222 -19.0955479441548 3.47726991486322
7.5355554367749 -18.3197724389169 2.68111558350668
7.60173766448609 -17.5490336839183 1.8688650144255
7.58549585000454 -16.7856804996439 1.04709914436438
7.48798488805825 -16.0309742149909 0.222920178782921
7.31044526661616 -15.2851201855591 -0.595991761214445
7.05417501447282 -14.5473784106707 -1.40132136802028
6.72059407915882 -13.8162489811597 -2.1840792525618
6.31139864031711 -13.0897212983524 -2.93460295816139
5.82878494566747 -12.365569971776 -3.64261795448528
5.27571024554848 -11.6416752960745 -4.29737462666669
4.65615359451733 -10.9163422594528 -4.88787207165792
3.97533958391828 -10.1885891851551 -5.40317332411086
3.23989068261512 -9.45837567699197 -5.83280841772259
2.45787753641988 -8.72674029082452 -6.16725034519387
1.63874204253785 -7.99582238150493 -6.39843456757494
0.793077108786168 -7.26875093149 -6.52027712495628
-0.0677387090292997 -6.54939630659726 -6.5291332888905
-0.932033995100021 -5.84199809247997 -6.42413280188546
-1.7884245480483 -5.15070120559571 -6.20733347286829
-2.62641979013776 -4.47904969314624 -5.88365451970045
-3.43698121459598 -3.82949872029428 -5.46058309073235
-4.21295791427299 -3.20300653241951 -4.94768595320602
-4.94933869680787 -2.59875817117681 -4.35599407385771
-5.6432880334604 -2.01405306945728 -3.69735068668093
-6.29396798550001 -1.44436407386137 -2.98381627395297
-6.90218166267661 -0.883552329760621 -2.2272053520074
-7.4698975525308 -0.324206496462626 -1.43879539978094
-7.99972360845088 0.241931485017401 -0.629207793650464
-8.49439575981335 0.823490064960176 0.191574787343342
-8.95633212570521 1.42897228335533 1.01411224867779
-9.38728754566331 2.06626863045559 1.82939577265591
-9.78812722324651 2.74220776979144 2.62877524624902
-10.1587245831551 3.46217721370765 3.40395861734207
-10.4979763711174 4.22984599553376 4.14709040733067
-10.8039172341047 5.04701436491752 4.8508920600271
-11.0739073568541 5.91360091638101 5.50882970740325
-11.304861810193 6.82775860489962 6.11526904014582
-11.4934902605966 7.78609324961852 6.6655825545172
-11.6365204437669 8.78394639403858 7.15618834963865
-11.7308868058765 9.81570133225492 7.5845167117738
-11.7738747750599 10.8750762166555 7.94891582485162
-11.7632192393492 11.9553786486486 8.24851766767049
-11.6971617375608 13.0497084454194 8.48308842227457
-11.5744742628723 14.1511063557698 8.65288543740226
-11.394458732401 15.2526546102517 8.75853695980922
-11.1569306894694 16.3475398484294 8.80095362145266
-10.8621943072714 17.4290905482051 8.78127377326201
-10.5110137842695 18.4908003550321 8.70083925736539
-10.1045841786491 19.5263464893344 8.56119458358789
-9.644502942792 20.5296094180587 8.36410076602502
-9.13274212276615 21.4946968119632 8.11155505698343
-8.57162051095213 22.4159719734497 7.80580911208832
-7.96377498232408 23.2880848057328 7.44938027538671
-7.31213067435144 24.1060022598761 7.04505320149066
-6.61987035233382 24.8650351164558 6.59587146906201
-5.89040395957371 25.5608588036735 6.10512079792632
-5.12733973991992 26.1895274112639 5.57630670002896
-4.33445828894949 26.7474817026969 5.01312977384231
-3.51569042051219 27.2315533144237 4.41946146249514
-2.67509893899578 27.6389681047396 3.79932214902311
-1.8168634918962 27.9673515874506 3.15686225623078
-0.945266888557538 28.2147385730283 2.49634587075936
-0.0646808302164746 28.3795877530945 1.82213558836243
0.820450958362458 28.4608003542257 1.13867694344949
1.70563365755779 28.4577405605517 0.450480970096263
2.5863468672737 28.3702545239702 -0.237895960433633
3.45807412913949 28.1986846738739 -0.921875076096153
4.31633488553802 27.9438767373069 -1.59688020631756
5.15671668242328 27.6071782089162 -2.25836365698443
5.9749053452394 27.1904286246648 -2.90183168957882
6.76671135980091 26.6959434735653 -3.52286867211805
7.52809165823079 26.1264945436515 -4.11715958232834
8.25516720855218 25.4852897002761 -4.68051119871473
8.94423794164499 24.7759545043514 -5.20887275140092
9.5917973464401 24.0025168821945 -5.69835681729891
10.1945493380318 23.1693946123557 -6.1452607595314
10.7494297023876 22.281384123678 -6.54608812786709
11.2536336368642 21.3436483776023 -6.897568422917
11.7046498429102 20.3617016470707 -7.19667286543151
12.1003005447287 19.3413897756591 -7.44062370754125
12.4387859403844 18.2888657232855 -7.62689548282964
12.7187310791171 17.2105614057675 -7.75320851575612
12.9392329983771 16.1131574677064 -7.81751781289446
13.0999059998894 15.003552217889 -7.81800365221334
13.2009229460309 13.8888292393805 -7.75307303318467
13.2430501346035 12.7762202074773 -7.62138276385287
13.2276724340777 11.6730556218709 -7.42189445719275
13.1568038472765 10.5866923008964 -7.15396839515103
13.0330766693255 9.5244038100392 -6.81749682995494
12.8597003933791 8.49322001581414 -6.41306827516863
12.6403803523717 7.49970617373801 -5.94214411973744
12.3791869242898 6.54968128664378 -5.40721997586613
12.0803701199336 5.64788944850705 -4.81193979830767
11.7481221000388 4.79765406848027 -4.16113407971328
11.3863010332074 4.00055886857582 -3.4607658503858
10.9981416035574 3.2562062007325 -2.71778835150098
10.5859871585516 2.56209867285715 -1.93994121658083
10.1510826887743 1.91367391213595 -1.13553051780571
9.69346475876821 1.30449856755646 -0.313245034927389
9.21197484041064 0.726603702991516 0.51794731080268
8.70440907916353 0.170927072365442 1.34880162649016
8.16780359028933 -0.372177668546106 2.16970680732489
7.59884141166451 -0.912400856321545 2.97054631433865
6.99435422499498 -1.45893523520593 3.74057379742531
6.35187724055766 -2.01996000301581 4.46837709015406
5.67020009642576 -2.60218217234287 5.14199401378672
4.94984522352309 -3.21047448095252 5.74921442801358
4.19340488395639 -3.84765181715674 6.27806056630949
3.40568353936868 -4.51441961893994 6.71739300628992
2.59362187609257 -5.20950702832147 7.05755608435443
1.76601521841361 -5.9299697836546 7.29096452534788
0.933071987032064 -6.67162118518359 7.41254541422281
0.105878717927799 -7.42953161470256 7.4199809648958
-0.704156901180925 -8.19853212692774 7.31373697087691
-1.48582290624033 -8.97366516470254 7.09689777302712
-2.22853603849373 -9.75054155946168 6.77485292447881
-2.92266757616408 -10.5255822644529 6.35489071090888
-3.55975633839937 -11.296140922334 5.84575133115077
-4.13261518632193 -12.0605164479377 5.25718257014318
-4.63534381109845 -12.8178724994565 4.59952824152516
-5.0632633249144 -13.5680838533419 3.88336827359595
-5.41278955953068 -14.31152998241 3.11922085990243
-5.68126399659005 -15.0488553546462 2.31731161970532
-5.86676463338399 -15.7807154360582 1.48741104135403
-5.96792280881588 -16.5075275520511 0.638738005310298
-5.98377341495203 -17.2292461004146 -0.220077269217138
-5.9136619143896 -17.9451808339682 -1.08098287503017
-5.75722089402285 -18.6538737540138 -1.93646422687262
-5.51441380269023 -19.3530442115677 -2.77949112356121
-5.18562923875734 -20.0396040993959 -3.60346941567515
-4.77180065089732 -20.709737398233 -4.40220834536654
-4.27452537184959 -21.3590324903812 -5.16990804379634
-3.69616175669944 -21.9826523043751 -5.90116625946465
-3.0398905283667 -22.5755262895123 -6.59100022024257
-2.30973354222884 -23.1325487679523 -7.23487838764724
-1.51052884680105 -23.6487697382401 -7.82875690617752
-0.647865067368707 -24.1195663236719 -8.36911601690126
0.272018852668592 -24.5407856119382 -8.85299221322002
1.24236034183297 -24.9088525469165 -9.27800243762788
2.25601668365985 -25.2208397008148 -9.64235728107823
3.30561505328165 -25.4744989740243 -9.94486106555644
4.38369918733124 -25.6682582638655 -10.1848978742637
5.48286400523777 -25.8011886209186 -10.3624039383622
6.59587151673801 -25.8729491382716 -10.4778281191827
7.71574388734031 -25.8837176655188 -10.5320833477515
8.83583226767261 -25.8341153961196 -10.5264926347245
9.94986259370113 -25.7251325390776 -10.462733534712
11.0519617387813 -25.5580608235225 -10.342784701459
12.1366689161387 -25.3344367102597 -10.1688774416701
13.1989379443768 -25.0559971281799 -9.94345407510421
14.2341358456474 -24.7246475468393 -9.66913360787067
15.2380422957449 -24.3424404577603 -9.34868393563305
16.2068528432591 -23.9115610560641 -8.98499873334058
17.1371868151134 -23.4343162326868 -8.58107654770478
18.0260987559533 -22.9131229757841 -8.13999950763332
18.8710904654877 -22.3504929158342 -7.66490952502278
19.6701195251171 -21.7490109089087 -7.15898077923504
20.4215998679649 -21.1113070232536 -6.62538846923436
21.1243905160496 -20.44002280732 -6.06727502444094
21.7777699785338 -19.7377740024607 -5.48771593455507
22.3813957099371 -19.0071127059473 -4.88968789506214
22.9352500996925 -18.2504922752241 -4.27604197792489
23.439576318344 -17.4702379955451 -3.6494840545206
23.8948086589914 -16.6685258176889 -3.01256385118735
24.3015025879847 -15.8473704840616 -2.36767299953702
24.6602695091831 -15.0086232931959 -1.71705145836027
24.9717203442776 -14.1539787757781 -1.06280090348419
25.2364206356821 -13.2849887949429 -0.406903217775032
25.454858245116 -12.4030821116552 0.248757893576326
25.627423120823 -11.5095872971232 0.90237391280411
25.7543972861163 -10.6057570151437 1.55218841791875
25.8359523555268 -9.69279209452649 2.19647455174468
25.872151631457 -8.77186439477957 2.83351310586362
25.8629542025094 -7.84413814169206 3.46157080949761
25.8082193839208 -6.91079005855244 4.07887821292421
25.7077111426791 -5.97302912145017 4.68360669523841
25.5611035853975 -5.0321170129331 5.2738446202308
25.3679898567438 -4.08939026036369 5.84757344809593
25.1278975973655 -3.1462846008607 6.40264554347711
24.8403141913104 -2.20436135982717 6.93676629734974
24.5047242506347 -1.26533468613859 7.44748376102778
24.1206601547292 -0.331097546274879 7.93218903850826
23.6877641926843 0.596256314974561 8.38813001497648
23.2058583564984 1.5144174361469 8.81243954080383
22.6750156693477 2.42085521680724 9.20217703427281
22.0956257398263 3.31282326831322 9.55437991214617
21.4684475562275 4.18737498903276 9.86611881214834
20.7946446494874 5.04138686791585 10.1345488851561
20.0758014999702 5.87158555841429 10.3569491609021
19.3139247741367 6.67457446323948 10.5307435965936
18.5114375429981 7.44685693003763 10.6535009982901
17.6711777164077 8.18485628690271 10.7229161687028
16.7964122637847 8.88493742676752 10.7367805065994
15.8908755162279 9.54343953870791 10.6929556235749
14.9588327517401 10.1567335485361 10.5893669553298
14.0051600046981 10.7213193690861 10.4240345143212
13.0354192488199 11.2339757808772 10.1951539100618
12.0558974319708 11.6919687272943 9.90123229670678
11.0735717515787 12.0933119623561 9.54127180311639
10.0959656585081 12.4370586495306 9.11497942432565
9.13087288423055 12.7235866742886 8.62297078354847
8.18595015154928 12.9548285430331 8.06692971097629
7.26820912986373 13.1343935745504 7.44968952558241
6.38346689874794 13.2675388874158 6.77521597516292
5.53583239457918 13.3609662707759 6.0484929582986
4.72730685233592 13.4224500683578 5.27533402761549
3.95755758544357 13.4603294245025 4.46215780508764
3.22389205581668 13.4829192140936 3.61576866350006
2.52142369126038 13.4979031451632 2.74317505792157
1.84339359913913 13.5117697259714 1.85146148251022
1.18160031403863 13.5293406011553 0.947713387713978
0.526893155708417 13.5534262225254 0.0389832960789922
-0.130302496468583 13.5846300263049 -0.867717614833055
-0.79944667712267 13.6213110899834 -1.76541757717573
-1.4893459541798 13.6597063080126 -2.64718586991099
-2.2076316562199 13.694204818407 -3.50615240457083
-2.96028515879609 13.7177578395623 -4.33556050729109
-3.75125374718012 13.7223951387674 -5.1288658187322
-4.58220666840909 13.6998057354151 -5.87988566347379
-5.45247306938406 13.6419281110999 -6.58298878856559
-6.35918033430026 13.5414887501216 -7.23329951395276
-7.29757807956272 13.3924315328412 -7.82687965440024
-8.26149961104551 13.1901958920058 -8.36085125872974
-9.24388952928737 12.9318261409256 -8.83343428717624
-10.2373202376147 12.61592190839 -9.24389215483236
-11.2344320011595 12.2424629829335 -9.59239815408623
-12.2282556938199 11.8125556548238 -9.8798508613778
-13.2124061250908 11.3281499850988 -10.1076730636882
-14.1811589193284 10.7917700383703 -10.2776262580875
-15.1294402921541 10.2062858852147 -10.391663809482
-16.052765342957 9.57474139600388 -10.4518339778096
-16.9471581567335 8.90023886333391 -10.4602325660697
-17.8090790626185 8.18587220184733 -10.4189961461932
-18.6353740176028 7.43469543854297 -10.3303217054293
-19.4232508938247 6.6497120391999 -10.1964971292473
-20.1702792188108 5.83387240144162 -10.019928555605
-20.8744045861019 4.9900704436416 -9.80315432703859
-21.5339667456118 4.12113448691177 -9.54883996229481
-22.1477109665549 3.22981157976729 -9.25975327094202
-22.7147849103388 2.31874735431999 -8.93872264525864
-23.23471701199 1.3904650938303 -8.58858417737286
-23.7073762895824 0.447347958595246 -8.21212438969193
-24.1329167967052 -0.50837243776557 -7.81202516000326
-24.5117121126932 -1.47461924209338 -7.39081621346181
-24.8442861679116 -2.44946497018181 -6.95083878558415
-25.1312464465009 -3.43111836826005 -6.4942221627642
-25.373224497348 -4.41790523818516 -6.02287311469536
-25.5708270862682 -5.4082453420876 -5.5384769514802
-25.7245995890662 -6.4006275165274 -5.04250814589921
-25.8350016328616 -7.39358485780872 -4.5362481383975
-25.90239372528 -8.3856714055028 -4.02080800589928
-25.9270327633008 -9.37544125021872 -3.49715401207096
-25.9090739099019 -10.3614304988085 -2.96613454644635
