3.2624748068574441 0.017545498732163531 -0.0065351984249602179
3.2746041154896437 0.29422854279485 0.12300238347039547
3.255817259859632 0.57278797888948396 0.25290513564517436
3.2053585073842292 0.84723301626792102 0.38314047218526764
3.1238373450454677 1.113627357663163 0.51436190285740924
3.0084323898876493 1.3663894394383953 0.64725468606268843
2.8579542163743721 1.5994756356465376 0.78121846688400665
2.6713134334887716 1.8043294048264162 0.91637199786919643
2.4483282355967377 1.9723903300025456 1.0476383049887028
2.1922687196311683 2.0965807778675045 1.1681051219484542
1.9084001226708083 2.1681498849689165 1.268496567049634
1.6077366643541826 2.1858302272376791 1.3416408986646495
1.3015704294909947 2.1491290562863465 1.3773004253456902
1.0025214548506449 2.066052135985585 1.368152262767897
0.72115651683274518 1.9470750293254206 1.3116700070112262
0.4650909432215391 1.8059973231348072 1.2073106585129552
0.23480222236869266 1.6577258273320254 1.0619309437436535
0.028197527801650052 1.5134308269206147 0.88206934209376864
-0.16323424011193044 1.379068422868305 0.68016826594056967
-0.3483011825701689 1.2545623904315726 0.46726215968553719
-0.5354532661312007 1.1339037314329843 0.25458363164892567
-0.72468224177098284 1.0106644100929547 0.045010261609723004
-0.90738191890184194 0.8838577396154389 -0.16884737209270864
-1.0829900077052292 0.76131857350978094 -0.391023989139336
-1.2652855273901087 0.6453183441182847 -0.6104840200118602
-1.4617762136840633 0.53000783711983901 -0.81635920845817223
-1.6741845986355102 0.40697304550122737 -0.99854044635495087
-1.9001339707025993 0.26559267740393278 -1.1446093807309912
-2.1293752637044019 0.098206810714115467 -1.2478865330313293
-2.3483658106529441 -0.10044366357015266 -1.3002778766426977
-2.5401145148514033 -0.32997830102731551 -1.3049806116953575
-2.6917655040651134 -0.58517527758337573 -1.267687069958213
-2.7956697430188227 -0.85719930908802633 -1.1963506994524473
-2.8502101557642634 -1.1369231029778599 -1.1002691308592556
-2.8541620004746591 -1.4164245866467957 -0.9866812910718914
-2.812934956320305 -1.6893939690869619 -0.86251844629081642
-2.7276816801972448 -1.9499294907733604 -0.73206661550676022
-2.6049311529773522 -2.1950766613695074 -0.59949005026983582
-2.4477642056066182 -2.4206526455868587 -0.46643859497829748
-2.2619129924979147 -2.6250198797653539 -0.33436025368709782
-2.0513322305649426 -2.8064708946729082 -0.20414762532996239
-1.8199967970635569 -2.9635816107803392 -0.07556388059525268
-1.572400818196583 -3.095816854774335 0.052721579410180838
-1.3113215253240291 -3.2005771275425774 0.18165118018088577
-1.0397626816638783 -3.2751553206298563 0.31250377628637604
-0.76124593400700513 -3.3144996093902037 0.44606581132733936
-0.47946101486399528 -3.3172944455773528 0.58100274087678716
-0.19915317506381974 -3.2772138943845746 0.71569860505822924
0.074339104382646987 -3.1934082080669581 0.8467498597291695
0.33444470890162992 -3.0622904705742195 0.96916781157314491
0.57372457990805481 -2.8845196850632036 1.0771986216149674
0.78412902836086762 -2.6622863681042741 1.1633843466759761
0.95910844433710063 -2.4019744697488008 1.2161782681301552
1.0962932101324978 -2.1152830027201515 1.2282802081242234
1.1945416836791045 -1.8164991297392949 1.1892794281040484
1.2631444866989641 -1.5222899098828755 1.1012377477875077
1.3168183056615859 -1.2456622501432728 0.9678887925759796
1.3725442106065782 -0.98831629466277005 0.80683961712037722
1.4442056644280814 -0.74401569268989598 0.63581830570195297
1.5349026572825959 -0.50304696612064936 0.47060310927603627
1.6304289851023033 -0.2532305522218159 0.32183943089245681
1.6977217080109277 0.011156874386298712 0.18078792259620294
1.7149790527144859 0.27963246563783883 0.031223645183038013
1.6886414411008275 0.54397195494108841 -0.12307868614022727
1.627048315448546 0.80190700991668518 -0.27666951152147079
1.5371831253477659 1.0531497465819633 -0.42588363355079362
1.4246403254855602 1.2983562042043775 -0.5679251858172879
1.2942272327175914 1.5402388602597759 -0.69758035335399482
1.148530969164409 1.7814604807974628 -0.80757187803433872
0.984973863081685 2.0214230191683384 -0.8877856416840173
0.80142091346937916 2.2545655336047434 -0.93376964395400186
0.59425177015558761 2.4708456516587907 -0.94196602098922866
0.36433316908366981 2.6610105971046933 -0.91658599945270403
0.11442030991145397 2.817137324032708 -0.86217390232345881
-0.15152620569259245 2.9330825504792348 -0.78455406331758493
-0.42741887766289299 3.0084244058472978 -0.68981750011552934
-0.70767319727314459 3.0402596033573559 -0.58129438774673881
-0.98697447718070697 3.0317262651124159 -0.46355546113718843
-1.2600744562211375 2.9831194452688465 -0.33872465958545644
-1.522043974909663 2.8967052447557524 -0.20868659556128474
-1.7687433629056402 2.7736529717459621 -0.076160719038508851
-1.994913696004909 2.615075609985781 0.057427399877001961
-2.1970992733600641 2.4244692453588064 0.18974934118769299
-2.3691935737550702 2.2024199694667814 0.31763470109002484
-2.509003006559924 1.95395195786853 0.43812790245193561
-2.6143467736089345 1.6837895570797139 0.54870828594878984
-2.686988954274212 1.3987864841120472 0.65013523691044395
-2.7179365343842177 1.0991875552519059 0.73323621210015322
-2.7038409880285661 0.79154535213709931 0.79186576859282243
-2.6484917966534445 0.48394136034176294 0.82414527665416615
-2.5558836386690587 0.18364884760108779 0.82549582205705652
-2.4353709261034133 -0.10490797872217814 0.79690693687314862
-2.2948083281819001 -0.3788022439206653 0.73681123115470082
-2.1439529137525319 -0.63803304118588799 0.64747316366209762
-1.9935260330964166 -0.88476401505165592 0.53176383670619631
-1.8442316130700755 -1.1222165340881165 0.40383476052615364
-1.6771545455924923 -1.3473166979889482 0.28062371126695596
-1.4792188731782359 -1.5525851772616517 0.16906478671052139
-1.2532995193440255 -1.7357453285309665 0.07079927006452108
-1.0009670093376364 -1.8880927333364805 -0.019309696272316716
-0.72829974514527773 -2.0029649256714896 -0.11039981957754649
-0.44587794302697725 -2.0813310754242371 -0.21228351585785996
-0.16177394789941157 -2.1276624224750695 -0.32737779554305391
0.11967371368914739 -2.1377713009792574 -0.45424946329192539
0.39650027331712862 -2.1267807272795838 -0.5857217449818658
0.67482405911142795 -2.1061547328157193 -0.70765327453546079
0.95849630142271736 -2.0781760053011147 -0.81062063754867808
1.2481986952264024 -2.0353756622858663 -0.88514090262357581
1.5400639397893914 -1.9715474017379766 -0.92896473783583433
1.8278156995354446 -1.8786111913639896 -0.93686294167312711
2.102368899070358 -1.752715645260118 -0.90762843673087468
2.349066031106628 -1.5861611530791666 -0.84227933154655799
2.5642700100918061 -1.3875600672925339 -0.75370894084443107
2.7545026888950046 -1.1695366304670383 -0.65370200852830851
2.9174771277305229 -0.93460803282550498 -0.54428652894585383
3.0518486808471019 -0.68550686667979299 -0.42714834684622882
3.1534764039978986 -0.42432290072000844 -0.30305270599125378
3.2477527352652524 -0.17370669201106034 -0.15688744982004599
3.2311183089647306 0.10883980260399108 -0.066701554705058438
3.1213977340344705 0.39971006559627953 -0.045865443837327644
2.9992783325280792 0.68304412294660732 -0.038207667289156144
2.8773833988328334 0.96645915785370851 -0.030550135244290875
2.7557266271948508 1.2499601109604184 -0.022892878361417006
2.6343215837171901 1.5335518766797143 -0.015235927088946635
2.5132581943387944 1.8172472118615075 -0.0076617857346510292
2.4258785180678233 2.1166028371590095 -0.036880957381698651
2.2339532425093536 2.3416379285833542 0.069262999307792936
2.0093279160046942 2.5070575648925391 0.20233030533520913
1.7628124986729896 2.6418904637881746 0.33167074627767673
1.4989174377534604 2.7462828292251831 0.45505515295478793
1.2213728714672443 2.8203228895554147 0.57156040999758084
0.93247990062344321 2.8584168170644721 0.67970687441298761
0.63447646870975227 2.8479647681778579 0.77072026844836439
0.33514075849172587 2.790889284370079 0.83935658088002363
0.041778308880060414 2.6904106199560816 0.8804808977817391
-0.23962038946800629 2.5540042391892821 0.89146447934055828
-0.50456484798790224 2.3889599691669061 0.87043871595327149
-0.7513427052916607 2.204687809917881 0.81716445529413473
-0.9804606755033467 2.0104186113181091 0.73235312942372988
-1.1956875855006504 1.8159122436624568 0.61992716854846919
-1.4014295218306383 1.6255114120631498 0.48995888835019974
-1.5964200215095454 1.4286727174415186 0.35922776963073089
-1.7702247140404899 1.2085187512092272 0.23907698611703604
-1.9179899936889553 0.96359006960339055 0.13205790276321785
-2.0346216259535357 0.69725857747854347 0.0366630173691639
-2.1132633510174745 0.41517081580367654 -0.054881677641323359
-2.1466266570433659 0.12436860674986901 -0.15020827156691563
-2.1361972816220485 -0.16477945366179544 -0.25807975950206297
-2.0914149482213578 -0.44344019881271013 -0.38276316230525259
-2.0298334345410307 -0.71466485442720695 -0.51320397545582752
-1.9630775338621789 -0.9883010530263675 -0.63275775615823371
-1.8908443606226102 -1.2680542362774565 -0.73073141366448202
-1.8045735120923965 -1.5516307266549423 -0.79993509531064499
-1.6980737368033811 -1.833561243623097 -0.83932202849297943
-1.565019211668816 -2.1066025267618125 -0.84721442368753641
-1.404233426269814 -2.3636598599561176 -0.82604520173117735
-1.2139583717884186 -2.5961790979095607 -0.77724635047824453
-0.99706428955206761 -2.7975349484571659 -0.70345995594231281
-0.75531017229486686 -2.9579516535861727 -0.60708534729863417
-0.49551179898104092 -3.0764776557650113 -0.49544317713012015
-0.22575192959040669 -3.1614070078479988 -0.37583520144560301
0.050101251141376132 -3.2106296314508205 -0.24958444439407781
0.32851279047463133 -3.2214795708087869 -0.11870286131304164
0.6044186934411917 -3.1928369181883345 0.015858841303277322
0.87351346619988646 -3.1264956061639744 0.15187289972182547
1.1313033140366666 -3.0234330884667311 0.28786511376761709
1.3737903259096711 -2.887096064657968 0.42346670045325729
1.5967856616963423 -2.7180301369742925 0.55635029144601356
1.7964453396310676 -2.5194088795267793 0.68666636744805964
1.9661235325917839 -2.292299118326897 0.81389830822982145
2.1015202702602931 -2.0406300546397103 0.93707899066016409
2.194523093825028 -1.7673343653736213 1.0540227329993821
2.2425952357935506 -1.4785036118249568 1.1610231018756978
2.2380965868171083 -1.1803838110389548 1.2522117744289714
2.1834484705962476 -0.88179522171919833 1.3226831730183592
2.0770290366729203 -0.59189034291252751 1.3620736760658605
1.9279966023445247 -0.3190604454786875 1.3640523760440704
1.7444091766139767 -0.07347886448543281 1.3157069799480283
1.5448946174532374 0.14043125410967988 1.2135475159786362
1.3485383035709591 0.31998854791882825 1.0556520238895013
1.1715000789427774 0.47321501179003955 0.85409005082778633
1.0200251549242514 0.61081255060406525 0.62308428399943994
0.88377936115189937 0.74701571495744035 0.38249281233440824
0.75139591634953828 0.8855141348497354 0.14127319113827905
0.61736899072605167 1.0239212720137576 -0.09898778237563427
0.48285220997404155 1.169704366541507 -0.33442602058716425
0.3469591267134734 1.3281145194917563 -0.56060306162562901
0.20547159883074687 1.501344190209537 -0.77168160848780032
0.049843347067702833 1.6907424306591941 -0.95690920522923806
-0.12836046296657661 1.8905358296273118 -1.1071374662204503
-0.33766525973132916 2.08971197907311 -1.2102326432322281
-0.57853289509073325 2.2723979054950352 -1.2626794404933726
-0.84759941922094884 2.4204461665211583 -1.2625776898034631
-1.1338874296173724 2.5233717715598925 -1.2184062770183188
-1.4274030113998344 2.5716519522934149 -1.1392176447371141
-1.7177555230684487 2.5672606358317123 -1.0364345461109745
-1.9965323639034083 2.5125793453028558 -0.91677117698101052
-2.2581739581172844 2.4127100443731946 -0.78776989488735227
-2.4981585962772082 2.2727342587900901 -0.65382143448643137
-2.7139124516857622 2.0988114213038416 -0.51848239620595893
-2.9037402763024183 1.8963358156663768 -0.38400075251261584
-3.067104823981043 1.6708430558702621 -0.25157422602881602
-3.2040016044071944 1.4270335023758451 -0.12177450353516671
-3.3136920677121875 1.1694747441459277 0.0069804258076194593
-3.3954617707665999 0.90172125894198429 0.13536049485866142
-3.4473831441930649 0.62784975882763105 0.26572633212047875
-3.4672450468213549 0.35180186461850926 0.39971929390185768
-3.4518863464493164 0.077228892585335829 0.53658415036278684
-3.3987242412519709 -0.19143563051808279 0.67490175676535236
-3.3051680067529023 -0.44880142375117638 0.81212911688151612
-3.1701927172736086 -0.68892433772375594 0.94467488810814959
-2.9933689480530861 -0.90471238378832564 1.0675575403003235
-2.7765684360005913 -1.0890399854348467 1.174189953315401
-2.5237319033638963 -1.2343532849253123 1.2555791850912355
-2.2437376505943734 -1.3362592312827328 1.3029552232996571
-1.9480245783346859 -1.3913480855197853 1.3061836105428457
-1.651161283023447 -1.404512032841557 1.2614173848479371
-1.3665553312027685 -1.3816625100097308 1.1656009268720335
-1.1017436317340914 -1.339390628267713 1.0251335826331693
-0.86143153871307132 -1.290420687988062 0.84519195609590159
-0.64252345936834099 -1.2456642253531727 0.63646304125190079
-0.43883087685007816 -1.2123379800346417 0.40913520955105431
-0.24232630909741681 -1.1927512499154265 0.17282767009488856
-0.046133097668540235 -1.1839740893547337 -0.06501399579960071
0.1539626174033259 -1.1711278344009035 -0.29911273917459602
0.3520382797119605 -1.1575466614640124 -0.53432011273621849
0.549390938082438 -1.1546012135925299 -0.77104710391870757
0.75745511053997483 -1.1658988649830497 -1.000276882118005
0.99132646822269943 -1.1861787083016222 -1.2053507798188696
1.2564447616113816 -1.201046900889476 -1.3727076295019935
1.5499774589963895 -1.1895631133008486 -1.4881652901775952
1.8563034964724308 -1.1344954217807055 -1.54638507226072
2.1540336569213263 -1.0278106782211209 -1.5423663324025976
2.4242575765170669 -0.87471978642543491 -1.488727221253163
2.65268784037917 -0.67965919574494715 -1.396321587225128
2.834719913647576 -0.45259165124230283 -1.2803119487194992
2.9675435003842763 -0.20068379705913567 -1.1511166709614966
3.054100720634195 0.067619277620993429 -1.0178448613638684
3.0967755521944289 0.34410762803586881 -0.8822714098516421
3.0999521516946027 0.62274925137379178 -0.74617159777241437
3.0666523805649035 0.89900048985958503 -0.61055664690570233
3.0007778131552127 1.168850296671277 -0.47526597943896026
2.904216803125502 1.4286288244866536 -0.33978171180096234
2.7790603151590929 1.6749551776206397 -0.20361192732353744
2.6130632886974574 1.9070907735184 -0.077384747049099659
2.3819020053190521 2.0979583806650433 -0.035019513534204336
2.1265108692697945 2.2704778658769982 -0.045597619213764068
1.8771971178687148 2.4519529053674156 -0.040459020812878776
1.6281043538343505 2.6337641687889142 -0.035316598268029048
1.379225752017919 2.8159012719331082 -0.030170469608177979
1.1305543724003071 2.9983536558207593 -0.0250207548496485
0.88208316318459312 3.1811105914068998 -0.019867575942639708
0.62185665644264942 3.3509114825331543 0.0045369452359107498
0.35242918608506757 3.4240130921754544 0.11471924671808753
0.079436243138409884 3.435545954180395 0.25418116306370853
-0.19822888096707864 3.4264728297417624 0.38662461109591995
-0.4706450966211555 3.3835660013393767 0.52124901399919032
-0.73205766496605829 3.3037110621055685 0.65854168562703652
-0.97778555384875943 3.1862640855038658 0.79554855055131479
-1.2012570042366224 3.0298639262069464 0.92894306472796684
-1.3963593613746101 2.8362303437243521 1.0542693667659524
-1.556208416862406 2.6075969789856197 1.1655618788730204
-1.674629591673249 2.348745102347396 1.2552226998180422
-1.7483835062865936 2.0680168624015121 1.315406912083086
-1.7746512595603978 1.7751576863451533 1.3364548969609189
-1.759774539982583 1.482647405663033 1.3142908964363256
-1.7086812973502987 1.201635885803489 1.2438980961332744
-1.6364207047115495 0.93781820557930085 1.1292528014973084
-1.5554753607563512 0.69436153491939878 0.97440723697835885
-1.4765569792293713 0.46793873254141949 0.78965723405892529
-1.4056891346465814 0.25327258546772102 0.58407797427564412
-1.3417601413626927 0.039820946330448775 0.37089388036316806
-1.2775644291591643 -0.17983971330872109 0.16255775347650711
-1.2104691706622108 -0.40025392547592009 -0.041942151688080159
-1.1400628322466702 -0.61134009688626922 -0.2525420673878282
-1.0736551743174396 -0.81629790216265496 -0.47125702180480455
-1.0152995478078228 -1.0297647850834184 -0.6872847414443416
-0.95971268538396926 -1.2599598421637488 -0.8904401507826637
-0.89819427888479719 -1.5129222133203124 -1.0678831091950434
-0.81949951160836132 -1.7871649587523359 -1.2087609909245252
-0.71112233432983152 -2.0748528659718755 -1.3025573935086106
-0.56236954110433968 -2.3595222721453002 -1.3445117267242588
-0.37021430861370513 -2.6208314963436563 -1.33195176470182
-0.14149056306979929 -2.8419637654506782 -1.2730381942470408
0.11583243277909649 -3.0098677512549661 -1.1767427012500065
0.39048297664666803 -3.1194263417652821 -1.0556037435833099
0.67277821779369495 -3.1709933101052767 -0.92033271682679529
0.95416138476493229 -3.1673813223273184 -0.77913942801530833
1.2285296894945776 -3.115760477122524 -0.63805315458983081
1.4908118536044628 -3.020168516187272 -0.50078370131738015
1.7378426904719826 -2.8898944491724472 -0.36836964380308762
1.9649660321015021 -2.7287767779684944 -0.23814799999790098
2.1727920636424338 -2.5440631359627255 -0.1094882991150484
2.3582021085340106 -2.3373335326238465 0.018049970773163695
2.5200967792275062 -2.1128058338104259 0.14561538581786257
2.6553585911133339 -1.8720850529725543 0.27332633597577699
2.7619516407266627 -1.6172745150207539 0.39966623243193022
2.8362398596257794 -1.3504294908395913 0.52303782092807871
2.8762669604299553 -1.074533141639993 0.64110862611603348
2.8802539921999575 -0.79292672845189827 0.75117958517540206
2.8458905427680588 -0.50869031847042689 0.84792890302595025
2.774522980959528 -0.2259042486854225 0.92642964944075989
2.6654364792980827 0.050498796513098368 0.97950960625986239
2.5248893323060759 0.31641756464931547 1.0025998217380296
2.3576249415111006 0.56681416370716275 0.98892575012108397
2.1734324649753107 0.7997008934382106 0.93699028099886972
1.9810682053613455 1.015522815038739 0.84966495787220875
1.7863027188224365 1.2179314920057092 0.73488760134268827
1.5870241220335977 1.4108540362949533 0.6063686886426497
1.3757566726431352 1.5943984405738452 0.47803617388224851
1.1447841557533585 1.7616805003162546 0.35869672464813751
0.89047880163796678 1.901877862219419 0.25147291668907978
0.61826433955187954 2.0128893696286907 0.15456183740548607
0.33154277633517781 2.0842998451522048 0.06417536449844638
0.039303179135543154 2.1128361956501371 -0.029038376874169131
-0.24940252291702314 2.0977091589671297 -0.13284325044163867
-0.52736889784208452 2.0464524556266914 -0.2515678279985345
-0.79344544190161082 1.9671335559594831 -0.38333518667560801
-1.0568949243927064 1.8743267800380032 -0.5163269847823736
-1.3272237809454523 1.7752316425880426 -0.63467405452763626
-1.6053350352530666 1.6669772624456425 -0.72785426117468377
-1.8853328706263299 1.5400657175623529 -0.7908530551856533
-2.1593114701537406 1.3883685296062307 -0.82098713256452116
-2.4181503054690801 1.2084817919502981 -0.81845500181947528
-2.6516712322981562 0.99947841199746557 -0.7846888430160206
-2.8532793190776022 0.76522495646764832 -0.72487991913760197
-3.0182303430669348 0.51056640999321068 -0.64418780244656315
-3.1423822142684568 0.2412358559949048 -0.54360629594006993
-3.2215240734480259 -0.038322043961851016 -0.42865028255122467
-3.2561554361385259 -0.321573189971327 -0.3040683408556662
-3.2468078842736325 -0.60300390660417169 -0.17344851389658511
-3.1937087057714608 -0.87691437796532423 -0.039867214266338158
-3.100199640232014 -1.1385750589962416 0.093743498246641493
-2.9660146221070463 -1.3821033616990868 0.2245869849105798
-2.7965786264203185 -1.6041786970928384 0.35030189291223346
-2.5939303752468978 -1.8006494884699051 0.46752691016696724
-2.3644217937224719 -1.9705868734655623 0.57489379326575452
-2.1125324478436873 -2.1118725978779622 0.67100254617865207
-1.8377740898277697 -2.2145665338959981 0.74762101817537652
-1.5467758657505615 -2.2776173096013288 0.80003979971021999
-1.2468901625758775 -2.3016367998556087 0.82499218119742257
-0.94529805060175964 -2.2917251507111196 0.82236460159451297
-0.64790879450571082 -2.2511819836941624 0.78855524327769855
-0.35901970548714901 -2.1880884219019947 0.72424570074485151
-0.081686483846429569 -2.1097657025845158 0.62916277317523039
0.184787413325398 -2.0240612558152842 0.50910846382388764
0.44213739338927199 -1.9344248606201149 0.37083359303188312
0.69093899636715128 -1.8336423956003018 0.22303889100032662
0.92962045924874803 -1.7109718726970704 0.073508506675207141
1.1543721620056613 -1.5610450626943486 -0.073382271463993537
1.3591283617511236 -1.3826078579599925 -0.21747297824672032
1.5381471713216703 -1.1773636694585361 -0.36001344758932108
1.6874506955115178 -0.94899866145148415 -0.50080095651136136
1.7864958083815101 -0.69512454820921388 -0.64045410059012464
1.8512953201458273 -0.43092098614917351 -0.78370599413339037
1.9222760483714216 -0.16540729011823949 -0.92440626700125239
2.0073451523584867 0.10469198359936414 -1.0491193136621444
2.0986153346383496 0.38484398040408374 -1.1448869373530917
2.1843308718160825 0.6767012100541101 -1.205612663289708
2.2512574276493575 0.97927960611317999 -1.2245419808800224
2.2887331799565001 1.2868881353020687 -1.2037703063330993
2.2865916123677659 1.5921847288977233 -1.1459648882126918
2.2400881321282045 1.8865339802834313 -1.0586536754626314
2.1490689511095269 2.16286375507336 -0.95027436952896571
2.0148402839374171 2.4149318084265246 -0.82926509259145631
1.8447171493641918 2.6403946616580236 -0.70193429320595158
1.643059428082432 2.8360470702042062 -0.57221379690351737
1.4180983718839555 3.0043174978201153 -0.44317584426340928
1.1736148260475254 3.1439274186818493 -0.3160743332666735
0.91546738615876799 3.2569733470871713 -0.19030717373820399
0.6683792689267275 3.3225529019384648 -0.067813002717959203
0.78485117792508985 3.159313879944722 -0.06143802496268802
0.9710634377877535 2.9152364472397769 -0.05627304928101623
1.1594556968222889 2.6714866366117711 -0.052085320762797899
1.3483386131586976 2.428128769686634 -0.047894801486025734
1.537714544631267 2.185164729529351 -0.043701500444595254
1.7275855844986887 1.9425961878595412 -0.039505428067433707
1.9179535605431837 1.7004246043320523 -0.035306596217481681
2.1088200342763814 1.4586512259026354 -0.031105018190103202
2.3001863002521059 1.2172770862791247 -0.026900708710927826
2.4920533854863827 0.97630300545823723 -0.022693683933123408
2.6844220489848727 0.73572958934820376 -0.018483961434100526
2.8772927813779461 0.49555722947730363 -0.014271560211647967
3.0706658046634363 0.25578610278857827 -0.010056500679502919
