-0.658838529504941 -16.480332942273 -5.77063147431939
-1.54916138454271 -16.6697894784863 -6.43489937274873
-2.50433634740199 -16.8292597116099 -7.0103687075797
-3.51410363747124 -16.9515903669319 -7.49365426014638
-4.56723769050301 -17.0307357248534 -7.88362311675225
-5.65225424321068 -17.0617945719076 -8.18118153968411
-6.75794846200158 -17.0409483204689 -8.38895706460609
-7.87375809824573 -16.9653461908989 -8.51093290928734
-8.98996994516303 -16.8329709795828 -8.55207998720138
-10.0977999702291 -16.6425080854149 -8.51801771604295
-11.1893810068127 -16.3932314793443 -8.41472174221289
-12.2576900187872 -16.0849133017255 -8.24828625605255
-13.2964422020665 -15.7177586952278 -8.02474117353821
-14.2999733348965 -15.2923641124458 -7.74991986183105
-15.2631259836399 -14.8096953663307 -7.42937072312368
-16.1811500593362 -14.2710807650206 -7.06830516924297
-17.0496240722412 -13.6782144429086 -6.67157471271835
-17.8644002541111 -13.0331651635421 -6.24367058329211
-18.621574355315 -12.3383861977222 -5.78874011452178
-19.3174791420201 -11.5967222357794 -5.31061494092525
-19.9486991789857 -10.8114096406345 -4.8128467342643
-20.5121032045165 -9.98606674350868 -4.2987468121712
-21.0048892093196 -9.12467144500227 -3.77142654948992
-21.4246362729408 -8.23152424188565 -3.23383619714942
-21.7693564616093 -7.31119603650077 -2.68880051735804
-22.0375398883038 -6.36846167627044 -2.13905056660789
-22.2281865980753 -5.40822195302536 -1.58725191507192
-22.3408203684451 -4.43541848339985 -1.03603044059034
-22.3754817140975 -3.45494716033238 -0.487997418681051
-22.3327000639967 -2.4715764321572 0.0542241770026145
-22.2134478087903 -1.48987639723536 0.587970492336186
-22.0190812518541 -0.514163657912492 1.11050368801157
-21.7512751016874 0.451534715328216 1.61897476756141
-21.411957866823 1.40349658774275 2.11038319875116
-21.0032554008286 2.33829977902864 2.58153516719511
-20.527449073218 3.25279845095313 3.02900316696032
-19.986953835148 4.14408379252242 3.44909036271187
-19.3843199888534 5.00943281569518 3.83780377312786
-18.7222608457337 5.84624977856218 4.19084086058672
-18.0037066540454 6.65200539537485 4.50359457853742
-17.2318830973554 7.42417965127136 4.77118228101584
-16.4104101823807 8.16021471481438 4.98850401861025
-15.5434143537735 8.85748504067298 5.15033543359865
-14.635643194285 9.51329209192663 5.25145946497761
-13.6925682481006 10.1248909242372 5.28683910242048
-12.7204577010755 10.6895548567073 5.25183025097098
-11.7263974467424 11.2046823049314 5.14242927606263
-10.7182372622845 11.6679463328755 4.95554410319068
-9.70443939623993 12.0774824856159 4.68927127887482
-8.69381092272765 12.4321040894533 4.34315499998798
-7.69510983591919 12.7315268107207 3.91839911467402
-6.71652892757434 12.9765765291935 3.41800134598837
-5.76508129427106 13.1693475219537 2.84678280212993
-4.84593583483819 13.3132728779629 2.21129758938123
-3.96177700877731 13.4130675158765 1.51962834590126
-3.11228422799775 13.4745081820948 0.781101745260121
-2.29383468119826 13.5040280590815 0.00598522140463344
-1.49952346984883 13.5081331405909 -0.794762673740568
-0.719566353002261 13.4927006932248 -1.60963553190894
0.0578955243830637 13.4622892988523 -2.42661375636283
0.845636428498286 13.4196350023829 -3.23314734675273
1.6559672772994 13.3654756734407 -4.01618025941798
2.49935328802109 13.2987324151905 -4.76230868042203
3.38327055733429 13.2169533524012 -5.45812897589034
4.31149111353391 13.1168674743941 -6.09077052269217
5.28387826612891 12.9949145282657 -6.64854408329476
6.2966613263281 12.8476698277629 -7.12159328144636
7.34307732401073 12.6721318065925 -7.5024310486455
8.41422818681688 12.4658723578229 -7.7862718768993
9.49999954449426 12.2270682471014 -7.97111854943862
10.5899107609624 11.9544413942573 -8.05761118832008
11.6738036220402 11.6471396101036 -8.0486846702315
12.7423195200868 11.3045888127439 -7.94910219633705
13.7871542825441 10.9263438323307 -7.76493799083251
14.8011107155046 10.511958880699 -7.50307416875469
15.7779888498249 10.0608920439232 -7.17076085485117
16.7123627567923 9.5724520724495 -6.77526990337847
17.5992927163336 9.04579119297253 -6.32365530357996
18.4340157526372 8.47994494766276 -5.82262010725512
19.2116495422517 7.8739188831908 -5.27848122639075
19.9269371830879 7.22682151895479 -4.69721901865484
20.5740548217036 6.53804244606467 -4.08459668345606
21.1465009005936 5.80747267756179 -3.44633343673217
21.6370839269075 5.03576076155302 -2.78831387999102
22.0380235673221 4.22459244194987 -2.11681329572661
22.3411757054707 3.37697426390628 -1.43871501960028
22.5383844032237 2.49749372496616 -0.761692596924275
22.6219520073923 1.59252226685386 -0.0943276534684642
22.5852038197213 0.670324670182632 0.553864229983774
22.4231079635216 -0.258959153837847 1.17252205249458
22.1328971573987 -1.1834858978966 1.75065580733281
21.7146295585847 -2.09004714422105 2.27699304180919
21.1716220009103 -2.96457133095976 2.74044638230389
20.5106906564759 -3.79276968169787 3.13068310573889
19.7421401269213 -4.56089004651087 3.43877106777797
18.8794508769674 -5.25652720123788 3.65787176047377
17.9386267620868 -5.86942319321402 3.78395026518402
16.9371822345589 -6.39217630872042 3.81647186680305
15.8927808058037 -6.82076351129224 3.75905370838851
14.8215976985954 -7.15477491391529 3.62003329874478
13.7365912629572 -7.39727439985045 3.41289780522432
12.6460417778053 -7.55426050326122 3.15648009696962
11.55291119127 -7.63382311400077 2.87476171882043
10.455628279128 -7.64524722451312 2.59603767598994
9.35053653064405 -7.59839173449344 2.35115053977642
8.23536430185703 -7.5035197469932 2.17062049689503
7.11219009696104 -7.37139038630868 2.0808915714563
5.98833243730501 -7.21314426706347 2.10044897723481
4.87458093467494 -7.03965542625821 2.2368317532095
3.78142784915027 -6.86050972424487 2.48529793374825
2.71473531774334 -6.68312306211806 2.82931969294802
1.67254528841976 -6.51239349998573 3.24258468624976
0.644562088942362 -6.35091736257586 3.69185142189307
-0.385037165283392 -6.19956715395021 4.13989850529002
-1.43231099289574 -6.05815940520523 4.54811133623612
-2.50786398664176 -5.92595378885823 4.87878699146599
-3.61283976859593 -5.80184209589836 5.09745313764523
-4.73755812567911 -5.68426568713424 5.17523496544549
-5.86254709465194 -5.57101629250411 5.09097048175332
-6.96112414023193 -5.45907502911928 4.8327026076011
-8.00265896525136 -5.3445785587626 4.39832582768027
-8.95587363949365 -5.22293240792877 3.79535445551259
-9.79176628838098 -5.08904562898055 3.03990744544244
-10.4858924188882 -4.93763630435017 2.15507096576627
-11.0198042033733 -4.76354475453664 1.16885398364289
-11.3814974174451 -4.56198766804965 0.112042767686777
-11.5648708815384 -4.32870277480721 -0.983624130083692
-11.5685625909444 -4.0599917734251 -2.08653684028622
-11.3949279603365 -3.75276294357642 -3.16543940141957
-11.049874398898 -3.40471830093648 -4.18924168630594
-10.5435701594953 -3.01472979248174 -5.12714980669066
-9.89135645656175 -2.58328335687764 -5.94953636188069
-9.11415800397979 -2.11281473865941 -6.62942293127871
-8.23810318970128 -1.60783430743638 -7.14416538823962
-7.29342357928525 -1.07482746503916 -7.47697360553605
-6.31283221612747 -0.521957792860955 -7.61804837737413
-5.32957051352879 0.0413981013396812 -7.56523148648734
-4.37527389393822 0.605263046184773 -7.32411363054224
-3.47778918106055 1.1597965728952 -6.90755818547976
-2.65909196328541 1.69611501139869 -6.33461332258332
-1.93348819791061 2.2071137041221 -5.62883127420146
-1.30631750216595 2.68815884610125 -4.81611109441123
-0.773374332016809 3.13746973200124 -3.92232901611309
-0.321199291628957 3.55600326965514 -2.97118002235015
0.0717358557731205 3.94671945489735 -1.98274127244204
0.43307672766568 4.31326383493824 -0.973181588376819
0.79410059837967 4.65831124771017 0.044259894912043
1.18694792120247 4.98198252844053 1.05732597597934
1.64177583754993 5.28077946036496 2.05246488839648
2.18398356732474 5.54735272241356 3.01295504763423
2.83166426422967 5.77117086252994 3.91800427293923
3.59353567986107 5.93988775599431 4.74310394019072
4.46769915934414 6.04102110798248 5.46156231218718
5.44149463965711 6.06353805450338 6.04679837720266
6.49244955913688 5.99907208048589 6.47478786320418
7.59001671479129 5.84254543813873 6.72582196544861
8.69744974825178 5.59369828699131 6.78836703854818
9.77551738362913 5.25696825293208 6.66012527572078
10.7862272840651 4.84107130743994 6.34846092713974
11.6965954121832 4.35810229122861 5.86996342074709
12.4825000609172 3.82213431378854 5.24925805292007
13.1299587431557 3.24673263554996 4.51508083656278
13.6368241893334 2.64321152746593 3.69821766960063
14.0130226423507 2.01865833031276 2.82873250236333
14.2787762646826 1.37450335358388 1.9335575700542
14.460628892668 0.70635579764293 1.03534697981532
14.5860281370779 0.00545706028936741 0.152970347517216
14.6781866553548 -0.73867217929201 -0.696987986557928
14.7529738551193 -1.53538666624705 -1.49893859848657
14.8184261783198 -2.39075129705128 -2.23797449973361
14.8761561505134 -3.30642258471258 -2.90045101083953
14.9234844378211 -4.27953797792362 -3.47493169914285
14.9554301760983 -5.30337611374401 -3.95302034538181
14.9661866284747 -6.36847079617657 -4.32982003315768
14.9500404761327 -7.46386101553066 -4.6039582070317
14.901836037313 -8.57822456743612 -4.77724299189893
14.8171190621439 -9.7007413917435 -4.85407663434643
14.6920828190067 -10.8216292774266 -4.8407628147725
14.523413756878 -11.9323676460083 -4.74482383285871
14.3081075559606 -13.0256683295504 -4.57440805405185
14.0433033470999 -14.0952689160902 -4.33783061245752
13.7261658147371 -15.1356222026476 -4.04325937618794
13.353831933867 -16.1415432521483 -3.69853697419286
12.9234304361133 -17.1078606647153 -3.31111798154236
12.43217636804 -18.0291055244347 -2.88809583054967
11.8775387247597 -18.8992619982594 -2.43629375740272
11.2574747711681 -19.7115976061684 -1.96239566055599
10.5707195176079 -20.4585873870646 -1.47309462207034
9.81711284921762 -21.1319427920862 -0.975238480067809
8.99794068794627 -21.7227516679561 -0.475953418015672
8.11626143932922 -22.2217294083412 0.0172714220536512
7.1771860519339 -22.6195734165502 0.496552307163886
6.18808011570596 -22.907404353024 0.95364216390484
5.15865967233603 -23.0772694806494 1.38002962902189
4.10095822596675 -23.1226768337132 1.76710547383248
3.02914982732903 -23.0391244248797 2.10639086314895
1.95922109012418 -22.824586120921 2.38981746439728
0.908493044924122 -22.4799145813858 2.61004583159392
-0.104998092797533 -22.0091211549141 2.76080574068258
-1.06324330561255 -21.419492632962 2.83724021357971
-1.94909810418053 -20.7215056783265 2.83623399201437
-2.74717448797477 -19.9285026941415 2.75670770278977
-3.44473358683689 -19.0560996483632 2.59986173288682
-4.0325113899199 -18.1213093304171 2.36935985480123
-4.50539943550981 -17.1413860272741 2.07145235882384
-4.86290003484633 -16.132434730745 1.71505066115924
-5.10928866808387 -15.1078876142041 1.31177549044889
-5.25345225324261 -14.077042696419 0.875999038809502
-5.30843406957657 -13.0439874908446 0.42487239995565
-5.29079223308836 -12.0073613261177 -0.0217449984584321
-5.21992992474005 -10.9614291408488 -0.441666881185838
-5.11752158961586 -9.89865258652491 -0.811438942584162
-5.00700870429258 -8.81325298784544 -1.10849690507473
-4.91294354148656 -7.70445911186409 -1.31460541257232
-4.85987151335337 -6.57788264004094 -1.42014017217984
-4.8705282846772 -5.44419767755545 -1.42802887552888
-4.96330740651859 -4.31568897143172 -1.35577892249397
-5.14922465023757 -3.20239181265602 -1.23434237091668
-5.42911895011585 -2.10970619845445 -1.10357567469322
-5.79240180791296 -1.03844971328609 -1.0053416621788
-6.21851775646035 0.0130693251807321 -0.976225883473835
-6.68101392398444 1.04648910282233 -1.04187915825666
-7.15265610340065 2.06210407389778 -1.21420589473642
-7.6096702770686 3.05960841454208 -1.49155996599862
-8.03400352777417 4.04006761136049 -1.86129213594114
-8.4135329213336 5.00754262530701 -2.30353605671236
-8.74080438419591 5.9692859806831 -2.79503283786262
-9.01115043241684 6.93448057389753 -3.31211434115098
-9.22097713613529 7.91224088611165 -3.83253669120925
-9.36668756624818 8.90971423910973 -4.33634655284405
-9.44431226322367 9.93079703572343 -4.80616164631481
-9.44965409862747 10.9755821334595 -5.22719474336894
-9.37868566149233 12.0404045411439 -5.58720735073047
-9.2279921079939 13.1182759419959 -5.87646114342619
-8.99514076074219 14.1995210361629 -6.08767299772888
-8.67893067309564 15.272481798797 -6.21595902861249
-8.27951933718334 16.324205094887 -6.2587533197723
-7.79844544102925 17.3410652311368 -6.21569421223552
-7.23857472019984 18.3092972112622 -6.08847857434785
-6.60399690081954 19.2154324239791 -5.88069008320607
-5.8998991587187 20.0466393642477 -5.5976107013987
-5.13243722356282 20.790979692708 -5.24602537707634
-4.30862003487808 21.4375954080318 -4.83402887100096
-3.43621806217862 21.9768464386971 -4.3708409311332
-2.52369924332509 22.4004195059603 -3.86663225413825
-1.58019019131112 22.7014284731045 -3.33235931398267
-0.615454177644813 22.8745233705224 -2.7796017883758
0.360128131884434 22.9160197668201 -2.22039262641331
1.33559352778896 22.8240522582866 -1.66702846313987
2.29946738792649 22.5987460357333 -1.13184774966447
3.23989140418275 22.2423896754715 -0.6269661159511
4.1448244786766 21.7595818868759 -0.163963258280105
5.00232601649455 21.15731668891 0.246477347350135
5.80092025379841 20.4449671918551 0.594966411590119
6.53002750082113 19.634129238167 0.873827293009064
7.18043489289047 18.7382931682141 1.07751267172325
7.74476725179858 17.7723244415618 1.20299671452109
8.21790942013956 16.7517506044432 1.25012573824469
8.59732564830835 15.6918724723372 1.22192266757318
8.88321954295926 14.6067431943288 1.12485805512965
9.07848116730266 13.5080967790409 0.96911855946235
9.18838211388959 12.4043703822394 0.768911527502958
9.22001903818038 11.300065324029 0.542817866439143
9.18159096730379 10.1958198231568 0.314103741760653
9.08172573639955 9.08963293404256 0.110688365360897
8.92917280827262 7.97946962511426 -0.0358016886468894
8.73309089836431 6.86677982836693 -0.0925089506875515
8.50379103709275 5.75951310654147 -0.0294356683421644
8.25338408226682 4.67290236267685 0.175794986106286
7.99572366507496 3.62727128257833 0.534158425744141
7.74536144891738 2.64363141530914 1.04368346284826
7.51562736660104 1.73841265139393 1.69018507584297
7.31630562104562 0.918189167210552 2.44955932984009
7.15170723159042 0.175254375931025 3.29113262816301
7.01996701957981 -0.514067992719846 4.18148021505124
6.91393687932138 -1.18627976509846 5.0872212429819
6.82331025818637 -1.88276870914857 5.97544344473953
6.73706289308251 -2.64006969655947 6.81248624280118
6.64536249394792 -3.48217715337687 7.5633505980103
6.540631226054 -4.41695906898051 8.1930796413888
6.41789530363278 -5.43640074053184 8.66959151289629
6.27468698551137 -6.5192847595973 8.9666593763888
6.11069261452694 -7.63488591394858 9.06577845460224
5.92752869620528 -8.74674819843581 8.95985104954497
5.72808235826711 -9.81763115458558 8.65324360996084
5.51582083669851 -10.8138706319446 8.16084548894843
5.29406156580135 -11.7092683718949 7.50629565181339
5.06518400459809 -12.48645201037 6.71744548720159
4.83009550727981 -13.1382482101585 5.82417230092635
4.58770215657602 -13.6681271736437 4.85568682687708
4.33451708285606 -14.0894491169724 3.83809904501699
4.06453009350133 -14.4232890337199 2.79284393677997
3.76943218513396 -14.6949001064014 1.73644611763405
3.43918160490619 -14.9294074170643 0.681609032391344
3.06279086178988 -15.1478259177891 -0.361019717603094
2.62922837928038 -15.364507008065 -1.38128319737704
2.12842485980155 -15.5864887988087 -2.36866309634398
1.55235959303346 -15.8144092353871 -3.31214504663321
0.896048416793384 -16.0442124738174 -4.20057130758007
0.158168831554066 -16.2689560115723 -5.02324990350352
