-1.10256320328654 -12.6982969517921 3.83156271316468
-1.80485263194038 -13.4870065339076 3.42849700549797
-2.41882136454818 -14.261132872428 2.87876447130645
-2.92703757067657 -15.0200441985571 2.21190175706575
-3.31651148975472 -15.7674441956057 1.45765751317996
-3.57797610968753 -16.5080362916143 0.643882153015264
-3.70438677687031 -17.244552736659 -0.204680045532968
-3.68932832068777 -17.9757391135849 -1.0664138607596
-3.52659425096952 -18.6954877863849 -1.92173766838286
-3.21153634705947 -19.3930763370085 -2.75169167735632
-2.74336796210654 -20.0543258238808 -3.53721397506871
-2.12703124815984 -20.663358767362 -4.25946982413838
-1.37382140711451 -21.2045347677511 -4.90087253077567
-0.500767948294458 -21.6641583049665 -5.44621499524124
0.47080081430499 -22.0316839933974 -5.88350673049885
1.51701407193147 -22.3003145576514 -6.2043687647952
2.61314165821126 -22.4670348940161 -6.40402382595661
3.73496539736686 -22.5322221983418 -6.48100986920713
4.85975127160978 -22.4990089325013 -6.43676261295098
5.96685083559267 -22.372560019312 -6.2751843471456
7.03802538316445 -22.1593776089708 -6.00226722812318
8.05760124294312 -21.8666896907752 -5.62579056740697
9.01254267162163 -21.5019320870808 -5.15507697542762
9.89248918891268 -21.0723072009922 -4.60077690462664
10.689764269437 -20.5843983138307 -3.9746535327429
11.3993338098769 -20.0438298783205 -3.2893544670668
12.0186811621329 -19.4549838177179 -2.55817643297189
12.5475710299736 -18.820800790473 -1.79484690509913
12.987693608476 -18.1427067933694 -1.01335629328908
13.3422067887237 -17.420705214532 -0.227871397162435
13.6152206063376 -16.6536617772014 0.54725565017965
13.8112876690155 -15.8397873171158 1.29739538294009
13.9349720410885 -14.9772959472007 2.00750791861582
13.9905664396802 -14.0651894342635 2.66203493333662
13.9820153291901 -13.1040965142572 3.24489620910134
13.9130810319015 -12.0970787630156 3.73967205105312
13.7877603520792 -11.0502987619328 4.13004455771884
13.6109174706582 -9.97342695955019 4.40055016132271
13.3890440224612 -8.87964302660252 4.53765311639948
13.1309969366014 -7.78508346148716 4.53107198216854
12.8485199889885 -6.70763318429427 4.37517994919526
12.5563571260205 -5.66508549453013 4.07018988305985
12.2718381409051 -4.67289565224142 3.62279506810907
12.0139517712663 -3.74195882931087 3.04603372957019
11.8020652938718 -2.87693672112055 2.35838234799528
11.6545289166355 -2.07554706185405 1.58236015489629
11.5873730224772 -1.32893731723718 0.743085013917018
11.6131924143628 -0.622940334970062 -0.132845878632178
11.7401983611274 0.0601613220592996 -1.01802643538314
11.9713872793623 0.739691743820408 -1.88461431082062
12.3038431979547 1.43463356228941 -2.70471166689817
12.7283088758932 2.16174867663574 -3.45104534389266
13.2292427785199 2.93387205983821 -4.0980852258922
13.785552950275 3.75858648608988 -4.62351628619379
14.3720453105206 4.63752837689549 -5.00977405277777
14.9614030133221 5.56647458700125 -5.24526073011577
15.5263370964236 6.53615819417063 -5.32493139730174
16.0415068813956 7.53357384184781 -5.25013901818221
16.4849116710598 8.54345057683057 -5.02784900157426
16.8386383660956 9.54960675136647 -4.66947930032665
17.0890251452802 10.5360116600568 -4.18965105688609
17.2264097938738 11.4875005837021 -3.60507088996382
17.2446593167838 12.3901804827155 -2.93366226484155
17.1406462386578 13.2316082742645 -2.19396804871947
16.9137793364591 14.0008299051149 -1.40478470330161
16.5656397236302 14.6883528775953 -0.584963680637408
16.0997320199851 15.2861031529069 0.246682658871728
15.5213382260346 15.7873995730078 1.07141886633512
14.8374550554603 16.1869692556537 1.87060119817268
14.0567966955614 16.4810252869975 2.62569491615796
13.1898463266656 16.6674296380475 3.31832263829466
12.2489342117964 16.7459634975809 3.93038485345293
11.2483033006822 16.7187169291469 4.444309876645
10.204095387525 16.5905834922257 4.84349951933064
9.13415955223857 16.3698009256775 5.11302456295052
8.0575662098279 16.0684224640954 5.24057818113098
6.99372695856918 15.702553136616 5.21761308801893
5.96109168011418 15.2921701172463 5.04048634653943
4.97552053285911 14.8603940100613 4.71135489602876
4.04857752990929 14.4321972310708 4.23855765353233
3.18610042324695 14.032697229704 3.63632201290359
2.38739911101519 13.6853203068031 2.92382744931888
1.64529272237823 13.4101635907709 2.12386766620826
0.946963138868436 13.2227960619271 1.26146901316858
0.275397182342894 13.1335631604795 0.36278174781291
-0.388877944678985 13.1472881198872 -0.545614653324592
-1.06597746633283 13.2631905532295 -1.43706796129344
-1.77483872455541 13.47490221913 -2.28510731588449
-2.53142704342757 13.7706025280708 -3.06387507554646
-3.3470773851554 14.1334220352272 -3.74893199347613
-4.22721139210092 14.5422817516864 -4.31844724503178
-5.17071401027646 14.9732269423424 -4.75457430000576
-6.17014146686199 15.4011334997507 -5.04467666527027
-7.21271161858518 15.8015126052622 -5.18207699806009
-8.28181880309069 16.1520942081925 -5.16615249038342
-9.35871682336189 16.433946042177 -5.00180660949077
-10.4240481589746 16.6320338208512 -4.69851247753059
-11.4590202531714 16.7352773433404 -4.26918833150828
-12.4461718143906 16.7362524807082 -3.72913308540064
-13.3697800872209 16.6307145371866 -3.09516229872558
-14.2160130922981 16.4170901479351 -2.38499049466599
-14.9729357593686 16.0960315497671 -1.61683691485021
-15.6304558243331 15.6700742211087 -0.80919849883401
-16.1802647452961 15.1434010485817 0.019269935153886
-16.6158045290691 14.5216968984328 0.84981578468762
-16.9322790137192 13.8120729080971 1.66362084179644
-17.1267268927674 13.0230426532194 2.44182826795056
-17.1981780416265 12.1645347883106 3.16558937848247
-17.147916312769 11.2479225177397 3.81616863033262
-16.9798619874115 10.2860360435005 4.3751641837225
-16.7010583338581 9.29310110796392 4.82491555955044
-16.3221972650775 8.28452189619848 5.14916516992662
-15.8580564470218 7.27641327710296 5.33400292265818
-15.3276646622145 6.28480331015561 5.36904626448218
-14.7539951094203 5.32448719548179 5.24870277030977
-14.1630391048548 4.40761930250235 4.97326340710317
-13.5822467894129 3.54225586549266 4.54953479181089
-13.0385080595169 2.73115564818915 3.99078489479536
-12.5560143024685 1.97114913566551 3.3159531834819
-12.1544047660166 1.25326830710972 2.54830229517235
-11.847516216989 0.563626498068177 1.713857702056
-11.6428568615247 -0.115144481247872 0.840006770396971
-11.5417160938674 -0.802152002708348 -0.0455002714255825
-11.5396998914387 -1.51637432454695 -0.915119871044048
-11.6274849247863 -2.27474500532779 -1.74183643042339
-11.7916790196791 -3.09026556212695 -2.49954156451085
-12.0157869664136 -3.97034567440967 -3.16375983547159
-12.2813324741958 -4.91571639068954 -3.71282826267898
-12.5691419451856 -5.92026965595939 -4.1293577550322
-12.8606831849342 -6.97197323711208 -4.4015793577418
-13.1392524240491 -8.05468430654645 -4.5241475767174
-13.39078934666 -9.15041932905267 -4.49815384663861
-13.6041865396498 -10.2415616392965 -4.3303796671059
-13.7710990335744 -11.312601921127 -4.03204005204364
-13.8853824773133 -12.3512155237979 -3.61734944769691
-13.9423501926511 -13.3486755566004 -3.10219475352931
-13.9380356694213 -14.2997209410246 -2.5030886653155
-13.8686013085352 -15.2020408361965 -1.83646489292983
-13.7299748200734 -16.0555301640692 -1.11829690877314
-13.5177405769047 -16.8614463355324 -0.363976266654821
-13.2272713612082 -17.6215719525129 0.411634663597303
-12.8540560181644 -18.3374658721224 1.19406574592391
-12.3941587545587 -19.0098628941267 1.96909996199586
-11.8447360722677 -19.6382580086287 2.72269390360221
-11.2045390092926 -20.2206852218693 3.440990749606
-10.4743421452348 -20.7536769786467 4.11042813412417
-9.65726439862029 -21.2323728355564 4.71791951978916
-8.75897417351518 -21.6507390865183 5.25107644807639
-7.7877951340864 -22.0018655919393 5.69844157288392
-6.75474169283339 -22.2783197734242 6.04971538579694
-5.67351092309087 -22.4725552456374 6.29597703686977
-4.5604396393044 -22.5773867482361 6.42991515305053
-3.4344054307885 -22.5865467151867 6.44609243750955
-2.31661597561877 -22.4953265613538 6.34126394434071
-1.23020300118094 -22.3012759481446 6.11475106679695
-0.199528973312158 -22.0048898932259 5.76884212501152
0.750861496899153 -21.6101669615862 5.30915071212601
1.5976491831745 -21.1248872923085 4.74482439630902
2.32040418886531 -20.5604538716727 4.08847471834975
2.90326309171341 -19.9311790099142 3.35571829772423
3.33622400100212 -19.2529899969579 2.56431076947531
3.61556525308512 -18.541672927512 1.73304881998302
3.7429968439673 -17.8109461919049 0.880878495996986
3.72366313413186 -17.0707846587803 0.0267818349184188
3.56396340761456 -16.3264169716742 -0.80931403849131
3.2705665572184 -15.5782976298194 -1.60514297307867
2.85114566100927 -14.8232106069198 -2.3352498876962
2.31597660903281 -14.0565097218399 -2.97131368104908
1.67920770101584 -13.2752382023782 -3.48355955707492
0.959346681205755 -12.4814445848651 -3.84299942430901
0.179095154379679 -11.6846403751991 -4.02444729768528
-0.63548800002801 -10.9024037922848 -4.01014212919534
-1.45677306145191 -10.1588274358328 -3.79294996368071
-2.25879804731283 -9.48007925298858 -3.38128860492884
-3.02219194499995 -8.88871253160521 -2.79844170700261
-3.73743608646843 -8.40024782482797 -2.07672100014833
-4.40640410497542 -8.0207953311863 -1.2529923142108
-5.0417382135108 -7.746893576154 -0.36389872573517
-5.66430650928936 -7.5671122811429 0.557240837387592
-6.29960116836049 -7.46443519209814 1.48114773190958
-6.9738386954216 -7.41853490838332 2.38140569292309
-7.71005637769122 -7.40759939435781 3.23263876915482
-8.52441332059051 -7.40982462435692 4.00937545513235
-9.42333539766302 -7.40474576440276 4.6864136355103
-10.4023616074126 -7.37440495928847 5.24062341457853
-11.4470769981685 -7.30421205149143 5.6533463970637
-12.5357147534965 -7.18334868402874 5.91233059859346
-13.6424754081661 -7.0046764125179 6.01251982051184
-14.7405941372778 -6.76425586312481 5.9556350417977
-15.8045559214877 -6.46067741369771 5.74894922680093
-16.8113250501586 -6.09440411346187 5.40379676252353
-17.7407897576208 -5.66725712931942 4.93423691073236
-18.5757469390048 -5.18208414651623 4.35606798480614
-19.3017122878935 -4.64258312326936 3.68619871642825
-19.906729369588 -4.05322319916025 2.94228193160477
-20.3812423481251 -3.41920611470828 2.14249687290128
-20.718028588293 -2.74643071478401 1.3053959340472
-20.9121638849379 -2.04144553886472 0.449774089567804
-20.9610012914852 -1.311390441793 -0.40544820971617
-20.8641660499383 -0.563933725852264 -1.24132459997399
-20.6235886607361 0.192792878711472 -2.03896550012964
-20.2436064315269 0.950269616540889 -2.77962123619115
-19.7311569345105 1.6996958318105 -3.44480416899578
-19.0960636842224 2.43216216003054 -4.01650753956411
-18.3513756900591 3.13892838587603 -4.47758862828668
-17.5136719223445 3.81184563102717 -4.81237587321437
-16.6031891853739 4.44394513016081 -5.00752471617885
-15.6435970851778 5.03018068073451 -5.05308039197748
-14.661254306597 5.56825867395765 -4.94361545272441
-13.6838609071695 6.05942897489762 -4.6792228582145
-12.7385740398064 6.509063723576 -4.26610631367079
-11.8498412254341 6.92684678175132 -3.71656080316526
-11.0373483414926 7.32645280482688 -3.04828749391814
-10.3144951247277 7.72470521701824 -2.28319093265735
-9.68766595266458 8.14032702371217 -1.44596887686664
-9.15631595732708 8.59247714127689 -0.56283864678801
-8.71367078564272 9.09925310881473 0.339371867998413
-8.34775748339492 9.67625167928609 1.23374384602157
-8.04256119539843 10.3351896966925 2.09356525968039
-7.77924891792998 11.0825880863226 2.89267578906256
-7.53749641877059 11.9186328243985 3.60610348327708
-7.29693439488092 12.8364675021471 4.21109398006198
-7.0386264174102 13.8222118702381 4.68842268089172
-6.74639291119945 14.8558652805384 5.02369786707575
-6.40777561122902 15.9129944107477 5.20830439914067
-6.01450840908972 16.966861776578 5.23973667923535
-5.56248237696805 17.9905497890069 5.12126970542309
-5.05130653135611 18.9587045265159 4.86111340162595
-4.48362951649317 19.8487018819938 4.47130428234367
-3.86439066911676 20.6412301081898 3.96658823921652
-3.20012853998014 21.3204151158576 3.3634715952859
-2.49841807394942 21.8736650891927 2.67951732578335
-1.76745679577237 22.2913956686224 1.93288117003915
-1.01578650418859 22.5667489204806 1.14203620104319
-0.252120703812964 22.6953678392734 0.325621948817477
0.514755874316129 22.6752500604754 -0.497637169732332
1.27604725366778 22.5066843469732 -1.30898345973351
2.02299442517839 22.1922676717007 -2.08967415225397
2.74693978473055 21.7370019706725 -2.8210486058365
3.43943785422746 21.1484695305889 -3.4846424761724
4.09244577166118 20.4370767348262 -4.06238929569243
4.69862823772988 19.6163317983369 -4.5369625922097
5.25180505252827 18.7030820514252 -4.89231411307355
5.74754876729645 17.7175875771425 -5.11444337407656
6.18390122153086 16.6832695238264 -5.19238110131266
6.56212360256821 15.6259723719359 -5.11928630554127
6.88733899660535 14.5726484640784 -4.89346601089083
7.16889369499569 13.5495179421449 -4.51907081200416
7.42028003033976 12.5799441347155 -4.00624551974251
7.658540996259 11.6824160747107 -3.3706420495797
7.90319772609035 10.8690574190645 -2.6323956398161
8.17485699331259 10.1449436793267 -1.81483741834146
8.49370900185231 9.50826103435164 -0.943273874774455
8.87808462595965 8.95111157532376 -0.0440736492418661
9.34313460235607 8.46068244064321 0.855886247121953
9.89960429360039 8.02056763815992 1.7295543582442
10.5526872660069 7.61216754300023 2.55007123867191
11.3010571707528 7.21616999475277 3.29141333974031
12.1363159060644 6.81408437166773 3.92943208060952
13.0431346305444 6.38970020328821 4.44320390112017
14.0002366225956 5.9302682486418 4.81641858485666
14.9821252003756 5.42721876030607 5.03845528971955
15.9612268730342 4.87633381736436 5.10487239931391
16.9100187285385 4.27742272049848 5.01722507437625
17.8027722400585 3.63365085131275 4.78232409933262
18.616716859642 2.95071048593329 4.41117372042326
19.3326139497803 2.23599966850304 3.91784414863557
19.9348639644764 1.4979180443054 3.31847136464541
20.4113230763623 0.745325894547971 2.630482123695
20.7529940435784 -0.0128358327053167 1.87205768751715
20.9537103768384 -0.767794342912145 1.06179630489686
21.00987999279 -1.51110197168743 0.21851292336233
20.9203104984574 -2.2347379947919 -0.638883808774318
20.6861089121717 -2.93118286458162 -1.49148291106005
20.3106344988109 -3.59348088293896 -2.32045764443497
19.7994833869831 -4.21529619787431 -3.10715684920419
19.1604957338618 -4.79095939316369 -3.83320067409397
18.4037955060881 -5.31550121778955 -4.48058389230389
17.5418891072939 -5.78467881043238 -5.03181161656891
16.5898459627395 -6.19501784974223 -5.47013021332846
15.5655440380668 -6.54391604638761 -5.77995727080806
14.4898767995411 -6.82986794147739 -5.9476308264513
13.3866992904632 -7.05286269732989 -5.9625521421117
12.2821910457769 -7.2149624401809 -5.81865869503446
11.2033196335692 -7.32098925485612 -5.51594607576843
10.1752874088449 -7.37915933970649 -5.06154442283932
9.21824712350801 -7.40145188623977 -4.46980243472464
8.3440443067491 -7.40353465810861 -3.7610860095231
7.55401606401989 -7.40418994727852 -2.95955342109833
6.8386865214251 -7.42432987227629 -2.09076594754289
6.17952624304622 -7.48576614111774 -1.18020951919121
5.55216934541825 -7.60984785434411 -0.253377882727406
4.93021098196154 -7.81591649263083 0.662797749003559
4.28908001541765 -8.11939662623419 1.53818074940719
3.6098340682854 -8.52950492576482 2.33866813213953
2.8824934987907 -9.04706525166568 3.02750376255279
2.10810694395781 -9.66335678982591 3.56884295253315
1.29881458211736 -10.3608338748267 3.93259502360177
0.475883709046238 -11.1159230344487 4.09852343843327
-0.333799647575241 -11.9026799801723 4.06151777541481
