1.4542412495436856 -0.14973511731578942 -1.1133179046944863
1.5131697723779223 -0.39069420465611365 -1.0796976311691286
1.5430097358289581 -0.62715198920875603 -1.0022566897026977
1.5363794172605099 -0.84697173656045122 -0.87978007657945412
1.4935514493341275 -1.0367787288642811 -0.71865195993478848
1.4065724518376046 -1.1770885652838152 -0.52662473208823246
1.2974586499629803 -1.2565356195382269 -0.31519666044035849
1.1827686256594572 -1.2785482564128936 -0.094800158991993178
1.0707924889715996 -1.2373183847803131 0.1230816822295441
0.95719747710326741 -1.1466556695605306 0.32267197032409989
0.84579698346397314 -1.0067401371502618 0.49259528044884032
0.70765662193860168 -0.84616032336550462 0.60876266964279857
0.54168056233040818 -0.73795592018797418 0.73272651452542581
0.37239897307643116 -0.70107723822359835 0.88796327935556829
0.21947050402112916 -0.70853972277751809 1.0655757991551051
0.087494931090264003 -0.76058019018077538 1.2551927527836819
-0.053804174562852816 -0.85603787727968572 1.4257587950296216
-0.23705765192172201 -0.94394907717750565 1.5643917763616257
-0.45794953156028867 -1.0042061133214757 1.6589514119024116
-0.69952684127361464 -1.0362361896429149 1.708845240840108
-0.9497039825270388 -1.0343435688737153 1.7070112971238836
-1.1926708290035419 -1.0003940399642446 1.6577162175371805
-1.4177957138363491 -0.93294647800518793 1.5678115517990319
-1.6087813619076896 -0.83061494950682779 1.4378384811941141
-1.7483198650575391 -0.69795111940989996 1.274198380868921
-1.8273843869708759 -0.55144765243058513 1.0846128070727976
-1.8431090126995382 -0.41281532924965808 0.876897589378548
-1.8048985512757003 -0.2931572545625018 0.66266180974396183
-1.7125816606822986 -0.18982780304257402 0.45683864582101941
-1.5688675232279703 -0.10581853341735703 0.2744308819242478
-1.3858759350138794 -0.029963610697968268 0.13284058681494615
-1.2071817750269846 0.084384023727696433 0.024287447094924086
-1.0893557681161021 0.23733257805165231 -0.10457967405988361
-1.0302342116135634 0.40558770492829088 -0.25571674519125182
-1.0209178091700557 0.5749275786949255 -0.41878218290489561
-1.0599911649948881 0.74292047476538114 -0.58397676044183577
-1.111162815950715 0.94294070779255024 -0.71322663763014815
-1.130004261237777 1.1700415022931123 -0.80845590856478466
-1.1066493022052715 1.4126521750973127 -0.85620708116525268
-1.0470777885435965 1.6546172590790731 -0.85949651296815621
-0.95149838508564177 1.8821715439321824 -0.81876973490377547
-0.82504921240989293 2.0829176273469598 -0.73681803298904458
-0.66915620222850192 2.2447719404139215 -0.62311785313208978
-0.4927217646951606 2.351964882600345 -0.47690278601725417
-0.3091553361294701 2.3934624373132545 -0.30821149918829788
-0.14445060892684985 2.3747215227864138 -0.11949185459902972
-0.010260307485330168 2.3035458049853621 0.078197095743127443
0.087857764954516721 2.1865437067120639 0.27357754412795326
0.15257448825157546 2.0286764117812583 0.45290552858719813
0.18075192167763049 1.8341167765664284 0.6007640105460601
0.22885254851730841 1.6195740624799702 0.69774869879823753
0.3269268948378532 1.4340827462367765 0.79918401731639255
0.46954753571994584 1.3033859010308086 0.92729804171052943
0.62689846721381282 1.2160652423046805 1.0770341943724524
0.7949995387149017 1.1766010993409748 1.2399158464078586
0.99932599693146684 1.1522651421184884 1.3686138428452046
1.2199427721251819 1.0914023911041322 1.4610597058620256
1.4414588129775294 0.98830815856859422 1.5039613842593487
1.6526372643510299 0.85555373222954434 1.502486953467975
1.8360726264306408 0.69357733987689385 1.4494269573033569
1.985687013266267 0.51538559462447242 1.3574666115105134
2.0928163520173713 0.32606172456190613 1.2309455252033601
2.1406772329525174 0.13454955381235889 1.0721586422022849
2.1219717403422171 -0.041002408379920197 0.89200983113807952
2.051182043302815 -0.18408708988225109 0.69838864367020581
1.9384470070555109 -0.27911834860294255 0.49751285095333908
1.7950420446487829 -0.32702828865313699 0.30064098009789286
1.6224884113515776 -0.32715896015962337 0.12344326565944758
1.4277905499490327 -0.28759542490268181 -0.022315960286053593
1.2067062890919014 -0.24703931409563989 -0.11012962309120622
0.99430567051127228 -0.26996939417577831 -0.20496327988017143
0.81625750446924183 -0.35050169200970432 -0.33112125492126049
0.67321081814433559 -0.4593444610555622 -0.48169879479202876
0.57357363684874607 -0.59484067817501018 -0.6488260089524498
0.48889607413016795 -0.76781280677140407 -0.79513294494649944
0.36637026646375309 -0.95443535860597728 -0.89903520562923278
0.2081759640736911 -1.1359296018219505 -0.95732037349657406
0.021527995694107668 -1.3009052473524403 -0.96300627539526928
-0.18199357806977839 -1.4392518141432913 -0.9201324201486285
-0.39397599696695418 -1.5412670579766761 -0.8329521924414216
-0.60352801912796672 -1.6003954733683776 -0.7063788656741905
-0.79850057481130776 -1.6059498564206434 -0.54559226784695358
-0.96101285566113481 -1.5551807879865247 -0.35909131468850458
-1.0757635039739102 -1.4644169357271781 -0.15451316425130857
-1.132426103137447 -1.3472202427205584 0.058475725746708895
-1.1344440109462599 -1.2146055131430669 0.26837009186070332
-1.083177753757405 -1.0654142548855907 0.45929662283799
-0.98675256074571216 -0.90492036475076332 0.62010172760819549
-0.87377636931994784 -0.71889496320283386 0.72514018642040512
-0.81602655533346957 -0.51880342768069232 0.83264617456172552
-0.82725840198270029 -0.33262067225074049 0.97128061696749723
-0.87430530322138988 -0.17560775456716393 1.1383620016230083
-0.95707650562820468 -0.05264575356693485 1.3233756591178691
-1.0801558801293667 0.073961801309991831 1.4887903759788577
-1.2032854755487763 0.24449022198651427 1.6166605968834644
-1.3126040891249664 0.44984394732754118 1.703265432534768
-1.3975533510700962 0.68227357311679171 1.7336375707723215
-1.4560690645612551 0.92395477967783024 1.7153050647044714
-1.4822753697223912 1.1637993110880027 1.6506583488357971
-1.4749837762712665 1.3930241763454989 1.5466950093372722
-1.4251762270333235 1.5891902206766471 1.3946680204070572
-1.3340522353963877 1.7389546895228998 1.2139610997527868
-1.2224408373861406 1.8345893600115812 1.0103999075103356
-1.1042887772589254 1.8643118974305422 0.79248596330672316
-0.98893217681417456 1.8381354260423168 0.57504038951820213
-0.87614025475970203 1.760760136752765 0.36879342522909847
-0.7663359516485877 1.6270597022533031 0.19281484628603468
-0.62574512884286104 1.4785265180166485 0.066251988085871072
-0.45618971931498176 1.3887732809613802 -0.066709386128285864
-0.28982011602684399 1.364260224848173 -0.22736548493854952
-0.14729526419615613 1.3854166133488022 -0.41252508173218211
-0.023639143604266694 1.4537228294044189 -0.60453844252301958
0.13152048857803039 1.5436733011924366 -0.76916529349520713
0.3299225047662287 1.6124995965702276 -0.89888989271132536
0.55808749036461647 1.6521380959760126 -0.98693347314583368
0.8040364970927355 1.6613106686336787 -1.0285892180968874
1.0526241211501026 1.6350364743050767 -1.0180353276271774
1.2905946450331667 1.5774889355097037 -0.96475975221064636
1.5046799615168724 1.4876388823756148 -0.86750263622484147
1.6804678281597969 1.3703068329688997 -0.72935478079930616
1.7980305856097025 1.2255558616702684 -0.55867307058634319
1.8542749099195392 1.0791940788065142 -0.36300183460384866
1.8518931663922706 0.94465845714521635 -0.15339908253380991
1.7971584028754255 0.82820361453385338 0.058675919279446986
1.6893697401858285 0.73092740535216394 0.25910280230252458
1.5316453258610183 0.65521588572798728 0.43256257322015823
1.3475981780265387 0.56218943894005102 0.55641955307837554
1.210126091941585 0.42268545641985494 0.6839733362363396
1.1389903655722398 0.26255727437508986 0.83712880622795227
1.1158507328438823 0.10468432506316824 1.0090265019497637
1.1415047379834187 -0.046144070399373294 1.1907887449619756
1.1919003555232179 -0.23118175926253876 1.3402729856325455
1.2065301740132255 -0.4491558288419884 1.454263487708928
1.1835207747226062 -0.68464383427728204 1.5283913464870325
1.1214361122407479 -0.92428546673828915 1.5550195739341881
1.0245031835275067 -1.153417031071398 1.5354320383415856
0.89815234955803736 -1.3616912242840367 1.4757458143779141
0.74524793088469687 -1.5333205277173674 1.3736158956178894
0.57554501449117568 -1.661025439350722 1.2362959268561668
0.39407615437759602 -1.7184601664700094 1.0700552279534858
0.22448879351441892 -1.7191156168765367 0.88499534668171997
0.086760404669078958 -1.6628328229023077 0.68464446352181818
-0.016952351961151815 -1.5630247968631477 0.48279619968592896
-0.088208816407255086 -1.4202529369758286 0.2933752742180451
-0.1205355171228996 -1.2370944200899463 0.1312498246411398
-0.154880557768037 -1.0261634125591925 0.020335062408790572
-0.24837658348008423 -0.84212867623293319 -0.089437253170768949
-0.38207703255662057 -0.7116140109087441 -0.227431330150134
-0.52807841831874036 -0.62798897928415975 -0.39080068579279409
-0.68289479652778284 -0.5915944407274969 -0.5669927715559544
-0.87639420130049517 -0.56853567742012956 -0.71272874015236054
-1.089858608584291 -0.50223741310832914 -0.8176878231780571
-1.3061763444542263 -0.39831077310841295 -0.87889489513388286
-1.5136639118711579 -0.26132803545187794 -0.89147224700511929
-1.7006811667861352 -0.098753046382127674 -0.85546655299882812
-1.8537473138661065 0.081116418819747904 -0.77171454528295969
-1.9700374893424022 0.26768476896635418 -0.65051534166513125
-2.03590556227108 0.45275008807243733 -0.49145655491123214
-2.0374173021349375 0.62526336211917877 -0.30717870236357753
-1.9786913201631213 0.76941411565455797 -0.10970559623492576
-1.8761160571128304 0.86837717571784268 0.095111444313158072
-1.7391187927655052 0.91810608553212991 0.29591257321494702
-1.5737802183604568 0.9267164252062865 0.4789460859838236
-1.3845765550419462 0.8943902501272869 0.63414311145738811
-1.1695134309237256 0.84257811789033066 0.73267362906992184
-0.95408329010131854 0.84387586334322795 0.82603384206139174
-0.77260940093062269 0.91036241584801791 0.95487002874761973
-0.62646252023988735 1.0042484461702184 1.1124451538337228
-0.52021815599123711 1.1203275004697668 1.2890781201158801
-0.44386065674659347 1.2766663049220253 1.4561052938944403
-0.33124450232268765 1.4553245331893805 1.5815416882944286
-0.18270997704507536 1.6348327180856774 1.6636968365277764
-0.0031395900260457951 1.8046019377893974 1.6946674269204471
0.19610757363306619 1.9529504123406558 1.6703950633036071
0.40318584038155331 2.0731477287722138 1.5982290532921068
0.61027142871790663 2.1564041819977864 1.482328536483414
0.80549439812614598 2.1944969244101067 1.326902370630008
0.97637378132205599 2.1780965629613473 1.1413872499263498
1.1056047689899147 2.1103769652418425 0.93577162646155987
1.18083866124598 2.01029080623112 0.71840032952038868
1.1966867887031034 1.8883430627879856 0.50211478521316955
1.1652452748067554 1.7494339339159197 0.29891713370360584
1.0814523259695832 1.5932547429664892 0.12653690979577401
0.96122041735118335 1.4270774791849024 -0.0064477523178598228
0.86612316029354375 1.228289368355483 -0.098827245726917201
0.83147690563952936 1.0331027608209435 -0.21913914796062534
0.85383427199924156 0.86139180849468988 -0.37558620211086352
0.90881041367358106 0.71690850403893469 -0.55305702167738491
1.0053648668062551 0.60339124528024968 -0.73926124126988291
1.1324167780709589 0.46965249433445966 -0.89825424986783542
1.2564647989635651 0.29320249750791233 -1.018409189833468
1.3652440866446161 0.082421051788230448 -1.0902712436616884
