-0.51162614628827463 -1.4942566303213169 0.5704187486940151
-0.70117097482728663 -1.3744209338157169 0.48357096663585591
-0.86631462027420303 -1.252138095488651 0.36818921227132706
-1.0246067452994154 -1.1196554209176537 0.25280070904409963
-1.1711665759405661 -0.95332820999664103 0.16347955669473285
-1.2987645371739662 -0.75814668106982153 0.10994879974690303
-1.4012841317763334 -0.54139387186981336 0.097688483180362079
-1.463904460716732 -0.31741553394162869 0.13142395070691473
-1.5051860903447252 -0.12229516383833693 0.22532439765919643
-1.5681002677671123 0.035008925895843743 0.34602386713795669
-1.6792158153164629 0.16329764628727159 0.47218723021654035
-1.8382773448813794 0.28183520294539555 0.57304393459134362
-2.0341128949853178 0.39649056725597981 0.62580868880835139
-2.2457014645477256 0.51213904901024521 0.62373860722571051
-2.4560318895589157 0.62933993483175699 0.56146338374618177
-2.6448948294605041 0.74807404042417414 0.44045753564921247
-2.8001426315480438 0.8646381180931334 0.26866561407641237
-2.9052088437006232 0.9720014891524279 0.054058877117489662
-2.95712426124321 1.0689372638678949 -0.1884417826526073
-2.9400187295735143 1.1482219866167811 -0.44357963416027091
-2.8632488068270403 1.2095611607456591 -0.69229847396385358
-2.7244908283797824 1.2441510728768024 -0.91847311267272169
-2.5402118549567354 1.2541093267018151 -1.1068667689983178
-2.3196344734970751 1.2409281933660814 -1.2468266230215526
-2.0793388603611764 1.2056374776551826 -1.3302342046061213
-1.8344524766078154 1.150188025090823 -1.3573010441407172
-1.5995307649119248 1.0830813989240773 -1.3237919659572677
-1.3854301543982848 1.0106340666810272 -1.2420314596448812
-1.2033606331453666 0.94208098048361499 -1.1108122695186997
-1.0556224056910213 0.88301330790099475 -0.94781335893048291
-0.94970214450236878 0.84307702719096989 -0.75659802241613017
-0.88393616522733953 0.82719247754508707 -0.55076408602098437
-0.85419572564519264 0.84155492281201627 -0.33872726703476086
-0.85438348059774416 0.88148430242753739 -0.12868625982484966
-0.87026569845420498 0.96978710493547593 0.068293803359545782
-0.87935785991300386 1.1174968682563537 0.23697239051685298
-0.86627915580703552 1.3049416060296894 0.37444246441932455
-0.81531806585024802 1.5176599719560038 0.47131693810036462
-0.72272282679421052 1.7357191170230377 0.52945224362971555
-0.58706607854973636 1.9435072089385179 0.54685661712357692
-0.41039877151790222 2.1217054617180171 0.52815469406683047
-0.20183074277148788 2.2593974563950319 0.47674062664283318
0.028038286206506925 2.3393207949125925 0.39943796335070941
0.26488394280398236 2.3659170119810455 0.30435379264623796
0.49636313211713018 2.3260187498811886 0.19963753776427584
0.7103964937893178 2.2298698542061879 0.09928579152966599
0.89737782730459448 2.0770850586628504 0.019063147961187916
1.0480828771896966 1.8826910980146432 -0.024051364782047158
1.160133613534974 1.6753409989029255 -0.010412016112904536
1.260727668676263 1.5005983240091996 0.061762086804411365
1.3988185453199315 1.3586890740856268 0.14178852382542079
1.5707945585074139 1.2022759277179642 0.16686243807487419
1.7313923310799595 1.0125727942558687 0.14494004129183652
1.8392446159105451 0.78806034161173266 0.091441260281388881
1.8846473744879133 0.54570449846990565 0.034939017520454183
1.8695000930565224 0.29865177838792134 -0.004179227037401978
1.8032434981357217 0.061736479568766878 -0.0047296718333057416
1.705971239365635 -0.14383873544976883 0.044120557212168315
1.6309196640842454 -0.31740508550753721 0.14440156893437719
1.6006173593993489 -0.50476132545061236 0.23642585901279917
1.5952289912954905 -0.71731117462594041 0.28884493341227063
1.6150606063876731 -0.93789274809125056 0.30663773139100681
1.6602057309067468 -1.1587680801354718 0.28628381330678554
1.7141649362333924 -1.3790605132627112 0.25463984565432024
1.7763854969911947 -1.6059587912215347 0.22361808063849758
1.8099421624126479 -1.8484629565001638 0.1814035615684442
1.7926728870093853 -2.0988272077563397 0.12289946024964682
1.7092502207119264 -2.3353951798460217 0.049167882496445034
1.5719193484401472 -2.5454371123208519 -0.033263937638109781
1.3816515661289883 -2.7114447240746617 -0.12085245729496293
1.1551991346429655 -2.8234867255201435 -0.20773016032212158
0.90449509483630131 -2.8727918203086258 -0.2894989415906245
0.64916694870249125 -2.8554243331391009 -0.36052742229052559
0.40372389932630054 -2.7768445388765928 -0.41835302991875589
0.18722602754976525 -2.6385628562528507 -0.45849314977203759
0.0078174573414405285 -2.4593219534416217 -0.48170373802402155
-0.12192548726849026 -2.246000168338544 -0.48845408885264019
-0.20302119736558155 -2.0171434649498274 -0.48725290053657128
-0.23289170003145199 -1.7808181393669811 -0.47590905758880286
-0.20914864027809954 -1.5500399394540316 -0.45392198404969542
-0.13680448148798535 -1.3385070268999546 -0.41342814445074433
-0.019328590988917017 -1.1647482274960406 -0.34089084509348755
0.12769112144068781 -1.0148655944353653 -0.28623814706329664
0.30380103843256479 -0.89589564234938524 -0.30267394504264683
0.4923675017207027 -0.80734261878708835 -0.35754569441079598
0.68662068354683636 -0.74797025908517789 -0.43612223036700065
0.87788304287065855 -0.72254043946394975 -0.53893869779565451
1.0648094520001987 -0.73768706285463082 -0.65813734166753668
1.2747243077572932 -0.80004632412299514 -0.73313851025802301
1.5063642869308562 -0.85288435148122066 -0.76741820033553743
1.7493811078116115 -0.87722051781633625 -0.75219528369996569
1.9894628804593781 -0.87552515307119172 -0.68806231286967323
2.2121200151295226 -0.85205410842718909 -0.56939890618882494
2.3991088423748983 -0.81280653114049917 -0.39871683852844964
2.5435444657450543 -0.74999515220877544 -0.19118673943196604
2.6297404996149099 -0.65911744740019462 0.038486920756408333
2.6603932596970812 -0.54457696081828422 0.272724806361898
2.6257662200981056 -0.41097971548503198 0.49624523349362709
2.5359480336206919 -0.26985910908269967 0.69559665814223304
2.3930195725524852 -0.12661718661010468 0.85827230214091776
2.2082538102786451 0.0067049158557268146 0.97435042880888667
1.9947879354067948 0.12441422338112276 1.0410991379464634
1.7660585745667867 0.22007509400479702 1.0505272190827784
1.5384589037270442 0.29523035133184905 1.0106662687649151
1.3261303768239361 0.34850139016225984 0.91682725443976487
1.1404293098523139 0.38725023673101028 0.78288658535430766
0.99248016529058036 0.40995589422063244 0.61147620839747363
0.88853464026608864 0.42466333443426102 0.41570139251150751
0.83260796337429577 0.43896553809255562 0.20543024659257311
0.82380475584242985 0.4723454521617651 -0.0086393417581030058
0.85261028561020613 0.51997079279872283 -0.21871316763441112
0.92515855225439492 0.58813227783685496 -0.41359097406146061
1.0303105438643863 0.67541197405907138 -0.58944467929459243
1.1662211503871056 0.78938889853992789 -0.7305444827174723
1.321403771027698 0.92622474728112214 -0.83570518413472628
1.4895602721833081 1.0846424665410572 -0.88931455055492914
1.6600125505792638 1.2570909715108414 -0.89325564255133472
1.8204541193734893 1.4387226875179873 -0.83911011188398099
1.9587041488077057 1.6190097264878074 -0.72939531430245186
2.0617797801244757 1.7935515772673885 -0.57070193181685536
2.1214147788957822 1.9448571045174821 -0.36862314074977004
2.1368498701095082 2.0694677138165387 -0.13738715649369571
2.0943271554101437 2.1562715844711584 0.10922256217330062
2.0033038492339301 2.2037843315736629 0.35232495344012066
1.8663401444061412 2.2049748260370352 0.57834193494498098
1.6936040592925707 2.1652557252210243 0.76964580025049534
1.4943209297731113 2.0907224428085627 0.91716751104558258
1.281578918661201 1.9853487445873863 1.0095190505918381
1.0677061406001995 1.8606072866431649 1.0478053004364238
0.86426595650672011 1.7248654696531616 1.0239151224331018
0.67992103990805974 1.5917118075681673 0.95056392047901972
0.521150113117407 1.4716549869829381 0.82874380300665118
0.39002150575580402 1.3761934361498176 0.67057682274524866
0.28827473138594473 1.3148037343806966 0.48554025776735749
0.21239134084748265 1.2979722086979051 0.28498577191708557
0.15562265136664846 1.3187967966509826 0.082572010402049464
0.087584829842402984 1.3972736763541043 -0.10355381749043741
-0.013196743680178959 1.5143353542766023 -0.26526160109662478
-0.16092029685980641 1.6469211461533591 -0.38875896266075116
-0.35246064507795477 1.7666595239223586 -0.47311075293752952
-0.58043800974621196 1.8523684751481599 -0.51639798578015017
-0.82800321662481147 1.8874943489398071 -0.52223905791583203
-1.0800298198255591 1.8696968892212493 -0.50076383951218251
-1.3175917483943067 1.7910446334023387 -0.4555178782811537
-1.5310186100225491 1.6629496176503822 -0.39894167596981317
-1.703165821236464 1.482631296990655 -0.34049263235186078
-1.8272841495512127 1.2658714707597833 -0.29725532055131121
-1.8960209497971701 1.0314232015350506 -0.2935013480992123
-1.9339242967885311 0.82337978946687995 -0.34637426665955445
-2.0090175392811869 0.64466688128597915 -0.41949092172662733
-2.1275619040189873 0.45940474653544427 -0.45203360431264145
-2.264793503919762 0.26406008216698429 -0.42950726873357475
-2.3854793777000087 0.06749073781724485 -0.33934063707808337
-2.4776390697403272 -0.12121466207336663 -0.19978389844215436
-2.5227607983410061 -0.2958278589755311 -0.017003540203725253
-2.5164864136886336 -0.44541431809204268 0.19256195421832031
-2.4556341626728435 -0.56787809190125615 0.41445221092453971
-2.3365560181183795 -0.65520115373026111 0.62810057974580147
-2.1736973514644036 -0.70771550055411236 0.82182540516956148
-1.9693901338523159 -0.72305203237304883 0.97752149582046988
-1.7432979814372267 -0.70396606351917868 1.089438896365732
-1.5054446343670371 -0.65508514298267451 1.1500042907826207
-1.2711380665297434 -0.58187507843047992 1.1574381898991795
-1.0504065151580562 -0.49233632938054894 1.1141878810430694
-0.85381348296742887 -0.40212033196298369 1.0153681477972607
-0.68725130480192964 -0.323805863796018 0.87310509051642038
-0.55942350750223313 -0.26575080691456887 0.69229598302808926
-0.46937232705858661 -0.21627013837459724 0.49157126162223114
-0.42279505097002357 -0.17755316897597812 0.27614483908260279
-0.4178364504437117 -0.14918589489712158 0.055917232136816736
-0.45792714344666913 -0.13921400395680511 -0.16553608770954145
-0.47875210439802501 -0.15539681401616562 -0.3943447527375552
-0.44864038463199257 -0.19113883919999497 -0.62190364908520923
-0.38378529902498226 -0.26540117793589668 -0.83198336713877286
-0.2928133200685285 -0.3718056564221775 -1.020000619012658
-0.1755862649201064 -0.51231064550866967 -1.1698201097269261
-0.041546268354658376 -0.67438553568416904 -1.2820318406831785
0.10297228000615391 -0.85610496193851426 -1.3455617738387802
0.25099870252155976 -1.0475087282564806 -1.3625698730741163
0.3926399242602106 -1.2454559308771116 -1.3268653633744227
0.52386443137830108 -1.4396690319865013 -1.2371775374902885
0.64699380345391289 -1.6089263434473613 -1.0854929509924802
0.75161354640343025 -1.7229461884878781 -0.87688228467843032
0.82540421607983305 -1.7808234593153196 -0.63928231882791708
0.84446200141418326 -1.8053754196430414 -0.3942360866365629
0.80269932337338512 -1.8243674932648317 -0.15927657293858882
0.69774382417464176 -1.8434559668955932 0.057145471982690169
0.54688088022896975 -1.8425162188130062 0.24993096076699112
0.35986735629589595 -1.8170572150084379 0.40673628281524277
0.15025180908178865 -1.7665727406976341 0.52160069873919013
-0.072389572317037493 -1.6939067816066444 0.58938200635152294
-0.29679754064104141 -1.6025261122690613 0.60403310456715764
