26.5496645932869 -4.9284068038103e-13 -3.11615254184808e-13
26.5068240477993 0.944203757808079 0.605224694134757
26.3784618535309 1.88358708318757 1.20583766056489
26.1650668471572 2.81333665537974 1.79717831604147
25.8674881002357 3.72865740565249 2.37449335285116
25.4869840032871 4.62479153815838 2.9329027463322
25.0252860705126 5.49704890799943 3.46738030050982
24.4846724759559 6.34085162330983 3.9727529720042
23.8680448950658 7.15179485384016 4.44372252150504
23.1790009345292 7.9257246435073 4.87491201172863
22.4218934584265 8.65883204462332 5.26093826012905
21.6018676667677 9.34776117263172 5.59650957676122
20.724867062468 9.98972693861153 5.87654605923962
19.7976006207363 10.5826364296046 6.09631754688865
18.8274656223524 11.1252063957371 6.25159229846729
17.822423662974 11.6170683020804 6.33878784108071
16.7908310774706 12.0588521130493 6.35511452735452
15.7412290451042 12.4522405168999 6.2987023544769
14.6821024930881 12.7999866663006 6.16870263930435
13.6216201019827 13.105890571952 5.96535814040334
12.5673698283313 13.3747317879307 5.69003792954181
11.5261051585711 13.6121586545658 5.34523635946408
10.5035167714581 13.8245368134606 4.93453839679605
9.50404260230687 14.0187617636675 4.46255595159879
8.53072680757538 14.2020418117216 3.9348413111607
7.58513520725098 14.38165895044 3.35778422865533
6.66733176255148 14.5647161460371 2.73849869387967
5.77591772309201 14.7578803813242 2.08470418514866
4.90813229729744 14.9671316418901 1.40460465530014
4.06001100807643 15.197528703458 0.706767041389484
3.22659523191329 15.4530027741448 4.20083710805345e-14
2.4021838145243 15.7361894115936 -0.706767041389401
1.58061528329222 16.0483074592905 -1.40460465530006
0.755567321369258 16.3890911088347 -2.08470418514859
-0.0791408743499858 16.7567779858627 -2.73849869387961
-0.929257778505771 17.1481529329796 -3.35778422865527
-1.799833758104 17.5586444126378 -3.93484131116066
-2.69499208622101 17.9824684089987 -4.46255595159876
-3.61774623586196 18.412813300224 -4.93453839679603
-4.56987036899425 18.8420581335547 -5.34523635946408
-5.55182719317858 19.2620157801439 -5.69003792954183
-6.56275448284761 19.6641914307064 -5.96535814040338
-7.60050856384783 20.0400458821963 -6.16870263930441
-8.66176000178178 20.3812523051892 -6.29870235447698
-9.74213378550293 20.6799349964852 -6.35511452735462
-10.8363837272355 20.9288792937048 -6.33878784108083
-11.9385889271455 21.1217034942452 -6.25159229846744
-13.0423592521055 21.2529862157895 -6.09631754688882
-14.14103701653 21.3183459008456 -5.8765460592398
-15.2278834192052 21.31447270782 -5.59650957676143
-16.2962406018009 21.2391164021778 -5.26093826012928
-17.3396631352588 21.0910366648265 -4.87491201172888
-18.3520159258806 20.8699241907174 -4.44372252150531
-19.3275385893731 20.576301933949 -3.97275297200449
-20.2608789666634 20.2114158954325 -3.46738030051013
-21.1471004587418 19.7771240956611 -2.93290274633252
-21.9816691667654 19.2757910498476 -2.37449335285149
-22.7604274683173 18.7101934064091 -1.79717831604181
-23.4795607418482 18.0834406396522 -1.20583766056523
-24.1355636033542 17.3989129699306 -0.605224694135105
-24.725211376701 16.6602171245486 -3.7771347494954e-14
-25.2455416913522 15.871159197491 0.605224694135029
-25.6938501596613 15.0357327182836 1.20583766056516
-26.06770305985 14.158119076208 1.79717831604173
-26.3649688345533 13.2426966350972 2.37449335285141
-26.5838689808554 12.2940541960372 2.93290274633245
-26.7230475251691 11.3170039244682 3.46738030051006
-26.7816567316863 10.3165884898131 3.97275297200443
-26.759455010898 9.29807703663678 4.44372252150525
-26.6569112536286 8.26694480615839 4.87491201172883
-26.4753081576156 7.22883185109992 5.26093826012923
-26.2168357376559 6.18947741178476 5.59650957676138
-25.8846653544199 5.15462817584121 5.87654605923975
-25.4829944994952 4.129920782106 6.09631754688877
-25.0170534233942 3.12074141408456 6.25159229846739
-24.4930665729102 2.13206793130944 6.33878784108079
-23.9181646487558 1.16830241226269 6.35511452735458
-23.3002466694472 0.233103912756346 6.29870235447694
-22.6477953478317 -0.670767599423674 6.16870263930437
-21.9696528755526 -1.54158496754896 5.96535814040335
-21.2747673898048 -2.3787548431417 5.6900379295418
-20.5719225870327 -3.1828772297889 5.34523635946406
-19.8694639533152 -3.95575714267945 4.93453839679602
-19.1750349263919 -4.7003646048028 4.46255595159875
-18.4953352168463 -5.42074194837495 3.93484131116066
-17.8359118476432 -6.12186006344138 3.35778422865528
-17.2009915832835 -6.8094277749197 2.73849869387963
-16.5933615651085 -7.48966095005315 2.08470418514861
-16.014303213154 -8.16902025138175 1.40460465530009
-15.4635826718441 -8.85392857560358 0.706767041389436
-14.9394990366408 -9.55048094266792 -1.35366927931273e-15
-14.438989118755 -10.2641606179067 -0.706767041389438
-13.9577846003552 -10.9995752891505 -1.40460465530009
-13.4906143814096 -11.7602260774891 -2.08470418514861
-13.0314421895072 -12.5483201770249 -2.73849869387963
-12.5737275888718 -13.3646353394023 -3.35778422865528
-12.110697664417 -14.2084416442998 -3.93484131116065
-11.6356168589426 -15.0774833237136 -4.46255595159875
-11.1420434507148 -15.968020934808 -4.93453839679601
-10.6240626289107 -16.874931823527 -5.34523635946405
-10.0764877816558 -17.791864436179 -5.6900379295418
-9.49502334046785 -18.7114395242153 -5.96535814040334
-8.87638435655097 -19.6254887072004 -6.16870263930436
-8.2183700113802 -20.5253184461832 -6.29870235447693
-7.51989054113143 -21.401985596402 -6.35511452735456
-6.780949528724 -22.2465697415777 -6.33878784108077
-6.00258601207106 -23.0504277582488 -6.25159229846737
-5.18678310889622 -23.8054176299755 -6.09631754688874
-4.33635158510533 -24.5040813128833 -5.87654605923972
-3.45479776932613 -25.1397801209026 -5.59650957676134
-2.54618532741991 -25.7067801851153 -5.26093826012919
-1.61499967976025 -26.2002895381517 -4.87491201172878
-0.666022416465131 -26.6164518293737 -4.4437225215052
0.295778828971505 -26.9523042685993 -3.97275297200437
1.26534168794317 -27.2057089715696 -3.46738030051001
2.23758025091207 -27.3752674483452 -2.93290274633239
3.20743668949271 -27.4602276730414 -2.37449335285135
4.16991534350332 -27.4603922122737 -1.79717831604167
5.12010241614354 -27.3760345053101 -1.2058376605651
6.05317514850891 -27.2078287948403 -0.605224694134965
6.96440474168711 -26.9567975674724 1.01758265045408e-13
7.84915742165733 -26.6242787802092 0.605224694135167
8.7028979550943 -26.2119136671295 1.2058376605653
9.52119966076605 -25.7216545374527 1.79717831604187
10.2997645348495 -25.1557906639437 2.37449335285155
11.0344565086573 -24.51698908688 2.93290274633258
11.721350056636 -23.8083459086051 3.46738030051019
12.3567953393913 -23.0334424477735 3.97275297200455
12.9374997814373 -22.1963995291335 4.44372252150537
13.4606244573778 -21.301922322991 4.87491201172894
13.9238919516693 -20.3553276786608 5.26093826012933
14.3257005826789 -19.3625459974992 5.59650957676148
14.6652382168467 -18.3300905264904 5.87654605923984
14.9425875630201 -17.2649886258966 6.09631754688885
15.1588140635178 -16.1746720738252 6.25159229846746
15.3160274891551 -15.0668266812626 6.33878784108084
15.417409221179 -13.9492051252287 6.35511452735461
15.4671989607644 -12.8294105706501 6.29870235447696
15.4706370984017 -11.7146618918807 6.16870263930437
15.4338619201447 -10.6115536979117 5.96535814040333
15.3637638595671 -9.52582560082379 5.69003792954177
15.2678017496258 -8.462155114749 5.34523635946401
15.1537881916931 -7.42398730536486 4.93453839679595
15.0296525925079 -6.41341207357937 4.46255595159867
14.9031911550511 -5.43109709500841 3.93484131116055
14.781813331029 -4.47628129342099 3.35778422865515
14.6722942078483 -3.54683056227926 2.73849869387948
14.5805422253159 -2.6393543999252 2.08470418514845
14.5113915561787 -1.74937922036808 1.4046046552999
14.4684282912576 -0.871571334167289 0.706767041389236
14.4538589327141 2.03437412464762e-13 -2.18786791673523e-13
14.4684282912576 0.871571334167697 -0.706767041389672
14.5113915561787 1.74937922036849 -1.40460465530033
14.580542225316 2.63935439992562 -2.08470418514887
14.6722942078484 3.54683056227969 -2.73849869387989
14.781813331029 4.47628129342142 -3.35778422865554
14.9031911550512 5.43109709500886 -3.93484131116092
15.029652592508 6.41341207357983 -4.46255595159902
15.1537881916932 7.42398730536533 -4.93453839679627
15.2678017496259 8.46215511474948 -5.3452363594643
15.3637638595672 9.52582560082428 -5.69003792954204
15.4338619201448 10.6115536979122 -5.96535814040357
15.4706370984018 11.7146618918812 -6.16870263930458
15.4671989607645 12.8294105706506 -6.29870235447713
15.4174092211791 13.9492051252292 -6.35511452735475
15.3160274891552 15.0668266812631 -6.33878784108095
15.1588140635179 16.1746720738257 -6.25159229846753
14.9425875630202 17.2649886258971 -6.0963175468889
14.6652382168467 18.3300905264909 -5.87654605923986
14.3257005826789 19.3625459974997 -5.59650957676147
13.9238919516693 20.3553276786613 -5.26093826012931
13.4606244573778 21.3019223229915 -4.87491201172889
12.9374997814372 22.1963995291339 -4.44372252150531
12.3567953393913 23.0334424477739 -3.97275297200447
11.721350056636 23.8083459086055 -3.4673803005101
11.0344565086573 24.5169890868804 -2.93290274633248
10.2997645348495 25.1557906639441 -2.37449335285144
9.52119966076596 25.7216545374531 -1.79717831604176
8.70289795509419 26.2119136671299 -1.20583766056518
7.84915742165722 26.6242787802095 -0.605224694135045
6.96440474168699 26.9567975674727 2.37713424995771e-14
6.0531751485088 27.2078287948406 0.605224694135093
5.12010241614342 27.3760345053103 1.20583766056523
4.1699153435032 27.460392212274 1.7971783160418
3.2074366894926 27.4602276730416 2.37449335285149
2.23758025091196 27.3752674483454 2.93290274633253
1.26534168794306 27.2057089715699 3.46738030051015
0.2957788289714 26.9523042685995 3.97275297200452
-0.66602241646523 26.6164518293739 4.44372252150536
-1.61499967976034 26.2002895381518 4.87491201172894
-2.54618532741999 25.7067801851154 5.26093826012936
-3.45479776932621 25.1397801209028 5.59650957676153
-4.33635158510541 24.5040813128834 5.87654605923992
-5.18678310889628 23.8054176299757 6.09631754688895
-6.00258601207111 23.050427758249 6.25159229846759
-6.78094952872405 22.2465697415779 6.33878784108101
-7.51989054113147 21.4019855964022 6.35511452735481
-8.21837001138023 20.5253184461833 6.29870235447719
-8.876384356551 19.6254887072005 6.16870263930464
-9.49502334046787 18.7114395242154 5.96535814040362
-10.0764877816558 17.7918644361791 5.69003792954209
-10.6240626289107 16.8749318235272 5.34523635946435
-11.1420434507148 15.9680209348081 4.93453839679631
-11.6356168589426 15.0774833237137 4.46255595159904
-12.1106976644169 14.2084416442999 3.93484131116094
-12.5737275888717 13.3646353394024 3.35778422865555
-13.0314421895071 12.5483201770249 2.73849869387988
-13.4906143814094 11.7602260774892 2.08470418514885
-13.957784600355 10.9995752891506 1.4046046553003
-14.4389891187548 10.2641606179068 0.706767041389628
-14.9394990366405 9.55048094266803 1.65051572850949e-13
-15.4635826718439 8.8539285756037 -0.706767041389299
-16.0143032131538 8.16902025138189 -1.40460465529998
-16.5933615651082 7.4896609500533 -2.08470418514853
-17.2009915832832 6.80942777491987 -2.73849869387958
-17.8359118476429 6.12186006344158 -3.35778422865526
-18.495335216846 5.42074194837517 -3.93484131116067
-19.1750349263916 4.70036460480304 -4.4625559515988
-19.8694639533149 3.95575714267973 -4.93453839679609
-20.5719225870324 3.18287722978921 -5.34523635946416
-21.2747673898046 2.37875484314203 -5.69003792954194
-21.9696528755524 1.54158496754931 -5.96535814040351
-22.6477953478315 0.670767599424047 -6.16870263930456
-23.300246669447 -0.233103912755948 -6.29870235447715
-23.9181646487557 -1.16830241226228 -6.3551145273548
-24.4930665729101 -2.132067931309 -6.33878784108103
-25.0170534233941 -3.12074141408411 -6.25159229846764
-25.4829944994952 -4.12992078210553 -6.09631754688904
-25.8846653544199 -5.15462817584073 -5.87654605924003
-26.2168357376559 -6.18947741178427 -5.59650957676167
-26.4753081576156 -7.22883185109942 -5.26093826012953
-26.6569112536287 -8.26694480615789 -4.87491201172914
-26.7594550108982 -9.29807703663628 -4.44372252150558
-26.7816567316865 -10.3165884898126 -3.97275297200476
-26.7230475251693 -11.3170039244677 -3.4673803005104
-26.5838689808557 -12.2940541960367 -2.93290274633279
-26.3649688345536 -13.2426966350967 -2.37449335285176
-26.0677030598503 -14.1581190762075 -1.79717831604209
-25.6938501596617 -15.0357327182832 -1.20583766056552
-25.2455416913526 -15.8711591974905 -0.605224694135395
-24.7252113767014 -16.6602171245482 -3.31840852021821e-13
-24.1355636033547 -17.3989129699302 0.605224694134734
-23.4795607418487 -18.0834406396518 1.20583766056487
-22.7604274683179 -18.7101934064088 1.79717831604145
-21.981669166766 -19.2757910498474 2.37449335285114
-21.1471004587425 -19.7771240956609 2.93290274633219
-20.2608789666641 -20.2114158954324 3.46738030050983
-19.3275385893738 -20.5763019339489 3.97275297200422
-18.3520159258813 -20.8699241907174 4.44372252150507
-17.3396631352596 -21.0910366648265 4.87491201172868
-16.2962406018017 -21.2391164021778 5.26093826012912
-15.227883419206 -21.3144727078201 5.59650957676131
-14.1410370165309 -21.3183459008457 5.87654605923974
-13.0423592521064 -21.2529862157897 6.09631754688881
-11.9385889271464 -21.1217034942454 6.25159229846748
-10.8363837272363 -20.9288792937051 6.33878784108094
-9.74213378550378 -20.6799349964855 6.35511452735479
-8.66176000178261 -20.3812523051895 6.29870235447721
-7.60050856384865 -20.0400458821967 6.1687026393047
-6.56275448284842 -19.6641914307067 5.96535814040373
-5.55182719317937 -19.2620157801443 5.69003792954223
-4.56987036899502 -18.842058133555 5.34523635946454
-3.61774623586271 -18.4128133002244 4.93453839679654
-2.69499208622175 -17.982468408999 4.46255595159931
-1.79983375810473 -17.5586444126381 3.93484131116124
-0.929257778506493 -17.1481529329799 3.35778422865588
-0.0791408743507047 -16.756777985863 2.73849869388024
0.755567321368538 -16.389091108835 2.08470418514923
1.5806152832915 -16.0483074592908 1.40460465530071
2.40218381452357 -15.7361894115938 0.70676704139005
3.22659523191254 -15.4530027741449 5.9698017030363e-13
4.06001100807566 -15.1975287034581 -0.706767041388863
4.90813229729664 -14.9671316418903 -1.40460465529954
5.77591772309119 -14.7578803813243 -2.0847041851481
6.66733176255063 -14.5647161460372 -2.73849869387915
7.5851352072501 -14.3816589504401 -3.35778422865485
8.53072680757447 -14.2020418117218 -3.93484131116027
9.50404260230594 -14.0187617636677 -4.46255595159842
10.5035167714571 -13.8245368134608 -4.93453839679574
11.5261051585701 -13.612158654566 -5.34523635946384
12.5673698283303 -13.374731787931 -5.69003792954164
13.6216201019817 -13.1058905719524 -5.96535814040323
14.6821024930871 -12.799986666301 -6.16870263930431
15.7412290451032 -12.4522405169003 -6.29870235447693
16.7908310774696 -12.0588521130497 -6.35511452735461
17.822423662973 -11.6170683020809 -6.33878784108087
18.8274656223514 -11.1252063957376 -6.25159229846751
19.7976006207354 -10.5826364296052 -6.09631754688893
20.7248670624672 -9.98972693861219 -5.87654605923994
21.6018676667669 -9.34776117263243 -5.59650957676159
22.4218934584257 -8.65883204462408 -5.26093826012947
23.1790009345285 -7.9257246435081 -4.87491201172908
23.8680448950652 -7.151794853841 -4.44372252150553
24.4846724759553 -6.3408516233107 -3.97275297200472
25.0252860705121 -5.49704890800034 -3.46738030051037
25.4869840032867 -4.62479153815931 -2.93290274633277
25.8674881002354 -3.72865740565344 -2.37449335285175
26.1650668471569 -2.81333665538071 -1.79717831604208
26.3784618535307 -1.88358708318855 -1.2058376605655
26.5068240477992 -0.944203757809062 -0.605224694135378
