-33.3510308882155 -23.8865741945306 -2.90132062550592
-32.6984364701158 -23.4489722935613 -3.68931648864125
-32.0229357456291 -23.0453399538927 -4.47620109117957
-31.325708474688 -22.6735196838737 -5.25986399553721
-30.6063118134652 -22.3295695778843 -6.03625320926989
-29.8627123561711 -22.0087218166194 -6.79970887393522
-29.0918516997508 -21.7065928078975 -7.54361823066712
-28.2905645979004 -21.4202478122706 -8.26127572341444
-27.4565261014722 -21.1487699836327 -8.94679873541737
-26.5889111793351 -20.8931609848355 -9.59589508391679
-25.6885898414392 -20.6556336705093 -10.2062596171156
-24.7578653963147 -20.4385543273446 -10.7774554442052
-23.799904574374 -20.243384722661 -11.3103014997306
-22.818069554548 -20.0699448253061 -11.8059616521215
-21.8153557090581 -19.9161927489512 -12.2650252797443
-20.7940856997566 -19.7785489821009 -12.6868524346283
-19.7559190213232 -19.6526308028521 -13.0693531054407
-18.7021219093088 -19.5341558085209 -13.4092284422862
-17.6339481706449 -19.4197478615008 -13.7025661753554
-16.5529571100152 -19.3074343472615 -13.945586501015
-15.461154782879 -19.1967347317488 -14.1353053442329
-14.3609492051686 -19.0883666163418 -14.2699320910793
-13.2549935480757 -18.9836961464045 -14.3489315637049
-12.1460129739721 -18.8841076082649 -14.3728062564124
-11.0366782856611 -18.7904574860988 -14.342738198903
-9.92954096918581 -18.7027268999789 -14.260239134504
-8.82701298545557 -18.6199187443823 -14.1269019231637
-7.73137067301619 -18.5401850484648 -13.9442636071977
-6.64477563973201 -18.4611293071084 -13.7137263282336
-5.56932009175346 -18.3802097456397 -13.4364668278229
-4.50710614440546 -18.2951664149664 -13.1133029145002
-3.46035319988074 -18.2043988706669 -12.7445533803626
-2.43150014660233 -18.1072264978221 -12.3299871623293
-1.42324356536524 -18.0039713234464 -11.868969663625
-0.43844466143605 -17.8958198997966 -11.3608593338175
0.520140381628438 -17.7844541174221 -10.8055976513398
1.45029058540552 -17.6714934786706 -10.2043168904215
2.35080048761181 -17.5578558629593 -9.55972849794569
3.22181130984858 -17.4431990853612 -8.87609972233686
4.06477732742043 -17.3256221317856 -8.15876915274088
4.88195851635386 -17.20176052065 -7.4133223254078
5.67553745702377 -17.0673062694369 -6.64466313896099
6.44666135228115 -16.9178486611694 -5.85624251390284
7.19478946988543 -16.7498133718378 -5.0496665144565
7.9176355604816 -16.5612195220526 -4.22482800413163
8.61178830717665 -16.3520027950946 -3.38057971804053
9.27386985801531 -16.1237637326871 -2.51578697377145
9.90191854218194 -15.8789649697979 -1.63042674923054
10.496576558685 -15.6197802671837 -0.726353191327891
11.061653544378 -15.3469425308357 0.192506026600529
11.6037755452385 -15.0589844257174 1.12050137256308
12.1311268969766 -14.7521638548463 2.05095192433411
12.6516498015161 -14.421131588758 2.97695920541482
13.1713081029345 -14.0601229940758 3.89223168094045
13.6930135887133 -13.6642656556614 4.79184877003337
14.2165508139137 -13.2305754278435 5.67281447807363
14.7394500718058 -12.7583621684457 6.53417584307257
15.2584335812042 -12.2489956158356 7.37656315360235
15.7709236795592 -11.7051819364898 8.20124263316215
16.2761578488701 -11.1300139658456 9.00899700491227
16.7756275431275 -10.5260866728937 9.79921213247414
17.2727729351947 -9.89492898936864 10.569434760182
17.7720802414408 -9.23689211828004 11.3154797644164
18.2778987509433 -8.55146771739207 12.0320082480058
18.7933657644209 -7.83785155466192 12.7133987627792
19.3197642059717 -7.09550220160421 13.3546740123064
19.8564613985814 -6.32450233867559 13.9522256442616
20.4013663206298 -5.52566415569024 14.5041327338441
20.9516881765445 -4.70044179959744 15.0100054985215
21.5047326975667 -3.85076279590652 15.4704533060843
22.0585227888302 -2.97886863957959 15.8863923780404
22.6121265038737 -2.08720396345309 16.2584234257497
23.1656701574504 -1.1783518234196 16.5864352612404
23.720084706415 -0.254992375581465 16.8694810939978
24.2766762878258 0.680140730460779 17.1058841763201
24.8366310565376 1.62432342100691 17.2934871777579
25.400564899335 2.57492443236592 17.4299640095529
25.9682145506177 3.5294906307488 17.5131430333363
26.5383413116059 4.48580469267643 17.5413200610075
27.108882903422 5.44188874485009 17.5135482498186
27.6773422728187 6.39594524273656 17.4298752186175
28.2413457148361 7.34624800559767 17.291468734167
28.7992449688658 8.29100852261014 17.1005566713825
29.3505976875518 9.22823995704426 16.8601285835531
29.8963623435378 10.1556320264768 16.5734111461733
30.4387038383183 11.0704491877892 16.2432179127012
30.980418255488 11.9694781336085 15.8713472620271
31.5241156335926 12.8490660124497 15.4582252396499
32.0714004352498 13.7052870567864 15.002945555895
32.6223202272811 14.5342436904279 14.5037542733792
33.1752971903208 15.3324611694721 13.9588880307726
33.7276241483329 16.0972934334979 13.3675435723045
34.2764279031633 16.8272342525242 12.7306842354859
34.8198267754123 17.5220254096766 12.0514196771377
35.3579002261581 18.1824810283708 11.3348335204513
35.8931068072627 18.8100179451441 10.5873242103822
36.4299522856713 19.4059917131772 9.8156731754431
36.9739726610868 19.9710430220927 9.02609522910454
37.5303507176897 20.5046932227167 8.22347281333595
38.1026207215217 21.0053491134203 7.41089913678351
38.6918788670844 21.4707127600174 6.58960460456416
39.2967320530278 21.8984284423683 5.75929782388343
39.9139710005472 22.2867227258395 4.91887081449122
40.5397399279161 22.6348302213069 4.06729839310297
41.1708470208787 22.9431029566139 3.20447084911108
41.8058279188485 23.2128118574437 2.33171124238432
42.4454394029913 23.4457292811918 1.45185029786719
43.0924251424765 23.6436266424924 0.568888703647812
43.7506321636941 23.8078300939972 -0.312619868328123
44.4237841515737 23.9389443425142 -1.18830589901424
45.1143323457564 24.0367853011028 -2.05468890240629
45.8227489886454 24.1004849153908 -2.90969371811236
46.5474339987122 24.1286846863415 -3.75282589008158
47.2851758828761 24.1197382080292 -4.58491929370075
48.031947838768 24.0718835646523 -5.40750737390748
48.7837719631345 23.983389038944 -6.22201733338529
49.537422790223 23.8526934318932 -7.02905651423674
50.2908199922168 23.6785528198408 -7.82801254261509
51.0430537652516 23.4601834643938 -8.6170576298665
51.7940861470808 23.1973713856885 -9.39350478804015
52.5442585816987 22.8905117417438 -10.1543664671619
53.2937792592042 22.5405501124536 -10.896931800641
54.0423436943897 22.1488235814779 -11.619198099865
54.7889709798067 21.7168341911332 -12.3200509384136
55.5320531095241 21.2460142137716 -12.9991701239082
56.2695518898527 20.7375462626614 -13.6567237845559
56.9992531438408 20.1922794694605 -14.2929712984925
57.7189964904006 19.6107488063905 -14.9079075986501
58.4268276168171 18.9932759202358 -15.5010474692836
59.1210564205431 18.3401169525622 -16.0713896860559
59.800238883093 17.6516244691901 -16.6175440456801
60.4631237822615 16.9283983192619 -17.137967577683
61.1086096821449 16.1714057607503 -17.6312430507174
61.7357411835354 15.3820517844422 -18.096336068649
62.3437429886448 14.5621799276379 -18.5327770796211
62.9320599648313 13.713988985125 -18.9407267316829
63.5003566838671 12.839866710637 -19.3208992222322
64.0484405426699 11.942165978123 -19.674343754517
64.57610623547 11.022973329 -20.0021203693213
65.0829410189716 10.0839335132678 -20.3049458238683
65.5681588949436 9.12618834604091 -20.5829123101955
66.030531958016 8.15046061324476 -20.8353799585751
66.4684571446664 7.15726708740699 -21.061104431789
66.8801488816692 6.14719266343218 -21.2585887972253
67.263902199881 5.12112534614452 -21.4265651166168
67.6183459656807 4.08036414198341 -21.5644482559252
67.9426150436058 3.02657118527445 -21.672595544149
68.2364131441091 1.96161416754575 -21.7522676365764
68.4999944340955 0.887388346152177 -21.8053021566367
68.7341255547718 -0.194306281383687 -21.8336337610405
68.940070220335 -1.28181106999024 -21.8388627252702
69.1195681641329 -2.3736090401132 -21.8220499523489
69.2747019319408 -3.46832879981204 -21.7838029958856
69.4075225153055 -4.56478114709647 -21.7245637023178
69.5193835544816 -5.66201473490611 -21.6448888968683
69.6101068514503 -6.75933386237352 -21.5455010338827
69.6772995692731 -7.85619843391001 -21.4270036836702
69.716255819994 -8.95194987210007 -21.2893682027878
69.7208000664132 -10.0454091520959 -21.1315003952941
69.6851248856901 -11.1345702693239 -20.9512635868099
69.6062002483652 -12.2167497309925 -20.7461887074993
69.4858702436282 -13.289432061666 -20.5147778560321
69.3315861219554 -14.3515674828253 -20.2579597646222
69.1550655200321 -15.4045185688775 -19.9800631349511
68.9689448335955 -16.4518062205802 -19.6887109164271
68.7823567351532 -17.4975392090309 -19.3932763485028
68.5969769354615 -18.5443576258449 -19.1019991864356
68.4052442548294 -19.5919265737313 -18.8185700677562
68.1919833047987 -20.6363315379816 -18.5396645849739
67.9394680707235 -21.6701849570293 -18.2549317533021
67.6343540546903 -22.6837086309032 -17.9500061204261
67.2735815331709 -23.6676321038336 -17.6116616352008
66.8662627938889 -24.6177528694914 -17.2331302782167
66.4303189851096 -25.5387283311797 -16.8175363565957
65.985400909658 -26.4437859135841 -16.3782513099628
65.5453727113161 -27.3493369614872 -15.9358928538692
65.1133609825795 -28.2672935386249 -15.5122421011489
64.6810904616086 -29.199677055017 -15.1223178921591
64.232929738403 -30.1382894349458 -14.7675160489874
63.753492003011 -31.0687746344873 -14.4334486081791
63.2357414563944 -31.9764564434637 -14.0944439166896
62.6854613564362 -32.8516974516531 -13.7234604707229
62.1189465491902 -33.6934779429996 -13.3034180250653
61.554130540209 -34.510127627197 -12.8350286297559
60.9995402949623 -35.316217105622 -12.3376674393904
60.4476813164143 -36.1256481716658 -11.8430375238956
59.8774843148285 -36.9433625577862 -11.3841712326883
59.2649173285873 -37.760779912353 -10.9830651165225
58.595571349544 -38.5598564621354 -10.6404244377668
57.8723371620137 -39.3248437794209 -10.332051685743
57.1158364946747 -40.053308236663 -10.0158418900337
56.3595246537334 -40.7576737903371 -9.64877068579888
55.6399336702129 -41.4575020731614 -9.20684559626553
54.9809805103264 -42.1706715748991 -8.69724219942606
54.3781104073241 -42.9089928148775 -8.15549454364895
53.7952370032624 -43.675371760869 -7.63105051785897
53.1810106714003 -44.4585293947245 -7.17037418883466
52.4947597262655 -45.2308478691574 -6.80154921806214
51.7238498131629 -45.9590476195368 -6.52110936153493
50.8830775399193 -46.6238701812411 -6.28975223903897
50.0039850566119 -47.2312792474407 -6.04443730096872
49.1263797008471 -47.8053329847122 -5.72453529750879
48.2899079882467 -48.372562065019 -5.29944709195903
47.5174299434961 -48.9532230333673 -4.78205967647055
46.7989547336773 -49.5616084194968 -4.22117236770823
46.0952763491028 -50.2056406237617 -3.68161390679067
45.3630741418433 -50.8807804668453 -3.22350791203151
44.5798541289947 -51.5676489769607 -2.88171194218891
43.7483340976505 -52.2424595804361 -2.64809926523665
42.8837329768161 -52.8914496599378 -2.46944370915253
42.003865058071 -53.5127408028877 -2.26780498513108
41.1297438557061 -54.1055738181253 -1.97448408626071
40.282575916819 -54.6642912862271 -1.55994535044705
39.4688587132201 -55.1862404510859 -1.04385970244121
38.6692896717998 -55.6823167624177 -0.482736523757823
37.8497110517982 -56.1751589722218 0.0521174523232834
36.9874695101926 -56.6856488047347 0.496561314665758
36.0865273080059 -57.2220123055203 0.816519413958941
35.1672638673081 -57.7806488467743 1.02588438598718
34.2465008316292 -58.3527325053311 1.18475351370369
33.3319595810857 -58.925785472211 1.37450670292262
32.4318236142232 -59.4813764291729 1.66229638159222
31.5579324305728 -60.0005076811367 2.07314054275059
30.7136363367753 -60.4778450435802 2.58360869203377
29.8828868104391 -60.9300177447179 3.13686208815213
29.0378926553471 -61.3861762365426 3.66507836506231
28.1589147479979 -61.8672050389274 4.11005221571219
27.2438968242856 -62.3714099865691 4.44294234894507
26.2997248417199 -62.8766715079066 4.67782090178066
25.3308063835283 -63.3530796133014 4.8674582319217
24.3415539760608 -63.7752257667221 5.08057005843347
23.3463749654878 -64.1317954235516 5.37278385291182
22.3680824643729 -64.4338998283404 5.76607599892391
21.4230084100312 -64.7168301184819 6.24507526204424
20.5105856617498 -65.0285805856913 6.76745831765833
19.6179898977298 -65.4078576098496 7.27975957115506
18.7300392723447 -65.8638487211161 7.73487830460653
17.8318748489527 -66.3705217523375 8.10946544574666
16.9074360517953 -66.8777402440939 8.41302806864782
15.944216683424 -67.3302608250566 8.68161905612838
14.9435109694508 -67.6861026990772 8.9599959533537
13.9230492193585 -67.9311788564225 9.28312738315389
12.9055230102424 -68.0855702421542 9.66553344770754
11.9036485047993 -68.1959644171832 10.1002562879318
10.9160796587052 -68.3163211110205 10.5640360873616
9.93459819349374 -68.4862786315772 11.0256160494423
8.95151082184374 -68.7172850328167 11.4566991959752
7.96089835377329 -68.9918851125653 11.8429787461609
6.95771590512002 -69.2746946461442 12.1892494587296
5.939758648409 -69.5281928113669 12.5153203465412
4.91064479817362 -69.7262687368089 12.8457559623061
3.87877739891287 -69.8612526192337 13.1994172394933
2.85189514933417 -69.9427541071989 13.5831686248399
1.83202068437554 -69.9896412390355 13.9910063729102
0.814872519898111 -70.01958420754 14.4076180926019
-0.206663384625492 -70.0413283055963 14.8145235199771
-1.23816597625326 -70.0527516278061 15.1967110878938
-2.28106299162736 -70.0445419930658 15.5475769173167
-3.33258171215803 -70.0067629280528 15.8704595253794
-4.38762167862725 -69.9346599903811 16.1763767212924
-5.44119636159464 -69.8309583863435 16.479089039555
-6.49019980440631 -69.7039538105926 16.7895854815076
-7.53400893107737 -69.5627672504531 17.1121518701182
-8.57410658161254 -69.4122945100067 17.4433568076451
-9.61299848647082 -69.2502921843481 17.773949892985
-10.6526384738633 -69.0678797497352 18.092499566483
-11.6929398786281 -68.8530697791014 18.3891969370965
-12.7313378652556 -68.5955589387019 18.6585875369639
-13.7639190911805 -68.2905708018699 18.9005713668038
-14.7874516418401 -67.9402012141253 19.119556649391
-15.8008969422836 -67.5520375758436 19.3222096879957
-16.8054590241694 -67.1359982530432 19.5147245295955
-17.8033874172369 -66.7008088813822 19.7006600447523
-18.7964706493342 -66.2513574247403 19.880045403605
-19.7850047343232 -65.7876846848292 20.0498435536202
-20.7674770027555 -65.3057527693099 20.2053265913733
-21.7408611633204 -64.799496082412 20.3416888969711
-22.7013527065183 -64.263224945726 20.4553134646178
-23.6453324056504 -63.6934442795547 20.5443703481355
-24.5702338512418 -63.089554840236 20.6087174295003
-25.4749682482399 -62.4534614245713 20.6493071438595
-26.3597499422835 -61.7885165802788 20.6674237795474
-27.2254626905078 -61.0983362068542 20.6640560598008
-28.0728975629659 -60.385893628375 20.6395772973403
-28.9021778241807 -59.6530783583593 20.5937398539021
-29.7125279013425 -58.900707840857 20.5258715715301
-30.5023692149557 -58.1288524620533 20.4351261923378
-31.2696194420233 -57.3372856635215 20.3206762030676
-32.0120488240563 -56.5258931451133 20.181806141417
-32.7275813623634 -55.6949419387866 20.0179262706746
-33.4144849083651 -54.8451851134912 19.8285555220299
-34.0714440213146 -53.9778312485715 19.6133157368896
-34.6975378069402 -53.0944294578697 19.371951431496
-35.2921513287174 -52.1967186933301 19.1043619959577
-35.8548444928631 -51.2864788038301 18.8106219898281
-36.3851997572457 -50.3654103556279 18.4909726177634
-36.8826755568954 -49.435062524711 18.1457845542371
-37.3465011054154 -48.4968205732443 17.77550609285
-37.7756490907759 -47.5519536260252 17.380612840567
-38.1689071729427 -46.6017096838439 16.9615666738149
-38.5250379458968 -45.647431412433 16.5187807750755
-38.842981258245 -44.6906584913074 16.0525842204794
-39.1220289092968 -43.7331844315694 15.5631884369826
-39.3619034008264 -42.7770478398739 15.0506741779612
-39.5627029885287 -41.8244553549177 14.5150290086414
-39.7247246102209 -40.8776496940604 13.9562588182274
-39.8482244157046 -39.9387485069355 13.3745687054269
-39.9332022548203 -39.0095893890527 12.7705686784807
-39.9792908620008 -38.091624347685 12.1454279327296
-39.9857959467046 -37.185908183602 11.5008971176914
-39.9518841902763 -36.2932099918049 10.8391484895544
-39.8768696904908 -35.4142405715835 10.1624416229072
-39.7605195155871 -34.5499405913519 9.47268943959686
-39.6032929975986 -33.7017370505495 8.77105395511045
-39.4064473854516 -32.8716693300977 8.05772153998359
-39.1719772661305 -32.0623151414857 7.3319755644789
-38.9023937817262 -31.276499074446 6.59259591348522
-38.600380372833 -30.5168280270817 5.83849313348633
-38.2683825784784 -29.7851612227047 5.06938085824752
-37.908207285996 -29.0821775040246 4.28625860152561
-37.5207241676016 -28.4072210136485 3.49153931290404
-37.1057652077421 -27.7585515083217 2.68878002124306
-36.6622857684341 -27.1339893219621 1.88209599700547
-36.1887774533012 -26.5317757813388 1.07541430200351
-35.6838348012262 -25.9513536475779 0.271752283782396
-35.1467170835398 -25.3937756947944 -0.527288669796151
-34.5777407361438 -24.861574107403 -1.32164769060167
-33.9783812646156 -24.3581079593613 -2.11246248461191

-58.281437242011 -29.0027533347727 -20.083384609883
-57.6810665080013 -29.8633434914446 -20.4215031193977
-57.0424340452625 -30.7124431894771 -20.7169470480884
-56.3705725124253 -31.548937365121 -20.973024927059
-55.673915312959 -32.3739684263904 -21.1993508853976
-54.9607756566343 -33.1900913543443 -21.4071233614138
-54.2367314890192 -33.9995471070317 -21.6045031270675
-53.5033791615924 -34.8029210025739 -21.7939291868948
-52.7585839249399 -35.5987740954227 -21.9720431978763
-51.9980489261514 -36.3840638892122 -22.1317292189292
-51.2174957211449 -37.1549824824995 -22.2651099092838
-50.4144330333896 -37.9079611998566 -22.366252451765
-49.5887983770172 -38.6405757357975 -22.4326735989692
-48.7424739615031 -39.3519931674412 -22.4653151485617
-47.8782286791879 -40.0427347317228 -22.4672886577289
-46.9987076485891 -40.7138896358927 -22.4421093577482
-46.1058285144604 -41.3662035023509 -22.3921905844319
-45.2006542348947 -41.9994631187059 -22.3181000444684
-44.2836355445284 -42.6123716061828 -22.2186786421926
-43.3550304035928 -43.2028547886941 -22.0917799449491
-42.4152874241503 -43.7685901549733 -21.9352145246387
-41.4652403277649 -44.3075194452066 -21.7475026684021
-40.5060846975684 -44.8181625433477 -21.528202938963
-39.5392236862697 -45.2996598504411 -21.2777990718492
-38.5661083574055 -45.7515902836315 -20.9972970979919
-37.5881574362878 -46.1736913698654 -20.6877518080582
-36.6067693691697 -46.5656149962969 -20.349908140478
-35.6233865486915 -46.9267977948495 -19.9840518088897
-34.6395564979968 -47.2564507205744 -19.5900666784616
-33.6569503654729 -47.5536203560265 -19.1676306587
-32.6773283482531 -47.8172642900583 -18.7164595852639
-31.7024688720444 -48.0463075336692 -18.2365214897794
-30.7340930545331 -48.239683159206 -17.728173206544
-29.7738150319291 -48.3963837633688 -17.1922001937391
-28.8231360968389 -48.5155476517681 -16.629760714393
-27.8834839903861 -48.5965779230335 -16.0422489510733
-26.9562849823743 -48.6392601686267 -15.4311043773674
-26.0430485943471 -48.6438252996567 -14.797609896072
-25.1454420603794 -48.6109111295542 -14.1427345549479
-24.2653314784996 -48.5414092370302 -13.4670778257677
-23.4047685761232 -48.4362285632504 -12.7709522393323
-22.5659090849651 -48.2960443173162 -12.0545994365768
-21.7508650439983 -48.1211139685723 -11.3184838940813
-20.9615187948919 -47.9112261825532 -10.5635696530774
-20.1993523547328 -47.6658101947495 -9.79147750164424
-19.4653569876374 -47.3841862506043 -9.00445025980554
-18.760071362149 -47.065896950155 -8.20511305358801
-18.0837530570388 -46.7110351975547 -7.39608358135011
-17.4366342333292 -46.3204822183277 -6.57954256217691
-16.8191729145321 -45.8959888678249 -5.75689988291984
-16.2322048674624 -45.4400697061414 -4.9286768136991
-15.6769302148988 -44.955721189948 -4.09466651290375
-15.1547228515857 -44.4460110269485 -3.25434568134883
-14.6668133622996 -43.913609860354 -2.40742006361943
-14.2139500710397 -43.3603519932258 -1.55433544226658
-13.7961682957747 -42.7869216075417 -0.69660001623032
-13.4127760547702 -42.1927568836395 0.163164370467702
-13.0625912261844 -41.5762304807441 1.02143476622042
-12.7443638289247 -40.9350945339872 1.87418920015534
-12.457232994973 -40.2670903618859 2.71739488006058
-12.2010435998479 -39.5705565342209 3.5474737347798
-11.9763958937247 -38.8448591494395 4.36163960283177
-11.7844008224421 -38.0905227299615 5.15801747178474
-11.6262212191748 -37.3090349636457 5.93550030501132
-11.5025537473616 -36.5023959000682 6.69337307629367
-11.4132248762654 -35.6725532017258 7.43080917089451
-11.3570335866535 -34.8208962051388 8.14638524246586
-11.331888998446 -33.9479666690082 8.83775036793294
-11.3351914610986 -33.0534800682917 9.50153546083146
-11.36432609152 -32.1366483606473 10.1335235491382
-11.4171067225063 -31.1966872274955 10.7290381783005
-11.4920343391393 -30.2333256468743 11.2834536811644
-11.5883032658092 -29.2471461025274 11.7926966350449
-11.705572692286 -28.2396636742469 12.2536085065423
-11.8435916083438 -27.2131593212429 12.6640858473716
-12.0018014508965 -26.1703656803203 13.0229945841379
-12.1790355344136 -25.1141322209515 13.3299341130431
-12.373393953945 -24.0471715251697 13.5849670468384
-12.5823137140068 -22.9719325727685 13.7884134802572
-12.8027968999395 -21.8905894764686 13.9407456937531
-13.0317218295527 -20.8050995448726 14.042543717723
-13.2661515580746 -19.7172843198043 14.094423995002
-13.5035693610701 -18.6289141788191 14.0968611640517
-13.7420029999587 -17.5418082164178 14.0498898799451
-13.9800358115699 -16.457971617676 13.952772589176
-14.216730280899 -15.3797712561359 13.8038024399939
-14.4515014137376 -14.310102965608 13.600429047638
-14.6839740377957 -13.2524502639431 13.3398194833097
-14.9138469160812 -12.2107063258904 13.0198046939894
-15.1407729733949 -11.1886721240304 12.6399654533135
-15.3642509909213 -10.1892825752055 12.2024739922296
-15.5835135339191 -9.21381213007031 11.7123193576154
-15.7973995465661 -8.26144886530899 11.1767302217989
-16.0042285861813 -7.32956541753996 10.6038864322686
-16.20173849274 -6.4147338266537 10.0012461899144
-16.3871737404502 -5.51417604833536 9.37393332360902
-16.5575794040981 -4.62712765917117 8.72364646990987
-16.7102670045547 -3.75562577979724 8.0484937577846
-16.8433263475251 -2.90443101150891 7.34397515187275
-16.956020695887 -2.07999699151842 6.60497470734437
-17.0489313685614 -1.28856918137653 5.82817089291261
-17.1237800228632 -0.533740547353697 5.01398811029998
-17.1829314665576 0.185840232497465 4.16736690653561
-17.2286720096189 0.877655475427789 3.2972150466809
-17.2624566924524 1.55464849567903 2.41501634589961
-17.2843726915803 2.23266247793644 1.53323625737518
-17.293024962899 2.92682034288875 0.663823840437824
-17.2859101844464 3.64818613863625 -0.183246755181027
-17.2601602315207 4.40190905413616 -1.00136530676022
-17.2133957037984 5.18734838426973 -1.78817558790089
-17.1444065193211 5.99982382820862 -2.54538027788213
-17.0534704323158 6.83311473274637 -3.27726244980252
-16.9422620992157 7.68183175155048 -3.98838091654263
-16.8134284905612 8.5430847689961 -4.68130438293706
-16.6699918231038 9.4171594004119 -5.35516122307937
-16.5147825386429 10.3071226575817 -6.00535621754991
-16.3500777481131 11.21752527262 -6.62436752022154
-16.1775180020516 12.1526728013772 -7.20327859184496
-15.9982465157236 13.1151243366932 -7.7335949443478
-15.8131351626979 14.1049625499174 -8.20885435301461
-15.6229668095665 15.1199853959805 -8.62557571404067
-15.4285091245141 16.1565386970889 -8.98328704624683
-15.2304893780587 17.2104997507644 -9.28370961268651
-15.0295280607833 18.2780079572175 -9.52949104445031
-14.8261049412016 19.3557854376327 -9.72300453797428
-14.6206202215936 20.4411135260589 -9.86562098491934
-14.4135790160169 21.531637784991 -9.95760535899574
-14.2058743281715 22.6251745327759 -9.99852109032515
-13.9990887138508 23.7196261487704 -9.98785022824167
-13.7957033906188 24.8130138857887 -9.925502669062
-13.599113982281 25.9035457377382 -9.81199028949606
-13.4134031068155 26.9896041948189 -9.64822793876832
-13.242893726283 28.069590634631 -9.43510782850012
-13.0915806024587 29.1416682334454 -9.17309740997998
-12.9625893489744 30.2035334310505 -8.86209642932128
-12.8578251487625 31.252362867983 -8.50167273868301
-12.7779344187842 32.2850235491338 -8.09163126633094
-12.72261653694 33.2985302709154 -7.63272170767295
-12.6912133393292 34.2906242451253 -7.12721718423919
-12.6834079460298 35.2602663442673 -6.57913182190189
-12.6998161890565 36.2078267911827 -5.99397704678265
-12.74227415609 37.1348396854903 -5.37812237235797
-12.8137135479132 38.0433599996246 -4.73794892767564
-12.9176486634171 38.9351377339084 -4.07902141531413
-13.0574318573874 39.8109123314074 -3.40547199897388
-13.2355186535008 40.6700790035574 -2.71972810876013
-13.452983175054 41.5108193779576 -2.02264490642897
-13.709436849404 42.3306120251233 -1.31401556164187
-14.003364377335 43.1269257847955 -0.593329994360091
-14.3327548707376 43.8978747907238 0.139430741447048
-14.6958170961743 44.6426531592256 0.883194193477151
-15.0915481799761 45.3616377940842 1.63555219962369
-15.5199790537356 46.0561373812616 2.39291359502034
-15.9820343167609 46.7278664844227 3.15098021149711
-16.4790830277699 47.3783088103252 3.90540364727074
-17.0123655531444 48.0081639333359 4.65245710319196
-17.5825115348076 48.6170278176344 5.38955999058267
-18.1893036575216 49.2033618793481 6.11551925206671
-18.8317265451756 49.7647090698911 6.83041423872255
-19.5082298887229 50.2980611729101 7.53515312316692
-20.2170760244405 50.8002765667737 8.23083625488322
-20.9566436402171 51.2684693898222 8.91812567494653
-21.7256008501456 51.7003140140078 9.59680857702912
-22.5229170724179 52.0942254855089 10.2656639053398
-23.3477371758119 52.4493944018951 10.9226343019197
-24.1991822071331 52.7656797570075 11.5652135436795
-25.0761579782003 53.0433919982856 12.1909094272594
-25.9772393103725 53.2830215973815 12.7976400658682
-26.900659588227 53.4849784877471 13.383959935822
-27.8443910116546 53.6494022810178 13.9490753641944
-28.8062712430529 53.776083448556 14.4926774494757
-29.7841271390454 53.8645057507907 15.0146724631955
-30.7758613909017 53.91398752438 15.5149100726344
-31.7794903145925 53.9238738580279 15.9929949919113
-32.7931392990012 53.8937219465336 16.448227868324
-33.8150119309756 53.8234310847272 16.8796738360207
-34.8433507923913 53.7132920526768 17.2863188179878
-35.8764053605498 53.5639575077647 17.6672538491947
-36.91241719144 53.3763546021395 18.021827530481
-37.9496252614274 53.1515677944698 18.3497216564191
-38.9862860096178 52.8907157289273 18.6509289354256
-40.0206958009488 52.5948386151542 18.9256393242917
-41.0512017065947 52.2648094899403 19.1740685764406
-42.076192185477 51.9012865523431 19.3962842923318
-43.0940719795022 51.5047291438697 19.5920944750909
-44.1032408208531 51.0754962217763 19.761054062652
-45.1021051548659 50.6140243619971 19.9026117721201
-46.0891460403717 50.1210437898942 20.0163663661843
-47.0630383317111 49.5977518993026 20.102343236415
-48.0227722432148 49.0458498301894 20.1611645735756
-48.9676928082388 48.4673785232467 20.1939964208958
-49.8973790868582 47.8643643373448 20.2022265592022
-50.8113496214739 47.2383754406443 20.1869437656707
-51.7086806751321 46.5901623538441 20.1484083734481
-52.5877072064684 45.9195736164368 20.0857693078899
-53.4459996192098 45.2258703689073 19.9972459402811
-54.2807567885716 44.5084027309833 19.8808380513152
-55.0896214808435 43.767405939394 19.7353890071344
-55.8717042532759 43.0045480126949 19.5616000558977
-56.628356217534 42.2229330582448 19.3625044761663
-57.363137443115 41.4265169884337 19.1430442825524
-58.0806764530679 40.6191439378617 18.9087179497317
-58.7846756606775 39.8035065026838 18.6636552873883
-59.475851932046 38.9803337122141 18.4087932860178
-60.1507331062546 38.1481631547651 18.1409708987896
-60.801919469839 37.3040485090335 17.8536041420406
-61.4199655297803 36.4451679829541 17.5390449891908
-61.9966184228701 35.57056410781 17.1918872942443
-62.5285673304811 34.6818642496144 16.8118049958993
-63.0201058389691 33.7824911555069 16.4045400627661
-63.4829089188067 32.8761451547357 15.9805060398921
-63.9322286397438 31.9658132159495 15.551508277774
-64.380822034736 31.0536037527915 15.1266155888054
-64.8334020451371 30.1406384344089 14.7084132774254
-65.284199840412 29.2266661357338 14.291189877161
-65.7186119187979 28.3103006772737 13.8625591518739
-66.1182887303033 27.3905267766402 13.4086575394014
-66.4681809464579 26.4681496084133 12.9207568803897
-66.7632785876046 25.5450903652469 12.3997776577707
-67.011919847856 24.6217719873099 11.8563274013321
-67.2332608176775 23.6956364337868 11.3066668196825
-67.4494534520219 22.7629821001855 10.7666964789881
-67.6762274903326 21.8223879719757 10.245731049647
-67.916509365828 20.8762309073637 9.74170961058748
-68.1599214210703 19.9296204120911 9.24050815754163
-68.3879360615497 18.9889862040612 8.72144311812594
-68.5822306794276 18.0610278896219 8.16730385225067
-68.7328918106589 17.149958084276 7.57339317483168
-68.8428076467888 16.2529329920142 6.9503951075085
-68.9256962919099 15.358219169016 6.32038383726264
-68.9985489753483 14.4501241353464 5.70885256166583
-69.0726624391517 13.5179466627113 5.13514101990716
-69.1482100444391 12.5617145394565 4.60306315142199
-69.2151431971086 11.5914888350386 4.09609517734533
-69.2596736647252 10.6236689576591 3.58223089271662
-69.2728290354531 9.67732017463913 3.0281578590473
-69.2566857177142 8.76819925460565 2.41511096495768
-69.2247360288531 7.89928646466848 1.74720763625707
-69.1956686468733 7.054540409699 1.04917626533788
-69.1836493166023 6.20425503411698 0.357433447413954
-69.1901846568607 5.32063742678273 -0.291442972352845
-69.2018431265203 4.39206052628237 -0.874155296265654
-69.1953724741556 3.42625861289113 -1.39274021370713
-69.1480028866429 2.44401116527785 -1.8770214562717
-69.0480622287812 1.47136507013705 -2.3726964876177
-68.9009705340442 0.533148064771777 -2.92048260938939
-68.7273726421376 -0.355681508852486 -3.53832602463325
-68.5536533784561 -1.19962062231287 -4.2158933171658
-68.3998346166085 -2.02426005795222 -4.92129500630065
-68.2715656804924 -2.86448449709173 -5.61345206553797
-68.1595557918712 -3.74599167271139 -6.25559810267706
-68.0453389323013 -4.67364602789917 -6.8288062027305
-67.909983441078 -5.63346348675007 -7.34114569939518
-67.7418875883776 -6.6026908396075 -7.82526263374455
-67.5406048082611 -7.55865160954045 -8.3231655596422
-67.3152303667953 -8.48424759498401 -8.86641571585057
-67.0779448991462 -9.37334974019045 -9.46309031602985
-66.8361608277101 -10.2348577677861 -10.0973221628196
-66.5883795202231 -11.0896410833038 -10.7385144331945
-66.3264680768909 -11.9594682411504 -11.3537560155889
-66.042137529618 -12.8556491677715 -11.9196879940539
-65.7327307945918 -13.7758655413084 -12.4315933539735
-65.4030260435853 -14.7093633033523 -12.9055580556899
-65.0630457532044 -15.6437289971076 -13.3708052941502
-64.7234429278506 -16.5685786102851 -13.8554749124558
-64.3899694496738 -17.4775462257437 -14.3738385777784
-64.0591440224066 -18.370487956555 -14.9214421566589
-63.7180252399243 -19.2537964132517 -15.4788469465874
-63.3493281852454 -20.1364701060762 -16.0201909285746
-62.9394186919927 -21.0243495911977 -16.5227607427887
-62.4844481405966 -21.9175978821545 -16.9751688401819
-61.991327963947 -22.8129952590012 -17.3814529675199
-61.4739495523174 -23.7076127566134 -17.7586899475193
-60.9474252600442 -24.6001219525078 -18.1288263285719
-60.4226753163987 -25.489816009029 -18.5089348731853
-59.9025834203031 -26.3757841368943 -18.9046995759617
-59.3809353050625 -27.2571601314524 -19.3094844535673
-58.8450789043274 -28.133240814059 -19.7081816491828

-27.1441016385356 59.0257387944787 -21.8153170863698
-27.9918913842013 58.3210419173445 -21.7038917664916
-28.8193014086558 57.5974576015626 -21.561958331268
-29.6244476777297 56.8554443609807 -21.3886728676734
-30.4057681248283 56.0958192230158 -21.1839722508361
-31.1621115822363 55.3196992467839 -20.9484353878446
-31.8926600084375 54.5283725442751 -20.6829548078821
-32.5967431366191 53.7231791265485 -20.3883699104806
-33.2736394162975 52.9054503876023 -20.0651946524075
-33.9224410272843 52.076511576878 -19.7135112903838
-34.542013577697 51.2377181898034 -19.3330324465047
-35.1310343388499 50.3904862459058 -18.9232826817303
-35.6880691354187 49.5362876829325 -18.4838288050343
-36.211651959355 48.6766068716727 -18.0144918479739
-36.7003524124153 47.8128794908269 -17.5154917828307
-37.1528371855762 46.9464487767458 -16.9874976303628
-37.5679392771596 46.0785706330354 -16.4315751183988
-37.9447388753537 45.2104802418417 -15.8490420136981
-38.2826400496051 44.3435067759292 -15.2412603183585
-38.5814110239439 43.4792000284535 -14.6094145509511
-38.8411548863336 42.6194217851051 -13.9543404845251
-39.0621963099791 41.7663590400711 -13.2764687598224
-39.2449019462538 40.9224339062074 -12.5759238543516
-39.3894833858376 40.0901119422522 -11.8527712016066
-39.495846786807 39.271642386599 -11.1073478008432
-39.5635443428305 38.4687953186463 -10.3405685696692
-39.591853113597 37.6826821345922 -9.55409416278001
-39.5799688743873 36.9137419290661 -8.75028273511857
-39.5272705875132 36.1619360994216 -7.93191489933161
-39.4335933371547 35.4271222777346 -7.10175346839883
-39.299445571312 34.7095034091035 -6.26205593539323
-39.1261180318327 34.0100039644965 -5.41418525922845
-38.9156534028478 33.3304349714897 -4.55845448537959
-38.670671936799 32.6733683573441 -3.69428520256285
-38.3940717180606 32.0417254651033 -2.82066260361055
-38.088639002569 31.4381702875252 -1.93676067684867
-37.7566188778589 30.8644686836698 -1.04254088777474
-37.399316598867 30.3210137092382 -0.139138200596039
-37.0168214745582 29.8066994372231 0.771063368331962
-36.6079482783231 29.3192335356965 1.68464863463458
-36.1704548003991 28.8558291983888 2.5975863597915
-35.7015182377932 28.4140678150116 3.50572623070575
-35.1983655616599 27.9926450626564 4.40527810523964
-34.6588939401821 27.591744409113 5.29318721613172
-34.0821135135446 27.2129102175628 6.16732374845694
-33.4682952494572 26.8584629699339 7.02642735365036
-32.8187889103842 26.5306466928423 7.86980569857624
-32.1355651529123 26.2307773330208 8.69686310437409
-31.4206136059928 25.9586536015078 9.50658916970535
-30.6753788066309 25.7124059775527 10.2971413600841
-29.900416084045 25.4888210058566 11.0656186403367
-29.0953840891728 25.2840288212046 11.8080737338375
-28.2593726660054 25.0943313898272 12.5197672621395
-27.3914416755099 24.916914912854 13.1956239979316
-26.4911757599489 24.7502410909927 13.8308020342234
-25.5590728789377 24.5940260773609 14.4212409934026
-24.5966668091898 24.4488503151665 14.9640441891825
-23.6063896300594 24.3155511680474 15.4575921382274
-22.5912622711287 24.1946004378327 15.901370046783
-21.5545350685231 24.0856510618726 16.2955820670135
-20.4993875472374 23.987365843017 16.6406810632993
-19.4287535837713 23.8975455673469 16.9369463960993
-18.3452847672052 23.8134868435117 17.1842017262463
-17.2514202087697 23.7324461470764 17.3817042186126
-16.1495093637229 23.652076271186 17.5281830414592
-15.0419386795895 23.5707298697301 17.6219784093369
-13.9312323172387 23.4875761854931 17.6612376337484
-12.8201140446993 23.4025315606932 17.6441499782064
-11.7115201272951 23.3160454739381 17.5692244141675
-10.6085454968106 23.2288038086496 17.4356116647386
-9.51430457095273 23.1414119120737 17.24343752103
-8.43171076811121 23.0541104280022 16.9940641467817
-7.36322612684787 22.9665660089224 16.6901624851516
-6.31068154050192 22.8777709848345 16.3354931440831
-5.27528115631783 22.7860784842825 15.9343646892297
-4.25785536957007 22.6893862223702 15.4908468495857
-3.25932701008564 22.585458266852 15.0079232330361
-2.28125264345053 22.4723400242609 14.4868363528301
-1.32624553676817 22.3487846508302 13.9268795119713
-0.398094314476568 22.2145808820057 13.3258052878224
0.498555835515824 22.0706652679475 12.6808430609549
1.35900443915005 21.9189269249557 11.9900824631064
2.17968118349018 21.7616790521087 11.25378101018
2.95941463949479 21.6008774550704 10.4751198583761
3.70030570468038 21.4372840501062 9.66012782892018
4.40773061774341 21.2698448667616 8.81683423420477
5.08927483763751 21.0955228030471 7.95398569546915
5.75285353784356 20.9096899774283 7.07971370845113
6.40466325503783 20.706996735425 6.20041757282011
7.04771252565882 20.4824727178089 5.32001917746262
7.68145090430743 20.2325412717566 4.43974439636318
8.30259876743086 19.9556607920515 3.55857986834219
8.90688972648063 19.6524178417061 2.67439191493964
9.4912028038059 19.3250413979836 1.78540711829363
10.055476252223 18.9764614835009 0.89155885071398
10.6038206437077 18.6091886049493 -0.00471905513301273
11.1444163999588 18.2243924967331 -0.898378672840275
11.6881302560272 17.8215197951007 -1.78219404174795
12.2462373984259 17.3985759032988 -2.6475742685539
12.8279921935736 16.9529029430329 -3.48567294875719
13.4388604672102 16.4820868177616 -4.28870672671053
14.0799535678184 15.9846355011866 -5.0512103080726
14.7487124222423 15.460254990837 -5.77078302876956
15.4404293769551 14.9097662076383 -6.44796711204742
16.149988348731 14.3348228441094 -7.08525037099949
16.873287672261 13.7375816823705 -7.68557178775123
17.6080475954178 13.1204144399743 -8.25088292574231
18.3539385186321 12.4857057541714 -8.78122152575866
19.1121359825593 11.8357614460378 -9.27449870251117
19.8845237117457 11.1728215143371 -9.726940400193
20.6728274655774 10.4991265470599 -10.1339477967445
21.4779443049555 9.81695938680271 -10.4910689029282
22.2996262574906 9.12860805882264 -10.7947931569684
23.1365271372101 8.43625901872316 -11.042977567954
23.9864991886378 7.74188520217249 -11.234859523324
24.8469831972452 7.0472037945395 -11.370755797066
25.71536907231 6.35374381774171 -11.4516314285543
26.5892701354576 5.66301138510753 -11.4787172448243
27.4667068648697 4.97670010713881 -11.4532782373104
28.3462130815326 4.29687966273007 -11.3765353403513
29.2268663735882 3.62610574208688 -11.2496705527903
30.1082276297135 2.96742003006964 -11.073828110207
30.9901745225351 2.32423827151397 -10.8500604425457
31.8726402375803 1.7001489975648 -10.5792301391553
32.7553122174607 1.09866196011551 -10.2619321177948
33.6373825905304 0.522954789446787 -9.89851606186975
34.5174485796557 -0.0243305559691183 -9.48925987721739
35.3936273344804 -0.54119601423201 -9.03468296778529
36.263882923855 -1.02627283208525 -8.53592024710577
37.1264846258148 -1.47868490061922 -7.9950346511537
37.9804528020553 -1.8978219893785 -7.41514973567182
38.8258294752635 -2.28308063738342 -6.80033669173845
39.6636533475699 -2.6336440731958 -6.15526971747912
40.4956178716531 -2.94836849664645 -5.48473532769956
41.3235105404535 -3.22581708332401 -4.7931186453974
42.1486191253434 -3.46443676270426 -4.08398901929703
42.9713050481322 -3.66281958784662 -3.35988031989356
43.7908803817913 -3.81995385158184 -2.62231854456916
44.6058155918149 -3.93537064078982 -1.87209333909068
45.4141975463277 -4.00913198674208 -1.10970523144463
46.2142867289487 -4.04166875762972 -0.33586475090869
47.0050011460176 -4.03353213375995 0.448100783840658
47.7861798058561 -3.98515028236168 1.24004791273292
48.5585443751472 -3.89667386766856 2.03707318882301
49.3233707430933 -3.76795525987781 2.83579799559604
50.0819757714822 -3.59865144485202 3.63279870385246
50.8351822818001 -3.38839118042043 4.42506890419363
51.5829220716795 -3.13692475543438 5.21039340167061
52.3240765980151 -2.84419100125348 5.98752958800626
53.0565699862507 -2.51028285314444 6.75613699478814
53.7776577028612 -2.13534506661459 7.51646848807381
54.4843179517414 -1.71946908856708 8.26891501205389
55.1736494012234 -1.26264770805404 9.01354618513349
55.8431944729944 -0.764821522312285 9.74978718492658
56.4911320119325 -0.226007309664176 10.4763195471839
57.1163139085851 0.353537017790994 11.1912142652931
57.7181551408821 0.973172422260217 11.8922319781323
58.296419174751 1.63181698946323 12.5771812091498
58.8509617651208 2.32798626534199 13.2442211116525
59.3815002075188 3.0599207615107 13.8920261186208
59.8874622220399 3.82575414841777 14.5197828821947
60.3679436760449 4.62366476518313 15.1270461596313
60.8217740951209 5.45196609522587 15.7135211573542
61.2476608434354 6.30912043375024 16.2788531224225
61.6443642481149 7.19368956648565 16.8224896384756
62.0108522199424 8.10425439395744 17.3436468816195
62.3463951950761 9.03933742997674 17.8413732276868
62.6505857071297 9.99735171990713 18.3146755419192
62.9232920797572 10.976585094342 18.7626617304284
63.1645725099609 11.9752169544817 19.1846563989847
63.3745786712637 12.9913587594611 19.5802589164994
63.5534689958413 14.0231075337568 19.9493291472558
63.7013394513516 15.0686009200206 20.2919030238004
63.8181735374634 16.1260609949899 20.6080579759093
63.9038178361205 17.193813723473 20.8977663892287
63.9580002663085 18.270275117376 21.1607893348375
63.9804132919844 19.3539065930457 21.3966642557319
63.9708711828628 20.4431588829547 21.6048201601878
63.9295151733433 21.5364376007506 21.7848093668732
63.8569945582945 22.6321211871003 21.9365856953115
63.7545212691057 23.7286354994631 22.0607091761171
63.6237088261252 24.8245480396322 22.1583480799477
63.4661767876346 25.9186164375198 22.2310025928058
63.2830128864165 27.0097366370944 22.2799863018801
63.0742932278387 28.096785460132 22.3058339154723
62.8389102222698 29.1784124445944 22.3078965278043
62.5749012887458 30.2528833408741 22.2843816306579
62.2802943941497 31.3181060803213 22.2329644853375
61.9542334124658 32.3719557145388 22.1518607989521
61.5979310037933 33.4128953988381 22.0409908050462
61.2149609464213 34.4406484437396 21.9027127735979
60.8106116086959 35.4564629615193 21.741673568704
60.3903900074718 36.4625868867038 21.5636241498122
59.9581180766497 37.4610112359783 21.3734673168709
59.5142927593028 38.4520314192564 21.1731933213694
59.0554582028277 39.4332917490655 20.9605817599477
58.5751597625491 40.3996966124708 20.7294597212247
58.0664635787722 41.3443225019241 20.4717925921635
57.5251372362742 42.2604407318625 20.1810349568879
56.951963207412 43.1444661910339 19.8553883793046
56.3529623703047 43.9986890007826 19.4994557477449
55.7374913217669 44.8318193570064 19.1234660590221
55.1152265140357 45.6560735933662 18.7402726691686
54.4930992659808 46.4817977941633 18.361008019215
53.8728359318364 47.3125450594189 17.9906550614243
53.2499339677622 48.1431601677575 17.6252758939024
52.6152284300405 48.9612679964026 17.2527210251497
51.9591889143404 49.7511059773706 16.8573565405942
51.2768164759681 50.4989101768868 16.4269876508734
50.56987032285 51.1989907369553 15.9585122642456
49.8450535130595 51.8578562823696 15.4595069475874
49.110123446891 52.4928602181027 14.9454600771906
48.3709182208863 53.1246407114867 14.4342868609481
47.6301528899797 53.767302729819 13.939810653633
46.8870733369713 54.4221958851381 13.4658626323664
46.1380433013744 55.0783510067109 13.0037105890839
45.3791491576101 55.7182577866358 12.5353287445602
44.6099217488363 56.3258516651608 12.0418088097202
43.8346881200175 56.8940323874984 11.5124891502867
43.0594736266091 57.4287693134311 10.9498972952562
42.286934454223 57.9466497590208 10.3686756561985
41.5136933614348 58.4657429538181 9.78984291075876
40.7315516863445 58.9946696578538 9.23253110267876
39.9309007864015 59.5267618717002 8.70557120352492
39.1048580949446 60.0428670617799 8.20265815332585
38.2535718745784 60.5210229129887 7.70452544037331
37.386666240707 60.9482868072623 7.18764039786235
36.5206911314782 61.3295418013707 6.63476462638504
35.6717491085229 61.6885493116851 6.0423001267781
34.848147775462 62.059124018954 5.42202703373438
34.0474797793772 62.4696940338494 4.79700599572383
33.2579722886001 62.929194700787 4.19223936779687
32.4621219857731 63.4219654363054 3.62308659609591
31.6424684780722 63.9137438554097 3.08777828743708
30.7892377007657 64.364901024443 2.56913852934032
29.9058261358818 64.7453675136209 2.04415360405373
29.0066771370789 65.0463253235983 1.49493948929525
28.1077494638866 65.2838454166355 0.915470404116905
27.2171160024054 65.4919236268607 0.312666605440801
26.333024159551 65.7079836839651 -0.296854748310517
25.4490560802709 65.9582963979461 -0.893418565524167
24.5602597259826 66.25032521882 -1.46333031808414
23.6659274859372 66.5745311044492 -2.00656140273898
22.7694863362761 66.9126324900134 -2.53776553187093
21.8772230320049 67.2464417891368 -3.07883906335725
20.9954977821119 67.5629291065884 -3.64720191616945
20.1258305195755 67.8546621760818 -4.24678658675264
19.2605767381568 68.1171166999794 -4.8662097311993
18.3840427832933 68.3453505394188 -5.48366066802928
17.4802889540296 68.532943059719 -6.07540114205588
16.5423267140609 68.675090322609 -6.62533653322271
15.5755376953535 68.7745958696947 -7.13311437394925
14.5938980543551 68.8463521646583 -7.6164793702664
13.6142582018896 68.9160223124505 -8.10448360841441
12.6527884504642 69.012039707993 -8.62373023685036
11.7212120780861 69.1540668641193 -9.18563536011833
10.8202072045695 69.343521882367 -9.78252319576254
9.93483612761683 69.5610232502285 -10.3933301312442
9.03967833977525 69.7717501440179 -10.9927527613826
8.11294075434423 69.9364999619742 -11.5585466846875
7.14859091419197 70.0252576870364 -12.0773183842962
6.15658864220481 70.028557580933 -12.5497116455456
5.15300569000703 69.960989093081 -12.9917008137373
4.1505157305557 69.8548585740381 -13.4285293717264
3.15598677825137 69.7474943711482 -13.8832557168423
2.17215280008258 69.6677298472569 -14.366590440178
1.19779277287775 69.6263625455675 -14.873846280975
0.226727452371724 69.6139307586136 -15.3893891480436
-0.750312798104674 69.6062780934063 -15.8942937719962
-1.74045122869806 69.5749209325008 -16.3729437520816
-2.74445316509197 69.4975978527854 -16.8171491592525
-3.75729325655367 69.3649346479932 -17.2276840876259
-4.77236253477757 69.1811826696278 -17.6128335527641
-5.78529131089592 68.9597762575802 -17.9841348943365
-6.79501959499814 68.7164991722332 -18.3511167171157
-7.80279307147214 68.4632909248743 -18.7175531075592
-8.81071341039867 68.2047470368579 -19.0807440250427
-9.82054990450974 67.9380558800689 -19.433560782567
-10.8328386322191 67.6557625257222 -19.7677988098822
-11.8464824991299 67.3497101629839 -20.0772443339299
-12.859164984488 67.0142972015803 -20.3593836259485
-13.8683817581624 66.6478755097704 -20.6153703756271
-14.8723887276905 66.2522009404069 -20.8485457967411
-15.8704954863248 65.8306906803029 -21.0623399343542
-16.8626948758383 65.3865157823692 -21.2585333779305
-17.8490165498089 64.9213405398407 -21.4365471057144
-18.8290011249769 64.4350611368174 -21.5938646147727
-19.801505970461 63.9264093879783 -21.7271923472941
-20.7648710081607 63.3939469852744 -21.833736138754
-21.7173229894303 62.8369077855393 -21.9120416456625
-22.6573882510519 62.2555454144734 -21.9621247964549
-23.5840864494952 61.6509576164263 -21.9849607721514
-24.496816956872 61.0246006463645 -21.9816583958701
-25.3950328611594 60.3777836336913 -21.9527233769177
-26.2778984537992 59.7113655814291 -21.8977059367424
