1 1.6986e-05 
2 1.69866e-05 
3 1.69874e-05 
4 1.69884e-05 
5 1.69897e-05 
6 1.69919e-05 
7 1.69971e-05 
8 1.71863e-05 
9 1.71865e-05 
10 1.71866e-05 
11 1.71868e-05 
12 1.7187e-05 
13 1.71872e-05 
14 1.71874e-05 
15 1.71876e-05 
16 1.71878e-05 
17 1.71881e-05 
18 1.71884e-05 
19 1.71888e-05 
20 1.71892e-05 
21 1.71898e-05 
22 1.71906e-05 
23 1.71918e-05 
24 1.71945e-05 
25 1.7206e-05 
26 1.72202e-05 
27 1.7228e-05 
28 1.73215e-05 
29 1.73217e-05 
30 1.7322e-05 
31 1.73224e-05 
32 1.73228e-05 
33 1.73234e-05 
34 1.73241e-05 
35 1.73252e-05 
36 1.73275e-05 
37 1.73353e-05 
38 1.74207e-05 
39 1.7421e-05 
40 1.74214e-05 
41 1.74218e-05 
42 1.74223e-05 
43 1.7423e-05 
44 1.7424e-05 
45 1.74259e-05 
46 1.7431e-05 
47 1.77977e-05 
48 1.77979e-05 
49 1.77981e-05 
50 1.77984e-05 
51 1.77986e-05 
52 1.77988e-05 
53 1.77991e-05 
54 1.77993e-05 
55 1.77996e-05 
56 1.77999e-05 
57 1.78002e-05 
58 1.78006e-05 
59 1.7801e-05 
60 1.78014e-05 
61 1.78019e-05 
62 1.78025e-05 
63 1.78031e-05 
64 1.7804e-05 
65 1.78051e-05 
66 1.78067e-05 
67 1.781e-05 
68 1.78261e-05 
69 1.78304e-05 
70 1.79553e-05 
71 1.79557e-05 
72 1.79562e-05 
73 1.79567e-05 
74 1.79572e-05 
75 1.79579e-05 
76 1.79588e-05 
77 1.796e-05 
78 1.79617e-05 
79 1.79653e-05 
80 1.799e-05 
81 1.79918e-05 
82 1.79965e-05 
83 1.83311e-05 
84 1.83313e-05 
85 1.83315e-05 
86 1.83317e-05 
87 1.83319e-05 
88 1.83322e-05 
89 1.83324e-05 
90 1.83327e-05 
91 1.8333e-05 
92 1.83333e-05 
93 1.83336e-05 
94 1.8334e-05 
95 1.83344e-05 
96 1.83348e-05 
97 1.83353e-05 
98 1.83359e-05 
99 1.83366e-05 
100 1.83376e-05 
101 1.83388e-05 
102 1.83409e-05 
103 1.83459e-05 
104 1.86955e-05 
105 1.86956e-05 
106 1.86957e-05 
107 1.86958e-05 
108 1.86959e-05 
109 1.8696e-05 
110 1.86961e-05 
111 1.86962e-05 
112 1.86963e-05 
113 1.86964e-05 
114 1.86966e-05 
115 1.86967e-05 
116 1.86969e-05 
117 1.8697e-05 
118 1.86972e-05 
119 1.86973e-05 
120 1.86975e-05 
121 1.86977e-05 
122 1.86979e-05 
123 1.86982e-05 
124 1.86985e-05 
125 1.86988e-05 
126 1.86992e-05 
127 1.86997e-05 
128 1.87003e-05 
129 1.87011e-05 
130 1.87023e-05 
131 1.87048e-05 
132 1.87166e-05 
133 1.87214e-05 
134 1.97945e-05 
135 1.97946e-05 
136 1.97947e-05 
137 1.97948e-05 
138 1.9795e-05 
139 1.97951e-05 
140 1.97952e-05 
141 1.97954e-05 
142 1.97955e-05 
143 1.97956e-05 
144 1.97958e-05 
145 1.97959e-05 
146 1.97961e-05 
147 1.97962e-05 
148 1.97964e-05 
149 1.97966e-05 
150 1.97967e-05 
151 1.97969e-05 
152 1.97971e-05 
153 1.97973e-05 
154 1.97975e-05 
155 1.97977e-05 
156 1.97979e-05 
157 1.97981e-05 
158 1.97984e-05 
159 1.97986e-05 
160 1.97989e-05 
161 1.97992e-05 
162 1.97995e-05 
163 1.97999e-05 
164 1.98003e-05 
165 1.98007e-05 
166 1.98012e-05 
167 1.98018e-05 
168 1.98026e-05 
169 1.98035e-05 
170 1.9805e-05 
171 1.98076e-05 
172 1.98177e-05 
173 1.98239e-05 
174 1.98511e-05 
175 1.9852e-05 
176 1.98535e-05 
177 1.98573e-05 
178 2.02794e-05 
179 2.02795e-05 
180 2.02797e-05 
181 2.02799e-05 
182 2.02801e-05 
183 2.02803e-05 
184 2.02805e-05 
185 2.02807e-05 
186 2.0281e-05 
187 2.02812e-05 
188 2.02815e-05 
189 2.02818e-05 
190 2.02821e-05 
191 2.02825e-05 
192 2.02828e-05 
193 2.02833e-05 
194 2.02837e-05 
195 2.02843e-05 
196 2.0285e-05 
197 2.02859e-05 
198 2.02871e-05 
199 2.02891e-05 
200 2.02942e-05 
201 2.04323e-05 
202 2.04356e-05 
203 2.04541e-05 
204 2.04631e-05 
205 2.04713e-05 
206 2.04823e-05 
207 2.04868e-05 
208 2.05227e-05 
209 2.05334e-05 
210 2.05378e-05 
211 2.07143e-05 
212 2.07144e-05 
213 2.07146e-05 
214 2.07147e-05 
215 2.07149e-05 
216 2.0715e-05 
217 2.07152e-05 
218 2.07154e-05 
219 2.07156e-05 
220 2.07158e-05 
221 2.07161e-05 
222 2.07164e-05 
223 2.07168e-05 
224 2.07172e-05 
225 2.07177e-05 
226 2.07184e-05 
227 2.07193e-05 
228 2.0721e-05 
229 2.0726e-05 
230 2.08264e-05 
231 2.08266e-05 
232 2.08268e-05 
233 2.08271e-05 
234 2.08273e-05 
235 2.08277e-05 
236 2.08281e-05 
237 2.08286e-05 
238 2.08292e-05 
239 2.08301e-05 
240 2.08315e-05 
241 2.0835e-05 
242 2.10535e-05 
243 2.10536e-05 
244 2.10538e-05 
245 2.1054e-05 
246 2.10542e-05 
247 2.10544e-05 
248 2.10546e-05 
249 2.10548e-05 
250 2.10551e-05 
251 2.10553e-05 
252 2.10556e-05 
253 2.1056e-05 
254 2.10564e-05 
255 2.10568e-05 
256 2.10574e-05 
257 2.1058e-05 
258 2.1059e-05 
259 2.10604e-05 
260 2.10636e-05 
261 2.11125e-05 
262 2.11129e-05 
263 2.11135e-05 
264 2.11141e-05 
265 2.11151e-05 
266 2.11168e-05 
267 2.11224e-05 
268 2.11609e-05 
269 2.11614e-05 
270 2.11621e-05 
271 2.11632e-05 
272 2.11652e-05 
273 2.11743e-05 
274 2.11807e-05 
275 2.12035e-05 
276 2.12045e-05 
277 2.12068e-05 
278 2.12169e-05 
279 2.12215e-05 
280 2.13165e-05 
281 2.13167e-05 
282 2.13169e-05 
283 2.13172e-05 
284 2.13174e-05 
285 2.13178e-05 
286 2.13182e-05 
287 2.13187e-05 
288 2.13193e-05 
289 2.13202e-05 
290 2.13216e-05 
291 2.13253e-05 
292 2.25077e-05 
293 2.25078e-05 
294 2.25079e-05 
295 2.2508e-05 
296 2.2508e-05 
297 2.25081e-05 
298 2.25082e-05 
299 2.25083e-05 
300 2.25084e-05 
301 2.25085e-05 
302 2.25086e-05 
303 2.25087e-05 
304 2.25088e-05 
305 2.25089e-05 
306 2.25089e-05 
307 2.2509e-05 
308 2.25091e-05 
309 2.25092e-05 
310 2.25094e-05 
311 2.25095e-05 
312 2.25096e-05 
313 2.25097e-05 
314 2.25098e-05 
315 2.25099e-05 
316 2.251e-05 
317 2.25102e-05 
318 2.25103e-05 
319 2.25104e-05 
320 2.25106e-05 
321 2.25107e-05 
322 2.25109e-05 
323 2.2511e-05 
324 2.25112e-05 
325 2.25114e-05 
326 2.25116e-05 
327 2.25118e-05 
328 2.2512e-05 
329 2.25122e-05 
330 2.25125e-05 
331 2.25128e-05 
332 2.25131e-05 
333 2.25134e-05 
334 2.25138e-05 
335 2.25143e-05 
336 2.25149e-05 
337 2.25157e-05 
338 2.25168e-05 
339 2.25189e-05 
340 2.2528e-05 
341 2.25326e-05 
342 2.25998e-05 
343 2.26001e-05 
344 2.26004e-05 
345 2.26008e-05 
346 2.26012e-05 
347 2.26017e-05 
348 2.26024e-05 
349 2.26036e-05 
350 2.26058e-05 
351 2.26217e-05 
352 2.26235e-05 
353 2.26289e-05 
354 2.26612e-05 
355 2.26618e-05 
356 2.26626e-05 
357 2.26638e-05 
358 2.26666e-05 
359 2.27212e-05 
360 2.27215e-05 
361 2.27219e-05 
362 2.27224e-05 
363 2.2723e-05 
364 2.27238e-05 
365 2.27252e-05 
366 2.27286e-05 
367 2.46316e-05 
368 2.46317e-05 
369 2.46317e-05 
370 2.46318e-05 
371 2.46319e-05 
372 2.46319e-05 
373 2.4632e-05 
374 2.46321e-05 
375 2.46321e-05 
376 2.46322e-05 
377 2.46322e-05 
378 2.46323e-05 
379 2.46324e-05 
380 2.46324e-05 
381 2.46325e-05 
382 2.46326e-05 
383 2.46327e-05 
384 2.46327e-05 
385 2.46328e-05 
386 2.46329e-05 
387 2.46329e-05 
388 2.4633e-05 
389 2.46331e-05 
390 2.46332e-05 
391 2.46332e-05 
392 2.46333e-05 
393 2.46334e-05 
394 2.46335e-05 
395 2.46336e-05 
396 2.46337e-05 
397 2.46338e-05 
398 2.46338e-05 
399 2.46339e-05 
400 2.4634e-05 
401 2.46341e-05 
402 2.46342e-05 
403 2.46343e-05 
404 2.46344e-05 
405 2.46345e-05 
406 2.46347e-05 
407 2.46348e-05 
408 2.46349e-05 
409 2.4635e-05 
410 2.46352e-05 
411 2.46353e-05 
412 2.46354e-05 
413 2.46356e-05 
414 2.46358e-05 
415 2.46359e-05 
416 2.46361e-05 
417 2.46363e-05 
418 2.46366e-05 
419 2.46368e-05 
420 2.46371e-05 
421 2.46374e-05 
422 2.46378e-05 
423 2.46383e-05 
424 2.46389e-05 
425 2.46398e-05 
426 2.46416e-05 
427 2.46485e-05 
428 2.48491e-05 
429 2.48493e-05 
430 2.48494e-05 
431 2.48495e-05 
432 2.48497e-05 
433 2.48499e-05 
434 2.485e-05 
435 2.48502e-05 
436 2.48504e-05 
437 2.48507e-05 
438 2.48509e-05 
439 2.48512e-05 
440 2.48516e-05 
441 2.4852e-05 
442 2.48525e-05 
443 2.48532e-05 
444 2.48543e-05 
445 2.48568e-05 
446 2.48678e-05 
447 2.48856e-05 
448 2.48906e-05 
449 2.50286e-05 
450 2.5029e-05 
451 2.50294e-05 
452 2.50299e-05 
453 2.50305e-05 
454 2.50312e-05 
455 2.50321e-05 
456 2.50333e-05 
457 2.50351e-05 
458 2.50387e-05 
459 2.50584e-05 
460 2.50624e-05 
461 2.50962e-05 
462 2.5098e-05 
463 2.51014e-05 
464 2.51186e-05 
465 2.51238e-05 
466 2.53525e-05 
467 2.53527e-05 
468 2.53529e-05 
469 2.53532e-05 
470 2.53535e-05 
471 2.53538e-05 
472 2.53541e-05 
473 2.53545e-05 
474 2.5355e-05 
475 2.53556e-05 
476 2.53563e-05 
477 2.53571e-05 
478 2.53583e-05 
479 2.53599e-05 
480 2.53631e-05 
481 2.53763e-05 
482 2.53855e-05 
483 2.54188e-05 
484 2.54202e-05 
485 2.54233e-05 
486 2.54362e-05 
487 2.54463e-05 
488 2.54673e-05 
489 2.54708e-05 
490 2.54904e-05 
491 2.54943e-05 
492 2.55244e-05 
493 2.55264e-05 
494 2.55307e-05 
495 2.55837e-05 
496 2.55843e-05 
497 2.55853e-05 
498 2.55871e-05 
499 2.55907e-05 
500 2.56131e-05 
501 2.56162e-05 
502 2.56292e-05 
503 2.56386e-05 
504 2.56667e-05 
505 2.56689e-05 
506 2.56739e-05 
507 2.58561e-05 
508 2.58564e-05 
509 2.58566e-05 
510 2.5857e-05 
511 2.58573e-05 
512 2.58577e-05 
513 2.58582e-05 
514 2.58588e-05 
515 2.58594e-05 
516 2.58603e-05 
517 2.58614e-05 
518 2.58631e-05 
519 2.58664e-05 
520 2.58824e-05 
521 2.5888e-05 
522 2.68102e-05 
523 2.68106e-05 
524 2.68107e-05 
525 2.68108e-05 
526 2.68109e-05 
527 2.6811e-05 
528 2.68111e-05 
529 2.68112e-05 
530 2.68114e-05 
531 2.68115e-05 
532 2.68116e-05 
533 2.68118e-05 
534 2.68119e-05 
535 2.68121e-05 
536 2.68122e-05 
537 2.68124e-05 
538 2.68126e-05 
539 2.68128e-05 
540 2.6813e-05 
541 2.68132e-05 
542 2.68135e-05 
543 2.68137e-05 
544 2.6814e-05 
545 2.68144e-05 
546 2.68148e-05 
547 2.68153e-05 
548 2.68159e-05 
549 2.68166e-05 
550 2.68176e-05 
551 2.6819e-05 
552 2.68209e-05 
553 2.68249e-05 
554 2.6877e-05 
555 2.68778e-05 
556 2.6879e-05 
557 2.68808e-05 
558 2.68847e-05 
559 2.69213e-05 
560 2.69225e-05 
561 2.69245e-05 
562 2.69295e-05 
563 2.73699e-05 
564 2.737e-05 
565 2.73701e-05 
566 2.73702e-05 
567 2.73703e-05 
568 2.73704e-05 
569 2.73705e-05 
570 2.73706e-05 
571 2.73707e-05 
572 2.73709e-05 
573 2.7371e-05 
574 2.73711e-05 
575 2.73713e-05 
576 2.73714e-05 
577 2.73716e-05 
578 2.73718e-05 
579 2.7372e-05 
580 2.73722e-05 
581 2.73724e-05 
582 2.73727e-05 
583 2.7373e-05 
584 2.73734e-05 
585 2.7374e-05 
586 2.73746e-05 
587 2.73754e-05 
588 2.73765e-05 
589 2.7378e-05 
590 2.7381e-05 
591 2.73942e-05 
592 2.74003e-05 
593 2.76458e-05 
594 2.7646e-05 
595 2.76461e-05 
596 2.76463e-05 
597 2.76465e-05 
598 2.76468e-05 
599 2.7647e-05 
600 2.76473e-05 
601 2.76476e-05 
602 2.7648e-05 
603 2.76484e-05 
604 2.76488e-05 
605 2.76493e-05 
606 2.765e-05 
607 2.76507e-05 
608 2.76518e-05 
609 2.76534e-05 
610 2.76566e-05 
611 2.76764e-05 
612 2.76791e-05 
613 2.76901e-05 
614 2.76996e-05 
615 2.77146e-05 
616 2.77191e-05 
617 2.79055e-05 
618 2.79057e-05 
619 2.79058e-05 
620 2.7906e-05 
621 2.79063e-05 
622 2.79065e-05 
623 2.79068e-05 
624 2.79072e-05 
625 2.79076e-05 
626 2.79081e-05 
627 2.79088e-05 
628 2.79095e-05 
629 2.79106e-05 
630 2.79121e-05 
631 2.79148e-05 
632 2.79269e-05 
633 2.7934e-05 
634 2.79904e-05 
635 2.79911e-05 
636 2.7992e-05 
637 2.79932e-05 
638 2.79952e-05 
639 2.80003e-05 
640 3.03749e-05 
641 3.03753e-05 
642 3.03754e-05 
643 3.03755e-05 
644 3.03757e-05 
645 3.03758e-05 
646 3.0376e-05 
647 3.03762e-05 
648 3.03764e-05 
649 3.03766e-05 
650 3.03769e-05 
651 3.03772e-05 
652 3.03775e-05 
653 3.03778e-05 
654 3.03781e-05 
655 3.03785e-05 
656 3.03789e-05 
657 3.03794e-05 
658 3.038e-05 
659 3.03807e-05 
660 3.03816e-05 
661 3.0383e-05 
662 3.03855e-05 
663 3.0395e-05 
664 3.04067e-05 
665 3.04134e-05 
666 3.0469e-05 
667 3.04696e-05 
668 3.04705e-05 
669 3.04716e-05 
670 3.04734e-05 
671 3.04778e-05 
672 3.06928e-05 
673 3.0693e-05 
674 3.06932e-05 
675 3.06934e-05 
676 3.06936e-05 
677 3.06939e-05 
678 3.06941e-05 
679 3.06944e-05 
680 3.06948e-05 
681 3.06952e-05 
682 3.06956e-05 
683 3.06961e-05 
684 3.06967e-05 
685 3.06974e-05 
686 3.06984e-05 
687 3.06998e-05 
688 3.07027e-05 
689 3.0718e-05 
690 3.07218e-05 
691 3.07802e-05 
692 3.07808e-05 
693 3.07816e-05 
694 3.07826e-05 
695 3.07841e-05 
696 3.07872e-05 
697 3.08078e-05 
698 3.081e-05 
699 3.08173e-05 
700 3.08553e-05 
701 3.08563e-05 
702 3.08578e-05 
703 3.08606e-05 
704 3.08754e-05 
705 3.08794e-05 
706 3.09747e-05 
707 3.09751e-05 
708 3.09756e-05 
709 3.09761e-05 
710 3.09767e-05 
711 3.09775e-05 
712 3.09786e-05 
713 3.09802e-05 
714 3.09838e-05 
715 3.10238e-05 
716 3.10247e-05 
717 3.1026e-05 
718 3.10284e-05 
719 3.10368e-05 
720 3.10556e-05 
721 3.10582e-05 
722 3.10691e-05 
723 3.10772e-05 
724 3.10999e-05 
725 3.11019e-05 
726 3.11068e-05 
727 3.37306e-05 
728 3.37315e-05 
729 3.37318e-05 
730 3.3732e-05 
731 3.37323e-05 
732 3.37326e-05 
733 3.37329e-05 
734 3.37333e-05 
735 3.37337e-05 
736 3.37342e-05 
737 3.37348e-05 
738 3.37355e-05 
739 3.37364e-05 
740 3.37377e-05 
741 3.37399e-05 
742 3.37458e-05 
743 3.40633e-05 
744 3.40635e-05 
745 3.40636e-05 
746 3.40638e-05 
747 3.4064e-05 
748 3.40642e-05 
749 3.40644e-05 
750 3.40647e-05 
751 3.40649e-05 
752 3.40652e-05 
753 3.40655e-05 
754 3.40658e-05 
755 3.40662e-05 
756 3.40666e-05 
757 3.4067e-05 
758 3.40676e-05 
759 3.40682e-05 
760 3.4069e-05 
761 3.40701e-05 
762 3.40718e-05 
763 3.40752e-05 
764 3.41069e-05 
765 3.4108e-05 
766 3.41097e-05 
767 3.41139e-05 
768 3.43498e-05 
769 3.435e-05 
770 3.43502e-05 
771 3.43504e-05 
772 3.43507e-05 
773 3.43509e-05 
774 3.43512e-05 
775 3.43515e-05 
776 3.43519e-05 
777 3.43522e-05 
778 3.43526e-05 
779 3.43531e-05 
780 3.43537e-05 
781 3.43544e-05 
782 3.43552e-05 
783 3.43564e-05 
784 3.43583e-05 
785 3.43625e-05 
786 3.47521e-05 
787 3.47524e-05 
788 3.47526e-05 
789 3.47527e-05 
790 3.47529e-05 
791 3.47531e-05 
792 3.47532e-05 
793 3.47534e-05 
794 3.47536e-05 
795 3.47538e-05 
796 3.4754e-05 
797 3.47543e-05 
798 3.47545e-05 
799 3.47548e-05 
800 3.47551e-05 
801 3.47554e-05 
802 3.47557e-05 
803 3.47561e-05 
804 3.47565e-05 
805 3.47571e-05 
806 3.47577e-05 
807 3.47585e-05 
808 3.47597e-05 
809 3.47617e-05 
810 3.47678e-05 
811 3.48301e-05 
812 3.48306e-05 
813 3.48312e-05 
814 3.4832e-05 
815 3.48331e-05 
816 3.4835e-05 
817 3.48402e-05 
818 3.52419e-05 
819 3.52421e-05 
820 3.52423e-05 
821 3.52424e-05 
822 3.52426e-05 
823 3.52428e-05 
824 3.52429e-05 
825 3.52431e-05 
826 3.52433e-05 
827 3.52435e-05 
828 3.52437e-05 
829 3.52439e-05 
830 3.52441e-05 
831 3.52444e-05 
832 3.52446e-05 
833 3.52449e-05 
834 3.52452e-05 
835 3.52456e-05 
836 3.5246e-05 
837 3.52464e-05 
838 3.52469e-05 
839 3.52476e-05 
840 3.52484e-05 
841 3.52497e-05 
842 3.52519e-05 
843 3.52596e-05 
844 3.52761e-05 
845 3.52788e-05 
846 3.52936e-05 
847 3.52967e-05 
848 3.53247e-05 
849 3.53259e-05 
850 3.5328e-05 
851 3.53351e-05 
852 3.53606e-05 
853 3.53619e-05 
854 3.53645e-05 
855 3.5378e-05 
856 3.53818e-05 
857 3.54859e-05 
858 3.54862e-05 
859 3.54865e-05 
860 3.54869e-05 
861 3.54874e-05 
862 3.54879e-05 
863 3.54886e-05 
864 3.54894e-05 
865 3.54907e-05 
866 3.54931e-05 
867 3.55026e-05 
868 3.55112e-05 
869 3.55232e-05 
870 3.5528e-05 
871 3.76222e-05 
872 3.76224e-05 
873 3.76224e-05 
874 3.76225e-05 
875 3.76225e-05 
876 3.76226e-05 
877 3.76227e-05 
878 3.76227e-05 
879 3.76228e-05 
880 3.76229e-05 
881 3.76229e-05 
882 3.7623e-05 
883 3.76231e-05 
884 3.76232e-05 
885 3.76232e-05 
886 3.76233e-05 
887 3.76234e-05 
888 3.76235e-05 
889 3.76235e-05 
890 3.76236e-05 
891 3.76237e-05 
892 3.76238e-05 
893 3.76239e-05 
894 3.7624e-05 
895 3.76241e-05 
896 3.76242e-05 
897 3.76243e-05 
898 3.76244e-05 
899 3.76245e-05 
900 3.76246e-05 
901 3.76248e-05 
902 3.76249e-05 
903 3.76251e-05 
904 3.76253e-05 
905 3.76255e-05 
906 3.76257e-05 
907 3.76259e-05 
908 3.76261e-05 
909 3.76264e-05 
910 3.76267e-05 
911 3.7627e-05 
912 3.76273e-05 
913 3.76277e-05 
914 3.76281e-05 
915 3.76286e-05 
916 3.76292e-05 
917 3.763e-05 
918 3.76312e-05 
919 3.76331e-05 
920 3.76389e-05 
921 3.77283e-05 
922 3.77286e-05 
923 3.7729e-05 
924 3.77295e-05 
925 3.773e-05 
926 3.77307e-05 
927 3.77316e-05 
928 3.7733e-05 
929 3.77357e-05 
930 3.77529e-05 
931 3.77552e-05 
932 3.77649e-05 
933 3.77728e-05 
934 3.77873e-05 
935 3.77905e-05 
936 3.78247e-05 
937 3.78256e-05 
938 3.7827e-05 
939 3.78295e-05 
940 3.78426e-05 
941 3.78464e-05 
942 3.79896e-05 
943 3.79899e-05 
944 3.79902e-05 
945 3.79905e-05 
946 3.79908e-05 
947 3.79911e-05 
948 3.79915e-05 
949 3.7992e-05 
950 3.79925e-05 
951 3.79932e-05 
952 3.79941e-05 
953 3.79955e-05 
954 3.79983e-05 
955 3.80172e-05 
956 3.80192e-05 
957 3.80254e-05 
958 3.80658e-05 
959 3.80665e-05 
960 3.80675e-05 
961 3.80691e-05 
962 3.80726e-05 
963 3.81585e-05 
964 3.81588e-05 
965 3.81592e-05 
966 3.81597e-05 
967 3.81602e-05 
968 3.81609e-05 
969 3.81618e-05 
970 3.81631e-05 
971 3.81658e-05 
972 3.81828e-05 
973 3.8185e-05 
974 3.81938e-05 
975 3.82028e-05 
976 3.82113e-05 
977 3.82214e-05 
978 3.82277e-05 
979 3.82641e-05 
980 3.82649e-05 
981 3.8266e-05 
982 3.82679e-05 
983 3.82739e-05 
984 3.83211e-05 
985 3.83217e-05 
986 3.83224e-05 
987 3.83235e-05 
988 3.83252e-05 
989 3.83301e-05 
990 3.87083e-05 
991 3.87084e-05 
992 3.87085e-05 
993 3.87086e-05 
994 3.87087e-05 
995 3.87089e-05 
996 3.8709e-05 
997 3.87092e-05 
998 3.87093e-05 
999 3.87095e-05 
1000 3.87097e-05 
1001 3.87099e-05 
1002 3.87101e-05 
1003 3.87103e-05 
1004 3.87105e-05 
1005 3.87107e-05 
1006 3.8711e-05 
1007 3.87113e-05 
1008 3.87116e-05 
1009 3.8712e-05 
1010 3.87125e-05 
1011 3.8713e-05 
1012 3.87137e-05 
1013 3.87146e-05 
1014 3.8716e-05 
1015 3.87193e-05 
1016 3.87748e-05 
1017 3.87753e-05 
1018 3.87758e-05 
1019 3.87766e-05 
1020 3.87776e-05 
1021 3.87794e-05 
1022 3.87843e-05 
1023 3.90348e-05 
1024 3.90349e-05 
1025 3.90351e-05 
1026 3.90353e-05 
1027 3.90354e-05 
1028 3.90356e-05 
1029 3.90358e-05 
1030 3.9036e-05 
1031 3.90362e-05 
1032 3.90365e-05 
1033 3.90367e-05 
1034 3.9037e-05 
1035 3.90373e-05 
1036 3.90376e-05 
1037 3.9038e-05 
1038 3.90385e-05 
1039 3.90391e-05 
1040 3.90398e-05 
1041 3.90408e-05 
1042 3.90425e-05 
1043 3.90471e-05 
1044 3.954e-05 
1045 3.95402e-05 
1046 3.95403e-05 
1047 3.95404e-05 
1048 3.95405e-05 
1049 3.95406e-05 
1050 3.95407e-05 
1051 3.95409e-05 
1052 3.9541e-05 
1053 3.95412e-05 
1054 3.95413e-05 
1055 3.95414e-05 
1056 3.95416e-05 
1057 3.95418e-05 
1058 3.95419e-05 
1059 3.95421e-05 
1060 3.95423e-05 
1061 3.95425e-05 
1062 3.95427e-05 
1063 3.95429e-05 
1064 3.95432e-05 
1065 3.95434e-05 
1066 3.95437e-05 
1067 3.9544e-05 
1068 3.95444e-05 
1069 3.95448e-05 
1070 3.95454e-05 
1071 3.9546e-05 
1072 3.95469e-05 
1073 3.95483e-05 
1074 3.95515e-05 
1075 3.96088e-05 
1076 3.96093e-05 
1077 3.96098e-05 
1078 3.96104e-05 
1079 3.96112e-05 
1080 3.96125e-05 
1081 3.96152e-05 
1082 3.96384e-05 
1083 3.96395e-05 
1084 3.96417e-05 
1085 3.96507e-05 
1086 3.9657e-05 
1087 3.96785e-05 
1088 3.96797e-05 
1089 3.96823e-05 
1090 3.97004e-05 
1091 3.9702e-05 
1092 3.97062e-05 
1093 4.12937e-05 
1094 4.12938e-05 
1095 4.12939e-05 
1096 4.1294e-05 
1097 4.12941e-05 
1098 4.12941e-05 
1099 4.12942e-05 
1100 4.12943e-05 
1101 4.12944e-05 
1102 4.12945e-05 
1103 4.12946e-05 
1104 4.12947e-05 
1105 4.12948e-05 
1106 4.12949e-05 
1107 4.1295e-05 
1108 4.12951e-05 
1109 4.12952e-05 
1110 4.12953e-05 
1111 4.12954e-05 
1112 4.12956e-05 
1113 4.12957e-05 
1114 4.12958e-05 
1115 4.12959e-05 
1116 4.12961e-05 
1117 4.12962e-05 
1118 4.12964e-05 
1119 4.12965e-05 
1120 4.12967e-05 
1121 4.12968e-05 
1122 4.1297e-05 
1123 4.12972e-05 
1124 4.12974e-05 
1125 4.12976e-05 
1126 4.12979e-05 
1127 4.12982e-05 
1128 4.12985e-05 
1129 4.12988e-05 
1130 4.12992e-05 
1131 4.12997e-05 
1132 4.13003e-05 
1133 4.13012e-05 
1134 4.13026e-05 
1135 4.1306e-05 
1136 4.17514e-05 
1137 4.17515e-05 
1138 4.17516e-05 
1139 4.17517e-05 
1140 4.17517e-05 
1141 4.17518e-05 
1142 4.17519e-05 
1143 4.1752e-05 
1144 4.17521e-05 
1145 4.17522e-05 
1146 4.17523e-05 
1147 4.17525e-05 
1148 4.17526e-05 
1149 4.17527e-05 
1150 4.17528e-05 
1151 4.1753e-05 
1152 4.17531e-05 
1153 4.17533e-05 
1154 4.17534e-05 
1155 4.17536e-05 
1156 4.17538e-05 
1157 4.17539e-05 
1158 4.17542e-05 
1159 4.17544e-05 
1160 4.17546e-05 
1161 4.17549e-05 
1162 4.17552e-05 
1163 4.17556e-05 
1164 4.17561e-05 
1165 4.17567e-05 
1166 4.17575e-05 
1167 4.17589e-05 
1168 4.17626e-05 
1169 4.28132e-05 
1170 4.28133e-05 
1171 4.28133e-05 
1172 4.28134e-05 
1173 4.28134e-05 
1174 4.28135e-05 
1175 4.28136e-05 
1176 4.28136e-05 
1177 4.28137e-05 
1178 4.28138e-05 
1179 4.28138e-05 
1180 4.28139e-05 
1181 4.2814e-05 
1182 4.28141e-05 
1183 4.28142e-05 
1184 4.28143e-05 
1185 4.28143e-05 
1186 4.28145e-05 
1187 4.28146e-05 
1188 4.28147e-05 
1189 4.28148e-05 
1190 4.28149e-05 
1191 4.28151e-05 
1192 4.28152e-05 
1193 4.28154e-05 
1194 4.28155e-05 
1195 4.28157e-05 
1196 4.28159e-05 
1197 4.28161e-05 
1198 4.28164e-05 
1199 4.28166e-05 
1200 4.28169e-05 
1201 4.28172e-05 
1202 4.28176e-05 
1203 4.2818e-05 
1204 4.28185e-05 
1205 4.28193e-05 
1206 4.28205e-05 
1207 4.28233e-05 
1208 4.2917e-05 
1209 4.29173e-05 
1210 4.29176e-05 
1211 4.2918e-05 
1212 4.29184e-05 
1213 4.29189e-05 
1214 4.29196e-05 
1215 4.29207e-05 
1216 4.29226e-05 
1217 4.29314e-05 
1218 4.29344e-05 
1219 4.31535e-05 
1220 4.31539e-05 
1221 4.31545e-05 
1222 4.31554e-05 
1223 4.3157e-05 
1224 4.31638e-05 
1225 4.31664e-05 
1226 4.32074e-05 
1227 4.32081e-05 
1228 4.3209e-05 
1229 4.32105e-05 
1230 4.32151e-05 
1231 4.3233e-05 
1232 4.32342e-05 
1233 4.32373e-05 
1234 4.32646e-05 
1235 4.32791e-05 
1236 4.32799e-05 
1237 4.32814e-05 
1238 4.32866e-05 
1239 4.33008e-05 
1240 4.33021e-05 
1241 4.33055e-05 
1242 4.39048e-05 
1243 4.39048e-05 
1244 4.39049e-05 
1245 4.3905e-05 
1246 4.3905e-05 
1247 4.39051e-05 
1248 4.39052e-05 
1249 4.39053e-05 
1250 4.39054e-05 
1251 4.39054e-05 
1252 4.39055e-05 
1253 4.39056e-05 
1254 4.39057e-05 
1255 4.39058e-05 
1256 4.39059e-05 
1257 4.3906e-05 
1258 4.39061e-05 
1259 4.39062e-05 
1260 4.39063e-05 
1261 4.39064e-05 
1262 4.39065e-05 
1263 4.39067e-05 
1264 4.39068e-05 
1265 4.39069e-05 
1266 4.39071e-05 
1267 4.39072e-05 
1268 4.39074e-05 
1269 4.39075e-05 
1270 4.39077e-05 
1271 4.39079e-05 
1272 4.39081e-05 
1273 4.39084e-05 
1274 4.39086e-05 
1275 4.3909e-05 
1276 4.39093e-05 
1277 4.39098e-05 
1278 4.39104e-05 
1279 4.39113e-05 
1280 4.3913e-05 
1281 4.39214e-05 
1282 4.39245e-05 
1283 4.69563e-05 
1284 4.69588e-05 
1285 4.69593e-05 
1286 4.69599e-05 
1287 4.6961e-05 
1288 4.69615e-05 
1289 4.69622e-05 
1290 4.69635e-05 
1291 4.69674e-05 
1292 4.69818e-05 
1293 4.69825e-05 
1294 4.69835e-05 
1295 4.69861e-05 
1296 4.70412e-05 
1297 4.70472e-05 
1298 4.70521e-05 
1299 4.70595e-05 
1300 4.70619e-05 
1301 4.70878e-05 
1302 4.70921e-05 
1303 4.70962e-05 
1304 4.7111e-05 
1305 4.71118e-05 
1306 4.71133e-05 
1307 4.71215e-05 
1308 4.71236e-05 
1309 4.7154e-05 
1310 4.71544e-05 
1311 4.71548e-05 
1312 4.71554e-05 
1313 4.71564e-05 
1314 4.71585e-05 
1315 4.72116e-05 
1316 4.72118e-05 
1317 4.7212e-05 
1318 4.72123e-05 
1319 4.72126e-05 
1320 4.7213e-05 
1321 4.72134e-05 
1322 4.72142e-05 
1323 4.72155e-05 
1324 4.72201e-05 
1325 4.7229e-05 
1326 4.72308e-05 
1327 4.72442e-05 
1328 4.72451e-05 
1329 4.72471e-05 
1330 4.72741e-05 
1331 4.72745e-05 
1332 4.7275e-05 
1333 4.72757e-05 
1334 4.7277e-05 
1335 4.72819e-05 
1336 4.72894e-05 
1337 4.72918e-05 
1338 4.75484e-05 
1339 4.75485e-05 
1340 4.75486e-05 
1341 4.75486e-05 
1342 4.75487e-05 
1343 4.75488e-05 
1344 4.75489e-05 
1345 4.7549e-05 
1346 4.75491e-05 
1347 4.75492e-05 
1348 4.75493e-05 
1349 4.75494e-05 
1350 4.75495e-05 
1351 4.75497e-05 
1352 4.75498e-05 
1353 4.75499e-05 
1354 4.75501e-05 
1355 4.75503e-05 
1356 4.75505e-05 
1357 4.75507e-05 
1358 4.7551e-05 
1359 4.75513e-05 
1360 4.75516e-05 
1361 4.75522e-05 
1362 4.75529e-05 
1363 4.75544e-05 
1364 4.75608e-05 
1365 4.75642e-05 
1366 4.76262e-05 
1367 4.76264e-05 
1368 4.76266e-05 
1369 4.76268e-05 
1370 4.76271e-05 
1371 4.76274e-05 
1372 4.76277e-05 
1373 4.76282e-05 
1374 4.76289e-05 
1375 4.763e-05 
1376 4.76332e-05 
1377 4.77257e-05 
1378 4.77263e-05 
1379 4.77264e-05 
1380 4.77266e-05 
1381 4.77269e-05 
1382 4.77271e-05 
1383 4.77274e-05 
1384 4.77278e-05 
1385 4.77283e-05 
1386 4.7729e-05 
1387 4.77302e-05 
1388 4.77344e-05 
1389 4.77464e-05 
1390 4.77474e-05 
1391 4.77498e-05 
1392 4.80936e-05 
1393 4.80936e-05 
1394 4.80937e-05 
1395 4.80938e-05 
1396 4.80938e-05 
1397 4.80939e-05 
1398 4.8094e-05 
1399 4.8094e-05 
1400 4.80941e-05 
1401 4.80942e-05 
1402 4.80942e-05 
1403 4.80943e-05 
1404 4.80944e-05 
1405 4.80945e-05 
1406 4.80946e-05 
1407 4.80947e-05 
1408 4.80948e-05 
1409 4.80949e-05 
1410 4.8095e-05 
1411 4.80951e-05 
1412 4.80952e-05 
1413 4.80953e-05 
1414 4.80955e-05 
1415 4.80957e-05 
1416 4.80958e-05 
1417 4.8096e-05 
1418 4.80963e-05 
1419 4.80966e-05 
1420 4.80969e-05 
1421 4.80974e-05 
1422 4.80982e-05 
1423 4.80997e-05 
1424 4.81111e-05 
1425 4.8112e-05 
1426 4.8114e-05 
1427 4.81679e-05 
1428 4.8168e-05 
1429 4.81682e-05 
1430 4.81684e-05 
1431 4.81687e-05 
1432 4.8169e-05 
1433 4.81693e-05 
1434 4.81698e-05 
1435 4.81706e-05 
1436 4.81721e-05 
1437 4.81835e-05 
1438 4.81844e-05 
1439 4.81866e-05 
1440 4.83225e-05 
1441 4.83226e-05 
1442 4.83226e-05 
1443 4.83227e-05 
1444 4.83228e-05 
1445 4.83229e-05 
1446 4.8323e-05 
1447 4.83231e-05 
1448 4.83233e-05 
1449 4.83234e-05 
1450 4.83235e-05 
1451 4.83237e-05 
1452 4.83239e-05 
1453 4.83241e-05 
1454 4.83243e-05 
1455 4.83246e-05 
1456 4.83249e-05 
1457 4.83254e-05 
1458 4.83262e-05 
1459 4.83277e-05 
1460 4.83399e-05 
1461 4.83407e-05 
1462 4.83422e-05 
1463 4.83524e-05 
1464 4.83534e-05 
1465 4.83563e-05 
1466 4.84165e-05 
1467 4.84166e-05 
1468 4.84168e-05 
1469 4.84169e-05 
1470 4.84171e-05 
1471 4.84174e-05 
1472 4.84176e-05 
1473 4.8418e-05 
1474 4.84184e-05 
1475 4.84191e-05 
1476 4.84203e-05 
1477 4.84258e-05 
1478 4.8429e-05 
1479 4.84598e-05 
1480 4.84601e-05 
1481 4.84604e-05 
1482 4.84608e-05 
1483 4.84614e-05 
1484 4.84623e-05 
1485 4.84647e-05 
1486 5.04327e-05 
1487 5.04347e-05 
1488 5.04381e-05 
1489 5.04394e-05 
1490 5.04526e-05 
1491 5.0453e-05 
1492 5.04535e-05 
1493 5.04547e-05 
1494 5.04635e-05 
1495 5.04642e-05 
1496 5.04656e-05 
1497 5.0503e-05 
1498 5.05031e-05 
1499 5.05033e-05 
1500 5.05035e-05 
1501 5.05037e-05 
1502 5.05039e-05 
1503 5.05042e-05 
1504 5.05047e-05 
1505 5.05054e-05 
1506 5.05075e-05 
1507 5.06446e-05 
1508 5.06446e-05 
1509 5.06447e-05 
1510 5.06448e-05 
1511 5.06448e-05 
1512 5.06449e-05 
1513 5.0645e-05 
1514 5.0645e-05 
1515 5.06451e-05 
1516 5.06452e-05 
1517 5.06453e-05 
1518 5.06454e-05 
1519 5.06455e-05 
1520 5.06456e-05 
1521 5.06457e-05 
1522 5.06458e-05 
1523 5.06459e-05 
1524 5.06461e-05 
1525 5.06462e-05 
1526 5.06464e-05 
1527 5.06467e-05 
1528 5.0647e-05 
1529 5.06474e-05 
1530 5.0648e-05 
1531 5.06493e-05 
1532 5.06648e-05 
1533 5.06651e-05 
1534 5.06655e-05 
1535 5.06662e-05 
1536 5.06679e-05 
1537 5.09877e-05 
1538 5.09878e-05 
1539 5.09878e-05 
1540 5.09879e-05 
1541 5.09879e-05 
1542 5.0988e-05 
1543 5.0988e-05 
1544 5.09881e-05 
1545 5.09881e-05 
1546 5.09882e-05 
1547 5.09882e-05 
1548 5.09883e-05 
1549 5.09883e-05 
1550 5.09884e-05 
1551 5.09884e-05 
1552 5.09885e-05 
1553 5.09885e-05 
1554 5.09886e-05 
1555 5.09887e-05 
1556 5.09887e-05 
1557 5.09888e-05 
1558 5.09889e-05 
1559 5.09889e-05 
1560 5.0989e-05 
1561 5.09891e-05 
1562 5.09892e-05 
1563 5.09892e-05 
1564 5.09893e-05 
1565 5.09894e-05 
1566 5.09895e-05 
1567 5.09896e-05 
1568 5.09898e-05 
1569 5.09899e-05 
1570 5.099e-05 
1571 5.09902e-05 
1572 5.09904e-05 
1573 5.09907e-05 
1574 5.0991e-05 
1575 5.09914e-05 
1576 5.09921e-05 
1577 5.09941e-05 
1578 5.11608e-05 
1579 5.11608e-05 
1580 5.11609e-05 
1581 5.11609e-05 
1582 5.1161e-05 
1583 5.11611e-05 
1584 5.11611e-05 
1585 5.11612e-05 
1586 5.11612e-05 
1587 5.11613e-05 
1588 5.11614e-05 
1589 5.11615e-05 
1590 5.11615e-05 
1591 5.11616e-05 
1592 5.11617e-05 
1593 5.11618e-05 
1594 5.11619e-05 
1595 5.1162e-05 
1596 5.11621e-05 
1597 5.11622e-05 
1598 5.11624e-05 
1599 5.11625e-05 
1600 5.11627e-05 
1601 5.11629e-05 
1602 5.11632e-05 
1603 5.11635e-05 
1604 5.1164e-05 
1605 5.11649e-05 
1606 5.11688e-05 
1607 5.11715e-05 
1608 5.11818e-05 
1609 5.11823e-05 
1610 5.11831e-05 
1611 5.11861e-05 
1612 5.11917e-05 
1613 5.11929e-05 
1614 5.12061e-05 
1615 5.12064e-05 
1616 5.12069e-05 
1617 5.12079e-05 
1618 5.1213e-05 
1619 5.12145e-05 
1620 5.1276e-05 
1621 5.12761e-05 
1622 5.12761e-05 
1623 5.12762e-05 
1624 5.12764e-05 
1625 5.12765e-05 
1626 5.12766e-05 
1627 5.12767e-05 
1628 5.12769e-05 
1629 5.12771e-05 
1630 5.12773e-05 
1631 5.12776e-05 
1632 5.1278e-05 
1633 5.12787e-05 
1634 5.12802e-05 
1635 5.13849e-05 
1636 5.1385e-05 
1637 5.1385e-05 
1638 5.13851e-05 
1639 5.13852e-05 
1640 5.13852e-05 
1641 5.13853e-05 
1642 5.13854e-05 
1643 5.13854e-05 
1644 5.13855e-05 
1645 5.13856e-05 
1646 5.13857e-05 
1647 5.13858e-05 
1648 5.1386e-05 
1649 5.13861e-05 
1650 5.13862e-05 
1651 5.13864e-05 
1652 5.13867e-05 
1653 5.1387e-05 
1654 5.13874e-05 
1655 5.13881e-05 
1656 5.13902e-05 
1657 5.14377e-05 
1658 5.14378e-05 
1659 5.14379e-05 
1660 5.1438e-05 
1661 5.14381e-05 
1662 5.14382e-05 
1663 5.14384e-05 
1664 5.14386e-05 
1665 5.14389e-05 
1666 5.14392e-05 
1667 5.14397e-05 
1668 5.14407e-05 
1669 5.14459e-05 
1670 5.14472e-05 
1671 5.14679e-05 
1672 5.14681e-05 
1673 5.14683e-05 
1674 5.14687e-05 
1675 5.14692e-05 
1676 5.14701e-05 
1677 5.14747e-05 
1678 5.14764e-05 
1679 5.22125e-05 
1680 5.22125e-05 
1681 5.22125e-05 
1682 5.22126e-05 
1683 5.22126e-05 
1684 5.22126e-05 
1685 5.22126e-05 
1686 5.22127e-05 
1687 5.22127e-05 
1688 5.22127e-05 
1689 5.22128e-05 
1690 5.22128e-05 
1691 5.22128e-05 
1692 5.22128e-05 
1693 5.22129e-05 
1694 5.22129e-05 
1695 5.22129e-05 
1696 5.2213e-05 
1697 5.2213e-05 
1698 5.2213e-05 
1699 5.22131e-05 
1700 5.22131e-05 
1701 5.22132e-05 
1702 5.22132e-05 
1703 5.22132e-05 
1704 5.22133e-05 
1705 5.22133e-05 
1706 5.22134e-05 
1707 5.22134e-05 
1708 5.22134e-05 
1709 5.22135e-05 
1710 5.22135e-05 
1711 5.22136e-05 
1712 5.22136e-05 
1713 5.22137e-05 
1714 5.22137e-05 
1715 5.22138e-05 
1716 5.22139e-05 
1717 5.22139e-05 
1718 5.2214e-05 
1719 5.2214e-05 
1720 5.22141e-05 
1721 5.22142e-05 
1722 5.22143e-05 
1723 5.22144e-05 
1724 5.22145e-05 
1725 5.22146e-05 
1726 5.22147e-05 
1727 5.22148e-05 
1728 5.2215e-05 
1729 5.22152e-05 
1730 5.22154e-05 
1731 5.22157e-05 
1732 5.22161e-05 
1733 5.2217e-05 
1734 5.22206e-05 
1735 5.22231e-05 
1736 5.22333e-05 
1737 5.22337e-05 
1738 5.22344e-05 
1739 5.22362e-05 
1740 5.23369e-05 
1741 5.23369e-05 
1742 5.2337e-05 
1743 5.23371e-05 
1744 5.23371e-05 
1745 5.23372e-05 
1746 5.23373e-05 
1747 5.23373e-05 
1748 5.23374e-05 
1749 5.23375e-05 
1750 5.23376e-05 
1751 5.23377e-05 
1752 5.23378e-05 
1753 5.23379e-05 
1754 5.2338e-05 
1755 5.23382e-05 
1756 5.23383e-05 
1757 5.23385e-05 
1758 5.23388e-05 
1759 5.23391e-05 
1760 5.23396e-05 
1761 5.23405e-05 
1762 5.23453e-05 
1763 5.23465e-05 
1764 5.23727e-05 
1765 5.23728e-05 
1766 5.2373e-05 
1767 5.23732e-05 
1768 5.23734e-05 
1769 5.23738e-05 
1770 5.23743e-05 
1771 5.23753e-05 
1772 5.23834e-05 
1773 5.23839e-05 
1774 5.2385e-05 
1775 5.23988e-05 
1776 5.23991e-05 
1777 5.23995e-05 
1778 5.24001e-05 
1779 5.24017e-05 
1780 5.32035e-05 
1781 5.32036e-05 
1782 5.32036e-05 
1783 5.32036e-05 
1784 5.32037e-05 
1785 5.32037e-05 
1786 5.32037e-05 
1787 5.32037e-05 
1788 5.32038e-05 
1789 5.32038e-05 
1790 5.32038e-05 
1791 5.32038e-05 
1792 5.32039e-05 
1793 5.32039e-05 
1794 5.32039e-05 
1795 5.32039e-05 
1796 5.3204e-05 
1797 5.3204e-05 
1798 5.3204e-05 
1799 5.32041e-05 
1800 5.32041e-05 
1801 5.32041e-05 
1802 5.32042e-05 
1803 5.32042e-05 
1804 5.32042e-05 
1805 5.32043e-05 
1806 5.32043e-05 
1807 5.32044e-05 
1808 5.32044e-05 
1809 5.32044e-05 
1810 5.32045e-05 
1811 5.32045e-05 
1812 5.32046e-05 
1813 5.32046e-05 
1814 5.32046e-05 
1815 5.32047e-05 
1816 5.32047e-05 
1817 5.32048e-05 
1818 5.32048e-05 
1819 5.32049e-05 
1820 5.32049e-05 
1821 5.3205e-05 
1822 5.32051e-05 
1823 5.32051e-05 
1824 5.32052e-05 
1825 5.32053e-05 
1826 5.32054e-05 
1827 5.32055e-05 
1828 5.32056e-05 
1829 5.32057e-05 
1830 5.32058e-05 
1831 5.32059e-05 
1832 5.32061e-05 
1833 5.32063e-05 
1834 5.32066e-05 
1835 5.32071e-05 
1836 5.3208e-05 
1837 5.32134e-05 
1838 5.32142e-05 
1839 5.32182e-05 
1840 5.32197e-05 
1841 5.51245e-05 
1842 5.51249e-05 
1843 5.51252e-05 
1844 5.51253e-05 
1845 5.51255e-05 
1846 5.51256e-05 
1847 5.51258e-05 
1848 5.5126e-05 
1849 5.51264e-05 
1850 5.5127e-05 
1851 5.51293e-05 
1852 5.51311e-05 
1853 5.51391e-05 
1854 5.51394e-05 
1855 5.51399e-05 
1856 5.51411e-05 
1857 5.562e-05 
1858 5.562e-05 
1859 5.562e-05 
1860 5.56201e-05 
1861 5.56201e-05 
1862 5.56201e-05 
1863 5.56202e-05 
1864 5.56202e-05 
1865 5.56202e-05 
1866 5.56203e-05 
1867 5.56203e-05 
1868 5.56203e-05 
1869 5.56204e-05 
1870 5.56204e-05 
1871 5.56205e-05 
1872 5.56205e-05 
1873 5.56205e-05 
1874 5.56206e-05 
1875 5.56206e-05 
1876 5.56207e-05 
1877 5.56207e-05 
1878 5.56208e-05 
1879 5.56208e-05 
1880 5.56209e-05 
1881 5.56209e-05 
1882 5.5621e-05 
1883 5.5621e-05 
1884 5.56211e-05 
1885 5.56211e-05 
1886 5.56212e-05 
1887 5.56213e-05 
1888 5.56213e-05 
1889 5.56214e-05 
1890 5.56215e-05 
1891 5.56216e-05 
1892 5.56217e-05 
1893 5.56218e-05 
1894 5.56219e-05 
1895 5.5622e-05 
1896 5.56222e-05 
1897 5.56223e-05 
1898 5.56225e-05 
1899 5.56228e-05 
1900 5.56232e-05 
1901 5.56239e-05 
1902 5.56262e-05 
1903 5.56313e-05 
1904 5.5632e-05 
1905 5.5635e-05 
1906 5.56372e-05 
1907 5.56434e-05 
1908 5.56439e-05 
1909 5.56452e-05 
1910 5.60352e-05 
1911 5.60352e-05 
1912 5.60353e-05 
1913 5.60354e-05 
1914 5.60354e-05 
1915 5.60355e-05 
1916 5.60356e-05 
1917 5.60357e-05 
1918 5.60359e-05 
1919 5.60362e-05 
1920 5.60371e-05 
1921 5.60407e-05 
1922 5.60408e-05 
1923 5.60409e-05 
1924 5.60412e-05 
1925 5.60418e-05 
1926 5.60499e-05 
1927 5.605e-05 
1928 5.60501e-05 
1929 5.60502e-05 
1930 5.60504e-05 
1931 5.60507e-05 
1932 5.60516e-05 
1933 5.63316e-05 
1934 5.63319e-05 
1935 5.63323e-05 
1936 5.63329e-05 
1937 5.63341e-05 
1938 5.63403e-05 
1939 5.63419e-05 
1940 5.63771e-05 
1941 5.63772e-05 
1942 5.63773e-05 
1943 5.63774e-05 
1944 5.63775e-05 
1945 5.63777e-05 
1946 5.63779e-05 
1947 5.6378e-05 
1948 5.63783e-05 
1949 5.63785e-05 
1950 5.63789e-05 
1951 5.63794e-05 
1952 5.63802e-05 
1953 5.63825e-05 
1954 5.64362e-05 
1955 5.64363e-05 
1956 5.64363e-05 
1957 5.64364e-05 
1958 5.64365e-05 
1959 5.64366e-05 
1960 5.64368e-05 
1961 5.64369e-05 
1962 5.64371e-05 
1963 5.64373e-05 
1964 5.64376e-05 
1965 5.64381e-05 
1966 5.64392e-05 
1967 5.64584e-05 
1968 5.64585e-05 
1969 5.64587e-05 
1970 5.64588e-05 
1971 5.6459e-05 
1972 5.64593e-05 
1973 5.64596e-05 
1974 5.64601e-05 
1975 5.64612e-05 
1976 5.64771e-05 
1977 5.64772e-05 
1978 5.64774e-05 
1979 5.64776e-05 
1980 5.64779e-05 
1981 5.64783e-05 
1982 5.64791e-05 
1983 5.64853e-05 
1984 5.64857e-05 
1985 5.64869e-05 
1986 5.65341e-05 
1987 5.65342e-05 
1988 5.65343e-05 
1989 5.65343e-05 
1990 5.65344e-05 
1991 5.65345e-05 
1992 5.65345e-05 
1993 5.65346e-05 
1994 5.65347e-05 
1995 5.65348e-05 
1996 5.6535e-05 
1997 5.65351e-05 
1998 5.65353e-05 
1999 5.65356e-05 
2000 5.6536e-05 
2001 5.65368e-05 
2002 5.65423e-05 
2003 5.65428e-05 
2004 5.65438e-05 
2005 5.65833e-05 
2006 5.65834e-05 
2007 5.65835e-05 
2008 5.65835e-05 
2009 5.65836e-05 
2010 5.65837e-05 
2011 5.65838e-05 
2012 5.6584e-05 
2013 5.65841e-05 
2014 5.65843e-05 
2015 5.65846e-05 
2016 5.65851e-05 
2017 5.65861e-05 
2018 5.66303e-05 
2019 5.66304e-05 
2020 5.66305e-05 
2021 5.66306e-05 
2022 5.66307e-05 
2023 5.66308e-05 
2024 5.66309e-05 
2025 5.6631e-05 
2026 5.66312e-05 
2027 5.66315e-05 
2028 5.66319e-05 
2029 5.66329e-05 
2030 5.6655e-05 
2031 5.66552e-05 
2032 5.66553e-05 
2033 5.66554e-05 
2034 5.66557e-05 
2035 5.6656e-05 
2036 5.66565e-05 
2037 5.66582e-05 
2038 5.66655e-05 
2039 5.66657e-05 
2040 5.66661e-05 
2041 5.66668e-05 
2042 5.66705e-05 
2043 5.66713e-05 
2044 5.66798e-05 
2045 5.668e-05 
2046 5.66804e-05 
2047 5.66812e-05 
2048 5.66875e-05 
2049 5.66879e-05 
2050 5.66885e-05 
2051 5.66924e-05 
2052 5.66932e-05 
2053 5.66986e-05 
2054 5.6699e-05 
2055 5.67001e-05 
2056 5.68394e-05 
2057 5.68394e-05 
2058 5.68394e-05 
2059 5.68395e-05 
2060 5.68395e-05 
2061 5.68395e-05 
2062 5.68396e-05 
2063 5.68396e-05 
2064 5.68396e-05 
2065 5.68397e-05 
2066 5.68397e-05 
2067 5.68398e-05 
2068 5.68398e-05 
2069 5.68398e-05 
2070 5.68399e-05 
2071 5.68399e-05 
2072 5.684e-05 
2073 5.684e-05 
2074 5.68401e-05 
2075 5.68401e-05 
2076 5.68402e-05 
2077 5.68403e-05 
2078 5.68403e-05 
2079 5.68404e-05 
2080 5.68405e-05 
2081 5.68406e-05 
2082 5.68407e-05 
2083 5.68408e-05 
2084 5.6841e-05 
2085 5.68412e-05 
2086 5.68415e-05 
2087 5.6842e-05 
2088 5.68432e-05 
2089 5.70233e-05 
2090 5.70233e-05 
2091 5.70234e-05 
2092 5.70234e-05 
2093 5.70234e-05 
2094 5.70235e-05 
2095 5.70235e-05 
2096 5.70235e-05 
2097 5.70236e-05 
2098 5.70236e-05 
2099 5.70236e-05 
2100 5.70237e-05 
2101 5.70237e-05 
2102 5.70237e-05 
2103 5.70238e-05 
2104 5.70238e-05 
2105 5.70239e-05 
2106 5.70239e-05 
2107 5.70239e-05 
2108 5.7024e-05 
2109 5.7024e-05 
2110 5.70241e-05 
2111 5.70241e-05 
2112 5.70242e-05 
2113 5.70242e-05 
2114 5.70243e-05 
2115 5.70244e-05 
2116 5.70244e-05 
2117 5.70245e-05 
2118 5.70246e-05 
2119 5.70247e-05 
2120 5.70248e-05 
2121 5.70249e-05 
2122 5.70251e-05 
2123 5.70253e-05 
2124 5.70256e-05 
2125 5.7026e-05 
2126 5.70272e-05 
2127 5.71787e-05 
2128 5.71788e-05 
2129 5.71788e-05 
2130 5.71789e-05 
2131 5.7179e-05 
2132 5.71791e-05 
2133 5.71792e-05 
2134 5.71793e-05 
2135 5.71795e-05 
2136 5.71796e-05 
2137 5.71799e-05 
2138 5.71803e-05 
2139 5.71812e-05 
2140 5.71824e-05 
2141 5.7183e-05 
2142 5.71837e-05 
2143 5.71844e-05 
2144 5.71853e-05 
2145 5.71863e-05 
2146 5.71875e-05 
2147 5.7189e-05 
2148 5.7191e-05 
2149 5.71944e-05 
2150 5.72001e-05 
2151 5.72301e-05 
2152 5.7231e-05 
2153 5.72323e-05 
2154 5.72457e-05 
2155 5.72471e-05 
2156 5.72505e-05 
2157 5.72513e-05 
2158 5.72646e-05 
2159 5.72648e-05 
2160 5.72649e-05 
2161 5.72652e-05 
2162 5.72655e-05 
2163 5.72661e-05 
2164 5.72688e-05 
2165 5.72701e-05 
2166 5.72999e-05 
2167 5.73e-05 
2168 5.73e-05 
2169 5.73001e-05 
2170 5.73002e-05 
2171 5.73003e-05 
2172 5.73004e-05 
2173 5.73005e-05 
2174 5.73007e-05 
2175 5.73009e-05 
2176 5.73013e-05 
2177 5.73019e-05 
2178 5.73069e-05 
2179 5.73073e-05 
2180 5.73085e-05 
2181 5.81158e-05 
2182 5.81158e-05 
2183 5.81158e-05 
2184 5.81159e-05 
2185 5.81159e-05 
2186 5.81159e-05 
2187 5.81159e-05 
2188 5.81159e-05 
2189 5.8116e-05 
2190 5.8116e-05 
2191 5.8116e-05 
2192 5.8116e-05 
2193 5.81161e-05 
2194 5.81161e-05 
2195 5.81161e-05 
2196 5.81161e-05 
2197 5.81162e-05 
2198 5.81162e-05 
2199 5.81162e-05 
2200 5.81162e-05 
2201 5.81163e-05 
2202 5.81163e-05 
2203 5.81163e-05 
2204 5.81163e-05 
2205 5.81164e-05 
2206 5.81164e-05 
2207 5.81164e-05 
2208 5.81164e-05 
2209 5.81165e-05 
2210 5.81165e-05 
2211 5.81165e-05 
2212 5.81166e-05 
2213 5.81166e-05 
2214 5.81166e-05 
2215 5.81167e-05 
2216 5.81167e-05 
2217 5.81167e-05 
2218 5.81168e-05 
2219 5.81168e-05 
2220 5.81168e-05 
2221 5.81169e-05 
2222 5.81169e-05 
2223 5.81169e-05 
2224 5.8117e-05 
2225 5.8117e-05 
2226 5.81171e-05 
2227 5.81171e-05 
2228 5.81172e-05 
2229 5.81172e-05 
2230 5.81173e-05 
2231 5.81173e-05 
2232 5.81174e-05 
2233 5.81174e-05 
2234 5.81175e-05 
2235 5.81176e-05 
2236 5.81177e-05 
2237 5.81177e-05 
2238 5.81179e-05 
2239 5.8118e-05 
2240 5.81181e-05 
2241 5.81184e-05 
2242 5.81187e-05 
2243 5.81193e-05 
2244 5.81224e-05 
2245 5.81233e-05 
2246 5.81656e-05 
2247 5.81656e-05 
2248 5.81657e-05 
2249 5.81657e-05 
2250 5.81658e-05 
2251 5.81658e-05 
2252 5.81659e-05 
2253 5.8166e-05 
2254 5.81661e-05 
2255 5.81662e-05 
2256 5.81663e-05 
2257 5.81664e-05 
2258 5.81666e-05 
2259 5.81668e-05 
2260 5.81671e-05 
2261 5.81678e-05 
2262 5.81734e-05 
2263 5.81737e-05 
2264 5.81742e-05 
2265 5.81765e-05 
2266 5.81783e-05 
2267 5.8182e-05 
2268 5.81826e-05 
2269 5.81856e-05 
2270 5.81865e-05 
2271 5.82321e-05 
2272 5.82321e-05 
2273 5.82322e-05 
2274 5.82322e-05 
2275 5.82323e-05 
2276 5.82323e-05 
2277 5.82324e-05 
2278 5.82324e-05 
2279 5.82325e-05 
2280 5.82326e-05 
2281 5.82327e-05 
2282 5.82328e-05 
2283 5.82329e-05 
2284 5.82331e-05 
2285 5.82333e-05 
2286 5.82336e-05 
2287 5.82342e-05 
2288 5.82373e-05 
2289 5.82381e-05 
2290 5.82584e-05 
2291 5.82584e-05 
2292 5.82585e-05 
2293 5.82586e-05 
2294 5.82587e-05 
2295 5.82589e-05 
2296 5.82591e-05 
2297 5.82594e-05 
2298 5.82598e-05 
2299 5.82615e-05 
2300 5.82668e-05 
2301 5.82672e-05 
2302 5.82679e-05 
2303 5.8274e-05 
2304 5.82742e-05 
2305 5.82747e-05 
2306 5.82765e-05 
2307 5.828e-05 
2308 5.82806e-05 
2309 5.82859e-05 
2310 5.82863e-05 
2311 5.8287e-05 
2312 5.82933e-05 
2313 5.82935e-05 
2314 5.8294e-05 
2315 5.82955e-05 
2316 5.83032e-05 
2317 5.83034e-05 
2318 5.83037e-05 
2319 5.83043e-05 
2320 5.83079e-05 
2321 5.83085e-05 
2322 5.83119e-05 
2323 5.83126e-05 
2324 5.83178e-05 
2325 5.83181e-05 
2326 5.83189e-05 
2327 5.83282e-05 
2328 5.83283e-05 
2329 5.83285e-05 
2330 5.83289e-05 
2331 5.83297e-05 
2332 5.83488e-05 
2333 5.83489e-05 
2334 5.83489e-05 
2335 5.83491e-05 
2336 5.83492e-05 
2337 5.83494e-05 
2338 5.83496e-05 
2339 5.83499e-05 
2340 5.83507e-05 
2341 5.83619e-05 
2342 5.8362e-05 
2343 5.83622e-05 
2344 5.83624e-05 
2345 5.83628e-05 
2346 5.83638e-05 
2347 6.02098e-05 
2348 6.021e-05 
2349 6.02105e-05 
2350 6.02126e-05 
2351 6.02138e-05 
2352 6.02288e-05 
2353 6.02289e-05 
2354 6.0229e-05 
2355 6.02291e-05 
2356 6.02292e-05 
2357 6.02294e-05 
2358 6.02297e-05 
2359 6.02302e-05 
2360 6.02332e-05 
2361 6.02338e-05 
2362 6.02379e-05 
2363 6.02383e-05 
2364 6.02393e-05 
2365 6.03738e-05 
2366 6.03739e-05 
2367 6.03739e-05 
2368 6.03739e-05 
2369 6.03739e-05 
2370 6.03739e-05 
2371 6.0374e-05 
2372 6.0374e-05 
2373 6.0374e-05 
2374 6.0374e-05 
2375 6.03741e-05 
2376 6.03741e-05 
2377 6.03741e-05 
2378 6.03741e-05 
2379 6.03742e-05 
2380 6.03742e-05 
2381 6.03742e-05 
2382 6.03743e-05 
2383 6.03743e-05 
2384 6.03743e-05 
2385 6.03744e-05 
2386 6.03744e-05 
2387 6.03744e-05 
2388 6.03745e-05 
2389 6.03745e-05 
2390 6.03746e-05 
2391 6.03746e-05 
2392 6.03747e-05 
2393 6.03747e-05 
2394 6.03748e-05 
2395 6.03749e-05 
2396 6.0375e-05 
2397 6.03751e-05 
2398 6.03752e-05 
2399 6.03754e-05 
2400 6.03757e-05 
2401 6.03763e-05 
2402 6.0381e-05 
2403 6.03813e-05 
2404 6.0382e-05 
2405 6.03893e-05 
2406 6.03895e-05 
2407 6.03897e-05 
2408 6.03902e-05 
2409 6.03916e-05 
2410 6.03966e-05 
2411 6.03969e-05 
2412 6.03974e-05 
2413 6.04002e-05 
2414 6.04009e-05 
2415 6.0412e-05 
2416 6.04121e-05 
2417 6.04122e-05 
2418 6.04124e-05 
2419 6.04127e-05 
2420 6.04132e-05 
2421 6.04155e-05 
2422 6.04165e-05 
2423 6.0497e-05 
2424 6.0497e-05 
2425 6.0497e-05 
2426 6.04971e-05 
2427 6.04971e-05 
2428 6.04971e-05 
2429 6.04972e-05 
2430 6.04972e-05 
2431 6.04972e-05 
2432 6.04973e-05 
2433 6.04973e-05 
2434 6.04973e-05 
2435 6.04974e-05 
2436 6.04974e-05 
2437 6.04975e-05 
2438 6.04975e-05 
2439 6.04976e-05 
2440 6.04976e-05 
2441 6.04977e-05 
2442 6.04977e-05 
2443 6.04978e-05 
2444 6.04979e-05 
2445 6.0498e-05 
2446 6.04981e-05 
2447 6.04982e-05 
2448 6.04984e-05 
2449 6.04987e-05 
2450 6.04993e-05 
2451 6.05042e-05 
2452 6.05045e-05 
2453 6.0505e-05 
2454 6.05088e-05 
2455 6.05092e-05 
2456 6.05105e-05 
2457 6.05212e-05 
2458 6.05213e-05 
2459 6.05215e-05 
2460 6.05216e-05 
2461 6.05219e-05 
2462 6.05225e-05 
2463 6.05258e-05 
2464 6.05263e-05 
2465 6.05286e-05 
2466 6.05297e-05 
2467 6.06139e-05 
2468 6.0614e-05 
2469 6.0614e-05 
2470 6.0614e-05 
2471 6.06141e-05 
2472 6.06141e-05 
2473 6.06141e-05 
2474 6.06142e-05 
2475 6.06142e-05 
2476 6.06142e-05 
2477 6.06143e-05 
2478 6.06143e-05 
2479 6.06143e-05 
2480 6.06144e-05 
2481 6.06144e-05 
2482 6.06145e-05 
2483 6.06145e-05 
2484 6.06146e-05 
2485 6.06146e-05 
2486 6.06147e-05 
2487 6.06147e-05 
2488 6.06148e-05 
2489 6.06149e-05 
2490 6.0615e-05 
2491 6.06151e-05 
2492 6.06152e-05 
2493 6.06154e-05 
2494 6.06157e-05 
2495 6.06164e-05 
2496 6.06243e-05 
2497 6.06244e-05 
2498 6.06247e-05 
2499 6.0625e-05 
2500 6.06259e-05 
2501 6.19594e-05 
2502 6.19594e-05 
2503 6.19594e-05 
2504 6.19594e-05 
2505 6.19595e-05 
2506 6.19595e-05 
2507 6.19595e-05 
2508 6.19595e-05 
2509 6.19595e-05 
2510 6.19595e-05 
2511 6.19595e-05 
2512 6.19596e-05 
2513 6.19596e-05 
2514 6.19596e-05 
2515 6.19596e-05 
2516 6.19596e-05 
2517 6.19596e-05 
2518 6.19597e-05 
2519 6.19597e-05 
2520 6.19597e-05 
2521 6.19597e-05 
2522 6.19597e-05 
2523 6.19597e-05 
2524 6.19597e-05 
2525 6.19598e-05 
2526 6.19598e-05 
2527 6.19598e-05 
2528 6.19598e-05 
2529 6.19598e-05 
2530 6.19598e-05 
2531 6.19599e-05 
2532 6.19599e-05 
2533 6.19599e-05 
2534 6.19599e-05 
2535 6.19599e-05 
2536 6.196e-05 
2537 6.196e-05 
2538 6.196e-05 
2539 6.196e-05 
2540 6.196e-05 
2541 6.19601e-05 
2542 6.19601e-05 
2543 6.19601e-05 
2544 6.19601e-05 
2545 6.19602e-05 
2546 6.19602e-05 
2547 6.19602e-05 
2548 6.19602e-05 
2549 6.19602e-05 
2550 6.19603e-05 
2551 6.19603e-05 
2552 6.19603e-05 
2553 6.19603e-05 
2554 6.19604e-05 
2555 6.19604e-05 
2556 6.19604e-05 
2557 6.19605e-05 
2558 6.19605e-05 
2559 6.19605e-05 
2560 6.19606e-05 
2561 6.19606e-05 
2562 6.19606e-05 
2563 6.19607e-05 
2564 6.19607e-05 
2565 6.19608e-05 
2566 6.19608e-05 
2567 6.19609e-05 
2568 6.19609e-05 
2569 6.1961e-05 
2570 6.19611e-05 
2571 6.19612e-05 
2572 6.19613e-05 
2573 6.19614e-05 
2574 6.19616e-05 
2575 6.1962e-05 
2576 6.19628e-05 
2577 6.21854e-05 
2578 6.21855e-05 
2579 6.21855e-05 
2580 6.21855e-05 
2581 6.21855e-05 
2582 6.21855e-05 
2583 6.21856e-05 
2584 6.21856e-05 
2585 6.21856e-05 
2586 6.21856e-05 
2587 6.21856e-05 
2588 6.21857e-05 
2589 6.21857e-05 
2590 6.21857e-05 
2591 6.21857e-05 
2592 6.21858e-05 
2593 6.21858e-05 
2594 6.21858e-05 
2595 6.21858e-05 
2596 6.21859e-05 
2597 6.21859e-05 
2598 6.21859e-05 
2599 6.21859e-05 
2600 6.2186e-05 
2601 6.2186e-05 
2602 6.2186e-05 
2603 6.2186e-05 
2604 6.21861e-05 
2605 6.21861e-05 
2606 6.21861e-05 
2607 6.21862e-05 
2608 6.21862e-05 
2609 6.21863e-05 
2610 6.21863e-05 
2611 6.21863e-05 
2612 6.21864e-05 
2613 6.21864e-05 
2614 6.21865e-05 
2615 6.21866e-05 
2616 6.21866e-05 
2617 6.21867e-05 
2618 6.21868e-05 
2619 6.21869e-05 
2620 6.2187e-05 
2621 6.21872e-05 
2622 6.21874e-05 
2623 6.21879e-05 
2624 6.21902e-05 
2625 6.21911e-05 
2626 6.22446e-05 
2627 6.22446e-05 
2628 6.22447e-05 
2629 6.22447e-05 
2630 6.22447e-05 
2631 6.22448e-05 
2632 6.22448e-05 
2633 6.22448e-05 
2634 6.22449e-05 
2635 6.22449e-05 
2636 6.2245e-05 
2637 6.2245e-05 
2638 6.22451e-05 
2639 6.22452e-05 
2640 6.22453e-05 
2641 6.22454e-05 
2642 6.22455e-05 
2643 6.22457e-05 
2644 6.22461e-05 
2645 6.22471e-05 
2646 6.227e-05 
2647 6.227e-05 
2648 6.22701e-05 
2649 6.22701e-05 
2650 6.22702e-05 
2651 6.22703e-05 
2652 6.22703e-05 
2653 6.22704e-05 
2654 6.22706e-05 
2655 6.22707e-05 
2656 6.2271e-05 
2657 6.22715e-05 
2658 6.22754e-05 
2659 6.22757e-05 
2660 6.22763e-05 
2661 6.22844e-05 
2662 6.22845e-05 
2663 6.22847e-05 
2664 6.22849e-05 
2665 6.22853e-05 
2666 6.22867e-05 
2667 6.22894e-05 
2668 6.22899e-05 
2669 6.22938e-05 
2670 6.22941e-05 
2671 6.22948e-05 
2672 6.2384e-05 
2673 6.2384e-05 
2674 6.23841e-05 
2675 6.23841e-05 
2676 6.23841e-05 
2677 6.23841e-05 
2678 6.23842e-05 
2679 6.23842e-05 
2680 6.23842e-05 
2681 6.23842e-05 
2682 6.23843e-05 
2683 6.23843e-05 
2684 6.23843e-05 
2685 6.23843e-05 
2686 6.23844e-05 
2687 6.23844e-05 
2688 6.23844e-05 
2689 6.23845e-05 
2690 6.23845e-05 
2691 6.23845e-05 
2692 6.23846e-05 
2693 6.23846e-05 
2694 6.23847e-05 
2695 6.23847e-05 
2696 6.23848e-05 
2697 6.23849e-05 
2698 6.23849e-05 
2699 6.2385e-05 
2700 6.23851e-05 
2701 6.23853e-05 
2702 6.23855e-05 
2703 6.23858e-05 
2704 6.23867e-05 
2705 6.24996e-05 
2706 6.24996e-05 
2707 6.24997e-05 
2708 6.24997e-05 
2709 6.24997e-05 
2710 6.24997e-05 
2711 6.24997e-05 
2712 6.24998e-05 
2713 6.24998e-05 
2714 6.24998e-05 
2715 6.24998e-05 
2716 6.24999e-05 
2717 6.24999e-05 
2718 6.24999e-05 
2719 6.24999e-05 
2720 6.25e-05 
2721 6.25e-05 
2722 6.25e-05 
2723 6.25e-05 
2724 6.25001e-05 
2725 6.25001e-05 
2726 6.25001e-05 
2727 6.25002e-05 
2728 6.25002e-05 
2729 6.25003e-05 
2730 6.25003e-05 
2731 6.25003e-05 
2732 6.25004e-05 
2733 6.25005e-05 
2734 6.25005e-05 
2735 6.25006e-05 
2736 6.25007e-05 
2737 6.25008e-05 
2738 6.2501e-05 
2739 6.25012e-05 
2740 6.25016e-05 
2741 6.2503e-05 
2742 6.25053e-05 
2743 6.2506e-05 
2744 6.25188e-05 
2745 6.25189e-05 
2746 6.2519e-05 
2747 6.25191e-05 
2748 6.25192e-05 
2749 6.25194e-05 
2750 6.25196e-05 
2751 6.25202e-05 
2752 6.2525e-05 
2753 6.25252e-05 
2754 6.25255e-05 
2755 6.25267e-05 
2756 6.25322e-05 
2757 6.25323e-05 
2758 6.25326e-05 
2759 6.25332e-05 
2760 6.25467e-05 
2761 6.25467e-05 
2762 6.25468e-05 
2763 6.25469e-05 
2764 6.2547e-05 
2765 6.25472e-05 
2766 6.25474e-05 
2767 6.25478e-05 
2768 6.25495e-05 
2769 6.25508e-05 
2770 6.25539e-05 
2771 6.25543e-05 
2772 6.25558e-05 
2773 6.25577e-05 
2774 6.25587e-05 
2775 6.25694e-05 
2776 6.25695e-05 
2777 6.25696e-05 
2778 6.25697e-05 
2779 6.25699e-05 
2780 6.25701e-05 
2781 6.25708e-05 
2782 6.25849e-05 
2783 6.2585e-05 
2784 6.25851e-05 
2785 6.25852e-05 
2786 6.25853e-05 
2787 6.25854e-05 
2788 6.25856e-05 
2789 6.25859e-05 
2790 6.25867e-05 
2791 6.43214e-05 
2792 6.43214e-05 
2793 6.43215e-05 
2794 6.43215e-05 
2795 6.43216e-05 
2796 6.43216e-05 
2797 6.43217e-05 
2798 6.43217e-05 
2799 6.43218e-05 
2800 6.43218e-05 
2801 6.43218e-05 
2802 6.43218e-05 
2803 6.43218e-05 
2804 6.43218e-05 
2805 6.43219e-05 
2806 6.43219e-05 
2807 6.43219e-05 
2808 6.43219e-05 
2809 6.43219e-05 
2810 6.43219e-05 
2811 6.43219e-05 
2812 6.43219e-05 
2813 6.4322e-05 
2814 6.4322e-05 
2815 6.4322e-05 
2816 6.4322e-05 
2817 6.4322e-05 
2818 6.4322e-05 
2819 6.4322e-05 
2820 6.43221e-05 
2821 6.43221e-05 
2822 6.43221e-05 
2823 6.43221e-05 
2824 6.43221e-05 
2825 6.43221e-05 
2826 6.43222e-05 
2827 6.43222e-05 
2828 6.43222e-05 
2829 6.43222e-05 
2830 6.43222e-05 
2831 6.43222e-05 
2832 6.43223e-05 
2833 6.43223e-05 
2834 6.43223e-05 
2835 6.43223e-05 
2836 6.43223e-05 
2837 6.43224e-05 
2838 6.43224e-05 
2839 6.43224e-05 
2840 6.43224e-05 
2841 6.43225e-05 
2842 6.43225e-05 
2843 6.43225e-05 
2844 6.43225e-05 
2845 6.43226e-05 
2846 6.43226e-05 
2847 6.43226e-05 
2848 6.43227e-05 
2849 6.43227e-05 
2850 6.43227e-05 
2851 6.43228e-05 
2852 6.43228e-05 
2853 6.43229e-05 
2854 6.4323e-05 
2855 6.4323e-05 
2856 6.43231e-05 
2857 6.43233e-05 
2858 6.43235e-05 
2859 6.4324e-05 
2860 6.43282e-05 
2861 6.43284e-05 
2862 6.43287e-05 
2863 6.43293e-05 
2864 6.45225e-05 
2865 6.45225e-05 
2866 6.45225e-05 
2867 6.45225e-05 
2868 6.45225e-05 
2869 6.45225e-05 
2870 6.45225e-05 
2871 6.45225e-05 
2872 6.45226e-05 
2873 6.45226e-05 
2874 6.45226e-05 
2875 6.45226e-05 
2876 6.45226e-05 
2877 6.45226e-05 
2878 6.45227e-05 
2879 6.45227e-05 
2880 6.45227e-05 
2881 6.45227e-05 
2882 6.45227e-05 
2883 6.45227e-05 
2884 6.45228e-05 
2885 6.45228e-05 
2886 6.45228e-05 
2887 6.45228e-05 
2888 6.45228e-05 
2889 6.45229e-05 
2890 6.45229e-05 
2891 6.45229e-05 
2892 6.45229e-05 
2893 6.45229e-05 
2894 6.4523e-05 
2895 6.4523e-05 
2896 6.4523e-05 
2897 6.45231e-05 
2898 6.45231e-05 
2899 6.45231e-05 
2900 6.45232e-05 
2901 6.45232e-05 
2902 6.45233e-05 
2903 6.45233e-05 
2904 6.45234e-05 
2905 6.45235e-05 
2906 6.45236e-05 
2907 6.45237e-05 
2908 6.4524e-05 
2909 6.45246e-05 
2910 6.47417e-05 
2911 6.47417e-05 
2912 6.47418e-05 
2913 6.47419e-05 
2914 6.4742e-05 
2915 6.47421e-05 
2916 6.47423e-05 
2917 6.47425e-05 
2918 6.47429e-05 
2919 6.47442e-05 
2920 6.47497e-05 
2921 6.47499e-05 
2922 6.47502e-05 
2923 6.47507e-05 
2924 6.4755e-05 
2925 6.47553e-05 
2926 6.47557e-05 
2927 6.47577e-05 
2928 6.47587e-05 
2929 6.47659e-05 
2930 6.47661e-05 
2931 6.47665e-05 
2932 6.47681e-05 
2933 6.47694e-05 
2934 6.47719e-05 
2935 6.47724e-05 
2936 6.47752e-05 
2937 6.47756e-05 
2938 6.4777e-05 
2939 6.47786e-05 
2940 6.47799e-05 
2941 6.47819e-05 
2942 6.47826e-05 
2943 6.47906e-05 
2944 6.47916e-05 
2945 6.47966e-05 
2946 6.47967e-05 
2947 6.47969e-05 
2948 6.47973e-05 
2949 6.47994e-05 
2950 6.48e-05 
2951 6.48075e-05 
2952 6.48076e-05 
2953 6.48077e-05 
2954 6.48078e-05 
2955 6.4808e-05 
2956 6.48085e-05 
2957 6.48123e-05 
2958 6.48125e-05 
2959 6.48128e-05 
2960 6.48143e-05 
2961 6.48153e-05 
2962 6.48195e-05 
2963 6.48197e-05 
2964 6.482e-05 
2965 6.48206e-05 
2966 6.48506e-05 
2967 6.48745e-05 
2968 6.48746e-05 
2969 6.48746e-05 
2970 6.48746e-05 
2971 6.48747e-05 
2972 6.48747e-05 
2973 6.48747e-05 
2974 6.48748e-05 
2975 6.48748e-05 
2976 6.48749e-05 
2977 6.48749e-05 
2978 6.4875e-05 
2979 6.48751e-05 
2980 6.48753e-05 
2981 6.48755e-05 
2982 6.4876e-05 
2983 6.48848e-05 
2984 6.48849e-05 
2985 6.4885e-05 
2986 6.4885e-05 
2987 6.48852e-05 
2988 6.48854e-05 
2989 6.48858e-05 
2990 6.48886e-05 
2991 6.48888e-05 
2992 6.48895e-05 
2993 6.50889e-05 
2994 6.50889e-05 
2995 6.50889e-05 
2996 6.50889e-05 
2997 6.5089e-05 
2998 6.5089e-05 
2999 6.5089e-05 
3000 6.5089e-05 
3001 6.5089e-05 
3002 6.5089e-05 
3003 6.5089e-05 
3004 6.5089e-05 
3005 6.50891e-05 
3006 6.50891e-05 
3007 6.50891e-05 
3008 6.50891e-05 
3009 6.50891e-05 
3010 6.50891e-05 
3011 6.50891e-05 
3012 6.50892e-05 
3013 6.50892e-05 
3014 6.50892e-05 
3015 6.50892e-05 
3016 6.50892e-05 
3017 6.50892e-05 
3018 6.50893e-05 
3019 6.50893e-05 
3020 6.50893e-05 
3021 6.50893e-05 
3022 6.50893e-05 
3023 6.50893e-05 
3024 6.50894e-05 
3025 6.50894e-05 
3026 6.50894e-05 
3027 6.50894e-05 
3028 6.50894e-05 
3029 6.50895e-05 
3030 6.50895e-05 
3031 6.50895e-05 
3032 6.50895e-05 
3033 6.50896e-05 
3034 6.50896e-05 
3035 6.50896e-05 
3036 6.50896e-05 
3037 6.50897e-05 
3038 6.50897e-05 
3039 6.50897e-05 
3040 6.50898e-05 
3041 6.50898e-05 
3042 6.50899e-05 
3043 6.50899e-05 
3044 6.509e-05 
3045 6.50901e-05 
3046 6.50902e-05 
3047 6.50904e-05 
3048 6.50907e-05 
3049 6.50917e-05 
3050 6.5094e-05 
3051 6.50944e-05 
3052 6.50957e-05 
3053 6.50967e-05 
3054 6.50987e-05 
3055 6.50991e-05 
3056 6.51044e-05 
3057 6.51045e-05 
3058 6.51046e-05 
3059 6.51049e-05 
3060 6.51055e-05 
3061 6.67971e-05 
3062 6.6798e-05 
3063 6.6798e-05 
3064 6.6798e-05 
3065 6.67981e-05 
3066 6.67981e-05 
3067 6.67981e-05 
3068 6.67982e-05 
3069 6.67982e-05 
3070 6.67983e-05 
3071 6.67983e-05 
3072 6.67984e-05 
3073 6.67984e-05 
3074 6.67985e-05 
3075 6.67986e-05 
3076 6.67987e-05 
3077 6.67988e-05 
3078 6.67991e-05 
3079 6.67998e-05 
3080 6.68028e-05 
3081 6.6804e-05 
3082 6.68055e-05 
3083 6.68061e-05 
3084 6.681e-05 
3085 6.68121e-05 
3086 6.68124e-05 
3087 6.68133e-05 
3088 6.68185e-05 
3089 6.68187e-05 
3090 6.6819e-05 
3091 6.68199e-05 
3092 6.68242e-05 
3093 6.68243e-05 
3094 6.68245e-05 
3095 6.68252e-05 
3096 6.68345e-05 
3097 6.6838e-05 
3098 6.68381e-05 
3099 6.68383e-05 
3100 6.68386e-05 
3101 6.68396e-05 
3102 6.68424e-05 
3103 6.68427e-05 
3104 6.68435e-05 
3105 6.68695e-05 
3106 6.68695e-05 
3107 6.68695e-05 
3108 6.68696e-05 
3109 6.68696e-05 
3110 6.68696e-05 
3111 6.68696e-05 
3112 6.68697e-05 
3113 6.68697e-05 
3114 6.68697e-05 
3115 6.68698e-05 
3116 6.68698e-05 
3117 6.68699e-05 
3118 6.687e-05 
3119 6.68701e-05 
3120 6.68702e-05 
3121 6.68705e-05 
3122 6.68714e-05 
3123 6.68771e-05 
3124 6.68772e-05 
3125 6.68773e-05 
3126 6.68775e-05 
3127 6.68781e-05 
3128 6.69307e-05 
3129 6.69308e-05 
3130 6.69308e-05 
3131 6.69308e-05 
3132 6.69308e-05 
3133 6.69308e-05 
3134 6.69309e-05 
3135 6.69309e-05 
3136 6.69309e-05 
3137 6.69309e-05 
3138 6.69309e-05 
3139 6.6931e-05 
3140 6.6931e-05 
3141 6.6931e-05 
3142 6.6931e-05 
3143 6.69311e-05 
3144 6.69311e-05 
3145 6.69311e-05 
3146 6.69311e-05 
3147 6.69312e-05 
3148 6.69312e-05 
3149 6.69313e-05 
3150 6.69313e-05 
3151 6.69313e-05 
3152 6.69314e-05 
3153 6.69315e-05 
3154 6.69316e-05 
3155 6.69317e-05 
3156 6.69319e-05 
3157 6.69323e-05 
3158 6.69358e-05 
3159 6.69359e-05 
3160 6.69363e-05 
3161 6.69384e-05 
3162 6.69388e-05 
3163 6.69409e-05 
3164 6.69413e-05 
3165 6.69445e-05 
3166 6.69447e-05 
3167 6.6945e-05 
3168 6.69466e-05 
3169 6.69473e-05 
3170 6.71193e-05 
3171 6.71193e-05 
3172 6.71193e-05 
3173 6.71193e-05 
3174 6.71193e-05 
3175 6.71193e-05 
3176 6.71193e-05 
3177 6.71194e-05 
3178 6.71194e-05 
3179 6.71194e-05 
3180 6.71194e-05 
3181 6.71194e-05 
3182 6.71194e-05 
3183 6.71194e-05 
3184 6.71194e-05 
3185 6.71194e-05 
3186 6.71195e-05 
3187 6.71195e-05 
3188 6.71195e-05 
3189 6.71195e-05 
3190 6.71195e-05 
3191 6.71195e-05 
3192 6.71195e-05 
3193 6.71195e-05 
3194 6.71195e-05 
3195 6.71196e-05 
3196 6.71196e-05 
3197 6.71196e-05 
3198 6.71196e-05 
3199 6.71196e-05 
3200 6.71196e-05 
3201 6.71196e-05 
3202 6.71196e-05 
3203 6.71197e-05 
3204 6.71197e-05 
3205 6.71197e-05 
3206 6.71197e-05 
3207 6.71197e-05 
3208 6.71197e-05 
3209 6.71198e-05 
3210 6.71198e-05 
3211 6.71198e-05 
3212 6.71198e-05 
3213 6.71198e-05 
3214 6.71199e-05 
3215 6.71199e-05 
3216 6.71199e-05 
3217 6.712e-05 
3218 6.712e-05 
3219 6.712e-05 
3220 6.71201e-05 
3221 6.71201e-05 
3222 6.71202e-05 
3223 6.71203e-05 
3224 6.71204e-05 
3225 6.71205e-05 
3226 6.71208e-05 
3227 6.71218e-05 
3228 6.71246e-05 
3229 6.71249e-05 
3230 6.71254e-05 
3231 6.71706e-05 
3232 6.71706e-05 
3233 6.71706e-05 
3234 6.71706e-05 
3235 6.71707e-05 
3236 6.71707e-05 
3237 6.71707e-05 
3238 6.71707e-05 
3239 6.71707e-05 
3240 6.71708e-05 
3241 6.71708e-05 
3242 6.71708e-05 
3243 6.71708e-05 
3244 6.71709e-05 
3245 6.71709e-05 
3246 6.71709e-05 
3247 6.71709e-05 
3248 6.7171e-05 
3249 6.7171e-05 
3250 6.71711e-05 
3251 6.71711e-05 
3252 6.71712e-05 
3253 6.71712e-05 
3254 6.71713e-05 
3255 6.71714e-05 
3256 6.71716e-05 
3257 6.7172e-05 
3258 6.71745e-05 
3259 6.71747e-05 
3260 6.71757e-05 
