1 0.00263407 
2 2.01002e-05 
3 2.43565e-05 
4 3.10815e-05 
5 4.31081e-05 
6 6.9623e-05 
7 0.000163985 
8 0.00597843 
9 4.68838e-06 
10 4.94365e-06 
11 5.25591e-06 
12 5.58337e-06 
13 5.98941e-06 
14 6.47544e-06 
15 7.06694e-06 
16 7.80151e-06 
17 8.73678e-06 
18 9.96535e-06 
19 1.16591e-05 
20 1.40842e-05 
21 1.79463e-05 
22 2.46867e-05 
23 3.94125e-05 
24 8.43495e-05 
25 0.000368916 
26 0.000456298 
27 0.000248677 
28 0.00300279 
29 8.55779e-06 
30 9.72905e-06 
31 1.132e-05 
32 1.35987e-05 
33 1.71157e-05 
34 2.31979e-05 
35 3.5977e-05 
36 7.25906e-05 
37 0.000251189 
38 0.00276097 
39 9.45737e-06 
40 1.09464e-05 
41 1.30536e-05 
42 1.62494e-05 
43 2.15443e-05 
44 3.23211e-05 
45 6.12783e-05 
46 0.00016624 
47 0.0118416 
48 6.60671e-06 
49 6.87849e-06 
50 7.18483e-06 
51 7.53229e-06 
52 7.91733e-06 
53 8.35293e-06 
54 8.81542e-06 
55 9.37455e-06 
56 1.00329e-05 
57 1.08186e-05 
58 1.17758e-05 
59 1.29117e-05 
60 1.43657e-05 
61 1.62518e-05 
62 1.87902e-05 
63 2.23797e-05 
64 2.78183e-05 
65 3.69562e-05 
66 5.51856e-05 
67 0.000106299 
68 0.000532325 
69 0.000141995 
70 0.00412172 
71 1.31166e-05 
72 1.4631e-05 
73 1.66062e-05 
74 1.92683e-05 
75 2.30433e-05 
76 2.88199e-05 
77 3.86771e-05 
78 5.88944e-05 
79 0.000119377 
80 0.000822998 
81 5.89733e-05 
82 0.000153837 
83 0.0110886 
84 6.73074e-06 
85 7.02135e-06 
86 7.35011e-06 
87 7.7204e-06 
88 8.13282e-06 
89 8.57802e-06 
90 9.09075e-06 
91 9.71205e-06 
92 1.03866e-05 
93 1.12262e-05 
94 1.22488e-05 
95 1.352e-05 
96 1.51403e-05 
97 1.72727e-05 
98 2.01971e-05 
99 2.44422e-05 
100 3.11246e-05 
101 4.3057e-05 
102 6.96893e-05 
103 0.000168548 
104 0.0117265 
105 3.19598e-06 
106 3.27796e-06 
107 3.36762e-06 
108 3.4659e-06 
109 3.57391e-06 
110 3.69312e-06 
111 3.82524e-06 
112 3.97234e-06 
113 4.13695e-06 
114 4.32224e-06 
115 4.52035e-06 
116 4.77097e-06 
117 5.04678e-06 
118 5.367e-06 
119 5.74346e-06 
120 6.19157e-06 
121 6.7337e-06 
122 7.40192e-06 
123 8.24485e-06 
124 9.33897e-06 
125 1.08136e-05 
126 1.29022e-05 
127 1.60747e-05 
128 2.04645e-05 
129 2.74488e-05 
130 4.16628e-05 
131 8.34292e-05 
132 0.000401715 
133 0.00016609 
134 0.0360839 
135 4.32087e-06 
136 4.38778e-06 
137 4.45994e-06 
138 4.52035e-06 
139 4.62147e-06 
140 4.7124e-06 
141 4.81098e-06 
142 4.91816e-06 
143 5.03478e-06 
144 5.14832e-06 
145 5.26983e-06 
146 5.40216e-06 
147 5.54686e-06 
148 5.70557e-06 
149 5.8799e-06 
150 6.07245e-06 
151 6.30957e-06 
152 6.52419e-06 
153 6.79007e-06 
154 7.08924e-06 
155 7.42795e-06 
156 7.80191e-06 
157 8.2036e-06 
158 8.66522e-06 
159 9.20074e-06 
160 9.82881e-06 
161 1.05748e-05 
162 1.14743e-05 
163 1.2579e-05 
164 1.39658e-05 
165 1.5756e-05 
166 1.81503e-05 
167 2.15443e-05 
168 2.65438e-05 
169 3.48418e-05 
170 5.08792e-05 
171 9.29369e-05 
172 0.000357207 
173 0.000219538 
174 0.000963565 
175 3.21273e-05 
176 5.32305e-05 
177 0.000135936 
178 0.0148724 
179 6.21675e-06 
180 6.44372e-06 
181 6.69703e-06 
182 6.98123e-06 
183 7.30203e-06 
184 7.66387e-06 
185 8.07458e-06 
186 8.54844e-06 
187 9.10073e-06 
188 9.74282e-06 
189 1.04529e-05 
190 1.13039e-05 
191 1.23412e-05 
192 1.36317e-05 
193 1.52785e-05 
194 1.74488e-05 
195 2.04318e-05 
196 2.4774e-05 
197 3.16383e-05 
198 4.39841e-05 
199 7.19319e-05 
200 0.000179958 
201 0.00491105 
202 0.000113233 
203 0.000669503 
204 0.000321796 
205 0.000297447 
206 0.000396116 
207 0.00016313 
208 0.00129406 
209 0.000382811 
210 0.000157365 
211 0.00635315 
212 4.61549e-06 
213 4.85507e-06 
214 5.13073e-06 
215 5.45066e-06 
216 5.82655e-06 
217 6.24638e-06 
218 6.81075e-06 
219 7.47433e-06 
220 8.2693e-06 
221 9.38426e-06 
222 1.08332e-05 
223 1.28011e-05 
224 1.51231e-05 
225 1.8556e-05 
226 2.41092e-05 
227 3.448e-05 
228 5.97479e-05 
229 0.000181758 
230 0.00362864 
231 7.20165e-06 
232 7.9666e-06 
233 8.94625e-06 
234 1.02423e-05 
235 1.20343e-05 
236 1.4481e-05 
237 1.75897e-05 
238 2.24975e-05 
239 3.12983e-05 
240 5.1083e-05 
241 0.000125832 
242 0.00791297 
243 6.06861e-06 
244 6.37277e-06 
245 6.6672e-06 
246 7.03155e-06 
247 7.45284e-06 
248 7.9452e-06 
249 8.52742e-06 
250 9.22582e-06 
251 1.00784e-05 
252 1.11403e-05 
253 1.24893e-05 
254 1.41937e-05 
255 1.6516e-05 
256 1.98548e-05 
257 2.50389e-05 
258 3.40928e-05 
259 5.34752e-05 
260 0.000118021 
261 0.00178534 
262 1.52444e-05 
263 1.87621e-05 
264 2.44948e-05 
265 3.53346e-05 
266 6.24287e-05 
267 0.000204273 
268 0.00140763 
269 1.96905e-05 
270 2.6121e-05 
271 3.88038e-05 
272 7.35642e-05 
273 0.000332536 
274 0.000237613 
275 0.000834908 
276 3.5995e-05 
277 8.38547e-05 
278 0.000371686 
279 0.000168008 
280 0.00348571 
281 7.3019e-06 
282 8.09993e-06 
283 9.12814e-06 
284 1.04993e-05 
285 1.23744e-05 
286 1.45366e-05 
287 1.77685e-05 
288 2.2722e-05 
289 3.17901e-05 
290 5.27034e-05 
291 0.000134576 
292 0.0429143 
293 4.95608e-06 
294 3.22906e-06 
295 3.26899e-06 
296 3.31115e-06 
297 3.35647e-06 
298 3.41455e-06 
299 3.44879e-06 
300 3.49112e-06 
301 3.53948e-06 
302 3.5914e-06 
303 3.64719e-06 
304 3.70495e-06 
305 3.7627e-06 
306 3.82482e-06 
307 3.89169e-06 
308 3.96381e-06 
309 4.0417e-06 
310 4.12597e-06 
311 4.21731e-06 
312 4.31654e-06 
313 4.42463e-06 
314 4.52035e-06 
315 4.67119e-06 
316 4.81332e-06 
317 4.96983e-06 
318 5.14312e-06 
319 5.33606e-06 
320 5.55159e-06 
321 5.79168e-06 
322 6.05568e-06 
323 6.30957e-06 
324 6.62714e-06 
325 6.96781e-06 
326 7.35996e-06 
327 7.81561e-06 
328 8.35293e-06 
329 8.98842e-06 
330 9.75882e-06 
331 1.06993e-05 
332 1.18811e-05 
333 1.34094e-05 
334 1.5435e-05 
335 1.83367e-05 
336 2.26711e-05 
337 2.98719e-05 
338 4.3959e-05 
339 8.18845e-05 
340 0.000346456 
341 0.000174475 
342 0.0025738 
343 1.03071e-05 
344 1.16591e-05 
345 1.3614e-05 
346 1.6329e-05 
347 2.04887e-05 
348 2.75981e-05 
349 4.22111e-05 
350 8.61508e-05 
351 0.000608332 
352 6.85362e-05 
353 0.000209238 
354 0.00123929 
355 2.21827e-05 
356 3.03101e-05 
357 4.7875e-05 
358 0.000107801 
359 0.00209816 
360 1.23313e-05 
361 1.44855e-05 
362 1.75908e-05 
363 2.26003e-05 
364 3.15961e-05 
365 5.211e-05 
366 0.0001328 
367 0.0716853 
368 3.15444e-06 
369 2.60846e-06 
370 2.62462e-06 
371 2.642e-06 
372 2.66067e-06 
373 2.6808e-06 
374 2.7023e-06 
375 2.72539e-06 
376 2.7501e-06 
377 2.77665e-06 
378 2.81612e-06 
379 2.84438e-06 
380 2.86631e-06 
381 2.9001e-06 
382 2.93633e-06 
383 2.97527e-06 
384 3.01701e-06 
385 3.05559e-06 
386 3.09493e-06 
387 3.1372e-06 
388 3.18246e-06 
389 3.23112e-06 
390 3.28331e-06 
391 3.33515e-06 
392 3.3803e-06 
393 3.44879e-06 
394 3.49756e-06 
395 3.5602e-06 
396 3.62789e-06 
397 3.70121e-06 
398 3.78063e-06 
399 3.86695e-06 
400 3.96097e-06 
401 4.0636e-06 
402 4.17598e-06 
403 4.29941e-06 
404 4.43561e-06 
405 4.58612e-06 
406 4.75359e-06 
407 4.92528e-06 
408 5.10807e-06 
409 5.31275e-06 
410 5.54297e-06 
411 5.80355e-06 
412 6.10096e-06 
413 6.44306e-06 
414 6.8402e-06 
415 7.30632e-06 
416 7.86043e-06 
417 8.52725e-06 
418 9.34664e-06 
419 1.03769e-05 
420 1.16591e-05 
421 1.3483e-05 
422 1.59857e-05 
423 1.97427e-05 
424 2.5967e-05 
425 3.8084e-05 
426 7.03602e-05 
427 0.000285957 
428 0.00825138 
429 5.63917e-06 
430 5.91319e-06 
431 6.22569e-06 
432 6.58604e-06 
433 7.00581e-06 
434 7.50078e-06 
435 8.09221e-06 
436 8.81082e-06 
437 9.71205e-06 
438 1.08308e-05 
439 1.23088e-05 
440 1.4321e-05 
441 1.7212e-05 
442 2.17599e-05 
443 2.95408e-05 
444 4.6258e-05 
445 0.000101564 
446 0.000457411 
447 0.000740708 
448 0.000209515 
449 0.00573777 
450 1.5435e-05 
451 1.77685e-05 
452 2.11196e-05 
453 2.5417e-05 
454 3.03134e-05 
455 3.77909e-05 
456 5.04351e-05 
457 7.59012e-05 
458 0.000149002 
459 0.000828003 
460 0.000169416 
461 0.0014157 
462 7.44069e-05 
463 0.000143632 
464 0.000723589 
465 0.000220106 
466 0.00958832 
467 9.17378e-06 
468 9.91527e-06 
469 1.08197e-05 
470 1.19456e-05 
471 1.33831e-05 
472 1.51441e-05 
473 1.74396e-05 
474 2.06616e-05 
475 2.47981e-05 
476 2.95887e-05 
477 3.66971e-05 
478 4.8459e-05 
479 7.14841e-05 
480 0.000133505 
481 0.000564948 
482 0.000390546 
483 0.00141686 
484 6.22867e-05 
485 0.000132206 
486 0.0005453 
487 0.000433992 
488 0.000894385 
489 0.000149791 
490 0.000840112 
491 0.000166117 
492 0.00128564 
493 8.50258e-05 
494 0.000184851 
495 0.00227187 
496 2.71125e-05 
497 4.05857e-05 
498 7.7741e-05 
499 0.000155214 
500 0.000959078 
501 0.000133125 
502 0.000558539 
503 0.000404441 
504 0.00121243 
505 9.19027e-05 
506 0.000216351 
507 0.00783124 
508 1.09557e-05 
509 1.21165e-05 
510 1.36043e-05 
511 1.5435e-05 
512 1.77685e-05 
513 2.11512e-05 
514 2.48628e-05 
515 2.96751e-05 
516 3.69728e-05 
517 4.9306e-05 
518 7.43e-05 
519 0.000142395 
520 0.000696069 
521 0.000241458 
522 0.0396821 
523 1.67791e-05 
524 4.86514e-06 
525 4.97683e-06 
526 5.09829e-06 
527 5.25591e-06 
528 5.37707e-06 
529 5.53682e-06 
530 5.71289e-06 
531 5.90824e-06 
532 6.12534e-06 
533 6.37277e-06 
534 6.64169e-06 
535 6.95076e-06 
536 7.30301e-06 
537 7.70768e-06 
538 8.17696e-06 
539 8.72662e-06 
540 9.37953e-06 
541 1.01663e-05 
542 1.11311e-05 
543 1.23408e-05 
544 1.38998e-05 
545 1.59803e-05 
546 1.88888e-05 
547 2.24528e-05 
548 2.67657e-05 
549 3.32854e-05 
550 4.4197e-05 
551 6.5805e-05 
552 8.3573e-05 
553 0.000182651 
554 0.00235252 
555 3.98107e-05 
556 5.37183e-05 
557 8.31415e-05 
558 0.000175874 
559 0.00167633 
560 5.70394e-05 
561 9.28245e-05 
562 0.000227351 
563 0.0201553 
564 4.24719e-06 
565 4.37722e-06 
566 4.52035e-06 
567 4.67654e-06 
568 4.85175e-06 
569 5.04796e-06 
570 5.26844e-06 
571 5.51832e-06 
572 5.77835e-06 
573 6.06778e-06 
574 6.3998e-06 
575 6.78439e-06 
576 7.23443e-06 
577 7.76763e-06 
578 8.43656e-06 
579 9.19655e-06 
580 1.01777e-05 
581 1.14372e-05 
582 1.31104e-05 
583 1.5435e-05 
584 1.8864e-05 
585 2.44051e-05 
586 2.99847e-05 
587 3.71787e-05 
588 4.91662e-05 
589 7.27306e-05 
590 0.000137295 
591 0.000621561 
592 0.000289428 
593 0.0115203 
594 7.99406e-06 
595 8.51178e-06 
596 9.12312e-06 
597 9.85536e-06 
598 1.07472e-05 
599 1.18386e-05 
600 1.31007e-05 
601 1.47207e-05 
602 1.68717e-05 
603 1.90849e-05 
604 2.15443e-05 
605 2.50887e-05 
606 2.99876e-05 
607 3.74419e-05 
608 5.01467e-05 
609 7.60452e-05 
610 0.000152126 
611 0.000947896 
612 0.000129272 
613 0.000523197 
614 0.000451612 
615 0.000715517 
616 0.000214287 
617 0.00889271 
618 8.07694e-06 
619 8.78454e-06 
620 9.61579e-06 
621 1.07599e-05 
622 1.2201e-05 
623 1.41536e-05 
624 1.69403e-05 
625 2.12198e-05 
626 2.5105e-05 
627 2.98264e-05 
628 3.69247e-05 
629 4.87077e-05 
630 7.17148e-05 
631 0.000133463 
632 0.000582637 
633 0.000340126 
634 0.00271745 
635 3.28336e-05 
636 4.19272e-05 
637 5.85516e-05 
638 9.6414e-05 
639 0.000247285 
640 0.111854 
641 1.40864e-05 
642 6.86568e-06 
643 7.27782e-06 
644 7.79992e-06 
645 8.43656e-06 
646 9.10994e-06 
647 9.92722e-06 
648 1.09416e-05 
649 1.22322e-05 
650 1.34993e-05 
651 1.45707e-05 
652 1.58344e-05 
653 1.59858e-05 
654 1.75306e-05 
655 1.94702e-05 
656 2.19735e-05 
657 2.53222e-05 
658 3.0018e-05 
659 3.70534e-05 
660 4.86616e-05 
661 7.10943e-05 
662 0.000129865 
663 0.000496719 
664 0.000607231 
665 0.000351255 
666 0.00289566 
667 3.35023e-05 
668 4.26256e-05 
669 5.88639e-05 
670 9.48697e-05 
671 0.000226206 
672 0.0111604 
673 9.48388e-06 
674 1.02008e-05 
675 1.10659e-05 
676 1.21293e-05 
677 1.33717e-05 
678 1.44299e-05 
679 1.57099e-05 
680 1.72886e-05 
681 1.92801e-05 
682 2.18676e-05 
683 2.53581e-05 
684 3.03081e-05 
685 3.78408e-05 
686 5.05788e-05 
687 7.62722e-05 
688 0.000149555 
689 0.000795525 
690 0.000196636 
691 0.00302607 
692 3.08264e-05 
693 3.86611e-05 
694 5.206e-05 
695 7.96358e-05 
696 0.000161335 
697 0.0010698 
698 0.000117643 
699 0.00037522 
700 0.00197456 
701 5.13102e-05 
702 7.67696e-05 
703 0.000148671 
704 0.000767661 
705 0.000209238 
706 0.00494928 
707 2.04059e-05 
708 2.31979e-05 
709 2.69938e-05 
710 3.24354e-05 
711 4.0849e-05 
712 5.54455e-05 
713 8.62864e-05 
714 0.00018558 
715 0.00207718 
716 4.73115e-05 
717 6.90704e-05 
718 0.000124248 
719 0.000437449 
720 0.000975518 
721 0.000135936 
722 0.00057022 
723 0.000417266 
724 0.00118417 
725 0.000101116 
726 0.000259137 
727 0.132866 
728 5.93755e-05 
729 1.2571e-05 
730 1.36146e-05 
731 1.46949e-05 
732 1.60022e-05 
733 1.75908e-05 
734 1.95531e-05 
735 2.20785e-05 
736 2.54506e-05 
737 3.01676e-05 
738 3.72047e-05 
739 4.87466e-05 
740 7.00065e-05 
741 0.000117405 
742 0.00031936 
743 0.0170526 
744 8.43656e-06 
745 9.00821e-06 
746 9.61579e-06 
747 1.03674e-05 
748 1.11965e-05 
749 1.18463e-05 
750 1.26004e-05 
751 1.34852e-05 
752 1.45369e-05 
753 1.57957e-05 
754 1.72985e-05 
755 1.91743e-05 
756 2.15443e-05 
757 2.47599e-05 
758 2.91712e-05 
759 3.51815e-05 
760 4.41058e-05 
761 5.93313e-05 
762 9.05295e-05 
763 0.000183641 
764 0.00173034 
765 5.83605e-05 
766 9.42235e-05 
767 0.000225987 
768 0.0128418 
769 1.08431e-05 
770 1.14374e-05 
771 1.21228e-05 
772 1.29208e-05 
773 1.38612e-05 
774 1.49626e-05 
775 1.62731e-05 
776 1.79463e-05 
777 1.99214e-05 
778 2.25489e-05 
779 2.60766e-05 
780 3.05114e-05 
781 3.68768e-05 
782 4.68118e-05 
783 6.43011e-05 
784 0.000102264 
785 0.00023294 
786 0.0212936 
787 1.52805e-05 
788 8.2693e-06 
789 8.60663e-06 
790 8.97844e-06 
791 9.38724e-06 
792 9.764e-06 
793 1.01868e-05 
794 1.06648e-05 
795 1.12086e-05 
796 1.18323e-05 
797 1.25544e-05 
798 1.33992e-05 
799 1.44002e-05 
800 1.56033e-05 
801 1.70756e-05 
802 1.89156e-05 
803 2.1278e-05 
804 2.4415e-05 
805 2.88068e-05 
806 3.5214e-05 
807 4.56133e-05 
808 6.50054e-05 
809 0.000112112 
810 0.000338251 
811 0.00344374 
812 2.85215e-05 
813 3.4618e-05 
814 4.45448e-05 
815 6.27303e-05 
816 0.000105399 
817 0.000288264 
818 0.0222117 
819 1.40628e-05 
820 8.06157e-06 
821 8.35293e-06 
822 8.70343e-06 
823 9.08407e-06 
824 9.47541e-06 
825 9.85924e-06 
826 1.02902e-05 
827 1.07782e-05 
828 1.13335e-05 
829 1.19712e-05 
830 1.27103e-05 
831 1.35762e-05 
832 1.46037e-05 
833 1.5841e-05 
834 1.73594e-05 
835 1.92624e-05 
836 2.17599e-05 
837 2.49934e-05 
838 2.957e-05 
839 3.63918e-05 
840 4.75708e-05 
841 6.8927e-05 
842 0.000123555 
843 0.000435697 
844 0.000921719 
845 0.000150922 
846 0.000828922 
847 0.000174953 
848 0.0015678 
849 6.77558e-05 
850 0.000119753 
851 0.000396969 
852 0.00142789 
853 7.6261e-05 
854 0.000147487 
855 0.000756349 
856 0.000211945 
857 0.00583353 
858 1.75413e-05 
859 1.94971e-05 
860 2.2026e-05 
861 2.54106e-05 
862 3.01571e-05 
863 3.72826e-05 
864 4.90842e-05 
865 7.2043e-05 
866 0.000133076 
867 0.000536465 
868 0.000480139 
869 0.00067625 
870 0.00026905 
871 0.115374 
872 5.69744e-06 
873 3.93605e-06 
874 3.98747e-06 
875 4.04272e-06 
876 4.10225e-06 
877 4.13038e-06 
878 4.196e-06 
879 4.26675e-06 
880 4.34317e-06 
881 4.42587e-06 
882 4.52035e-06 
883 4.61279e-06 
884 4.7188e-06 
885 4.83436e-06 
886 4.64875e-06 
887 4.76051e-06 
888 4.88257e-06 
889 5.0165e-06 
890 5.15163e-06 
891 5.32581e-06 
892 5.50537e-06 
893 5.70538e-06 
894 5.92875e-06 
895 6.17995e-06 
896 6.46394e-06 
897 6.78741e-06 
898 7.15851e-06 
899 7.5888e-06 
900 8.08586e-06 
901 8.67259e-06 
902 9.37705e-06 
903 1.02379e-05 
904 1.13117e-05 
905 1.20561e-05 
906 1.29105e-05 
907 1.39273e-05 
908 1.51567e-05 
909 1.66713e-05 
910 1.85798e-05 
911 1.79463e-05 
912 1.98546e-05 
913 2.23971e-05 
914 2.57857e-05 
915 3.05147e-05 
916 3.75452e-05 
917 4.87043e-05 
918 6.93628e-05 
919 0.000119064 
920 0.000349558 
921 0.0054117 
922 2.09766e-05 
923 2.38812e-05 
924 2.78204e-05 
925 3.3272e-05 
926 4.15979e-05 
927 5.57629e-05 
928 8.46177e-05 
929 0.000168927 
930 0.00104488 
931 0.000143646 
932 0.000588499 
933 0.000486368 
934 0.000880806 
935 0.000195701 
936 0.00209816 
937 5.44382e-05 
938 8.14201e-05 
939 0.000157371 
940 0.000799262 
941 0.000235601 
942 0.00878589 
943 1.83519e-05 
944 1.59099e-05 
945 1.732e-05 
946 1.90607e-05 
947 2.12608e-05 
948 2.41249e-05 
949 2.79945e-05 
950 3.35e-05 
951 4.19197e-05 
952 5.62728e-05 
953 8.56526e-05 
954 0.000173211 
955 0.00116729 
956 0.000126583 
957 0.00038664 
958 0.00250399 
959 4.44584e-05 
960 6.12783e-05 
961 9.7388e-05 
962 0.000223332 
963 0.00534303 
964 2.11666e-05 
965 2.40032e-05 
966 2.78342e-05 
967 3.32784e-05 
968 4.15871e-05 
969 5.57049e-05 
970 8.44305e-05 
971 0.000168861 
972 0.00105653 
973 0.000140219 
974 0.0005535 
975 0.000565378 
976 0.000533186 
977 0.00063337 
978 0.0003922 
979 0.00228319 
980 4.90912e-05 
981 7.0195e-05 
982 0.000121902 
983 0.000375606 
984 0.00296885 
985 3.68203e-05 
986 4.74066e-05 
987 6.68081e-05 
988 0.000112112 
989 0.00030674 
990 0.0237773 
991 7.42352e-06 
992 7.20174e-06 
993 7.64379e-06 
994 8.16553e-06 
995 8.76128e-06 
996 9.46392e-06 
997 1.0153e-05 
998 1.05857e-05 
999 1.10738e-05 
1000 1.16591e-05 
1001 1.22641e-05 
1002 1.29966e-05 
1003 1.38507e-05 
1004 1.48592e-05 
1005 1.60659e-05 
1006 1.75283e-05 
1007 1.93343e-05 
1008 2.15443e-05 
1009 2.46232e-05 
1010 2.88068e-05 
1011 3.46475e-05 
1012 4.38321e-05 
1013 5.99264e-05 
1014 9.45763e-05 
1015 0.000211474 
1016 0.00357789 
1017 3.02047e-05 
1018 3.68482e-05 
1019 4.7488e-05 
1020 6.70338e-05 
1021 0.000113233 
1022 0.000314011 
1023 0.0161647 
1024 9.87359e-06 
1025 1.02691e-05 
1026 1.07152e-05 
1027 1.12186e-05 
1028 1.17911e-05 
1029 1.24473e-05 
1030 1.32062e-05 
1031 1.40931e-05 
1032 1.51422e-05 
1033 1.63987e-05 
1034 1.79463e-05 
1035 1.98485e-05 
1036 2.22983e-05 
1037 2.55392e-05 
1038 3.00173e-05 
1039 3.65808e-05 
1040 4.70666e-05 
1041 6.62493e-05 
1042 0.000110991 
1043 0.000300958 
1044 0.0321294 
1045 6.79946e-06 
1046 7.12917e-06 
1047 7.48054e-06 
1048 7.69998e-06 
1049 7.94264e-06 
1050 8.21019e-06 
1051 8.50606e-06 
1052 8.80734e-06 
1053 9.09007e-06 
1054 9.40201e-06 
1055 9.74796e-06 
1056 1.01331e-05 
1057 1.05656e-05 
1058 1.10527e-05 
1059 1.15425e-05 
1060 1.22336e-05 
1061 1.29626e-05 
1062 1.38108e-05 
1063 1.48098e-05 
1064 1.60041e-05 
1065 1.74563e-05 
1066 1.92561e-05 
1067 2.15443e-05 
1068 2.45429e-05 
1069 2.85215e-05 
1070 3.45073e-05 
1071 4.36796e-05 
1072 5.97744e-05 
1073 9.45128e-05 
1074 0.000212462 
1075 0.00383831 
1076 2.79762e-05 
1077 3.35572e-05 
1078 4.21413e-05 
1079 5.69065e-05 
1080 8.76266e-05 
1081 0.000182819 
1082 0.00155782 
1083 7.68699e-05 
1084 0.000143488 
1085 0.000606281 
1086 0.000424329 
1087 0.00144454 
1088 8.52397e-05 
1089 0.000173455 
1090 0.00122337 
1091 0.000108196 
1092 0.00028497 
1093 0.105316 
1094 7.88429e-06 
1095 5.12112e-06 
1096 5.28261e-06 
1097 5.46197e-06 
1098 5.66161e-06 
1099 5.88551e-06 
1100 6.12533e-06 
1101 6.37277e-06 
1102 6.64436e-06 
1103 6.95651e-06 
1104 6.56601e-06 
1105 6.87197e-06 
1106 7.09177e-06 
1107 7.28173e-06 
1108 7.48923e-06 
1109 7.71658e-06 
1110 7.96667e-06 
1111 8.24274e-06 
1112 8.49454e-06 
1113 8.75258e-06 
1114 9.03668e-06 
1115 9.35022e-06 
1116 9.71205e-06 
1117 1.00874e-05 
1118 1.05211e-05 
1119 1.10044e-05 
1120 1.15425e-05 
1121 1.21944e-05 
1122 1.29285e-05 
1123 1.3785e-05 
1124 1.47971e-05 
1125 1.60096e-05 
1126 1.74874e-05 
1127 1.93242e-05 
1128 2.17599e-05 
1129 2.47689e-05 
1130 2.90145e-05 
1131 3.51891e-05 
1132 4.49386e-05 
1133 6.24329e-05 
1134 0.000101836 
1135 0.000251189 
1136 0.0324704 
1137 5.7504e-06 
1138 5.96744e-06 
1139 6.21066e-06 
1140 6.4849e-06 
1141 6.79639e-06 
1142 7.15293e-06 
1143 7.56486e-06 
1144 8.04512e-06 
1145 8.46055e-06 
1146 8.76606e-06 
1147 9.0503e-06 
1148 9.36519e-06 
1149 9.71408e-06 
1150 1.01038e-05 
1151 1.0541e-05 
1152 1.10346e-05 
1153 1.15425e-05 
1154 1.22347e-05 
1155 1.29774e-05 
1156 1.38453e-05 
1157 1.48715e-05 
1158 1.61025e-05 
1159 1.75908e-05 
1160 1.94778e-05 
1161 2.1873e-05 
1162 2.50397e-05 
1163 2.9409e-05 
1164 3.58044e-05 
1165 4.59971e-05 
1166 6.45703e-05 
1167 0.00010765 
1168 0.000285646 
1169 0.0795544 
1170 1.16591e-05 
1171 5.15163e-06 
1172 5.30937e-06 
1173 5.46226e-06 
1174 5.13056e-06 
1175 5.27155e-06 
1176 5.427e-06 
1177 5.5988e-06 
1178 5.78964e-06 
1179 6.00253e-06 
1180 6.24104e-06 
1181 6.51018e-06 
1182 6.81544e-06 
1183 7.16453e-06 
1184 7.56702e-06 
1185 8.0353e-06 
1186 8.56432e-06 
1187 9.17418e-06 
1188 9.61579e-06 
1189 1.00384e-05 
1190 1.05593e-05 
1191 1.11568e-05 
1192 1.1849e-05 
1193 1.26589e-05 
1194 1.3619e-05 
1195 1.47735e-05 
1196 1.61874e-05 
1197 1.7958e-05 
1198 2.0235e-05 
1199 2.32644e-05 
1200 2.17599e-05 
1201 2.47889e-05 
1202 2.89531e-05 
1203 3.49714e-05 
1204 4.43865e-05 
1205 6.12783e-05 
1206 9.7388e-05 
1207 0.000227136 
1208 0.00760211 
1209 2.11517e-05 
1210 2.39074e-05 
1211 2.76007e-05 
1212 3.28336e-05 
1213 4.06335e-05 
1214 5.36808e-05 
1215 7.93677e-05 
1216 0.000149724 
1217 0.000688057 
1218 0.000243103 
1219 0.0174466 
1220 4.05145e-05 
1221 5.34376e-05 
1222 7.91366e-05 
1223 0.000147595 
1224 0.000635028 
1225 0.000241743 
1226 0.00368972 
1227 4.90368e-05 
1228 7.06439e-05 
1229 0.000122408 
1230 0.000376544 
1231 0.00145375 
1232 0.00010166 
1233 0.000251189 
1234 0.0022732 
1235 0.00121649 
1236 7.10423e-05 
1237 0.000126591 
1238 0.000433448 
1239 0.00119316 
1240 0.000107818 
1241 0.000288955 
1242 0.0500209 
1243 5.66138e-06 
1244 5.85852e-06 
1245 6.0789e-06 
1246 6.30957e-06 
1247 6.42804e-06 
1248 6.56559e-06 
1249 6.71415e-06 
1250 6.87518e-06 
1251 7.05013e-06 
1252 7.24075e-06 
1253 7.44875e-06 
1254 7.67263e-06 
1255 7.86794e-06 
1256 8.07215e-06 
1257 8.2693e-06 
1258 8.53816e-06 
1259 8.80584e-06 
1260 9.10147e-06 
1261 9.4282e-06 
1262 9.79189e-06 
1263 1.01988e-05 
1264 1.06562e-05 
1265 1.11739e-05 
1266 1.17758e-05 
1267 1.24442e-05 
1268 1.32328e-05 
1269 1.41586e-05 
1270 1.52601e-05 
1271 1.65909e-05 
1272 1.8229e-05 
1273 2.02923e-05 
1274 2.29661e-05 
1275 2.65609e-05 
1276 3.16363e-05 
1277 3.93119e-05 
1278 5.21682e-05 
1279 7.77274e-05 
1280 0.000148775 
1281 0.000716341 
1282 0.000266817 
1283 0.251886 
1284 0.000207166 
1285 4.02089e-05 
1286 5.3903e-05 
1287 8.2632e-05 
1288 5.11667e-05 
1289 7.28285e-05 
1290 0.000126078 
1291 0.000394982 
1292 0.0014752 
1293 6.50655e-05 
1294 0.000106961 
1295 0.000271855 
1296 0.00572775 
1297 0.000621321 
1298 0.000507766 
1299 0.000775208 
1300 0.000238526 
1301 0.00268578 
1302 0.000441384 
1303 0.000424718 
1304 0.00152764 
1305 8.19499e-05 
1306 0.000159604 
1307 0.000846284 
1308 0.000209238 
1309 0.00314423 
1310 3.50859e-05 
1311 4.45122e-05 
1312 6.12783e-05 
1313 9.7388e-05 
1314 0.000223881 
1315 0.00546581 
1316 2.00598e-05 
1317 2.27024e-05 
1318 2.62573e-05 
1319 3.12657e-05 
1320 3.882e-05 
1321 5.10875e-05 
1322 7.43e-05 
1323 0.000133891 
1324 0.000481091 
1325 0.000912585 
1326 0.000179958 
1327 0.00138485 
1328 9.30791e-05 
1329 0.000204237 
1330 0.00277782 
1331 3.91934e-05 
1332 5.14347e-05 
1333 7.50115e-05 
1334 0.000135936 
1335 0.000504901 
1336 0.000765509 
1337 0.000253701 
1338 0.0263009 
1339 8.62568e-06 
1340 8.8637e-06 
1341 9.12403e-06 
1342 9.40999e-06 
1343 9.72559e-06 
1344 1.00741e-05 
1345 1.04622e-05 
1346 1.08959e-05 
1347 1.13838e-05 
1348 1.19358e-05 
1349 1.25651e-05 
1350 1.32886e-05 
1351 1.41285e-05 
1352 1.51144e-05 
1353 1.62862e-05 
1354 1.77685e-05 
1355 1.94506e-05 
1356 2.15443e-05 
1357 2.44709e-05 
1358 2.82362e-05 
1359 3.36434e-05 
1360 4.17424e-05 
1361 5.52578e-05 
1362 8.1896e-05 
1363 0.000154734 
1364 0.000695258 
1365 0.000354664 
1366 0.00662958 
1367 1.87429e-05 
1368 2.07731e-05 
1369 2.33709e-05 
1370 2.68158e-05 
1371 3.15714e-05 
1372 3.85688e-05 
1373 4.98058e-05 
1374 7.05438e-05 
1375 0.000119907 
1376 0.00034069 
1377 0.0100222 
1378 5.83016e-05 
1379 1.89806e-05 
1380 2.10752e-05 
1381 2.37745e-05 
1382 2.73774e-05 
1383 3.24143e-05 
1384 3.98107e-05 
1385 5.20792e-05 
1386 7.52915e-05 
1387 0.000134044 
1388 0.000456259 
1389 0.00132028 
1390 0.000107618 
1391 0.000266742 
1392 0.0376244 
1393 7.45543e-06 
1394 7.63838e-06 
1395 7.79692e-06 
1396 7.96819e-06 
1397 8.15347e-06 
1398 8.35293e-06 
1399 8.57357e-06 
1400 8.81246e-06 
1401 9.07432e-06 
1402 9.36156e-06 
1403 9.71205e-06 
1404 1.00312e-05 
1405 1.04229e-05 
1406 1.08603e-05 
1407 1.13532e-05 
1408 1.19116e-05 
1409 1.25487e-05 
1410 1.32825e-05 
1411 1.41362e-05 
1412 1.51398e-05 
1413 1.63366e-05 
1414 1.77685e-05 
1415 1.95733e-05 
1416 2.18349e-05 
1417 2.47805e-05 
1418 2.88068e-05 
1419 3.44518e-05 
1420 4.31517e-05 
1421 5.80206e-05 
1422 8.86051e-05 
1423 0.000181758 
1424 0.00133603 
1425 0.000100564 
1426 0.000232462 
1427 0.00625694 
1428 1.95734e-05 
1429 2.18399e-05 
1430 2.47928e-05 
1431 2.88068e-05 
1432 3.44885e-05 
1433 4.32206e-05 
1434 5.81541e-05 
1435 8.89093e-05 
1436 0.000181905 
1437 0.00133293 
1438 0.000104296 
1439 0.000251189 
1440 0.0158381 
1441 1.03927e-05 
1442 1.08303e-05 
1443 1.13225e-05 
1444 1.18806e-05 
1445 1.25178e-05 
1446 1.32516e-05 
1447 1.41052e-05 
1448 1.51095e-05 
1449 1.63076e-05 
1450 1.77685e-05 
1451 1.95532e-05 
1452 2.18215e-05 
1453 2.47784e-05 
1454 2.88068e-05 
1455 3.45051e-05 
1456 4.3281e-05 
1457 5.83335e-05 
1458 8.94961e-05 
1459 0.00018495 
1460 0.00147013 
1461 8.76411e-05 
1462 0.000177599 
1463 0.00121383 
1464 0.000119588 
1465 0.000345712 
1466 0.00716427 
1467 1.73902e-05 
1468 1.90971e-05 
1469 2.12454e-05 
1470 2.4025e-05 
1471 2.77554e-05 
1472 3.3162e-05 
1473 4.09713e-05 
1474 5.41946e-05 
1475 8.02001e-05 
1476 0.000150975 
1477 0.000665813 
1478 0.000373717 
1479 0.00370869 
1480 3.04373e-05 
1481 3.70252e-05 
1482 4.74994e-05 
1483 6.6419e-05 
1484 0.000109779 
1485 0.000283197 
1486 0.230163 
1487 0.000163941 
1488 0.000449001 
1489 0.000193251 
1490 0.00192916 
1491 5.60341e-05 
1492 8.57018e-05 
1493 0.000175585 
1494 0.00130713 
1495 9.6414e-05 
1496 0.00022215 
1497 0.00560122 
1498 1.97619e-05 
1499 2.22099e-05 
1500 2.545e-05 
1501 2.99282e-05 
1502 3.65002e-05 
1503 4.70136e-05 
1504 6.62898e-05 
1505 0.000112112 
1506 0.000308462 
1507 0.0205844 
1508 8.49778e-06 
1509 8.75327e-06 
1510 9.03341e-06 
1511 9.34187e-06 
1512 9.71205e-06 
1513 1.0068e-05 
1514 1.04953e-05 
1515 1.09765e-05 
1516 1.15219e-05 
1517 1.21452e-05 
1518 1.2864e-05 
1519 1.37004e-05 
1520 1.46858e-05 
1521 1.58619e-05 
1522 1.72899e-05 
1523 1.90562e-05 
1524 2.12974e-05 
1525 2.42264e-05 
1526 2.82099e-05 
1527 3.39245e-05 
1528 4.27642e-05 
1529 5.81166e-05 
1530 9.06319e-05 
1531 0.000195964 
1532 0.00232175 
1533 4.56818e-05 
1534 6.35199e-05 
1535 0.000103793 
1536 0.0002581 
1537 0.0481571 
1538 6.02162e-06 
1539 6.12495e-06 
1540 6.23561e-06 
1541 6.37277e-06 
1542 6.48286e-06 
1543 6.6209e-06 
1544 6.76999e-06 
1545 6.93125e-06 
1546 7.09855e-06 
1547 7.23472e-06 
1548 7.38133e-06 
1549 7.53947e-06 
1550 7.71039e-06 
1551 7.89578e-06 
1552 8.09711e-06 
1553 8.35293e-06 
1554 8.55733e-06 
1555 8.82016e-06 
1556 9.10988e-06 
1557 9.42924e-06 
1558 9.78376e-06 
1559 1.01802e-05 
1560 1.06237e-05 
1561 1.11251e-05 
1562 1.16591e-05 
1563 1.23459e-05 
1564 1.31003e-05 
1565 1.39822e-05 
1566 1.5026e-05 
1567 1.62788e-05 
1568 1.77685e-05 
1569 1.97122e-05 
1570 2.21538e-05 
1571 2.53862e-05 
1572 2.98532e-05 
1573 3.64082e-05 
1574 4.68933e-05 
1575 6.61182e-05 
1576 0.000110991 
1577 0.00030464 
1578 0.0256355 
1579 7.77618e-06 
1580 7.96711e-06 
1581 8.17495e-06 
1582 8.43656e-06 
1583 8.65033e-06 
1584 8.92272e-06 
1585 9.22202e-06 
1586 9.51953e-06 
1587 9.92186e-06 
1588 1.03344e-05 
1589 1.07988e-05 
1590 1.13233e-05 
1591 1.19211e-05 
1592 1.26087e-05 
1593 1.34062e-05 
1594 1.43423e-05 
1595 1.5435e-05 
1596 1.6796e-05 
1597 1.84465e-05 
1598 2.05236e-05 
1599 2.32109e-05 
1600 2.68155e-05 
1601 3.1892e-05 
1602 3.94125e-05 
1603 5.21763e-05 
1604 7.71165e-05 
1605 0.000144146 
1606 0.000614477 
1607 0.000413409 
1608 0.00161681 
1609 7.35642e-05 
1610 0.000132761 
1611 0.000480231 
1612 0.000867832 
1613 0.000192661 
1614 0.0020616 
1615 5.34613e-05 
1616 7.99823e-05 
1617 0.000154687 
1618 0.000784971 
1619 0.000233839 
1620 0.00963208 
1621 1.29504e-05 
1622 1.38084e-05 
1623 1.48216e-05 
1624 1.60346e-05 
1625 1.75125e-05 
1626 1.93479e-05 
1627 2.17599e-05 
1628 2.47771e-05 
1629 2.90028e-05 
1630 3.51359e-05 
1631 4.47916e-05 
1632 6.20336e-05 
1633 0.000100507 
1634 0.000243226 
1635 0.0164109 
1636 9.48859e-06 
1637 9.84591e-06 
1638 1.02458e-05 
1639 1.06935e-05 
1640 1.11997e-05 
1641 1.17758e-05 
1642 1.24346e-05 
1643 1.31974e-05 
1644 1.40898e-05 
1645 1.51458e-05 
1646 1.64146e-05 
1647 1.79655e-05 
1648 1.99008e-05 
1649 2.2383e-05 
1650 2.56739e-05 
1651 3.02326e-05 
1652 3.69444e-05 
1653 4.77339e-05 
1654 6.76819e-05 
1655 0.000115345 
1656 0.000332536 
1657 0.0075068 
1658 1.56137e-05 
1659 1.69834e-05 
1660 1.86708e-05 
1661 2.07981e-05 
1662 2.35588e-05 
1663 2.72773e-05 
1664 3.25051e-05 
1665 4.05199e-05 
1666 5.39688e-05 
1667 8.09111e-05 
1668 0.000157355 
1669 0.000832609 
1670 0.000207166 
1671 0.00327867 
1672 3.22735e-05 
1673 4.02089e-05 
1674 5.32817e-05 
1675 7.93971e-05 
1676 0.000152088 
1677 0.000738169 
1678 0.000264674 
1679 0.115542 
1680 9.17475e-06 
1681 5.59718e-06 
1682 5.69712e-06 
1683 5.80416e-06 
1684 5.91956e-06 
1685 6.04398e-06 
1686 5.52612e-06 
1687 5.58823e-06 
1688 5.65447e-06 
1689 5.72515e-06 
1690 5.80037e-06 
1691 5.88084e-06 
1692 5.96622e-06 
1693 6.05757e-06 
1694 6.15566e-06 
1695 6.24638e-06 
1696 6.37277e-06 
1697 6.48846e-06 
1698 6.58102e-06 
1699 6.67997e-06 
1700 6.78573e-06 
1701 6.89878e-06 
1702 7.02003e-06 
1703 7.15006e-06 
1704 7.28998e-06 
1705 7.44089e-06 
1706 7.60348e-06 
1707 7.77962e-06 
1708 7.97075e-06 
1709 8.17817e-06 
1710 8.43656e-06 
1711 8.65333e-06 
1712 8.92554e-06 
1713 9.2254e-06 
1714 9.51953e-06 
1715 9.92438e-06 
1716 1.03369e-05 
1717 1.07999e-05 
1718 1.1324e-05 
1719 1.19217e-05 
1720 1.26085e-05 
1721 1.34053e-05 
1722 1.43408e-05 
1723 1.5435e-05 
1724 1.6793e-05 
1725 1.8443e-05 
1726 2.05192e-05 
1727 2.32054e-05 
1728 2.68107e-05 
1729 3.18775e-05 
1730 3.94125e-05 
1731 5.21432e-05 
1732 7.69407e-05 
1733 0.000143836 
1734 0.000614477 
1735 0.00040754 
1736 0.00173147 
1737 6.63807e-05 
1738 0.000112112 
1739 0.000311361 
1740 0.0169753 
1741 9.20991e-06 
1742 9.51953e-06 
1743 9.91324e-06 
1744 1.03282e-05 
1745 1.07946e-05 
1746 1.13234e-05 
1747 1.19263e-05 
1748 1.26199e-05 
1749 1.34255e-05 
1750 1.43722e-05 
1751 1.5435e-05 
1752 1.68544e-05 
1753 1.85334e-05 
1754 2.06472e-05 
1755 2.33911e-05 
1756 2.70871e-05 
1757 3.23201e-05 
1758 4.02636e-05 
1759 5.36484e-05 
1760 8.04878e-05 
1761 0.000156277 
1762 0.000815301 
1763 0.000215639 
1764 0.00446325 
1765 2.38019e-05 
1766 2.76555e-05 
1767 3.3162e-05 
1768 4.15983e-05 
1769 5.60779e-05 
1770 8.60547e-05 
1771 0.000177356 
1772 0.00136993 
1773 9.08403e-05 
1774 0.000196736 
1775 0.00236003 
1776 4.55668e-05 
1777 6.3596e-05 
1778 0.000104664 
1779 0.000265363 
1780 0.134901 
1781 1.36754e-05 
1782 5.55057e-06 
1783 5.65253e-06 
1784 5.76253e-06 
1785 5.88113e-06 
1786 6.00938e-06 
1787 6.14713e-06 
1788 5.45268e-06 
1789 5.51687e-06 
1790 5.58523e-06 
1791 5.65794e-06 
1792 5.73533e-06 
1793 5.81289e-06 
1794 5.895e-06 
1795 5.98267e-06 
1796 6.07641e-06 
1797 6.1768e-06 
1798 6.30957e-06 
1799 6.39825e-06 
1800 6.48615e-06 
1801 6.57976e-06 
1802 6.67974e-06 
1803 6.78659e-06 
1804 6.90081e-06 
1805 7.02324e-06 
1806 7.15462e-06 
1807 7.29619e-06 
1808 7.44855e-06 
1809 7.61284e-06 
1810 7.7909e-06 
1811 7.98393e-06 
1812 8.1938e-06 
1813 8.43656e-06 
1814 8.67438e-06 
1815 8.94932e-06 
1816 9.25337e-06 
1817 9.61579e-06 
1818 9.9651e-06 
1819 1.03827e-05 
1820 1.08537e-05 
1821 1.13876e-05 
1822 1.19954e-05 
1823 1.26955e-05 
1824 1.35086e-05 
1825 1.44652e-05 
1826 1.56042e-05 
1827 1.69819e-05 
1828 1.86814e-05 
1829 2.08272e-05 
1830 2.36154e-05 
1831 2.73772e-05 
1832 3.28336e-05 
1833 4.08747e-05 
1834 5.46843e-05 
1835 8.26706e-05 
1836 0.000164197 
1837 0.000986919 
1838 0.000151081 
1839 0.000725872 
1840 0.000272749 
1841 0.334124 
1842 9.00358e-05 
1843 5.18318e-05 
1844 2.59298e-05 
1845 3.07843e-05 
1846 3.75371e-05 
1847 4.91861e-05 
1848 4.95993e-05 
1849 7.26623e-05 
1850 0.000132087 
1851 0.000505271 
1852 0.000406897 
1853 0.00179125 
1854 6.35711e-05 
1855 0.000104619 
1856 0.000263968 
1857 0.104354 
1858 5.39016e-06 
1859 5.53934e-06 
1860 5.7037e-06 
1861 5.88599e-06 
1862 6.01408e-06 
1863 6.10608e-06 
1864 6.2045e-06 
1865 6.30957e-06 
1866 6.42299e-06 
1867 6.54337e-06 
1868 6.67224e-06 
1869 6.81104e-06 
1870 6.96088e-06 
1871 7.12311e-06 
1872 7.29926e-06 
1873 7.49085e-06 
1874 7.69987e-06 
1875 7.92847e-06 
1876 8.1797e-06 
1877 8.4566e-06 
1878 8.71804e-06 
1879 8.97128e-06 
1880 9.25022e-06 
1881 9.51953e-06 
1882 9.8952e-06 
1883 1.02717e-05 
1884 1.06926e-05 
1885 1.11652e-05 
1886 1.16591e-05 
1887 1.23042e-05 
1888 1.30013e-05 
1889 1.38086e-05 
1890 1.47539e-05 
1891 1.58753e-05 
1892 1.72252e-05 
1893 1.88797e-05 
1894 2.09525e-05 
1895 2.36219e-05 
1896 2.71823e-05 
1897 3.21575e-05 
1898 3.94125e-05 
1899 5.1485e-05 
1900 7.43e-05 
1901 0.000131817 
1902 0.00045082 
1903 0.000987917 
1904 0.000144139 
1905 0.000596598 
1906 0.000438076 
1907 0.00124404 
1908 0.000106375 
1909 0.000269743 
1910 0.0791879 
1911 1.90857e-05 
1912 2.11136e-05 
1913 2.3711e-05 
1914 2.71502e-05 
1915 3.19073e-05 
1916 3.88945e-05 
1917 5.00925e-05 
1918 7.11694e-05 
1919 0.00012433 
1920 0.000397162 
1921 0.0015063 
1922 4.22159e-05 
1923 5.75235e-05 
1924 9.01766e-05 
1925 0.000197973 
1926 0.00278688 
1927 2.85215e-05 
1928 3.47358e-05 
1929 4.44374e-05 
1930 6.19295e-05 
1931 0.000101706 
1932 0.000257292 
1933 0.0819171 
1934 3.91337e-05 
1935 5.35866e-05 
1936 7.99838e-05 
1937 0.000153903 
1938 0.000778245 
1939 0.000216781 
1940 0.00460534 
1941 1.40963e-05 
1942 1.52586e-05 
1943 1.6681e-05 
1944 1.8459e-05 
1945 2.07392e-05 
1946 2.36192e-05 
1947 2.70301e-05 
1948 3.17521e-05 
1949 3.86907e-05 
1950 4.98287e-05 
1951 7.03115e-05 
1952 0.000118767 
1953 0.000332536 
1954 0.00794416 
1955 1.5435e-05 
1956 1.6929e-05 
1957 1.87624e-05 
1958 2.0736e-05 
1959 2.32625e-05 
1960 2.6606e-05 
1961 3.10604e-05 
1962 3.73891e-05 
1963 4.7218e-05 
1964 6.44003e-05 
1965 0.000101295 
1966 0.00022572 
1967 0.00403404 
1968 2.21999e-05 
1969 2.53351e-05 
1970 2.96389e-05 
1971 3.58839e-05 
1972 4.5665e-05 
1973 6.234e-05 
1974 9.7388e-05 
1975 0.000213563 
1976 0.00303455 
1977 2.85215e-05 
1978 3.4234e-05 
1979 4.29056e-05 
1980 5.77327e-05 
1981 8.82567e-05 
1982 0.000179958 
1983 0.00130713 
1984 0.000100391 
1985 0.000237932 
1986 0.0100749 
1987 1.22709e-05 
1988 1.299e-05 
1989 1.38264e-05 
1990 1.481e-05 
1991 1.5983e-05 
1992 1.74034e-05 
1993 1.91578e-05 
1994 2.13288e-05 
1995 2.42429e-05 
1996 2.81301e-05 
1997 3.36626e-05 
1998 4.21248e-05 
1999 5.65611e-05 
2000 8.61624e-05 
2001 0.000174924 
2002 0.001232 
2003 9.7388e-05 
2004 0.000232171 
2005 0.00887803 
2006 1.51832e-05 
2007 1.64248e-05 
2008 1.79463e-05 
2009 1.98133e-05 
2010 2.22031e-05 
2011 2.53439e-05 
2012 2.96453e-05 
2013 3.58749e-05 
2014 4.56503e-05 
2015 6.30161e-05 
2016 0.000101381 
2017 0.000239882 
2018 0.0100181 
2019 1.60034e-05 
2020 1.74784e-05 
2021 1.92918e-05 
2022 2.15443e-05 
2023 2.46037e-05 
2024 2.88068e-05 
2025 3.46825e-05 
2026 4.3961e-05 
2027 6.00647e-05 
2028 9.55023e-05 
2029 0.000217218 
2030 0.00488771 
2031 2.70154e-05 
2032 3.19104e-05 
2033 3.91661e-05 
2034 5.09514e-05 
2035 7.28285e-05 
2036 0.000127825 
2037 0.000408653 
2038 0.00177148 
2039 5.49121e-05 
2040 8.24686e-05 
2041 0.000161016 
2042 0.000867361 
2043 0.000186827 
2044 0.00195763 
2045 5.72613e-05 
2046 8.79217e-05 
2047 0.000181958 
2048 0.00145626 
2049 8.02493e-05 
2050 0.000158272 
2051 0.000908726 
2052 0.000175808 
2053 0.00124679 
2054 0.000100097 
2055 0.000246753 
2056 0.0322238 
2057 7.17958e-06 
2058 7.31783e-06 
2059 7.46727e-06 
2060 7.62822e-06 
2061 7.80218e-06 
2062 7.99082e-06 
2063 8.19566e-06 
2064 8.43656e-06 
2065 8.66348e-06 
2066 8.92961e-06 
2067 9.22353e-06 
2068 9.51953e-06 
2069 9.90414e-06 
2070 1.03045e-05 
2071 1.07539e-05 
2072 1.12605e-05 
2073 1.18358e-05 
2074 1.24952e-05 
2075 1.32571e-05 
2076 1.41471e-05 
2077 1.52001e-05 
2078 1.64618e-05 
2079 1.80041e-05 
2080 1.99239e-05 
2081 2.238e-05 
2082 2.56263e-05 
2083 3.01063e-05 
2084 3.66631e-05 
2085 4.71157e-05 
2086 6.61677e-05 
2087 0.000110429 
2088 0.000294493 
2089 0.0422068 
2090 6.24638e-06 
2091 6.30957e-06 
2092 6.44137e-06 
2093 6.54558e-06 
2094 6.65725e-06 
2095 6.77674e-06 
2096 6.90495e-06 
2097 7.04258e-06 
2098 7.19088e-06 
2099 7.35147e-06 
2100 7.52493e-06 
2101 7.71308e-06 
2102 7.91713e-06 
2103 8.1386e-06 
2104 8.35293e-06 
2105 8.64524e-06 
2106 8.93807e-06 
2107 9.26224e-06 
2108 9.61579e-06 
2109 1.07247e-05 
2110 1.1228e-05 
2111 1.17992e-05 
2112 1.24527e-05 
2113 1.32086e-05 
2114 1.409e-05 
2115 1.51305e-05 
2116 1.63783e-05 
2117 1.79463e-05 
2118 1.97959e-05 
2119 2.22106e-05 
2120 2.53934e-05 
2121 2.97701e-05 
2122 3.61426e-05 
2123 4.62209e-05 
2124 6.43563e-05 
2125 0.000105421 
2126 0.000264002 
2127 0.0353876 
2128 1.51842e-05 
2129 1.64147e-05 
2130 1.79463e-05 
2131 1.97648e-05 
2132 2.21175e-05 
2133 2.52006e-05 
2134 2.94061e-05 
2135 3.5467e-05 
2136 4.49093e-05 
2137 6.15067e-05 
2138 9.7388e-05 
2139 0.000221898 
2140 0.000281938 
2141 0.000144703 
2142 0.000159591 
2143 0.000178159 
2144 0.000203447 
2145 0.000237671 
2146 0.000287405 
2147 0.000365873 
2148 0.000506592 
2149 0.000823732 
2150 0.00139514 
2151 0.00723591 
2152 0.000219734 
2153 0.000319336 
2154 0.00323832 
2155 0.000346545 
2156 0.000805463 
2157 0.000202206 
2158 0.00322457 
2159 3.10862e-05 
2160 3.85909e-05 
2161 5.11185e-05 
2162 7.58239e-05 
2163 0.000143469 
2164 0.000648702 
2165 0.000324476 
2166 0.00716427 
2167 1.52805e-05 
2168 1.66457e-05 
2169 1.83259e-05 
2170 2.0449e-05 
2171 2.3208e-05 
2172 2.6942e-05 
2173 3.22608e-05 
2174 4.03997e-05 
2175 5.42991e-05 
2176 8.28374e-05 
2177 0.000168542 
2178 0.00118974 
2179 0.000104773 
2180 0.00027543 
2181 0.190274 
2182 7.94784e-06 
2183 5.98296e-06 
2184 6.09004e-06 
2185 5.97432e-06 
2186 4.77526e-06 
2187 4.8126e-06 
2188 4.85223e-06 
2189 4.89402e-06 
2190 4.93778e-06 
2191 4.98436e-06 
2192 5.0337e-06 
2193 5.08583e-06 
2194 5.14075e-06 
2195 5.20377e-06 
2196 5.26097e-06 
2197 5.32688e-06 
2198 5.39642e-06 
2199 5.47075e-06 
2200 5.54964e-06 
2201 5.63371e-06 
2202 5.72387e-06 
2203 5.81972e-06 
2204 5.92234e-06 
2205 6.03268e-06 
2206 6.14647e-06 
2207 6.23333e-06 
2208 6.30957e-06 
2209 6.42371e-06 
2210 6.52872e-06 
2211 6.64095e-06 
2212 6.76124e-06 
2213 6.89002e-06 
2214 7.02879e-06 
2215 7.17792e-06 
2216 7.33874e-06 
2217 7.51272e-06 
2218 7.70177e-06 
2219 7.9068e-06 
2220 8.13078e-06 
2221 8.35293e-06 
2222 8.64387e-06 
2223 8.93914e-06 
2224 9.26763e-06 
2225 9.61579e-06 
2226 1.00396e-05 
2227 1.04978e-05 
2228 1.10174e-05 
2229 1.15425e-05 
2230 1.22467e-05 
2231 1.30311e-05 
2232 1.39526e-05 
2233 1.50482e-05 
2234 1.63733e-05 
2235 1.80047e-05 
2236 2.00605e-05 
2237 2.27273e-05 
2238 2.63173e-05 
2239 3.13942e-05 
2240 3.90903e-05 
2241 5.20288e-05 
2242 7.78619e-05 
2243 0.000150558 
2244 0.000764806 
2245 0.000227412 
2246 0.0105779 
2247 1.16591e-05 
2248 1.23653e-05 
2249 1.31652e-05 
2250 1.41062e-05 
2251 1.52284e-05 
2252 1.65872e-05 
2253 1.82659e-05 
2254 2.03895e-05 
2255 2.31552e-05 
2256 2.69015e-05 
2257 3.22465e-05 
2258 4.04455e-05 
2259 5.45086e-05 
2260 8.36253e-05 
2261 0.000172965 
2262 0.00140093 
2263 7.43e-05 
2264 0.000137846 
2265 0.000571171 
2266 0.000446232 
2267 0.000953136 
2268 0.000148877 
2269 0.000748928 
2270 0.000229982 
2271 0.0115339 
2272 1.09491e-05 
2273 1.15353e-05 
2274 1.22085e-05 
2275 1.29909e-05 
2276 1.39086e-05 
2277 1.5002e-05 
2278 1.63238e-05 
2279 1.79502e-05 
2280 2.00019e-05 
2281 2.26633e-05 
2282 2.62475e-05 
2283 3.13191e-05 
2284 3.90131e-05 
2285 5.19638e-05 
2286 7.78773e-05 
2287 0.00015117 
2288 0.000785553 
2289 0.000212744 
2290 0.00515337 
2291 1.94039e-05 
2292 2.18822e-05 
2293 2.51851e-05 
2294 2.97947e-05 
2295 3.66479e-05 
2296 4.78335e-05 
2297 6.90518e-05 
2298 0.000122487 
2299 0.000410601 
2300 0.00136696 
2301 8.46337e-05 
2302 0.000177153 
2303 0.00154924 
2304 7.09162e-05 
2305 0.000127927 
2306 0.000459517 
2307 0.000870979 
2308 0.00017252 
2309 0.0013552 
2310 8.50726e-05 
2311 0.000178159 
2312 0.00160074 
2313 6.807e-05 
2314 0.000119298 
2315 0.000382811 
2316 0.0019614 
2317 5.27034e-05 
2318 7.96633e-05 
2319 0.000157608 
2320 0.000922536 
2321 0.000155245 
2322 0.000874002 
2323 0.000171422 
2324 0.0013202 
2325 8.80045e-05 
2326 0.000191343 
2327 0.00236849 
2328 4.2428e-05 
2329 5.82234e-05 
2330 9.25773e-05 
2331 0.000211598 
2332 0.00487624 
2333 2.06867e-05 
2334 2.34536e-05 
2335 2.73523e-05 
2336 3.28336e-05 
2337 4.16275e-05 
2338 5.68026e-05 
2339 8.92575e-05 
2340 0.000196895 
2341 0.00284691 
2342 3.47363e-05 
2343 4.45384e-05 
2344 6.23036e-05 
2345 0.00010311 
2346 0.000267332 
2347 0.447165 
2348 0.000584781 
2349 0.000138089 
2350 0.000606969 
2351 0.000342252 
2352 0.00421304 
2353 2.24318e-05 
2354 2.59887e-05 
2355 3.10319e-05 
2356 3.86997e-05 
2357 5.16591e-05 
2358 7.77804e-05 
2359 0.00015294 
2360 0.000866273 
2361 0.00016402 
2362 0.00114682 
2363 0.000104869 
2364 0.000283759 
2365 0.0377318 
2366 6.24638e-06 
2367 6.37517e-06 
2368 6.47882e-06 
2369 6.58965e-06 
2370 6.7086e-06 
2371 6.83623e-06 
2372 6.9732e-06 
2373 7.12056e-06 
2374 7.27948e-06 
2375 7.45146e-06 
2376 7.63762e-06 
2377 7.84042e-06 
2378 8.06137e-06 
2379 8.2693e-06 
2380 8.56892e-06 
2381 8.86202e-06 
2382 9.18733e-06 
2383 9.51953e-06 
2384 9.95128e-06 
2385 1.04071e-05 
2386 1.09231e-05 
2387 1.15119e-05 
2388 1.21898e-05 
2389 1.29779e-05 
2390 1.39055e-05 
2391 1.50108e-05 
2392 1.63506e-05 
2393 1.80074e-05 
2394 2.01013e-05 
2395 2.28299e-05 
2396 2.65265e-05 
2397 3.18012e-05 
2398 3.98107e-05 
2399 5.37354e-05 
2400 8.23899e-05 
2401 0.000169852 
2402 0.0013202 
2403 8.56794e-05 
2404 0.000184454 
2405 0.00207576 
2406 4.71076e-05 
2407 6.79323e-05 
2408 0.00012026 
2409 0.000400247 
2410 0.00141966 
2411 7.68229e-05 
2412 0.000149468 
2413 0.000790599 
2414 0.00019683 
2415 0.00312352 
2416 3.0519e-05 
2417 3.78954e-05 
2418 5.02265e-05 
2419 7.46065e-05 
2420 0.000141748 
2421 0.000656707 
2422 0.000290537 
2423 0.0226902 
2424 7.36044e-06 
2425 7.54612e-06 
2426 7.74821e-06 
2427 7.96826e-06 
2428 8.20981e-06 
2429 8.47469e-06 
2430 8.76728e-06 
2431 9.08906e-06 
2432 9.44914e-06 
2433 9.85232e-06 
2434 1.03058e-05 
2435 1.08181e-05 
2436 1.14039e-05 
2437 1.20786e-05 
2438 1.28628e-05 
2439 1.37861e-05 
2440 1.48865e-05 
2441 1.62192e-05 
2442 1.77685e-05 
2443 1.99408e-05 
2444 2.26552e-05 
2445 2.63324e-05 
2446 3.15794e-05 
2447 3.98107e-05 
2448 5.35358e-05 
2449 8.22582e-05 
2450 0.000170465 
2451 0.00137537 
2452 8.00938e-05 
2453 0.000161669 
2454 0.00108002 
2455 0.000113986 
2456 0.000349454 
2457 0.00304434 
2458 3.10576e-05 
2459 3.88054e-05 
2460 5.19467e-05 
2461 7.86075e-05 
2462 0.000156438 
2463 0.000947621 
2464 0.000141658 
2465 0.000656861 
2466 0.000289508 
2467 0.0238432 
2468 7.19079e-06 
2469 7.36973e-06 
2470 7.55669e-06 
2471 7.7599e-06 
2472 7.98194e-06 
2473 8.22491e-06 
2474 8.49123e-06 
2475 8.78644e-06 
2476 9.11154e-06 
2477 9.47421e-06 
2478 9.88084e-06 
2479 1.03385e-05 
2480 1.08559e-05 
2481 1.14481e-05 
2482 1.21307e-05 
2483 1.29251e-05 
2484 1.38609e-05 
2485 1.49779e-05 
2486 1.63333e-05 
2487 1.80125e-05 
2488 2.01407e-05 
2489 2.29233e-05 
2490 2.67086e-05 
2491 3.21405e-05 
2492 4.05481e-05 
2493 5.51588e-05 
2494 8.61317e-05 
2495 0.000186635 
2496 0.0022332 
2497 4.36151e-05 
2498 6.06715e-05 
2499 0.000100328 
2500 0.000257038 
2501 0.360806 
2502 5.68931e-06 
2503 5.92415e-06 
2504 4.08431e-06 
2505 4.15131e-06 
2506 4.19147e-06 
2507 4.20971e-06 
2508 4.22894e-06 
2509 4.24931e-06 
2510 4.2709e-06 
2511 4.29364e-06 
2512 4.31765e-06 
2513 4.34312e-06 
2514 4.36985e-06 
2515 4.39829e-06 
2516 4.42812e-06 
2517 4.45962e-06 
2518 4.47505e-06 
2519 4.52035e-06 
2520 4.56565e-06 
2521 4.60411e-06 
2522 4.64564e-06 
2523 4.68937e-06 
2524 4.73589e-06 
2525 4.78509e-06 
2526 4.83711e-06 
2527 4.89214e-06 
2528 4.9503e-06 
2529 5.01223e-06 
2530 5.07849e-06 
2531 5.14841e-06 
2532 5.20377e-06 
2533 5.30257e-06 
2534 5.38774e-06 
2535 5.47857e-06 
2536 5.57553e-06 
2537 5.65072e-06 
2538 5.7263e-06 
2539 5.80419e-06 
2540 5.88751e-06 
2541 5.97574e-06 
2542 6.07023e-06 
2543 6.17098e-06 
2544 6.30957e-06 
2545 6.39489e-06 
2546 6.51908e-06 
2547 6.65256e-06 
2548 6.79615e-06 
2549 6.95171e-06 
2550 7.11963e-06 
2551 7.30219e-06 
2552 7.50148e-06 
2553 7.71838e-06 
2554 7.95607e-06 
2555 8.21768e-06 
2556 8.50633e-06 
2557 8.82636e-06 
2558 9.18373e-06 
2559 9.61579e-06 
2560 1.00372e-05 
2561 1.0549e-05 
2562 1.11365e-05 
2563 1.18151e-05 
2564 1.26067e-05 
2565 1.35425e-05 
2566 1.46638e-05 
2567 1.60306e-05 
2568 1.77685e-05 
2569 1.99128e-05 
2570 2.27819e-05 
2571 2.67333e-05 
2572 3.24995e-05 
2573 4.16455e-05 
2574 5.81867e-05 
2575 9.6024e-05 
2576 0.000243528 
2577 0.0642118 
2578 5.20377e-06 
2579 5.26154e-06 
2580 5.32782e-06 
2581 5.39777e-06 
2582 5.47211e-06 
2583 5.55146e-06 
2584 5.63076e-06 
2585 5.6986e-06 
2586 5.7741e-06 
2587 5.85533e-06 
2588 5.94106e-06 
2589 6.03269e-06 
2590 6.13048e-06 
2591 6.23522e-06 
2592 6.37277e-06 
2593 6.46802e-06 
2594 6.59696e-06 
2595 6.73605e-06 
2596 6.88606e-06 
2597 7.0482e-06 
2598 7.2241e-06 
2599 7.41499e-06 
2600 7.62332e-06 
2601 7.85102e-06 
2602 8.10127e-06 
2603 8.35293e-06 
2604 8.68097e-06 
2605 9.01967e-06 
2606 9.39814e-06 
2607 9.82288e-06 
2608 1.03052e-05 
2609 1.08543e-05 
2610 1.14853e-05 
2611 1.22176e-05 
2612 1.30774e-05 
2613 1.40998e-05 
2614 1.52805e-05 
2615 1.68482e-05 
2616 1.87611e-05 
2617 2.1238e-05 
2618 2.4567e-05 
2619 2.92649e-05 
2620 3.63628e-05 
2621 4.82364e-05 
2622 7.1737e-05 
2623 0.000135936 
2624 0.00062964 
2625 0.000278597 
2626 0.0151592 
2627 9.15231e-06 
2628 9.51953e-06 
2629 1.00093e-05 
2630 1.05261e-05 
2631 1.11192e-05 
2632 1.18049e-05 
2633 1.26069e-05 
2634 1.35557e-05 
2635 1.4696e-05 
2636 1.60896e-05 
2637 1.77685e-05 
2638 2.005e-05 
2639 2.30026e-05 
2640 2.70931e-05 
2641 3.3162e-05 
2642 4.28077e-05 
2643 6.06715e-05 
2644 0.000103471 
2645 0.000297587 
2646 0.00686588 
2647 1.41642e-05 
2648 1.5435e-05 
2649 1.69826e-05 
2650 1.89503e-05 
2651 2.15443e-05 
2652 2.49819e-05 
2653 2.99159e-05 
2654 3.74728e-05 
2655 5.03797e-05 
2656 7.69143e-05 
2657 0.00015696 
2658 0.00114831 
2659 8.24465e-05 
2660 0.000179958 
2661 0.00241538 
2662 3.4358e-05 
2663 4.50144e-05 
2664 6.54343e-05 
2665 0.000117963 
2666 0.000423745 
2667 0.00081298 
2668 0.000156144 
2669 0.00113546 
2670 9.11463e-05 
2671 0.000223915 
2672 0.0265134 
2673 6.30957e-06 
2674 6.41008e-06 
2675 6.54227e-06 
2676 6.68437e-06 
2677 6.83789e-06 
2678 7.00443e-06 
2679 7.18509e-06 
2680 7.3814e-06 
2681 7.59638e-06 
2682 7.83185e-06 
2683 8.09022e-06 
2684 8.35293e-06 
2685 8.69237e-06 
2686 9.04527e-06 
2687 9.44239e-06 
2688 9.88885e-06 
2689 1.03972e-05 
2690 1.09792e-05 
2691 1.16591e-05 
2692 1.24382e-05 
2693 1.33675e-05 
2694 1.44829e-05 
2695 1.58446e-05 
2696 1.7541e-05 
2697 1.97129e-05 
2698 2.2585e-05 
2699 2.65513e-05 
2700 3.23623e-05 
2701 4.16447e-05 
2702 5.86122e-05 
2703 9.8362e-05 
2704 0.000266333 
2705 0.0336607 
2706 5.88634e-06 
2707 5.95686e-06 
2708 6.05764e-06 
2709 6.16512e-06 
2710 6.30957e-06 
2711 6.40599e-06 
2712 6.53986e-06 
2713 6.68383e-06 
2714 6.83986e-06 
2715 7.00872e-06 
2716 7.19209e-06 
2717 7.39175e-06 
2718 7.61025e-06 
2719 7.85042e-06 
2720 8.11408e-06 
2721 8.43656e-06 
2722 8.73071e-06 
2723 9.09396e-06 
2724 9.49982e-06 
2725 9.9599e-06 
2726 1.04825e-05 
2727 1.10843e-05 
2728 1.17797e-05 
2729 1.25955e-05 
2730 1.35641e-05 
2731 1.47304e-05 
2732 1.61618e-05 
2733 1.79577e-05 
2734 2.02753e-05 
2735 2.33691e-05 
2736 2.77022e-05 
2737 3.41772e-05 
2738 4.4824e-05 
2739 6.52806e-05 
2740 0.000118212 
2741 0.000433139 
2742 0.000721286 
2743 0.000190858 
2744 0.00391586 
2745 2.12478e-05 
2746 2.47121e-05 
2747 2.96639e-05 
2748 3.72857e-05 
2749 5.04135e-05 
2750 7.77917e-05 
2751 0.000163158 
2752 0.00145516 
2753 6.2643e-05 
2754 0.000110185 
2755 0.000356884 
2756 0.00165667 
2757 5.32305e-05 
2758 8.43765e-05 
2759 0.000191846 
2760 0.00408928 
2761 2.04461e-05 
2762 2.36108e-05 
2763 2.8061e-05 
2764 3.47484e-05 
2765 4.58496e-05 
2766 6.75197e-05 
2767 0.000125554 
2768 0.000520631 
2769 0.000404439 
2770 0.000928665 
2771 0.000121064 
2772 0.000464159 
2773 0.000569924 
2774 0.000319899 
2775 0.0032432 
2776 2.53238e-05 
2777 3.05733e-05 
2778 3.87668e-05 
2779 5.32305e-05 
2780 8.45637e-05 
2781 0.000192944 
2782 0.00432315 
2783 1.94011e-05 
2784 2.21986e-05 
2785 2.60493e-05 
2786 3.16693e-05 
2787 4.05868e-05 
2788 5.67166e-05 
2789 9.3634e-05 
2790 0.000240625 
2791 0.494355 
2792 9.43233e-06 
2793 1.01772e-05 
2794 8.65437e-06 
2795 9.08015e-06 
2796 9.61579e-06 
2797 9.76551e-06 
2798 1.03683e-05 
2799 1.10769e-05 
2800 5.73513e-06 
2801 4.19854e-06 
2802 4.232e-06 
2803 4.26741e-06 
2804 4.30472e-06 
2805 4.34397e-06 
2806 4.38555e-06 
2807 4.42944e-06 
2808 4.47505e-06 
2809 4.52035e-06 
2810 4.57709e-06 
2811 4.63261e-06 
2812 4.69108e-06 
2813 4.75313e-06 
2814 4.81942e-06 
2815 4.88975e-06 
2816 4.96485e-06 
2817 5.03139e-06 
2818 5.08739e-06 
2819 5.14751e-06 
2820 5.20377e-06 
2821 5.2772e-06 
2822 5.34858e-06 
2823 5.42492e-06 
2824 5.50539e-06 
2825 5.59186e-06 
2826 5.68338e-06 
2827 5.78145e-06 
2828 5.88642e-06 
2829 5.99936e-06 
2830 6.12098e-06 
2831 6.24638e-06 
2832 6.38921e-06 
2833 6.54174e-06 
2834 6.70684e-06 
2835 6.88596e-06 
2836 7.08192e-06 
2837 7.29602e-06 
2838 7.53155e-06 
2839 7.79119e-06 
2840 8.079e-06 
2841 8.43656e-06 
2842 8.75834e-06 
2843 9.16096e-06 
2844 9.61579e-06 
2845 1.01379e-05 
2846 1.07401e-05 
2847 1.14394e-05 
2848 1.22621e-05 
2849 1.32436e-05 
2850 1.44335e-05 
2851 1.59049e-05 
2852 1.77685e-05 
2853 2.02019e-05 
2854 2.35027e-05 
2855 2.82249e-05 
2856 3.55031e-05 
2857 4.80606e-05 
2858 7.43408e-05 
2859 0.000156971 
2860 0.00148078 
2861 5.33677e-05 
2862 8.75363e-05 
2863 0.000220159 
2864 0.0671042 
2865 4.75711e-06 
2866 4.8262e-06 
2867 4.89929e-06 
2868 4.97763e-06 
2869 5.0605e-06 
2870 5.15007e-06 
2871 5.25591e-06 
2872 5.32912e-06 
2873 5.40569e-06 
2874 5.48687e-06 
2875 5.57451e-06 
2876 5.66694e-06 
2877 5.76618e-06 
2878 5.87209e-06 
2879 5.98626e-06 
2880 6.10957e-06 
2881 6.24155e-06 
2882 6.38487e-06 
2883 6.54003e-06 
2884 6.70756e-06 
2885 6.89068e-06 
2886 7.09017e-06 
2887 7.30932e-06 
2888 7.54994e-06 
2889 7.8154e-06 
2890 8.11036e-06 
2891 8.43884e-06 
2892 8.80739e-06 
2893 9.22357e-06 
2894 9.71205e-06 
2895 1.02364e-05 
2896 1.08619e-05 
2897 1.15425e-05 
2898 1.24526e-05 
2899 1.34883e-05 
2900 1.47518e-05 
2901 1.63254e-05 
2902 1.83381e-05 
2903 2.0993e-05 
2904 2.46557e-05 
2905 3.00115e-05 
2906 3.85315e-05 
2907 5.40143e-05 
2908 8.97669e-05 
2909 0.000235864 
2910 0.0785082 
2911 1.80075e-05 
2912 2.0281e-05 
2913 2.33062e-05 
2914 2.75187e-05 
2915 3.37633e-05 
2916 4.39072e-05 
2917 6.29974e-05 
2918 0.000110294 
2919 0.000350945 
2920 0.00148737 
2921 4.96012e-05 
2922 7.60284e-05 
2923 0.000156699 
2924 0.00119922 
2925 6.72681e-05 
2926 0.000127149 
2927 0.00055891 
2928 0.000292087 
2929 0.00209816 
2930 6.50107e-05 
2931 0.00012013 
2932 0.000482663 
2933 0.000400103 
2934 0.000761904 
2935 0.000142007 
2936 0.000866273 
2937 0.000116696 
2938 0.000450994 
2939 0.000480427 
2940 0.000414503 
2941 0.000627875 
2942 0.000214634 
2943 0.00253873 
2944 0.000332536 
2945 0.0016337 
2946 4.50117e-05 
2947 6.7709e-05 
2948 0.000131874 
2949 0.000696915 
2950 0.000170942 
2951 0.00249931 
2952 2.76608e-05 
2953 3.48404e-05 
2954 4.72325e-05 
2955 7.27686e-05 
2956 0.000151882 
2957 0.00128826 
2958 6.36513e-05 
2959 0.000118935 
2960 0.000504983 
2961 0.000337803 
2962 0.00144546 
2963 5.32426e-05 
2964 8.80042e-05 
2965 0.000226901 
2966 0.01024 
2967 0.00845567 
2968 9.84394e-06 
2969 1.04371e-05 
2970 1.11293e-05 
2971 1.19447e-05 
2972 1.29201e-05 
2973 1.41074e-05 
2974 1.55894e-05 
2975 1.74587e-05 
2976 1.99238e-05 
2977 2.32974e-05 
2978 2.8171e-05 
2979 3.56677e-05 
2980 4.88156e-05 
2981 7.7174e-05 
2982 0.000173316 
2983 0.00312431 
2984 2.26345e-05 
2985 2.7106e-05 
2986 3.3949e-05 
2987 4.56298e-05 
2988 6.95973e-05 
2989 0.000141484 
2990 0.000991961 
2991 8.9332e-05 
2992 0.000238308 
2993 0.0699897 
2994 4.27643e-06 
2995 4.32288e-06 
2996 4.37191e-06 
2997 4.41133e-06 
2998 4.44418e-06 
2999 4.47505e-06 
3000 4.52035e-06 
3001 4.56565e-06 
3002 4.59398e-06 
3003 4.63637e-06 
3004 4.68149e-06 
3005 4.72892e-06 
3006 4.77921e-06 
3007 4.83252e-06 
3008 4.88869e-06 
3009 4.94903e-06 
3010 5.01173e-06 
3011 5.07929e-06 
3012 5.15068e-06 
3013 5.20377e-06 
3014 5.30724e-06 
3015 5.39357e-06 
3016 5.48551e-06 
3017 5.58341e-06 
3018 5.6895e-06 
3019 5.80183e-06 
3020 5.92471e-06 
3021 6.05604e-06 
3022 6.19828e-06 
3023 6.37277e-06 
3024 6.52047e-06 
3025 6.70277e-06 
3026 6.90272e-06 
3027 7.12115e-06 
3028 7.36234e-06 
3029 7.62937e-06 
3030 7.92619e-06 
3031 8.25737e-06 
3032 8.63055e-06 
3033 9.05168e-06 
3034 9.51953e-06 
3035 1.00821e-05 
3036 1.07226e-05 
3037 1.1473e-05 
3038 1.23654e-05 
3039 1.3443e-05 
3040 1.47672e-05 
3041 1.64151e-05 
3042 1.85241e-05 
3043 2.13288e-05 
3044 2.5268e-05 
3045 3.11292e-05 
3046 4.07389e-05 
3047 5.90923e-05 
3048 0.000106 
3049 0.000372674 
3050 0.000839497 
3051 0.000114553 
3052 0.000468801 
3053 0.000392168 
3054 0.000694646 
3055 0.000159921 
3056 0.00190731 
3057 3.73612e-05 
3058 5.21763e-05 
3059 8.62787e-05 
3060 0.000222363 
3061 0.564741 
3062 0.000345675 
3063 1.07132e-05 
3064 1.14052e-05 
3065 1.22191e-05 
3066 1.31882e-05 
3067 1.43613e-05 
3068 1.581e-05 
3069 1.3708e-05 
3070 1.49996e-05 
3071 1.66093e-05 
3072 1.8668e-05 
3073 2.13288e-05 
3074 2.52307e-05 
3075 3.08566e-05 
3076 3.98107e-05 
3077 5.65935e-05 
3078 9.61824e-05 
3079 0.000269861 
3080 0.0011961 
3081 0.000459517 
3082 0.000591654 
3083 0.000254754 
3084 0.00149436 
3085 0.000857696 
3086 0.000116342 
3087 0.000340872 
3088 0.00207095 
3089 7.72786e-05 
3090 0.000120067 
3091 0.000371127 
3092 0.00167737 
3093 6.15049e-05 
3094 0.000103907 
3095 0.000263101 
3096 0.00367869 
3097 0.00141913 
3098 4.51295e-05 
3099 7.01473e-05 
3100 0.000124443 
3101 0.000411907 
3102 0.00111952 
3103 0.000112112 
3104 0.00031528 
3105 0.0103359 
3106 8.88711e-06 
3107 9.36486e-06 
3108 9.92035e-06 
3109 1.05622e-05 
3110 1.13183e-05 
3111 1.22201e-05 
3112 1.33127e-05 
3113 1.46631e-05 
3114 1.63718e-05 
3115 1.85952e-05 
3116 2.15443e-05 
3117 2.58881e-05 
3118 3.24717e-05 
3119 4.37476e-05 
3120 6.70388e-05 
3121 0.000120103 
3122 0.000375217 
3123 0.00227935 
3124 3.98107e-05 
3125 5.84992e-05 
3126 9.99228e-05 
3127 0.00024282 
3128 0.0213809 
3129 6.13869e-06 
3130 6.30957e-06 
3131 6.43717e-06 
3132 6.60235e-06 
3133 6.78207e-06 
3134 6.97812e-06 
3135 7.19238e-06 
3136 7.42912e-06 
3137 7.68932e-06 
3138 7.97775e-06 
3139 8.2693e-06 
3140 8.65674e-06 
3141 9.05837e-06 
3142 9.5125e-06 
3143 1.00304e-05 
3144 1.06263e-05 
3145 1.13189e-05 
3146 1.21339e-05 
3147 1.31072e-05 
3148 1.42862e-05 
3149 1.57442e-05 
3150 1.75872e-05 
3151 1.99971e-05 
3152 2.32629e-05 
3153 2.79295e-05 
3154 3.51152e-05 
3155 4.74868e-05 
3156 7.35642e-05 
3157 0.000154192 
3158 0.00141341 
3159 7.87325e-05 
3160 0.000157941 
3161 0.000866273 
3162 0.000138025 
3163 0.000844943 
3164 0.000175914 
3165 0.00135093 
3166 6.67314e-05 
3167 0.000128827 
3168 0.000649504 
3169 0.000289846 
3170 0.0691075 
3171 4.09017e-06 
3172 4.13317e-06 
3173 4.17827e-06 
3174 4.22628e-06 
3175 4.27714e-06 
3176 4.33098e-06 
3177 4.37373e-06 
3178 4.41049e-06 
3179 4.44878e-06 
3180 4.47505e-06 
3181 4.52035e-06 
3182 4.5771e-06 
3183 4.62501e-06 
3184 4.67524e-06 
3185 4.7291e-06 
3186 4.78511e-06 
3187 4.84457e-06 
3188 4.90875e-06 
3189 4.97564e-06 
3190 5.04771e-06 
3191 5.12391e-06 
3192 5.20377e-06 
3193 5.294e-06 
3194 5.38634e-06 
3195 5.48595e-06 
3196 5.5928e-06 
3197 5.70799e-06 
3198 5.83246e-06 
3199 5.96625e-06 
3200 6.11149e-06 
3201 6.24638e-06 
3202 6.43888e-06 
3203 6.62651e-06 
3204 6.83102e-06 
3205 7.05632e-06 
3206 7.3053e-06 
3207 7.58077e-06 
3208 7.88794e-06 
3209 8.23238e-06 
3210 8.62108e-06 
3211 9.06239e-06 
3212 9.51953e-06 
3213 1.01479e-05 
3214 1.08292e-05 
3215 1.16591e-05 
3216 1.25991e-05 
3217 1.37738e-05 
3218 1.52376e-05 
3219 1.71062e-05 
3220 1.95704e-05 
3221 2.2964e-05 
3222 2.79143e-05 
3223 3.54103e-05 
3224 4.66918e-05 
3225 6.87233e-05 
3226 0.000121645 
3227 0.000382811 
3228 0.00116202 
3229 9.8362e-05 
3230 0.000232198 
3231 0.0183117 
3232 6.5718e-06 
3233 6.74827e-06 
3234 6.94099e-06 
3235 7.15187e-06 
3236 7.38326e-06 
3237 7.6387e-06 
3238 7.92115e-06 
3239 8.23496e-06 
3240 8.58663e-06 
3241 8.98281e-06 
3242 9.43035e-06 
3243 9.9416e-06 
3244 1.05313e-05 
3245 1.12159e-05 
3246 1.20215e-05 
3247 1.29826e-05 
3248 1.41471e-05 
3249 1.55894e-05 
3250 1.74081e-05 
3251 1.97816e-05 
3252 2.29992e-05 
3253 2.75911e-05 
3254 3.45991e-05 
3255 4.65302e-05 
3256 7.10319e-05 
3257 0.000144628 
3258 0.00102243 
3259 0.00012209 
3260 0.000387842 
