3.0313598770102819 -3.1560908801035995e-05 -8.5720657608991647e-05
2.997561658170047 0.19306648910437996 0.15822873445983274
2.907538086446539 0.37879150876859041 0.30285217942243281
2.7610085629073726 0.54915004639797993 0.41886503072771758
2.5697374872569116 0.69744643185789079 0.49460000319549247
2.3476851181864107 0.82060324399148199 0.5162027983400409
2.1158293866579236 0.91808203419494949 0.47305564774598541
1.8976597058441986 0.99622172161965572 0.36346250496175353
1.7344672176590115 1.0740604591485545 0.18356513233321689
1.628905645762349 1.1709882339788795 -0.024151842948135761
1.588449921621276 1.3138981185332961 -0.2240890659528493
1.5822406665383244 1.4994819513396191 -0.38425074860267805
1.5855708989315542 1.7239707597210525 -0.48054740800454521
1.5760948839215008 1.9651077154385204 -0.51541688215732084
1.5425688504186081 2.2061645801762233 -0.49225316724887269
1.4736410972931346 2.4294059505350498 -0.41776267562888386
1.3733135341620213 2.6263800567068856 -0.30532147715703517
1.2345391915989674 2.7755569223060474 -0.16036897330504868
1.0680862757212619 2.8776522299246117 0.00019071380369499111
0.87491600722026508 2.9177914240708707 0.16306281513754567
0.66371238096250817 2.8977018653669271 0.31190182322817989
0.44505688666973742 2.8144061446685558 0.43206269498361216
0.23025945709744686 2.6771856185614227 0.50225130105319882
0.027756069053486002 2.5023390089194266 0.515224944134695
-0.15071214932434707 2.3114658556894407 0.451067033078071
-0.30163847359998763 2.143611136122781 0.31018342505723706
-0.4345617244873794 2.0383656088345932 0.11328749474426321
-0.5667373814938198 2.0034796339686465 -0.097025897821829118
-0.71816588632619749 2.0363624547943289 -0.28402551232796791
-0.898512615410065 2.1092662896877941 -0.420550923757605
-1.1032006799524026 2.1967795657569633 -0.50180126498122479
-1.3276323384283908 2.2736580584126611 -0.52049804785293352
-1.5591344049942868 2.3292764735193265 -0.48639950637107493
-1.786709486099314 2.3453189128974219 -0.4010710555791569
-1.9989178305520185 2.3175499922067555 -0.27568980397866871
-2.1833679181799468 2.2393966786814392 -0.1210897507993792
-2.3269440245627915 2.110344831904984 0.048598544526531978
-2.425040540040087 1.934195586947655 0.21720688785503953
-2.4653895669852046 1.7135841819939099 0.36363737096400306
-2.4500791926998815 1.4660495382246264 0.47483493090101875
-2.3830622059300239 1.2040057358092757 0.52259507868720212
-2.2795832466982997 0.9477570135049268 0.50381122246793886
-2.1683129548020683 0.71884117407489334 0.39744491775745316
-2.0909451374758259 0.53447304690157593 0.21984838507011084
-2.0762218981021836 0.38913873010916594 0.008539685533329424
-2.1320869478795683 0.26427371758719093 -0.19544394792849673
-2.2449987139749865 0.14146085517648591 -0.36484653974974857
-2.3991088666360891 0.0010173369146274762 -0.4729183471299705
-2.565929658647212 -0.15542659838866929 -0.52724852338694239
-2.7217454485140578 -0.33447898694952471 -0.51797815412275328
-2.8552690747030969 -0.52611407686530531 -0.45831593886399535
-2.9454480365024591 -0.72737672341335291 -0.35029041532011429
-2.9806259286913757 -0.92918933561322781 -0.20521718325901034
-2.9562969621141635 -1.1197194323082929 -0.035994549844796483
-2.8636896748484935 -1.2897525708634936 0.13783717474345819
-2.7107628300003443 -1.4335906765373407 0.30360128450763768
-2.4955595576203859 -1.5350278213629698 0.4324678990809433
-2.2420214252197264 -1.5979135337188664 0.51320053980726033
-1.9672032953464598 -1.6207285107154858 0.52265995940928878
-1.7003112047664295 -1.617000531567766 0.45589880051888537
-1.474552612886233 -1.6103098329165033 0.305178875841841
-1.3138870169734893 -1.6366307357929206 0.10145492995332735
-1.2094274507817577 -1.7130640900431615 -0.11268906921040787
-1.1407882784071204 -1.8482713015188874 -0.30034045001828708
-1.0861622714628696 -2.0320618171267242 -0.439103024947606
-1.0218410291135647 -2.2476008365365754 -0.51047972254573515
-0.93977864072835082 -2.4706564030740581 -0.52575402106952707
-0.83341740886093663 -2.6817995446183094 -0.48055057718107408
-0.70128835907373532 -2.8630519147391031 -0.38567268977742059
-0.54363864441665644 -3.0003552789766088 -0.2507494631626187
-0.36753342577190407 -3.0768271061425314 -0.087268119809347094
-0.17979030932445672 -3.0911403491063423 0.086522897013508265
0.01150272555622614 -3.0321070334595728 0.25227536365538694
0.19633815814146174 -2.9088542487044986 0.39304811889762442
0.36413426652234526 -2.726013911213701 0.48755018415041596
0.5088026709776502 -2.5048179044900745 0.52211986556513623
0.62585858575753195 -2.2687941102345768 0.48042788358756183
0.72113645864812381 -2.0535281034262756 0.36090073444272353
0.80875108075128599 -1.8945609004717114 0.17468952950891115
0.91491165004756292 -1.8127127963073413 -0.039895520105798749
1.0542144137058191 -1.797038541574155 -0.24340252005245
1.2393091629245665 -1.8257870210120928 -0.39814333192693785
1.4588274711969238 -1.8693926765599522 -0.49108425269154354
1.6992280012764502 -1.8998536972894624 -0.51409999376385829
1.9410939202073605 -1.9063631330247912 -0.47734184691285964
2.1675541966245784 -1.8724819708535425 -0.38607986947458778
2.3638326061533919 -1.7955373847913512 -0.25416790863218042
2.5175435996642808 -1.6782436709420145 -0.094413025588595684
2.6156952496921981 -1.519378324741816 0.074630272538048839
2.6586133508291887 -1.3305697838793145 0.23836454432529666
2.6370075914669742 -1.116587363059091 0.37423618551688681
2.5618178976639787 -0.89346565476903628 0.47110833044159278
2.4414357215579781 -0.67216643513207319 0.50925345895351748
2.2965636674520562 -0.46603437481825194 0.48059337076163716
2.1508797593538902 -0.28370509597921362 0.38169847642994231
2.0456606684485301 -0.13298560439543897 0.20897343741818142
2.0024680003155422 0.00015845159953817466 -0.00025543213523134879
2.0458174411832122 0.13332297071629373 -0.20943954154351124
2.1511589500895463 0.28408636199974768 -0.38204976871423291
2.296890932812226 0.4664647676566453 -0.48079335936735101
2.4417257479204277 0.67264676170777526 -0.50927507111410375
2.5620554143809269 0.89395347500780764 -0.47103405281200195
2.6371647616346774 1.117046533459827 -0.37402942072276879
2.6586871529069436 1.3309973584437067 -0.23809594636987005
2.6156563685318521 1.5197456329907377 -0.074320159247881726
2.5174121071002609 1.6785336155762061 0.094738447806341955
2.36362479213585 1.7957589363624735 0.25446320386580429
2.1672758564720929 1.8725944461145738 0.38632367304471443
1.9407831277925474 1.9064168693614414 0.47751929808610244
1.6989003379528993 1.8998175399690642 0.51414780427238937
1.4585117003195185 1.8693325709914119 0.49103701312607972
1.239043064987859 1.8257284998799264 0.39795799691605305
1.0540050485483445 1.7970471130530941 0.24313051161968727
0.91477796008580836 1.8128155375760961 0.039574916061615381
0.80866257604840841 1.8947847782179306 -0.1750073607756196
0.72100582646214806 2.0538832058332708 -0.36112189363975111
0.62565742642672395 2.2692231866602977 -0.48046109657325903
0.50857185178280162 2.5052336915086797 -0.52205388147641529
0.36385605401172749 2.7263792350752021 -0.48739136942651429
0.19602865673331568 2.9091428186966599 -0.39280269996268269
0.011159028432038531 3.0322517204775159 -0.2519396911849085
-0.18013776862707795 3.0911578597535958 -0.086178908441087054
-0.36784655166277702 3.0767411242849532 0.087617971290472371
-0.54393289402309408 3.00015178663616 0.25106628271695275
-0.70156175039873914 2.8627646226053791 0.38591741831203058
-0.83363824368001915 2.6814114960713877 0.48067330231040989
-0.93996758951482129 2.4702626350988028 0.52580640224253927
-1.0219396914779904 2.2471953649283578 0.51043523999260965
-1.0862383071998036 2.0316609082841062 0.43899702975373506
-1.1408546710723801 1.8479517824297798 0.30011118963275035
-1.209482091671815 1.7128117370621947 0.11240686791683303
-1.3139721564803426 1.6364619921464598 -0.10177163659813121
-1.4747113841164341 1.6102321309390255 -0.30546008338718816
-1.7005223521675361 1.6169631966503817 -0.45612600985582197
-1.9674529040626383 1.6206871589607164 -0.52278069607525923
-2.2422712626676637 1.5978475772501501 -0.51328920571748904
-2.4957763307290732 1.5348965271226498 -0.43245531563902306
-2.7109141590033254 1.4334180437538151 -0.30354480808011824
-2.8637895140611485 1.289554899556584 -0.13777356351416101
-2.9563174377347621 1.1195049684535463 0.036068319973028937
-2.9806347375269975 0.92896428026368283 0.20527972462076305
-2.9453898782265702 0.727154823218091 0.35032132517477532
-2.8551586430909404 0.52589979454175295 0.45832541934064686
-2.7216064110784308 0.33424708924313373 0.51790753061602834
-2.5657676831641383 0.15523485037688015 0.52711523972559782
-2.3989505037701222 -0.0012074338005347181 0.47275525818065067
-2.2448765628093073 -0.1416407246239926 0.36462210030671166
-2.1320167331059379 -0.26442936652980292 0.19516091988365158
-2.0762015174487898 -0.38929940743799146 -0.0088448280424847543
-2.0909728754276999 -0.53466122316381681 -0.22014542467176396
-2.1684176194016591 -0.71907411796051257 -0.39767505233535871
-2.27970610957389 -0.94801736101412259 -0.50396755615087063
-2.383163943764353 -1.2042809899446478 -0.52269071147488544
-2.4501541298864389 -1.4663189080314187 -0.47488525933880504
-2.4654290120820108 -1.7138339835397927 -0.36363434298937236
-2.4250279704698534 -1.9343971005125673 -0.21716262799030944
-2.3269268264556016 -2.1105070908928782 -0.048532621387475022
-2.1833251029347065 -2.2395244745150809 0.12116441726008167
-1.998865422745923 -2.3176614190634139 0.27576332012989591
-1.7866344956682105 -2.3453777591626963 0.40111442189637048
-1.5590598765528587 -2.329288474928719 0.48641299806957794
-1.3275665433841608 -2.2736759904284165 0.52052963990278966
-1.1031554946046802 -2.1967518621281656 0.50182753112913847
-0.89846154016677438 -2.1092497777588393 0.42056337627041651
-0.71814406058635061 -2.0363473281496742 0.28400336128950243
-0.56670020732313697 -2.0034682516611309 0.097009102199487246
-0.43453004776555049 -2.03840208986133 -0.11330950197472205
-0.3016232039554741 -2.1436691757897162 -0.31017119906294593
-0.15075450907385254 -2.3114998521088181 -0.45111739472842005
0.027748599070822805 -2.5023906571665298 -0.51522143469064186
0.23026269447135042 -2.6772244713001649 -0.50220717921935698
0.44507058000789501 -2.8144136965178901 -0.43199973651529533
0.66371654710965478 -2.8976920901802092 -0.31182624558927591
0.87491025872185146 -2.9177710765507032 -0.16297627166348674
1.0680893599186914 -2.8776366227452921 -0.00011399731276378125
1.2345259549089915 -2.7755247298983505 0.16045683078901474
1.3732970365260575 -2.6263319844756672 0.30539901518994994
1.4736127534084742 -2.4293560820948539 0.41783897493806854
1.5425110428256545 -2.2061103800379165 0.49233494119692095
1.5760258496597219 -1.9650439625234806 0.51548307319622155
1.5855029410764849 -1.7239105390475951 0.48059340091002373
1.5821698336034244 -1.4994221173339961 0.38430699032695725
1.5883653916074674 -1.3138606291193393 0.22412121612641689
1.6287700711201252 -1.1709326069623007 0.024181637461563599
1.7343064500343686 -1.0740279112378914 -0.18356669163800285
1.8975119807915983 -0.99620763570211857 -0.363460573272883
2.1156815435463057 -0.918090351001004 -0.47305899612542068
2.3475371017310707 -0.82063697302983152 -0.51623819458340148
2.5696024944786076 -0.69749647444803808 -0.49467073936293404
2.7609013833203186 -0.54921259369040887 -0.41897631536291197
2.9074690197733619 -0.3788714732083775 -0.30298360059896473
2.9975263496222788 -0.19315953737113717 -0.15835957924536967
