0.28351898286925287 -1.3218210358963356 -0.60628330665881924
0.081220969242808083 -1.2678083469686108 -0.61190553071197518
-0.10913614283261419 -1.1973558847177106 -0.61447685270160912
-0.29017406857266548 -1.1059355302203531 -0.61181968204961901
-0.46142641629800185 -0.99759252356227501 -0.60536238392217534
-0.62296696589950074 -0.87545603836711006 -0.59594446062179784
-0.77478574382503129 -0.74159462170652424 -0.5837822572070126
-0.91718471568104487 -0.59792966849597839 -0.56865976583694577
-1.0500921958508562 -0.44572340105055852 -0.54988361625356508
-1.172998051516613 -0.28578781501815231 -0.52638822536185448
-1.2853252078345776 -0.11893691660442418 -0.49715223950048604
-1.3853885496489728 0.054556332448756129 -0.46105374790578291
-1.4718530933592702 0.23409897682954961 -0.41789940203430087
-1.5430812691272713 0.41915817025360608 -0.36826460901476282
-1.5988688237040261 0.60748129984501054 -0.31157138725181777
-1.6402420818524928 0.79388703177466513 -0.23820487751001229
-1.6508579343491838 0.97404744936120125 -0.14294609882583684
-1.6241288309733168 1.132146146869494 -0.021859973986900483
-1.5830964250553576 1.2645367272192094 0.12160529627533856
-1.5399369396976192 1.4005218629964915 0.27150913627081752
-1.4676290868816866 1.5572345897280413 0.40067443740307712
-1.3439248932868286 1.7050468095734743 0.49720738391582342
-1.1847919847476223 1.8208960988731016 0.57068390659848034
-1.005073998191484 1.8976338511638993 0.63444615753483524
-0.81310799034670334 1.9344879741252283 0.68886797553609236
-0.61604859913398302 1.9323633145210892 0.72717622683508676
-0.42156645508151547 1.8946645724884972 0.7488870081089517
-0.22887067171749215 1.8384147354444917 0.75775846400270896
-0.035848260661231535 1.7767262052580288 0.75780516590128566
0.15192605602450365 1.6998654888530096 0.75118015401114169
0.33404066687274242 1.6093858961532499 0.73942078344116835
0.50800556555754284 1.5069896038486716 0.71130707305752883
0.66947268448649822 1.3943872798680901 0.66003768674261321
0.8147783646798894 1.2744518264747242 0.58601475624243082
0.94224889572296133 1.1506192053082791 0.49108533644762242
1.0538601672467516 1.0243908206834507 0.38077909678737959
1.1470622412085802 0.8814371819807334 0.26096056503752119
1.2308718991035248 0.70471715335706486 0.16909566078625288
1.3368103962671296 0.52472811979946066 0.11917329551753483
1.4230636796454135 0.33856331447681137 0.069772460088134119
1.4900598985736613 0.15065052698084608 0.0014216363801885928
1.5347311044590606 -0.04301118232560952 -0.075210228126288081
1.5507993043766697 -0.24144305172058189 -0.15756124258624851
1.5318687196655187 -0.44085722820343531 -0.2421263743129714
1.473561686195741 -0.63450336727601464 -0.32445319378664689
1.3745461384059685 -0.81283452336467044 -0.39981424755263067
1.2393699952279371 -0.96613137489843826 -0.46468683837300262
1.0772978458000984 -1.0875228920597362 -0.51831280919582068
0.89762514469624022 -1.1742031892070686 -0.56136112398829119
0.70655550768087827 -1.2196198021682592 -0.58940861485337326
0.51566701096239087 -1.2262177703468331 -0.60352851591128542
0.38985994094077231 -1.1537475941009085 -0.57613913332720512
0.3251892359085759 -1.0343465792376971 -0.52049353030234369
0.16232757378112989 -0.91674864107578469 -0.47585275806306448
-0.00047537241906409067 -0.7990819676032842 -0.43123124659557488
-0.16316209125036621 -0.68128705830849212 -0.38662559814292974
-0.32567544135184051 -0.56330480431568464 -0.34203241190001427
-0.48795875290240892 -0.44507659337694971 -0.29744828994046768
-0.64995592826893878 -0.32654441401523149 -0.25286984312314853
-0.8116115416926758 -0.20765095866276495 -0.2082936969693932
-0.97287093786486545 -0.088339725640532385 -0.16371649750236345
-1.1336803292439868 0.031444880173940704 -0.11913491703985182
-1.293986891968872 0.15175744814127595 -0.07454565993197626
-1.4537388602239585 0.27265146426611442 -0.029945468235299783
-1.612885618915165 0.3941792153606023 0.014668872685004886
-1.7713777945172402 0.51639169510938765 0.059300528633198825
-1.9291673439560972 0.63933851217737525 0.10395261114937933
-2.0862076413923698 0.76306780049854694 0.14862817217224095
-2.2424535627754176 0.88762613188109707 0.19333019880605673
-2.3978615680401805 1.0130584310608688 0.2380616081995944
-2.5386353404946655 1.1164785055917288 0.28437342510727903
-2.5531721758294617 1.2074540144625581 0.2263395136572503
-2.5717314249751353 1.075088259058969 0.35848118643063098
-2.4942252454603335 0.89419576165232018 0.45586871847260374
-2.3770669820494712 0.72653092960136434 0.53511183703612764
-2.2281103509347346 0.57803481744244722 0.59216672108298152
-2.0568012289003978 0.45134507751263653 0.62533228049105416
-1.8725288975587446 0.34570619197032793 0.63545882317138791
-1.6828151755163856 0.25648089781809824 0.62710496331908527
-1.4917736852110863 0.17884790565803782 0.60442641179848711
-1.3006726485800406 0.10683504210555339 0.57782334001037361
-1.1091368749666393 0.036239863384298077 0.54777187756303292
-0.91184610119558585 -0.019344983349951161 0.51916402847018372
-0.7069657786150505 -0.040130438870148333 0.50305469362096089
-0.50264213584072492 -0.022514994667379939 0.49981700126698525
-0.30707977472827613 0.031729534471604259 0.51184486340169544
-0.13424143678467534 0.1206891091224675 0.56988364653386259
0.040601938304327401 0.18054514062796023 0.66045371040888234
0.22383692760593538 0.19560427950905779 0.75606245463197774
0.40793206924602882 0.18979998194086806 0.84624339277561622
0.59296504316168419 0.18690289900543272 0.93053839796655424
0.77981020337873175 0.18870114875869881 1.0098875744527729
0.96827808591802556 0.19789945014126525 1.0820062847766008
1.1619770318351228 0.23033185798676492 1.1278951801932533
1.356475762133754 0.28591154077319425 1.1403448957419937
1.5439494356867791 0.36202882205520737 1.1169583554999909
1.7169015904219493 0.45338692855716956 1.0571743964161002
1.8675151762202449 0.5549264280687064 0.96227748807066127
1.9876551800321962 0.66342312751506394 0.83646335707822239
2.0727672987133428 0.77390012730992752 0.68633420064306838
2.118496627257576 0.88112997358431056 0.51832666245256198
2.1241626587633258 0.98008907971160053 0.34033497644824029
2.0892021408244772 1.066233151537161 0.16016776194413729
2.0192783763570694 1.137769444354034 -0.015736276572421604
1.9315308964494384 1.200434629016474 -0.18709566083893261
1.8272613969253337 1.2537564558344987 -0.35186392919391535
1.7068175408254309 1.2971409596245231 -0.50801980027834126
1.5717786140450776 1.3310621096464779 -0.65421605485727674
1.4235385707613351 1.3560367295381004 -0.78903407100194312
1.2628268810603396 1.372037474116607 -0.9103162337316133
1.0911861586926264 1.3793635370993709 -1.0164665936176456
0.91037532656100439 1.3778035089555298 -1.1059990592901907
0.72303132442471307 1.3675089556409037 -1.1798110077796649
0.53020595454396902 1.3474486708844458 -1.2338180388424322
0.3328639146315388 1.3142558515014788 -1.2482654269722269
0.13938038903768912 1.2702372106876794 -1.2232286280121611
-0.04302060747679054 1.2191409745662716 -1.1601669490076907
-0.20781711110188084 1.1657937211802349 -1.061883727567315
-0.34901733632203591 1.1141357947856085 -0.93263138424485592
-0.46179974937730506 1.0672078886987377 -0.77797228514462535
-0.54134372400471231 1.0299442558432577 -0.60357394654617202
-0.58235073954437366 1.0067133394342154 -0.41524232657112325
-0.58519955964257397 0.98775598766926165 -0.22078287183024431
-0.5654528384990225 0.98813958123934875 -0.020293373875783782
-0.55929994276996509 0.99460064096958767 0.18593089743878666
-0.56933925766196092 1.010112001205979 0.39443323756494963
-0.60313709606140109 1.0079334437101697 0.59959950822508623
-0.61706225760888 0.97094211250745965 0.80308129141829043
-0.62563198344847082 0.88970751347616661 0.99764179481332282
-0.63252832169526374 0.76591467736886631 1.1688806265720699
-0.63131798740086098 0.60876671114792635 1.3087062998412746
-0.61706977367154481 0.42733058967194937 1.4132757172144879
-0.58830139310839402 0.23008005939787596 1.4792060441085082
-0.54480640914605116 0.026042995735379659 1.5044123886853533
-0.48686675165201093 -0.17553744125576831 1.4885154707501291
-0.41591233869490896 -0.36544929929013836 1.4326036665971247
-0.33512295803843439 -0.5355907600146278 1.3397838467078065
-0.24752374590424209 -0.6786791923960992 1.21453267188944
-0.15670288472868274 -0.78817808595308192 1.0616097906142818
-0.064404561513088321 -0.85880135054539097 0.88790958013693133
0.027456697579799572 -0.88629361796271622 0.70198325209291912
0.11520912573961423 -0.86924018419825078 0.51397831903525559
0.19282847810967901 -0.81041046213907408 0.33305134154410726
0.25465689180671375 -0.71564737012026203 0.16584210247864167
0.29710847652281352 -0.59057253935254173 0.016086714504679536
0.324961031268511 -0.43276311738727846 -0.11345962365141712
0.35320357229014249 -0.24654081259031846 -0.20369904840934949
0.36595453208349676 -0.052202313469141171 -0.25715973449356017
0.36077777068746003 0.14607123671948624 -0.28868333229937765
0.35272783289131687 0.34899729939773838 -0.32051611347833048
0.36127384029672677 0.55613653553006026 -0.33431192462098952
0.38791536123948273 0.75951537698946525 -0.32612730922396199
0.421704065666134 0.96126898095280877 -0.29681990669438307
0.41038317853626954 1.170305820300066 -0.25602127930600688
0.35005483105078267 1.3775421675851227 -0.23951675196565142
0.24675162039789961 1.5667448634103676 -0.24884916188536615
0.11080909692868296 1.7311245166638289 -0.2693873826685349
-0.054062524710701665 1.8644872469634848 -0.29896558542191204
-0.2375046881002483 1.9658685429454716 -0.32966037063021741
-0.42335061733716084 2.0582752310183747 -0.3535901128347313
-0.61122433147654487 2.1458350849008974 -0.37266637851440249
-0.80320962434806176 2.2250837516761508 -0.3899500551495213
-1.0017089224989617 2.2944654909939266 -0.40313630286143304
-1.2101488063132548 2.3457528318673924 -0.39859605984298008
-1.4244054442860266 2.370566155575311 -0.37103400938863623
-1.6365889103034683 2.3624678255887042 -0.32069146208695709
-1.8373272848888982 2.3188304118783205 -0.25027951875122517
-2.0179515316996208 2.2410991708261356 -0.16423005591482487
-2.1718338103038688 2.1332654107646594 -0.067500747220665402
-2.2939279970185558 2.0004453885194406 0.035234992567584736
-2.3812981912837681 1.8487757110256871 0.13946855055969393
-2.4324584264566496 1.6843373203948238 0.24109168218520793
-2.41278273309007 1.5083966533763078 0.30468040257851958
-2.308305130312057 1.4173311379910971 0.2523725365167333
-2.1879792786869952 1.2832509904601632 0.20245235840756329
-2.0595677931262468 1.1299579741585195 0.15724274074367417
-1.9302261337172295 0.97759739263613499 0.11209626095075276
-1.7999200098421768 0.82620398447329846 0.067014175525029543
-1.6686172706839406 0.67581033803752044 0.021997611026134796
-1.5362879599733297 0.52644683612975218 -0.022952438248566881
-1.4029043671792758 0.37814160420776638 -0.067835112381514351
-1.2684410750665978 0.23092046226278984 -0.11264968774094841
-1.1328750035511901 0.084806880420110253 -0.157395578672306
-0.99618544978790924 -0.060178061670814742 -0.20207233897220139
-0.8583541244318087 -0.204015711596643 -0.24667966314249568
-0.7193651840187163 -0.34668987703636178 -0.29121738742230946
-0.57920525941682288 -0.48818685466440426 -0.33568549059610298
-0.43786348030655764 -0.62849545505729265 -0.38008409457626829
-0.29533149565156097 -0.7676070235662763 -0.42441346475903985
-0.15160349012945726 -0.90551545712400772 -0.46867401015279486
-0.006676196496754494 -1.0422172169592545 -0.51286628327818462
0.13945109613186274 -1.1777113371993253 -0.55699097983981616
