0.28172183116929111 -1.3074044915260172 -0.62977427012252718
0.082120152242819766 -1.2670477013420656 -0.63847888426351096
-0.1105391582708157 -1.2003637658243123 -0.63998353305499611
-0.29416944515747612 -1.1117834375377429 -0.6360903465190566
-0.467835423296319 -1.0051714283117268 -0.62819702293924917
-0.63127099923312657 -0.88366546813820512 -0.61718915621890424
-0.78420031595761608 -0.74941339666833395 -0.60336837747019856
-0.92671830178806158 -0.60445843438241542 -0.58663420360202667
-1.0586998587099892 -0.4502547972379809 -0.56643656479003246
-1.1795799931978341 -0.28781411189824924 -0.54182603469256141
-1.2888552587957671 -0.1182075442150553 -0.51189235517457143
-1.3849406606040284 0.057991700899559573 -0.47553382539710287
-1.4665435952801373 0.23986522284283696 -0.4324364801347807
-1.5320739212656129 0.42658219708401851 -0.38306822089191284
-1.5807643076313345 0.6169080602614615 -0.32827885697156822
-1.6159886995346819 0.80583848179980933 -0.26001417889595607
-1.6252646038126912 0.98981630008595789 -0.17341321336771143
-1.5967418563270721 1.157532462198442 -0.061820133004323902
-1.5463102724879443 1.2982489175106329 0.076643047657696889
-1.4946115565586784 1.4284894258954135 0.2248989236781804
-1.4266646029633296 1.5691318870748954 0.35552875914889331
-1.317731776099003 1.7065534096445281 0.45867542735179379
-1.1713195775936356 1.8228913616889768 0.53902829682670361
-0.998742111150416 1.9068962214134308 0.60706287718192065
-0.80965466156652699 1.9532640856073686 0.66675520862457649
-0.61155785251370554 1.96082123415996 0.71331717832785502
-0.41289074930131736 1.9282342091073246 0.74392269840469438
-0.21920968149582745 1.8662395809813961 0.7594113144252429
-0.028663341346120919 1.7936490973657757 0.76376279656349011
0.15594846080666963 1.707076669849243 0.75907826084768137
0.33335439556834051 1.6068300003429052 0.74996258389675519
0.50223362164690544 1.4943344801971237 0.73004135168968676
0.65975344489179477 1.3708883361714295 0.69114452363954038
0.80273456209740512 1.2386936658185919 0.63081401863730502
0.92805884834355568 1.1010037109910951 0.54785733247439938
1.0367879135142011 0.96119663868759131 0.44679857514623461
1.1265085816817488 0.82009231478411837 0.33028545743123039
1.1898477436475998 0.65828668187824213 0.22413639848476594
1.2674968789326186 0.48442183408557815 0.1522098489581401
1.3374302380267677 0.3007696182663408 0.097587993893315989
1.3929899862789032 0.11447716212865339 0.035901821659415085
1.4305564960255017 -0.073698205276554574 -0.033095860432208773
1.4459575375907132 -0.26271678802083431 -0.10792285906716392
1.4344805527997402 -0.45053647520306173 -0.18631102172279024
1.392611657868412 -0.6336728154994099 -0.26533174469172849
1.3173177580075266 -0.80689769083252727 -0.34172593893554148
1.2088808708017631 -0.96407855054716129 -0.41257397053958023
1.0691645849347253 -1.0982703609273439 -0.47543257124700533
0.90517495428005801 -1.2057173985628973 -0.53074321782151856
0.72030643812082396 -1.2786861397338951 -0.57510784059994147
0.52214018169285548 -1.3133346377090804 -0.60692592248184218
0.32199748174878146 -1.3063600452538173 -0.62439776749484843
0.17804905798728693 -1.1699612906574046 -0.57645858865438804
0.034100634225792348 -1.0335625360609924 -0.52851940981392753
-0.10984778953570212 -0.89716378146457998 -0.48058023097346725
-0.25379621329719548 -0.7607650268681686 -0.43264105213300724
-0.39774463705869006 -0.62436627227175634 -0.38470187329254679
-0.54169306082018476 -0.48796751767534363 -0.33676269445208634
-0.68564148458167917 -0.35156876307893148 -0.288823515611626
-0.82958990834317259 -0.21517000848252033 -0.24088433677116605
-0.97353833210466711 -0.078771253886107839 -0.19294515793070555
-1.1174867558661616 0.057627500710304647 -0.14500597909024512
-1.2614351796276564 0.19402625530671713 -0.097066800249784674
-1.4053836033891496 0.33042500990312818 -0.049127621409324751
-1.5493320271506441 0.46682376449954072 -0.0011884425688643008
-1.6932804509121384 0.60322251909595281 0.046750736271596066
-1.8372288746736318 0.73962127369236419 0.0946899151120561
-1.9811772984351266 0.87602002828877679 0.14262909395251655
-2.1251257221966209 1.0124187828851889 0.19056827279297689
-2.2690741459581156 1.1488175374816014 0.23850745163343734
-2.413022569719609 1.2852162920780128 0.2864466304738974
-2.5084873822078562 1.3256829218010817 0.34919909517883063
-2.4690771785683188 1.1473865323621308 0.43946888795718642
-2.3933767494632212 0.97471552685758123 0.51660403601254645
-2.2850234113687469 0.81312273130937318 0.57700496270007529
-2.1496661127803045 0.66651794621971838 0.61818124012113085
-1.993876804890399 0.53676902369711987 0.63904212586741926
-1.8244420089486462 0.42339290436495269 0.64036683560938212
-1.6474254841183733 0.32315340200592274 0.62586556890471823
-1.4665424395067803 0.23265721536246375 0.59932202439571047
-1.2835893922536687 0.1472558387701971 0.5700530680123973
-1.099328047947653 0.065699514099450518 0.53814711099047308
-0.90792995066784377 0.0023216114780263419 0.50927931025694972
-0.70676738344229562 -0.025606097458943711 0.49353733778595488
-0.50341816276861617 -0.015301245459895418 0.49081754337425165
-0.30605387785808474 0.032482966863050244 0.50554644681245953
-0.13005680743975687 0.11270148622973153 0.5669432875732372
0.045498120346150805 0.16099429877042343 0.65675749185312582
0.22692478574689706 0.16764468725600162 0.74920010525015024
0.41071748664810054 0.1570632898482498 0.83711190565737148
0.59703969479276986 0.15149330653613657 0.92000112218453534
0.78548567444213546 0.15226917327345629 0.99814095689784299
0.97636431706871818 0.16255953396451794 1.068953055181149
1.1719584980848914 0.19823902964333195 1.1130962408522866
1.3662196715020056 0.25837796020872461 1.1241086131686508
1.5513787033701083 0.3398756054085692 1.1006102560827169
1.7206139084620389 0.43726906050628672 1.0427460268953723
1.8671999972679887 0.54565647020950092 0.95199195680809201
1.9838977939660289 0.66189144572096925 0.83223462703866358
2.0667518202761754 0.78109522133870879 0.68940473142585423
2.1117171011694991 0.89818313892731072 0.5289493873256309
2.117996011844733 1.0081316089682713 0.35763696320870014
2.0843658822982287 1.1060658106062249 0.18227121127992876
2.0145828685866412 1.1887133661638489 0.009583401640158383
1.9256202391675468 1.2610759317967344 -0.1590528301214818
1.8199188564295652 1.3230939753941384 -0.32203816562627391
1.6979355154365685 1.3738878970415453 -0.47736441766743043
1.5613115332506524 1.4135647589571605 -0.62346361158082031
1.4116400181000071 1.4425152391007501 -0.75892304242117947
1.249760133353981 1.4605879353856359 -0.88162500018855394
1.0771692422560855 1.4680199896994077 -0.98996583335649024
0.89537850277374642 1.464537367514358 -1.0822788792623457
0.7070984407597467 1.450366711920517 -1.1593890711294881
0.51403499528997654 1.4249973946989103 -1.219372062844422
0.31586478174787308 1.3842880837454254 -1.2426171114119915
0.12026820176279546 1.3299763767871478 -1.2263051127905746
-0.064996314965107771 1.2661356858735426 -1.1708589521875403
-0.23327063545059068 1.1983153037490333 -1.078354169649189
-0.37851993890098667 1.1314704427597584 -0.9522397824787856
-0.49555245008049698 1.069625804319676 -0.79749446329106255
-0.57932304249402755 1.0188856140694715 -0.61900716923863364
-0.62342088278994212 0.98614789669445269 -0.42300960538273097
-0.62646512395198606 0.96260561428886926 -0.22072673843559432
-0.60795396468697127 0.96167501227181185 -0.017744203855076815
-0.60383484991424041 0.96545159881722764 0.18612328645593468
-0.61596753377151636 0.97660562010865404 0.38939630386819507
-0.64996074718044061 0.96896931676994869 0.58972301549792383
-0.66188337217195548 0.93042116715612488 0.78928361150985038
-0.66384991573730057 0.85236758720965078 0.97727660145884165
-0.66006362826016451 0.7352133744237509 1.1437854132854641
-0.64541393788832069 0.58657411471984422 1.282217847841187
-0.61574118186778892 0.41527118534414043 1.3882534883813402
-0.57011379366267478 0.22957401168005259 1.458271378941117
-0.50907296827838067 0.037908494097536938 1.4900464835886846
-0.43373837098898632 -0.15117060103037938 1.4830131909610496
-0.34602992491386553 -0.32936284066766308 1.4378810045029706
-0.24953088706827506 -0.48947165589945596 1.3570450217250116
-0.14766641782907294 -0.62504613539826515 1.2442849881157478
-0.044716301669691261 -0.73016923041147541 1.103522221741696
0.056335383366969027 -0.79973046514112045 0.94098054448317758
0.15309135221973447 -0.8297366829150542 0.76432077943924537
0.24286716596472685 -0.81832117390359105 0.58191236306948557
0.32107818892098977 -0.76644400731002882 0.40120871819970239
0.38241340755485226 -0.67759152760136521 0.22855150988271444
0.4215739225257325 -0.55687727727880543 0.069293235183806048
0.43749522323656448 -0.40941541892021027 -0.070134568751173576
0.44814122329753819 -0.23433994486251675 -0.17352778676246489
0.44477192307504182 -0.042405061510486952 -0.24144585416352615
0.42072116891118233 0.15638887790680467 -0.27960544177773328
0.38731866344998483 0.3547697736723272 -0.31348503722413634
0.36475350684238511 0.55645411900376973 -0.3327123038715884
0.35858720309292275 0.76023561161175401 -0.33148514623856046
0.37032029178341636 0.96235950120426406 -0.308619827716754
0.35251802327372511 1.1611060362730932 -0.26800890106998354
0.29407435633418283 1.3540420012920913 -0.2411678759555736
0.19578710301421359 1.532364734311308 -0.23819274094808113
0.066318128668212517 1.6891918593208879 -0.24914342779083226
-0.08920924479763509 1.8188634699627264 -0.2710968922176496
-0.26658530349104248 1.9150459408230374 -0.29924077131112542
-0.45266403426767499 1.9946048245748829 -0.32493902161023158
-0.64224681702701281 2.0668914983024176 -0.34614489091854905
-0.83487249181324241 2.1315291527794313 -0.36444505559994711
-1.0300154630729321 2.1884815444879826 -0.38153243305224122
-1.2290893477835598 2.2321005955623692 -0.38758706770009704
-1.4311704795783295 2.2558968454806578 -0.37573658071405469
-1.6324373360501137 2.2541035865480077 -0.34386724611030428
-1.8270855913724149 2.2229057979861153 -0.2924005101708721
-2.0084664341659835 2.1610360282112593 -0.22335026272342429
-2.1701768080054586 2.0695923685219295 -0.13982152233898104
-2.3060415215138139 1.9509581160907534 -0.045210341684806463
-2.4109720928018423 1.8091650395033274 0.056643790492667372
-2.4803966747012058 1.6490276309182961 0.16165372772799885
-2.512037351993456 1.4766593406559516 0.26543018954878683
-2.4184148264465293 1.3254941607137141 0.26652190229870559
-2.2763023707825374 1.1869205474379374 0.21934841953969286
-2.1341899151185455 1.0483469341621605 0.17217493678068013
-1.9920774594545585 0.90977332088638863 0.12500145402166898
-1.8499650037905664 0.77119970761061185 0.077827971262656254
-1.7078525481265743 0.63262609433483497 0.030654488503643468
-1.5657400924625871 0.49405248105906302 -0.016518994255367597
-1.4236276367985947 0.35547886778328619 -0.063692477014380411
-1.2815151811346026 0.21690525450750942 -0.11086595977339314
-1.1394027254706156 0.078331641231737414 -0.15803944253240423
-0.99729026980662372 -0.06024197204403936 -0.20521292529141699
-0.85517781414263183 -0.19881558531981602 -0.25238640805042967
-0.71306535847864472 -0.33738919859558791 -0.29955989080944079
-0.57095290281465239 -0.47596281187136491 -0.34673337356845363
-0.42884044715066039 -0.61453642514714157 -0.39390685632746636
-0.28672799148666844 -0.75311003842291846 -0.44108033908647903
-0.14461553582268144 -0.89168365169869002 -0.48825382184549015
-0.0025030801586891638 -1.030257264974467 -0.53542730460450305
0.13960937550530289 -1.1688308782502439 -0.58260078736351573
