-0.36771744564213699 -1.4930763239683786 0.49212023261814958
-0.4279180633668449 -1.5702013492137001 0.4271142848816365
-0.47637908000381068 -1.6387649261671378 0.34603515625100212
-0.50695300167074853 -1.696623545014013 0.25310840892198605
-0.52534796352278124 -1.7465758429783349 0.15943844059109583
-0.53112662321428949 -1.7962765523125557 0.06931574687831886
-0.52989501992194932 -1.8457680975996396 -0.015032721972018151
-0.52391476235709533 -1.9099976397827267 -0.091018029662083444
-0.51266628233907263 -1.9847519788343142 -0.16466411843179621
-0.49137091797487148 -2.0669666953017591 -0.23408873795590168
-0.45483873147816639 -2.1518217290836037 -0.29879124830809323
-0.40384981209204635 -2.2337933106711634 -0.3567415123121408
-0.34295162435651877 -2.3128844269592626 -0.40967068220799757
-0.27172905300529682 -2.3886494917180472 -0.45776837491714106
-0.1899883962937001 -2.4610642136280045 -0.50167114080527719
-0.096640033460358848 -2.5237324791648765 -0.5382110207250439
0.0027493008169056851 -2.5768930163315065 -0.56800514931014456
0.10770588223348052 -2.6214851817220373 -0.59086036955425958
0.2184042800087995 -2.6597187183616033 -0.60769681611255355
0.33551783331537249 -2.6877172168475862 -0.61617244334044008
0.45414777358966307 -2.7039471121754843 -0.61577054397609865
0.57259028396824663 -2.7095629886258656 -0.60844484490864814
0.69050141910756935 -2.7053526806692747 -0.59451632329379234
0.80896416591201914 -2.6913178602056145 -0.5727180524745662
0.92267913726236173 -2.6653115059273618 -0.5398240639201316
1.0291749064702158 -2.6311331809695013 -0.49976676609879966
1.1297419996466367 -2.5886591298101695 -0.45292548859424164
1.2240295720762591 -2.5375679927597736 -0.39949927115400652
1.3098975077402817 -2.4768074763202397 -0.33909428724190543
1.3834235822660212 -2.4084344024277922 -0.27348876036588832
1.4460800041551005 -2.335458804952848 -0.20538638472485235
1.4981264193286647 -2.2576131655553344 -0.13452461089530782
1.5389272392411473 -2.1743746718852766 -0.060426434758165955
1.5645589885143332 -2.0870995112102491 0.015608583968783537
1.577781426053541 -1.9994247545993731 0.090632900461749155
1.5798794439202424 -1.911852413712873 0.16434150197397149
1.5740339629780644 -1.8262042180436882 0.23556705553511667
1.5668439870089261 -1.7436936179571179 0.30404241394597481
1.5613408762535732 -1.6627013125103243 0.37149018093813807
1.5558268813156986 -1.5817262051257877 0.43895821034306504
1.55030256753525 -1.5007723677401896 0.50644805176145868
1.5447693874740371 -1.4198433846400369 0.57396013423389458
1.5392281114835091 -1.3389444966386068 0.64150100538034116
1.5333734806573831 -1.2568477142837928 0.70960343451368368
1.5254098620967569 -1.1708176202875171 0.77706001327542118
1.5131757278138214 -1.0784693662558031 0.84154007279293863
1.4934677714502405 -0.97817460177253579 0.89810835086406671
1.4656819547679807 -0.87472703073469205 0.94253004261065176
1.433701653044795 -0.77116204060733151 0.97740622096633045
1.3965623728634011 -0.66706847717667483 1.0024778831910082
1.3541682813363118 -0.56269436539207396 1.01857961503941
1.3046551686233303 -0.45954192805226379 1.0228503890542702
1.2501660497529614 -0.36065959478281928 1.0163548120442083
1.1923565747126186 -0.266214278233391 1.0008775088687545
1.1311290099793176 -0.17642354116414047 0.97619976999737901
1.0662277846417174 -0.09202612076644362 0.94104822586173553
0.9994481785334256 -0.016644658038884708 0.89354470279139897
0.93345463516681693 0.051467949379975807 0.83887775578395551
0.86791914631975653 0.11198284044743662 0.77647210873829153
0.80384262258456252 0.16412578712162287 0.70592417404930807
0.74381947699576367 0.2059140420837057 0.62624491787011294
0.68907683254834551 0.23757475248832896 0.54003627097262608
0.64043203267164817 0.26107486242442196 0.44902818077567275
0.598417992666881 0.27629315451705028 0.35380588176197092
0.56536237651354648 0.28298041344073099 0.25495951072005485
0.54048997420093858 0.28655831254529496 0.15536401300353914
0.53019917260609539 0.29215475860841533 0.053142991784203036
0.52587413496977042 0.28949038076735728 -0.051028955451811991
0.52844324634252415 0.28335396499399462 -0.15415918065804188
0.5395917316609119 0.27385376811163015 -0.25581597770044717
0.56543703759907371 0.26175455611006143 -0.354512050459933
0.60039520956892245 0.24910229454255903 -0.45088995176328056
0.64461357879640746 0.23616641678367925 -0.5437269562827981
0.6974232191349472 0.22278892695660205 -0.6324581493506447
0.76104156647284216 0.21076808694802709 -0.71481414740885896
0.83377373310536318 0.20056404783197787 -0.79032714329837983
0.91383401694267918 0.19213116957653073 -0.85915210632915184
1.0004359004029937 0.18556699976287699 -0.92119430070921016
1.0936453207445995 0.18175732158831726 -0.97568270794906886
1.1933568220789221 0.18280245090113312 -1.0191808540856189
1.2971856851740733 0.18787678543605499 -1.0525749620067872
1.4042340381673701 0.19645720151306345 -1.0761616483458369
1.5141908152637009 0.20762792865121604 -1.0903609278935849
1.6255245838381114 0.22562644181184618 -1.0930929590436731
1.7355192284587995 0.24988894925288554 -1.0838347919980322
1.8430659219606371 0.2785690466578411 -1.0636877483691263
1.9481646463989231 0.31095898376709158 -1.0337354128400968
2.0514679352494376 0.34797238330487584 -0.99382482371889846
2.1472695021833266 0.39023699287935204 -0.94092622155812089
2.2342581374335637 0.43596577975101902 -0.87908948191782499
2.3135745039401137 0.48518501636427641 -0.8089735924948589
2.3854373259035806 0.53804069367951568 -0.73034554258163309
2.4461185651027151 0.5938685505279383 -0.6422749775449671
2.4928311058273596 0.65124607534399304 -0.54832550664098845
2.5272454893560816 0.70915248583209489 -0.45059448189865303
2.5499049682392907 0.76715942906836465 -0.34920952126575094
2.560885988487958 0.82545176260101072 -0.2426016734373343
2.5543464384791004 0.88255460863737456 -0.13505519872520638
2.5352418563644732 0.9375230392726378 -0.031266230678629929
2.5040555791188388 0.99108892206655752 0.069910337109176671
2.4610660448646633 1.0430327121141034 0.16844062903790966
2.4044942900629187 1.0922676711548009 0.2633495717057443
2.3355146844478338 1.1374275087039885 0.35009810891919613
2.2582546959959684 1.178717218733855 0.42867200097743952
2.1724547071749174 1.2155590188341612 0.49994218145986735
2.0774483105971497 1.2475139112691664 0.5633460894625868
1.9740833467461336 1.2744259995162246 0.6138341008673418
1.8676513957379004 1.2965848478215938 0.65316098783981813
1.7584896717021221 1.3142923252247243 0.68232002421713256
1.6468969792232877 1.3275934108495355 0.70103057791492651
1.5331982953716212 1.3362584870477561 0.70743727828847947
1.4209001115465725 1.3405596817069056 0.69994931443238484
1.3118132257717845 1.342521371604106 0.68309541938337548
1.2059040802842731 1.3420801114551042 0.65543434519408095
1.104050920305478 1.3395621320123972 0.61714323311728647
1.0088240074957693 1.3350290143514805 0.5667364198108239
0.92147148412351454 1.330398309308477 0.50710475721795234
0.84167325051695652 1.3268044553388796 0.44059119213197107
0.77051589308398294 1.3259049398541516 0.36734495918221255
0.70824100183674388 1.3290070511957579 0.28889128360608823
0.6576889828929634 1.3365019721225089 0.20287347369315029
0.61247924065455539 1.3465824761852769 0.11568928003926413
0.57532535895125003 1.3649314263295547 0.029752324338708388
0.54303847412923067 1.3917401020061122 -0.054875963227927725
0.51398728552990758 1.4308718567929146 -0.13721966556368545
0.48281409612421011 1.4841588664378236 -0.21510491334660589
0.44715379994146537 1.5484794247921294 -0.286967547589356
0.40571634430740849 1.6205072672136704 -0.35128636773973415
0.35830538437029258 1.6979991981658697 -0.4089308661598765
0.30190685129396838 1.7799653393529111 -0.45453218773512905
0.23780358422336023 1.8628769516219743 -0.48956255958195927
0.16638534058302487 1.9445653243384948 -0.5139889489641235
0.088820019411413681 2.024362402188236 -0.5291549344098635
0.0042429674992772171 2.1026202012699153 -0.53454931426412688
-0.087934283733660468 2.1733912691928943 -0.52773685265843406
-0.18403911806346254 2.2353551427623355 -0.51109229068149575
-0.28421554972300378 2.2890848623164031 -0.48670172715463944
-0.38962115673234243 2.3340243819090638 -0.45582750879951678
-0.49783480252588702 2.3664400707328492 -0.41550770551987171
-0.60544327507167484 2.3854353051914825 -0.36908546226140332
-0.71199134396029018 2.3925746438996831 -0.31829685138611125
-0.81739875239314075 2.3878780773431618 -0.26347666502008482
-0.92215179714460971 2.3704124790677485 -0.20433517671654391
-1.0210160393483256 2.3369661314248784 -0.14241739403586329
-1.1122135867093468 2.2928066662628024 -0.081102894677241369
-1.1979148525406755 2.2383231598257773 -0.020454509500627927
-1.2778249419977052 2.1723936786402529 0.03976376751634296
-1.3478994533641677 2.0950777513937382 0.09979218840019137
-1.4082596326864578 2.0090387585930829 0.15497218402854682
-1.4594825218092744 1.9160849291637059 0.20582334588066381
-1.5009921597554825 1.8166653715157379 0.2520199282543889
-1.5328423513313529 1.7101219688471998 0.29316485621584271
-1.5521249102393806 1.5981583951791145 0.32455353019892053
-1.5628860084694454 1.4859857942626082 0.34794856506206628
-1.5648717301596902 1.3723191595641309 0.36178794351880095
-1.5588876765658803 1.2586787826323862 0.36444313194512679
-1.5457799718655174 1.1471104282664506 0.35368147750324175
-1.5282872067253799 1.0413615035952084 0.32910854895167896
-1.5120393279054813 0.94402348411185322 0.29155402115137991
-1.5020322125039944 0.85543397128091458 0.24349089842611224
-1.5014048322914941 0.77397095789745851 0.19238521703165798
-1.5152475153171634 0.69389393207179451 0.14440451759308834
-1.5380177534718096 0.60582921080478214 0.10369623790634114
-1.5639618054685771 0.50766399331904366 0.066966260609281486
-1.5819064481079164 0.39744486711948507 0.047026424030831383
-1.5877748881556526 0.28281419850209277 0.036441858766073948
-1.5792630871036066 0.16899516776723406 0.034837804352119715
-1.561630036546513 0.057204592904887559 0.035625338254705222
-1.5309352116274981 -0.052573325395973272 0.039193898990373711
-1.4882280323709878 -0.15897828235628084 0.043729637731277179
-1.43163670428446 -0.25852708294453247 0.047481353051118419
-1.3661297081063533 -0.35033420526909731 0.048177687029660639
-1.2925260914174657 -0.43480562055503652 0.045361435915064321
-1.2112709559203045 -0.51162562152715618 0.038307936380303741
-1.1222627272749892 -0.57914363176280692 0.025058051238174291
-1.0295356085173748 -0.63391446244384919 0.00044864742768913903
-0.93916980926170113 -0.68057341031869767 -0.035016305285066829
-0.85204014988695687 -0.71744613980092264 -0.084966269769040592
-0.76785724744694694 -0.74546843900936888 -0.14533989804659292
-0.68522855486589107 -0.76451247456919891 -0.21154829481087659
-0.60142856199023764 -0.78318337569155494 -0.27296105919823183
-0.51717841861195046 -0.8089766826368785 -0.32766207589495777
-0.43262261048211542 -0.84029810148891526 -0.37815879299565253
-0.34801075683148885 -0.87861039029579513 -0.42421702932262934
-0.26244881266048664 -0.92407581980009379 -0.46218965145731944
-0.17789295033596358 -0.97429915085465013 -0.49543203322124213
-0.094828253965111575 -1.0305172663504556 -0.52261782374508803
-0.013177093603829876 -1.0920151678234953 -0.5442060108557667
0.06615591597687917 -1.1595620192016454 -0.55809419827498519
0.1424149980282908 -1.2339279359971345 -0.56397867264398982
0.21658348324994051 -1.3137681395412915 -0.55793661195852107
0.28922911101402493 -1.3961704788943534 -0.53748169975778048
0.35901626433396178 -1.4791067186814439 -0.49888834391627457
0.42002430023959925 -1.5586335552142829 -0.43796383444250292
0.46905458248557957 -1.6292338674700813 -0.35884927201435113
0.50245787894076943 -1.6897525111877014 -0.26818583958169734
0.52407889103328098 -1.7410513106561363 -0.17419934560601666
0.53268564917161398 -1.7909058975645489 -0.083300294120609311
0.53081931790814119 -1.8407016502633988 0.0016628693206431229
0.52538050394432523 -1.9028433413453958 0.07880635118895199
0.51469560127166647 -1.9762761034682019 0.15297388924748934
0.49386357600077957 -2.0577427342819865 0.2226958057006696
0.45852149388568764 -2.1416844698519433 0.28810947953004629
0.40946158398440691 -2.2238953358185305 0.34693715823512283
0.34967585468219925 -2.3034512246329926 0.40046715675987454
0.27984236442610466 -2.3796198112157922 0.44949912236514605
0.19934442668627583 -2.4525422790585947 0.49426148437891504
0.10708812696643114 -2.5163108546409219 0.53113886645947872
0.0084330242572684885 -2.5706460055869966 0.56149913573909516
-0.095880708511659973 -2.6162221812620543 0.5852370495835284
-0.20604640656200066 -2.6554766457276084 0.60312451201025763
-0.32284827190567084 -2.6845824284116331 0.61229713732035329
-0.44136861414699002 -2.7017599722843122 0.61308305725698031
-0.56009857870325996 -2.7081801790623188 0.60719303238060551
-0.67841204066293437 -2.7043472808144693 0.59464518813494671
-0.79721468510107407 -2.6905327057556478 0.57442761345059579
-0.91121122171338353 -2.6647512329444178 0.54296366612596791
-1.0180322320973592 -2.6310791103835975 0.50431855605598619
-1.118915124326787 -2.5895159729574333 0.45853791071860256
-1.2139054597372392 -2.5398417929639527 0.4057475716132754
-1.3008240433754639 -2.4803652506551948 0.34547161936907739
-1.3757800604126584 -2.4127669321486156 0.28039742607942314
-1.4398460074690125 -2.3402861976986364 0.21279809334930941
-1.4933227864378018 -2.2627679297223255 0.14243577239055386
-1.5356092208596721 -2.1795576474923535 0.06875349038838649
-1.562618211286356 -2.0919989879819347 -0.006787397535024252
-1.5772323873765586 -2.0041207997184007 -0.081316589089525576
-1.5803817480881168 -1.9159186430425243 -0.15499628672153512
-1.5741127406080098 -1.8295393368721371 -0.22628488876257338
-1.5664983813867677 -1.7466986539781881 -0.29454257287271307
-1.5607323939907569 -1.6654694120902154 -0.36169043663930944
-1.5549523612793474 -1.5842549659341787 -0.42885648168745105
-1.549156371753702 -1.5030576120117458 -0.49604222570470163
-1.5433432915521312 -1.4218781277653312 -0.56324821756223686
-1.5375084627455151 -1.340718586022297 -0.63047869820951608
-1.5313797551928032 -1.2585099617352744 -0.69817763993565141
-1.5234435649076166 -1.1729942910542797 -0.76524301339658851
-1.5118282526437556 -1.0815526398374964 -0.83014865121450976
-1.4927697214492011 -0.98165616414173196 -0.88752778116600772
-1.4654305131822822 -0.87815746764847691 -0.93277423884436284
-1.4336875093872461 -0.7746861301453376 -0.96800971418560422
-1.397382488790722 -0.67077113103505603 -0.99398493699074142
-1.3557121892744814 -0.56617336809965313 -1.0107072499586451
-1.3067882951690584 -0.46276731853663799 -1.01587784857083
-1.2527403448779819 -0.36354507446524958 -1.0101775969400864
-1.1954396030886656 -0.26865902479787507 -0.99546873302967342
-1.1345967421886991 -0.17835059707400394 -0.97156324060062815
-1.0699964509422446 -0.093402726172225975 -0.93726122379298626
-1.0036469248219229 -0.017131613534143136 -0.89044874574957811
-0.93762019536476582 0.05162416293749706 -0.83643264728957412
-0.8719988969465392 0.11287979372036464 -0.77474212518491936
-0.80798742212365626 0.16573840023179945 -0.70468742252548566
-0.74815679439157701 0.20866022617695809 -0.62542161087118064
-0.69332084383260473 0.24102960699480644 -0.53934988746096535
-0.64421637686781907 0.26528519384533766 -0.44868749544386938
-0.60178873086522511 0.28111154664406296 -0.35369342905210949
-0.56832158861690008 0.28849562325648032 -0.25495213840528624
-0.54282349461971624 0.29242230598161678 -0.15561340104620577
-0.53273650575473475 0.29898773664492834 -0.053460275468944739
-0.52808177757673358 0.29701131201962327 0.050834803542385593
-0.53011181232617199 0.29117246583505313 0.15408283871560902
-0.54087067318547011 0.28183645713037137 0.25579015143828698
-0.56608906782091883 0.27027499200972899 0.35470578480170212
-0.60038571873233126 0.25788827021976718 0.45136847857882378
-0.64408840514261656 0.24496000243283497 0.54443637393675848
-0.69630846067754171 0.23151519724841946 0.63347265281399634
-0.75955222301844261 0.21950253396735289 0.71608080688584286
-0.83199289799728215 0.20918557927277764 0.79185966126153418
-0.91180152950738302 0.20050293841405753 0.86090807272073255
-0.99815313214430446 0.19354204525737559 0.92319274585984756
-1.0911283214061729 0.18951087177075179 0.97794981337975939
-1.1906155157428517 0.19024332681245323 1.0217800132069297
-1.29424121200771 0.19505575982249862 1.0556372481280252
-1.4011570573343362 0.2034575280510208 1.0797925802238975
-1.5111457244696582 0.21435123144120341 1.0946279135563177
-1.622524725936046 0.23154427727468185 1.097402879570025
-1.7324522686288146 0.25531788996061905 1.0885424846779812
-1.8401883672682677 0.28379117394596204 1.0690483249666882
-1.945537205886902 0.31591622659630747 1.0395616251502582
-2.0490797359877564 0.35244878974462795 1.0000363300258837
-2.1451431439872488 0.39440933305590731 0.9476192982797299
-2.2326192811567136 0.43974006829779055 0.88623534885945587
-2.3125575868465464 0.4883917910459708 0.81638182811191118
-2.3851978184901892 0.54052869832641304 0.73784199006633755
-2.4463685213104136 0.59595003298633364 0.64988486891934005
-2.4937533128127445 0.65267445701542859 0.55607178368078924
-2.5290022375222656 0.71002372832130389 0.45833974381514864
-2.5524251082037139 0.76790091096061075 0.3569167740271017
-2.5637381284409644 0.82678322373279378 0.25063977608284121
-2.5579334035668508 0.88372276041852071 0.14302869094999313
-2.5396344989283746 0.93822206557797516 0.038819796287089287
-2.509152991367992 0.99145497614911404 -0.062989160787359305
-2.4663883636560078 1.0433428448530599 -0.16188241117627136
-2.4102131119190111 1.0927489638493804 -0.25654787136068002
-2.3421738701462544 1.1379935475516003 -0.34365295023652442
-2.2654716375528556 1.1794431285078713 -0.42283097919479518
-2.1801572645720015 1.2165599158435676 -0.4946237517953308
-2.0854632882547328 1.2489164340771259 -0.55853869119342558
-1.9823558096630793 1.2761698159262218 -0.60943649029538938
-1.8762793263216666 1.2987635594918741 -0.64934490143467016
-1.7672632465845335 1.316846971774952 -0.67910814326529911
-1.6556401303999546 1.3304481782149353 -0.69841865159531658
-1.541900931010822 1.3393096104099829 -0.70524576221825486
-1.4296139548966333 1.3439434789570652 -0.6984161149045659
-1.320406847998842 1.3462331002567689 -0.68212928679607776
-1.2142957307255811 1.3460844795002078 -0.65505229412565458
-1.1121368266081033 1.3438113756337389 -0.61731653386835106
-1.016638788522521 1.3394859141889599 -0.56727081670906876
-0.9288918889782829 1.3350735750736655 -0.50814848170310423
-0.84877118277207242 1.3316302438842393 -0.44192662648041919
-0.7772390700605899 1.330767286306024 -0.36889211128157356
-0.71464482454972322 1.3338324446700234 -0.2908290220475378
-0.66380211226211183 1.341743836898267 -0.20505157314140873
-0.61856715406059071 1.351628808525029 -0.11755398263860468
-0.58094831322391105 1.3697297861606443 -0.031876887949918775
-0.5483191634222766 1.3966088024978358 0.052412517903724809
-0.51888740764814423 1.4356367332884867 0.13458842952545089
-0.48726078402654116 1.4890803988261849 0.21214631600859085
-0.45108451135205896 1.5534875807256689 0.28378931246679912
-0.40900290216910667 1.6255182671721344 0.3477678932597848
-0.36094729648637297 1.7028425711957575 0.4051590263281411
-0.30393653140231031 1.7846652210559859 0.45046147208280785
-0.23906634375876626 1.8672782686807869 0.48516797835846825
-0.16687596950838451 1.9484230325990155 0.50922097940609423
-0.088618840597184403 2.0276397515016971 0.52410580452455946
-0.0032614197355115282 2.1052826226122714 0.52919517446145137
0.089708339056976727 2.1751831012307492 0.52194164976342761
0.18651200123507297 2.2360512465120608 0.50497589328029813
0.28721308134739187 2.2884709382815105 0.4803774350012367
0.39292607780166949 2.3322329510117337 0.44941609076328898
0.50137648984266181 2.3636436894327448 0.40887938388731243
0.60918592842392205 2.3815306546249766 0.36230159761752162
0.71582889639799197 2.3874765904667528 0.31148940070127173
0.82113264638842753 2.3815125714825927 0.25682096308409946
0.92583531754299397 2.3629125381115639 0.1979768024173065
1.0242993140542962 2.3282763385553307 0.13624475742657652
1.1152314445367593 2.2832285224970081 0.075104593316091942
1.2004184571609013 2.2274783302417589 0.014663429368754968
1.2795449542594006 2.1607245254794787 -0.045145080432387845
1.3490487179292852 2.0826693775387088 -0.10468426763599649
1.4087948007600026 1.995733371373972 -0.15931502410931062
1.459198783838054 1.9019324662573578 -0.20952411907741234
1.4998077038638482 1.8018887448348677 -0.25488861578494082
1.5308954558976222 1.6950468101590599 -0.29499851651500347
1.549576596679952 1.5827648494090059 -0.32548247319289636
1.5593748442491873 1.4701850243236378 -0.34769521549305543
1.5605926198993396 1.3565369389518389 -0.36027453419048849
1.5540890284508782 1.2431881811991294 -0.3615960332760606
1.5407562322212456 1.1319760023015517 -0.34939501072159457
1.5231683914854035 1.0269953052820637 -0.32308223149423831
1.5075984416223036 0.93035360305599712 -0.28494801316827628
1.498411310170354 0.84247876305008651 -0.23595001632821386
1.4987153024215012 0.76160388495811659 -0.18492363556657873
1.5142063413856062 0.681648168996415 -0.13685766511980857
1.5376729105726534 0.59241944705124172 -0.09652854790653688
1.5633993673357727 0.49307010037857985 -0.061048872927931208
1.5804112112402033 0.3825033807464715 -0.041981120351072015
1.5856577840155024 0.26805598366668137 -0.031921446687222431
1.576704607921865 0.15398664113811425 -0.030237611151299599
1.5576229536128166 0.042369792826335059 -0.031087546225852938
1.5264622037181996 -0.067117270840248947 -0.034299268136282333
1.4828217163087278 -0.17314113472544154 -0.038428601714331392
1.4257643832526905 -0.27245163680611389 -0.041508800117888704
1.3592207896846698 -0.36375378805118336 -0.041536544847582624
1.2849433959393761 -0.44740064474780611 -0.038017714861576624
1.2034766129483381 -0.52367212184354772 -0.0302703043005489
1.1141561150635737 -0.59063482236929943 -0.015884251849643625
1.0211779454836352 -0.64440723245223563 0.0099514132202994671
0.93111278963707678 -0.69005877680683303 0.046835935394406267
0.84448568253827794 -0.72606077888699205 0.098284481494046533
0.7608727700938549 -0.75268078554132167 0.15986089535558967
0.67817133073543434 -0.77224542321262513 0.22574240163868647
0.59402568441793968 -0.79101123618771829 0.2864912901642872
0.50960339701560509 -0.81820144420852392 0.33991021015651929
0.42449268768350129 -0.85082157635090006 0.38924298982571826
0.33920442976017301 -0.88924375034851033 0.43414288951501911
0.25371596729679691 -0.93497889413585811 0.4710112049110044
0.16944439663178432 -0.98631165158797285 0.50309818019850361
0.086305133055348246 -1.0440575349851597 0.52861594689116231
0.0038520486407249525 -1.1046760640396325 0.54962907665972549
-0.075111375972947064 -1.1728412313637298 0.56271347778758529
-0.15116568451953818 -1.2485134219389373 0.56589625905425478
-0.22539762542081662 -1.3284758567159041 0.5569369148706701
-0.29769463342662406 -1.410344947239307 0.53319902311796485
