72.5959078992163 5.00248691485893e-13 1.37340348460821e-13
72.5790532868336 1.46661413197956 0.397247773268748
72.5284997710131 2.9324147511216 0.794358082662005
72.4442783097271 4.39658887106092 1.19119348724612
72.3264404795578 5.85832455822659 1.58761659201123
72.1750584456232 7.31681145786895 1.98349007093528
71.9902249194384 8.77124131963804 2.37867669016989
71.7720531046793 10.2208085225595 2.77303933138837
71.5206766308042 11.6647105992489 3.16644101533567
71.2362494744817 13.1021487592011 3.55874492561927
70.9189458687629 14.5323284109817 3.94981443277962
70.5689601999281 15.9544596831455 4.33951311867745
70.1865068919296 17.3677579436909 4.72770480123444
69.7718202783465 18.771444317857 5.11425355956251
69.325154461757 20.1647462040524 5.4990237595152
68.8467831604329 21.5468977876992 5.88188007969313
68.3369995422493 22.9171405527571 6.26268753793348
67.7961160457038 24.2747237906839 6.64131151831119
67.2244641879315 25.6189051065698 7.01761779867686
66.6223943596044 26.9489509221707 7.39147257875403
65.9902756065965 28.2641369755464 7.76274250881492
65.3284953983029 29.5637488169969 8.13129471895073
64.6374593824966 30.8470823009669 8.49699684894907
63.9175911266142 32.113444073575 8.85971707878688
63.1693318453626 33.3621520554047 9.21932415974384
62.3931401145483 34.5925359191735 9.57568744613632
61.5894915710346 35.8039375618784 9.92867692766814
60.7588785987465 36.9957115710003 10.2781632623896
59.9018100006488 38.167225684323 10.6240178102514
59.0188106566408 39.3178612429135 10.9661126672362
58.1104211673228 40.4470136367819 11.3043207000443
57.1771974836077 41.5540927427291 11.6385155813068
56.2197105221691 42.6385233538664 11.9685718252936
55.2385457667378 43.6997456002797 12.2943648240791
54.234302855282 44.7372153602892 12.6157708841242
53.2075951531281 45.7504046617443 12.9326672632272
52.1590493121084 46.7388020727787 13.2449322077931
51.0893048158478 47.7019130814342 13.5524449903647
49.9990135113313 48.6392604635552 13.8550859473555
48.8888391269268 49.5503846383415 14.1527365169187
47.7594567770706 50.4348440109414 14.4452792768827
46.6115524538572 51.2922153014597 14.7325979826796
45.4458225058135 52.1220938597498 15.0145776051874
44.2629731041733 52.92409396536 15.2911043684043
43.0637196970109 53.6978491120015 15.5620657868673
41.8487864516312 54.4430122759114 15.8273507027243
40.6189056856579 55.1592561674883 16.0868493223659
39.3748172873037 55.8462734655904 16.3404532525185
38.1172681253525 56.5037770338957 16.5880555356954
36.8470114494267 57.1315001187439 16.8295506849048
35.5648062811606 57.7291965278975 17.0648347175039
34.2714167969443 58.2966407896868 17.293805188094
32.9676117029492 58.8336282920307 17.5163612203424
31.6541636031901 59.3399754008585 17.7324035376233
30.3318483614236 59.8155195574981 17.9418344923649
29.0014444577227 60.2601193546347 18.144558093993
27.6637323406085 60.6736545904946 18.3404800353639
26.3194937756578 61.0560263009577 18.5295077175812
24.969511191537 61.4071567693589 18.7115502730954
23.6145670244463 61.7269895137984 18.8865185869935
22.2554430619811 62.0154892518456 19.0543253163875
20.8929197874408 62.2726418425865 19.2148849078256
19.5277757256286 62.4984542060375 19.3681136126546
18.1607867911966 62.6929542200202 19.5139295002762
16.7927256405928 62.8561905946667 19.6522524692517
15.4243610286614 62.9882327248029 19.7830042562269
14.0564571709363 63.0891705205317 19.9061084426605
12.6897731126461 63.1591142164179 20.021490459363
11.3250621054237 63.1981941597491 20.1290775888676
9.96307099267062 63.2065605784217 20.2287989656788
8.60453960448805 63.1843833290705 20.3205855744637
7.25020016302525 63.1318516261268 20.4043702462776
5.90077669903868 63.049173752548 20.4800876529377
4.55698448038193 62.9365767530173 20.5476742996835
3.21952945306942 62.7943061104576 20.607068516291
1.8891076954718 62.6226254067387 20.6582104468327
0.566404886109929 62.421815968487 20.7010420383019
-0.747904214581761 62.1921764989221 20.7355070283478
-2.05315626825165 61.934022696649 20.7615509323935
-3.34869984821896 61.6476868623296 20.7791210304371
-4.63389591458925 61.3335174941358 20.7881663538587
-5.90811827493691 60.9918788728537 20.7886376725852
-7.17075403069589 60.6231506374632 20.7804874829837
-8.42120400949824 60.2277273519572 20.7636699968827
-9.65888318379282 59.8060180640927 20.7381411321358
-10.8832210761625 59.3584458566807 20.7038585051683
-12.0936621518354 58.8854473919261 20.6607814259618
-13.2896661989522 58.3874724492213 20.6088708959506
-14.4707086972064 57.8649834566786 20.5480896093214
-15.6362811755165 57.318455016563 20.478401958219
-16.7858915594146 56.7483734246524 20.3997740423792
-17.9190645088481 56.1552361834149 20.312173683718
-19.035341747085 55.5395515087513 20.2155704464241
-20.1342823813901 54.9018378299069 20.1099356631093
-21.2154632160985 54.2426232820124 19.9952424675876
-22.2784790586556 53.5624451905725 19.8714658348643
-23.3229430191118 52.8618495470816 19.7385826289328
-24.3484868034694 52.1413904748131 19.5965716589908
-25.3547610011626 51.4016296837019 19.4454137447058
-26.3414353668247 50.6431359131228 19.2850917911797
-27.3081990963463 49.8664843612569 19.1155908742854
-28.2547610970695 49.0722560996445 18.9368983370726
-29.1808502517811 48.2610374714335 18.7490038979721
-30.0862156759766 47.4334194717633 18.5518997715576
-30.970626967661 46.5899971086639 18.3455808026628
-31.8338744487266 45.7313687428043 18.1300446146928
-32.6757693967185 44.8581354043981 17.9052917730114
-33.496144265543 43.970900085554 17.6713259643352
-34.2948528934171 43.0702670063661 17.428154193116
-35.0717706960708 42.1568408530513 17.1757869959447
-35.8267948429233 41.2312259864799 16.9142386750657
-36.5598444136359 40.2940256194953 16.6435275521423
-37.2708605321085 39.3458409614949 16.3636762434641
-37.959806474628 38.3872703288374 16.0747119578351
-38.6266677484844 37.4189082197638 15.7766668184137
-39.2714521369563 36.4413443526701 15.4695782098048
-39.8941897061074 35.4551626667542 15.1534891517042
-40.4949327683417 34.460940284287 14.8284487003831
-41.0737557971268 33.459246434038 14.4945123792426
-41.6307552867052 32.450641335722 14.1517426395776
-42.1660495499775 31.4356750457543 13.8002093525393
-42.6797784470559 30.4148862651058 13.4399903330689
-43.172103036249 29.3888011106718 13.0711718962697
-43.6432051384718 28.3579318523212 12.6938494462791
-44.0932868052715 27.3227756187057 12.3081280971693
-44.5225696798638 26.2838130760129 11.9141233247165
-44.9312942398033 25.2415070851629 11.511961647026
-45.3197189092194 24.196301344515 11.1017813309362
-45.6881190279963 23.1486190269898 10.6837331198467
-46.0367856649407 22.0988614226414 10.257980977093
-46.366024261968 21.0474066001484 9.82470283721805
-46.6761530967547 19.9946081034169 9.38409135547978
-46.9675015523007 18.9407937024733 8.93635464369232
-47.2404081835517 17.8862642210086 8.48171697809197
-47.4952185738069 16.8312924662029 8.02041946241031
-47.7322829772144 15.7761222896773 7.55272062684542
-47.951953748344 14.7209678113758 7.07889694129086
-48.154582565686 13.6660128406325 6.59924321919423
-48.3405174629428 12.6114105303479 6.11407288698053
-48.5100996900528 11.5572833007535 5.6237180933178
-48.6636604347881 10.5037230683856 5.12852963285008
-48.8015174451696 9.45079181331162 4.62887666058058
-48.9239716023631 8.3985225131324 4.12514617601507
-49.0313035026002 7.3469204656938 3.61774226055617
-49.1237701143476 6.29596501377941 3.10708505746291
-49.2016015827589 5.24561167450788 2.59360949082689
-49.2649982567298 4.19579466406652 2.07776372821851
-49.3141280141078 3.14642979531242 1.5600074005513
-49.3491239573976 2.09741771234435 1.04080960182947
-49.3700825455062 1.04864741318041 0.520646700243997
-49.3770622168126 1.47129570540178e-14 1.97872532821663e-14
-49.3700825455062 -1.04864741318038 -0.520646700243957
-49.3491239573976 -2.09741771234432 -1.04080960182943
-49.3141280141079 -3.1464297953124 -1.56000740055126
-49.2649982567298 -4.19579466406649 -2.07776372821847
-49.201601582759 -5.24561167450786 -2.59360949082685
-49.1237701143476 -6.29596501377938 -3.10708505746287
-49.0313035026002 -7.34692046569377 -3.61774226055613
-48.9239716023632 -8.39852251313237 -4.12514617601502
-48.8015174451696 -9.4507918133116 -4.62887666058054
-48.6636604347881 -10.5037230683856 -5.12852963285003
-48.5100996900528 -11.5572833007535 -5.62371809331775
-48.3405174629428 -12.6114105303479 -6.11407288698049
-48.154582565686 -13.6660128406325 -6.59924321919419
-47.951953748344 -14.7209678113758 -7.07889694129082
-47.7322829772144 -15.7761222896773 -7.55272062684538
-47.4952185738069 -16.8312924662028 -8.02041946241027
-47.2404081835517 -17.8862642210086 -8.48171697809193
-46.9675015523007 -18.9407937024733 -8.93635464369229
-46.6761530967547 -19.9946081034169 -9.38409135547974
-46.366024261968 -21.0474066001484 -9.82470283721801
-46.0367856649407 -22.0988614226414 -10.2579809770929
-45.6881190279962 -23.1486190269897 -10.6837331198467
-45.3197189092194 -24.196301344515 -11.1017813309361
-44.9312942398032 -25.2415070851629 -11.511961647026
-44.5225696798638 -26.2838130760129 -11.9141233247165
-44.0932868052715 -27.3227756187057 -12.3081280971693
-43.6432051384718 -28.3579318523212 -12.6938494462791
-43.1721030362489 -29.3888011106718 -13.0711718962696
-42.6797784470558 -30.4148862651058 -13.4399903330689
-42.1660495499775 -31.4356750457543 -13.8002093525392
-41.6307552867051 -32.450641335722 -14.1517426395775
-41.0737557971267 -33.459246434038 -14.4945123792426
-40.4949327683416 -34.460940284287 -14.8284487003831
-39.8941897061073 -35.4551626667542 -15.1534891517041
-39.2714521369562 -36.4413443526701 -15.4695782098047
-38.6266677484842 -37.4189082197638 -15.7766668184137
-37.9598064746279 -38.3872703288374 -16.074711957835
-37.2708605321084 -39.3458409614949 -16.363676243464
-36.5598444136358 -40.2940256194953 -16.6435275521422
-35.8267948429232 -41.2312259864799 -16.9142386750657
-35.0717706960707 -42.1568408530514 -17.1757869959447
-34.294852893417 -43.0702670063661 -17.428154193116
-33.4961442655428 -43.970900085554 -17.6713259643352
-32.6757693967183 -44.8581354043981 -17.9052917730113
-31.8338744487265 -45.7313687428043 -18.1300446146927
-30.9706269676608 -46.5899971086638 -18.3455808026628
-30.0862156759764 -47.4334194717633 -18.5518997715576
-29.1808502517809 -48.2610374714335 -18.7490038979721
-28.2547610970693 -49.0722560996445 -18.9368983370725
-27.308199096346 -49.8664843612569 -19.1155908742853
-26.3414353668244 -50.6431359131228 -19.2850917911797
-25.3547610011624 -51.4016296837019 -19.4454137447058
-24.3484868034691 -52.1413904748131 -19.5965716589907
-23.3229430191115 -52.8618495470816 -19.7385826289327
-22.2784790586553 -53.5624451905725 -19.8714658348642
-21.2154632160982 -54.2426232820124 -19.9952424675875
-20.1342823813898 -54.9018378299068 -20.1099356631092
-19.0353417470847 -55.5395515087512 -20.215570446424
-17.9190645088478 -56.1552361834148 -20.3121736837179
-16.7858915594143 -56.7483734246523 -20.3997740423791
-15.6362811755162 -57.3184550165629 -20.478401958219
-14.4707086972061 -57.8649834566785 -20.5480896093213
-13.2896661989519 -58.3874724492212 -20.6088708959506
-12.0936621518351 -58.885447391926 -20.6607814259617
-10.8832210761621 -59.3584458566806 -20.7038585051682
-9.65888318379244 -59.8060180640927 -20.7381411321357
-8.42120400949785 -60.2277273519571 -20.7636699968826
-7.17075403069549 -60.6231506374631 -20.7804874829836
-5.9081182749365 -60.9918788728536 -20.7886376725851
-4.63389591458883 -61.3335174941357 -20.7881663538586
-3.34869984821853 -61.6476868623295 -20.779121030437
-2.05315626825121 -61.9340226966488 -20.7615509323934
-0.747904214581317 -62.192176498922 -20.7355070283477
0.566404886110381 -62.4218159684869 -20.7010420383018
1.88910769547226 -62.6226254067385 -20.6582104468326
3.21952945306989 -62.7943061104574 -20.6070685162909
4.55698448038241 -62.9365767530171 -20.5476742996834
5.90077669903917 -63.0491737525478 -20.4800876529376
7.25020016302574 -63.1318516261266 -20.4043702462775
8.60453960448855 -63.1843833290703 -20.3205855744636
9.96307099267112 -63.2065605784215 -20.2287989656787
11.3250621054242 -63.1981941597489 -20.1290775888675
12.6897731126466 -63.1591142164177 -20.0214904593628
14.0564571709368 -63.0891705205314 -19.9061084426604
15.4243610286619 -62.9882327248026 -19.7830042562268
16.7927256405933 -62.8561905946664 -19.6522524692516
18.1607867911971 -62.6929542200199 -19.5139295002761
19.5277757256291 -62.4984542060372 -19.3681136126545
20.8929197874414 -62.2726418425862 -19.2148849078254
22.2554430619816 -62.0154892518453 -19.0543253163873
23.6145670244468 -61.7269895137981 -18.8865185869934
24.9695111915376 -61.4071567693585 -18.7115502730953
26.3194937756584 -61.0560263009573 -18.529507717581
27.6637323406091 -60.6736545904942 -18.3404800353637
29.0014444577232 -60.2601193546343 -18.1445580939928
30.3318483614242 -59.8155195574977 -17.9418344923647
31.6541636031906 -59.3399754008581 -17.7324035376232
32.9676117029497 -58.8336282920302 -17.5163612203422
34.2714167969449 -58.2966407896863 -17.2938051880938
35.5648062811611 -57.729196527897 -17.0648347175038
36.8470114494272 -57.1315001187434 -16.8295506849046
38.117268125353 -56.5037770338952 -16.5880555356953
39.3748172873043 -55.8462734655899 -16.3404532525183
40.6189056856585 -55.1592561674877 -16.0868493223658
41.8487864516318 -54.4430122759108 -15.8273507027241
43.0637196970115 -53.6978491120009 -15.5620657868671
44.2629731041739 -52.9240939653594 -15.2911043684042
45.4458225058141 -52.1220938597492 -15.0145776051872
46.6115524538578 -51.2922153014591 -14.7325979826794
47.7594567770711 -50.4348440109408 -14.4452792768825
48.8888391269273 -49.5503846383408 -14.1527365169185
49.9990135113318 -48.6392604635546 -13.8550859473553
51.0893048158483 -47.7019130814336 -13.5524449903645
52.1590493121089 -46.738802072778 -13.2449322077929
53.2075951531286 -45.7504046617436 -12.932667263227
54.2343028552825 -44.7372153602884 -12.615770884124
55.2385457667383 -43.699745600279 -12.2943648240789
56.2197105221695 -42.6385233538657 -11.9685718252934
57.1771974836082 -41.5540927427283 -11.6385155813066
58.1104211673233 -40.4470136367812 -11.3043207000441
59.0188106566413 -39.3178612429127 -10.966112667236
59.9018100006493 -38.1672256843222 -10.6240178102512
60.758878598747 -36.9957115709994 -10.2781632623893
61.5894915710351 -35.8039375618776 -9.9286769276679
62.3931401145487 -34.5925359191726 -9.57568744613607
63.169331845363 -33.3621520554039 -9.21932415974359
63.9175911266146 -32.1134440735741 -8.85971707878663
64.637459382497 -30.847082300966 -8.49699684894882
65.3284953983032 -29.5637488169961 -8.13129471895048
65.9902756065968 -28.2641369755455 -7.76274250881466
66.6223943596047 -26.9489509221698 -7.39147257875378
67.2244641879318 -25.6189051065689 -7.0176177986766
67.796116045704 -24.2747237906829 -6.64131151831093
68.3369995422496 -22.9171405527561 -6.26268753793323
68.8467831604332 -21.5468977876982 -5.88188007969287
69.3251544617572 -20.1647462040515 -5.49902375951494
69.7718202783467 -18.771444317856 -5.11425355956225
70.1865068919298 -17.36775794369 -4.72770480123418
70.5689601999283 -15.9544596831445 -4.33951311867718
70.9189458687631 -14.5323284109807 -3.94981443277936
71.2362494744818 -13.1021487592001 -3.558744925619
71.5206766308043 -11.664710599248 -3.1664410153354
71.7720531046795 -10.2208085225585 -2.7730393313881
71.9902249194386 -8.77124131963705 -2.37867669016962
72.1750584456233 -7.31681145786796 -1.98349007093501
72.3264404795578 -5.8583245582256 -1.58761659201095
72.4442783097271 -4.39658887105993 -1.19119348724584
72.5284997710132 -2.9324147511206 -0.794358082661731
72.5790532868337 -1.46661413197856 -0.397247773268473

-43.2097213608618 66.8604112269805 -4.95988150577328e-13
-44.4714191505136 66.1125076384967 0.397247773268124
-45.7155629656634 65.3358266999745 0.794358082661393
-46.9414642184516 64.5308017149873 1.19119348724552
-48.1484455420707 63.697883316951 1.58761659201064
-49.3358412312806 62.8375391800659 1.9834900709347
-50.502997676503 61.9502537200344 2.37867669016933
-51.6492737913462 61.0365277846025 2.77303933138782
-52.7740414333989 60.0968783339682 3.16644101533513
-53.8766858181253 59.1318381110906 3.55874492561875
-54.9566059256836 58.1419553019355 3.94981443277911
-56.0132149004764 57.1277931856822 4.33951311867695
-57.0459404432339 56.0899297749214 4.72770480123396
-58.0542251954163 55.028957445866 5.11425355956204
-59.0375271157076 53.9454825585997 5.49902375951474
-59.9953198483646 52.8401250673883 5.88188007969269
-60.9270930831648 51.7135181210792 6.26268753793306
-61.8323529066887 50.5663076536196 6.64131151831078
-62.7106221446522 49.3991519647253 7.01761779867646
-63.5614406949962 48.2127212907415 7.39147257875365
-64.3843658514188 47.0076973657402 7.76274250881454
-65.1789726170272 45.7847729729109 8.13129471895038
-65.9448540077693 44.5446514863077 8.49699684894872
-66.6816213452882 43.2880464030315 8.85971707878655
-67.3889045388355 42.0156808659353 9.21932415974353
-68.0663523558585 40.7282871769583 9.57568744613602
-68.7136326808705 39.4266063012086 9.92867692766786
-69.330432762196 38.1113873619333 10.2781632623893
-69.9164594461767 36.7833871265334 10.6240178102512
-70.4714393984098 35.4433694838022 10.966112667236
-70.9951193115849 34.0921049125878 11.3043207000441
-71.4872660994766 32.7303699421037 11.6385155813066
-71.9476670766438 31.3589466041368 11.9685718252934
-72.3761301233833 29.9786218774287 12.294364824079
-72.7724838354818 28.5901871245328 12.6157708841241
-73.1365776583076 27.1944375214788 12.9326672632271
-73.4682820047884 25.792171480606 13.2449322077929
-73.7674883568183 24.384190066958 13.5524449903646
-74.0341093496477 22.9712964086609 13.8550859473554
-74.2680788388125 21.5542951017427 14.1527365169186
-74.4693519491713 20.1339916098815 14.4452792768827
-74.6379051056289 18.7111916596056 14.7325979826795
-74.7737360451423 17.2867006315024 15.0145776051873
-74.8768638096185 15.8613229480256 15.2911043684043
-74.9473287193378 14.4358614585271 15.5620657868673
-74.9851923265583 13.0111168221711 15.8273507027242
-74.9905373489827 11.5878868894239 16.0868493223659
-74.9634675828014 10.1669660828446 16.3404532525185
-74.9041077950571 8.74914477793431 16.5880555356954
-74.8126035951147 7.33520868483168 16.8295506849048
-74.6891212850594 5.92593823167276 17.0648347175039
-74.5338476888925 4.52210795045913 17.293805188094
-74.3469899604395 3.12448586630383 17.5163612203424
-74.1287753699377 1.73383289094611 17.7324035376234
-73.8794510693256 0.350902221445176 17.9418344923649
-73.5992838363128 -1.02356125502211 18.144558093993
-73.2885597973704 -2.38882154932319 18.3404800353639
-72.9475841298447 -3.74415215054882 18.5295077175812
-72.5766807434624 -5.0888365972646 18.7115502730955
-72.1761919415638 -6.42216903889452 18.8865185869935
-71.7464780624652 -7.74345478630514 19.0543253163875
-71.2879171014256 -9.05201085067501 19.2148849078256
-70.8009043137566 -10.3471664697554 19.3681136126547
-70.285851799686 -11.6282636206571 19.5139295002762
-69.7431880716497 -12.8946575183338 19.6522524692518
-69.1733576047518 -14.1457170989741 19.7830042562269
-68.5768203711923 -15.3808254875632 19.9061084426605
-67.9540513595193 -16.5993804489328 20.021490459363
-67.3055400796113 -17.8007948216773 20.1290775888676
-66.6317900543439 -18.9844969343863 20.2287989656788
-65.9333182989284 -20.1499310037154 20.3205855744636
-65.2106547889437 -21.2965575138976 20.4043702462776
-64.4643419181002 -22.4238535773833 20.4800876529377
-63.6949339467884 -23.5313132763825 20.5476742996834
-62.9029964424627 -24.6184479851745 20.6070685162909
-62.0891057129037 -25.6847866731421 20.6582104468326
-61.2538482333771 -26.7298761885807 20.7010420383019
-60.3978200686764 -27.7532815234223 20.7355070283477
-59.5216262909894 -28.7545860591057 20.7615509323934
-58.6258803944713 -29.7333917939075 20.779121030437
-57.7112037073394 -30.6893195521311 20.7881663538586
-56.7782248022213 -31.6220091756212 20.7886376725851
-55.827578905401 -32.5311196981398 20.7804874829836
-54.8599073055038 -33.4163295031914 20.7636699968825
-53.875856762054 -34.2773364659332 20.7381411321356
-52.8760789142224 -35.1138580798352 20.7038585051682
-51.8612296899574 -35.9256315687748 20.6607814259617
-50.8319687155685 -36.7124139852545 20.6088708959505
-49.7889587257017 -37.4739822954203 20.5480896093212
-48.7328649735159 -38.210133451531 20.4784019582188
-47.6643546407424 -38.9206844524858 20.399774042379
-46.5840962471832 -39.6054723929578 20.3121736837178
-45.4927590590853 -40.2643545016055 20.2155704464238
-44.3910124957128 -40.8972081687424 20.1099356631091
-43.2795255333377 -41.5039309637374 19.9952424675873
-42.1589661057745 -42.0844406422972 19.871465834864
-41.0300005005026 -42.6386751436442 19.7385826289325
-39.8932927493523 -43.1665925774568 19.5965716589905
-38.7495040126797 -43.6681712002763 19.4454137447055
-37.5992919559149 -44.1434093809129 19.2850917911794
-36.4433101173496 -44.5923255542031 19.115590874285
-35.2822072660281 -45.0149581622802 18.9368983370722
-34.1166267486184 -45.4113655823241 18.7490038979718
-32.947205824177 -45.7816260395504 18.5518997715573
-31.7745749857708 -46.1258375039931 18.3455808026625
-30.5993572679937 -46.4441175694191 18.1300446146924
-29.4221675395065 -46.7366033124947 17.905291773011
-28.2436117798405 -47.003451130101 17.6713259643349
-27.0642863398381 -47.2448365524678 17.4281541931156
-25.8847771852595 -47.4609540295609 17.1757869959443
-24.7056591232619 -47.6520166879201 16.9142386750653
-23.5274950116608 -47.8182560548981 16.6435275521418
-22.3508349511175 -47.9599217469954 16.3636762434637
-21.1762154606546 -48.0772811187226 16.0747119578346
-20.0041586372065 -48.1706188681455 15.7766668184133
-18.8351713002457 -48.2402365949789 15.4695782098043
-17.66974412292 -48.2864523067967 15.1534891517037
-16.5083507515752 -48.3095998686053 14.8284487003827
-15.3514469160523 -48.3100283907041 14.4945123792422
-14.199469533735 -48.2881015494159 14.1517426395771
-13.0528358110019 -48.244196834926 13.8002093525388
-11.911942346523 -48.1787047201298 13.4399903330685
-10.7771642417406 -48.0920277440618 13.0711718962692
-9.64885422491712 -47.9845795031877 12.6938494462787
-8.52734179632043 -47.8567835436061 12.3081280971688
-7.41293240347191 -47.7090721470662 11.914123324716
-6.30590665690936 -47.5418850036994 11.5119616470255
-5.20651959861889 -47.3556677645464 11.1017813309357
-4.11500003715788 -47.1508704674017 10.6837331198462
-3.03154996550408 -46.9279458302734 10.2579809770925
-1.95634407977993 -46.6873474079589 9.82470283721754
-0.889529419151009 -46.4295276089645 9.38409135547927
0.168774850712992 -46.1549355723489 8.93635464369181
1.21847748632654 -45.8640149071411 8.48171697809146
2.25951502139094 -45.5572013008474 8.0204194624098
3.2918514012815 -45.2349200082686 7.55272062684491
4.31547736997232 -44.897583237385 7.07889694129035
5.33040958315562 -44.5455874553702 6.59924321919372
6.33668942338025 -44.1793106447024 6.11407288698002
7.33438149658488 -43.7991095466128 5.62371809331728
8.3235717946001 -43.4053169363937 5.12852963284956
9.30436551512359 -42.9982389819368 4.62887666058007
10.276884539298 -42.5781527427758 4.12514617601455
11.2412645771701 -42.1453038712983 3.61774226055566
12.1976520026474 -41.6999045801162 3.1070850574624
13.146200411612 -41.2421319393385 2.59360949082637
14.0870669489646 -40.7721265642921 2.077763728218
15.0204084618336 -40.2899917478862 1.56000740055078
15.9463775462056 -39.7957930823204 1.04080960182895
16.8651185620705 -39.289558602468 0.520646700243476
17.7767636971507 -38.7712794685392 -5.00477234788718e-13
18.6814291609246 -38.2409111892876 -0.520646700244476
19.5792115886808 -37.6983753699761 -1.04080960182995
20.4701847297631 -37.1435619525738 -1.56000740055178
21.354396485254 -36.5763319002256 -2.07776372821899
22.2318663486358 -35.9965202648308 -2.59360949082737
23.1025832891891 -35.403939566337 -3.10708505746339
23.966504102919 -34.7983834056046 -3.61774226055665
24.823552240554 -34.1796302296436 -4.12514617601554
25.6736171075349 -33.5474471686254 -4.62887666058105
26.5165538176769 -32.9015938680082 -5.12852963285054
27.3521833709568 -32.2418262458595 -5.62371809331826
28.1802932170514 -31.5679001143547 -6.11407288698099
29.0006381600192 -30.879574614738 -6.59924321919468
29.8129415558606 -30.1766154260094 -7.07889694129131
30.6168967534218 -29.4587977185915 -7.55272062684586
31.4121687299049 -28.7259088346449 -8.02041946241075
32.1983958747141 -27.9777506861328 -8.4817169780924
32.9751918790767 -27.2141418698759 -8.93635464369275
33.7421476933946 -26.4349195055479 -9.3840913554802
34.4988335192369 -25.6399408078108 -9.82470283721846
35.2448008079338 -24.8290844076324 -10.2579809770934
35.9795842426431 -24.0022514404122 -10.6837331198471
36.7027036853273 -23.1593664200317 -11.1017813309366
37.4136660742016 -22.3003779185368 -11.5119616470264
38.1119672608247 -21.4252590710536 -11.9141233247169
38.797093779081 -20.5340079249008 -12.3081280971697
39.468524540878 -19.6266476508668 -12.6938494462795
40.1257324554786 -18.7032266333903 -13.07117189627
40.7681859710679 -17.7638184550244 -13.4399903330693
41.3953505384685 -16.8085217891721 -13.8002093525396
42.0066899979292 -15.8374602136944 -14.1517426395779
42.6016678906682 -14.8507819566666 -14.4945123792429
43.1797486974059 -13.8486595843187 -14.8284487003834
43.7403990065164 -12.831289640043 -15.1534891517045
44.283088614691 -11.7988922423093 -15.469578209805
44.8072915631799 -10.7517106483822 -15.776666818414
45.3124871127718 -9.69001078988576 -16.0747119578353
45.7981606607152 -8.61408078550099 -16.3636762434643
46.2638046027858 -7.52423043540329 -16.6435275521425
46.7089191436744 -6.42079070144067 -16.914238675066
47.1330130588195 -5.30411317651003 -17.175786995945
47.5356044107444 -4.17456954610217 -17.4281541931163
47.9162212228727 -3.03255104454747 -17.6713259643355
48.2744021137142 -1.87846790809711 -17.9052917730116
48.6096968942096 -0.712748826615347 -18.130044614693
48.921667130921 0.464159604670193 -18.345580802663
49.2098866776429 1.65179343221238 -18.5518997715578
49.4739421778888 2.84967188910884 -18.7490038979723
49.7134335405869 4.05729793736377 -18.9368983370728
49.9279743911852 5.27415880705329 -19.1155908742856
50.1171925002289 6.49972653220929 -19.2850917911799
50.2807301913317 7.73345848342504 -19.445413744706
50.418244730311 8.97479789735573 -19.596571658991
50.5294086971038 10.2231744034369 -19.738582628933
50.6139103419195 11.4780045482747 -19.8714658348645
50.6714539269256 12.7386923182744 -19.9952424675878
50.7017600545923 14.0046296611639 -20.1099356631095
50.7045659836599 15.2751970071452 -20.2155704464243
50.6796259335209 16.5497637904565 -20.3121736837182
50.6267113776465 17.827688972166 -20.3997740423794
50.5456113265219 19.1083215650314 -20.4784019582192
50.4361326003977 20.3910011612577 -20.5480896093216
50.2981000920103 21.6750584639662 -20.6088708959509
50.1313570192825 22.9598158231507 -20.660781425962
49.9357651678746 24.2445877768449 -20.7038585051686
49.7112051233365 25.5286815981589 -20.738141132136
49.4575764924917 26.8113978487652 -20.7636699968829
49.1747981135866 28.0920309393227 -20.780487482984
48.862808254648 29.3698696972318 -20.7886376725854
48.5215647994184 30.6441979420041 -20.788166353859
48.15104542018 31.9142950684214 -20.7791210304374
47.7512477367308 33.1794366375426 -20.7615509323938
47.322189460748 34.4388949754991 -20.7355070283481
46.863908524757 35.6919397799057 -20.7010420383023
46.3764631949218 36.9378387335959 -20.658210446833
45.8599321668832 38.1758581252824 -20.6070685162913
45.3144146438964 39.4052634766341 -20.5476742996838
44.7400303965516 40.625320175164 -20.4800876529381
44.1369198034085 41.8352941122286 -20.404370246278
43.5052438719304 43.0344523253545 -20.320585574464
42.8451842391634 44.2220636440347 -20.2287989656792
42.1569431516778 45.3973993380712 -20.1290775888681
41.4407434243633 46.5597337674845 -20.0214904593634
40.6968283777462 47.7083450329679 -19.9061084426609
39.9254617535806 48.8425156258282 -19.7830042562273
39.1269276085472 49.9615330763323 -19.6522524692522
38.3015301859798 51.0646905993625 -19.5139295002766
37.4495937656184 52.1512877362815 -19.3681136126551
36.5714624914752 53.2206309919109 -19.2148849078261
35.6675001779745 54.2720344655399 -19.054325316388
34.738090094608 55.3048204749033 -18.886518586994
33.7836347294159 56.3183201720937 -18.711550273096
32.8045555316774 57.3118741504083 -18.5295077175817
31.8012926342525 58.2848330411708 -18.3404800353644
30.7743045560808 59.236558099612 -18.1445580939935
29.7240678853926 60.1664217789427 -17.9418344923654
28.6510769442383 61.073808291804 -17.7324035376239
27.5558434349811 61.9581141583339 -17.516361220343
26.438896069439 62.8187487401453 -17.2938051880946
25.3007801813896 63.6551347595696 -17.0648347175045
24.1420573231789 64.466708803575 -16.8295506849053
22.9633048471955 65.2529218118295 -16.588055535696
21.7651154729886 66.0132395484344 -16.3404532525191
20.5480968408158 66.7471430569116 -16.0868493223665
19.3128710524181 67.4541290980819 -15.8273507027249
18.0600741998179 68.1337105705281 -15.5620657868679
16.7903558829362 68.785416913385 -15.291104368405
15.5043787168199 69.4087944912516 -15.014577605188
14.2028178292629 70.0034069610647 -14.7325979826802
12.8863603495919 70.5688356208223 -14.4452792768834
11.555704889377 71.1046797400836 -14.1527365169194
10.2115610158078 71.6105568722155 -13.8550859473562
8.8546487184619 72.0861031483916 -13.5524449903653
7.48569787017146 72.5309735533841 -13.2449322077937
6.10544768267106 72.9448421832225 -12.9326672632278
4.71464615769132 73.3274024848213 -12.6157708841249
3.31404953413712 73.6783674777078 -12.2943648240797
1.90442173196636 73.9974699580026 -11.9685718252942
0.486533793360608 74.2844626848321 -11.6385155813074
-0.938836678246116 74.5391185493691 -11.3043207000449
-2.37090608073919 74.7612307267151 -10.9661126672368
-3.80888537698026 74.9506128108558 -10.624017810252
-5.25198065905864 75.1070989329329 -10.2781632623902
-6.69939371267222 75.2305438630864 -9.92867692766872
-8.15032258119778 75.3208230961311 -9.57568744613689
-9.60396212903512 75.3778329213394 -9.21932415974441
-11.0595046038339 75.4014904766058 -8.85971707878745
-12.5161401972352 75.3917337872739 -8.49699684894962
-13.9730576037835 75.3485217899072 -8.13129471895129
-15.4294445776856 75.271834341286 -7.76274250881546
-16.8844884871159 75.1616722129114 -7.39147257875457
-18.337376865787 75.0180570712945 -7.01761779867739
-19.7872979615228 74.8410314443028 -6.64131151831171
-21.2334412815922 74.6306586738356 -6.262687537934
-22.6749981345759 74.3870228550868 -5.88188007969363
-24.111162168557 74.1102287626515 -5.4990237595157
-25.5411299054377 73.8004017637224 -5.114253559563
-26.9641012712032 73.4576877186117 -4.72770480123492
-28.3792801219592 73.082252868827 -4.33951311867792
-29.7858747655867 72.6742837129166 -3.94981443278008
-31.1830984788638 72.2339868702911 -3.55874492561972
-32.5701700199128 71.7615889332165 -3.16644101533611
-33.9463141358405 71.2573363071614 -2.7730393313888
-35.3107620654428 70.7214950396718 -2.37867669017031
-36.6627520368499 70.1543506379343 -1.98349007093569
-38.0015297599944 69.556207875177 -1.58761659201163
-39.3263489137828 68.9273905860476 -1.19119348724651
-40.636471627857 68.2682414510956 -0.794358082662387
-41.9311689588273 67.5791217704757 -0.397247773269119

-43.2097213608763 -66.8604112269689 -4.45130388692621e-12
-41.931168958842 -67.5791217704645 0.397247773264184
-40.6364716278719 -68.2682414510847 0.794358082657466
-39.3263489137978 -68.9273905860372 1.19119348724161
-38.0015297600095 -69.5562078751669 1.58761659200675
-36.6627520368652 -70.1543506379246 1.98349007093083
-35.3107620654582 -70.7214950396625 2.37867669016547
-33.946314135856 -71.2573363071525 2.77303933138398
-32.5701700199284 -71.761588933208 3.16644101533131
-31.1830984788795 -72.233986870283 3.55874492561495
-29.7858747656025 -72.6742837129089 3.94981443277535
-28.3792801219751 -73.0822528688198 4.33951311867321
-26.9641012712192 -73.4576877186049 4.72770480123025
-25.5411299054537 -73.8004017637159 5.11425355955836
-24.111162168573 -74.1102287626455 5.49902375951109
-22.674998134592 -74.3870228550812 5.88188007968907
-21.2334412816083 -74.6306586738305 6.26268753792947
-19.787297961539 -74.8410314442981 6.64131151830723
-18.3373768658032 -75.0180570712902 7.01761779867295
-16.8844884871321 -75.1616722129076 7.39147257875017
-15.4294445777018 -75.2718343412825 7.76274250881111
-13.9730576037997 -75.3485217899042 8.13129471894698
-12.5161401972514 -75.3917337872714 8.49699684894537
-11.05950460385 -75.4014904766036 8.85971707878324
-9.60396212905117 -75.3778329213376 9.21932415974025
-8.15032258121377 -75.3208230961298 9.57568744613278
-6.69939371268815 -75.2305438630855 9.92867692766467
-5.25198065907449 -75.1070989329325 10.2781632623862
-3.80888537699604 -74.9506128108557 10.6240178102481
-2.37090608075487 -74.7612307267154 10.9661126672329
-0.938836678261695 -74.5391185493699 11.3043207000411
0.486533793345138 -74.2844626848333 11.6385155813037
1.90442173195101 -73.9974699580041 11.9685718252905
3.31404953412189 -73.6783674777098 12.2943648240761
4.71464615767623 -73.3274024848237 12.6157708841213
6.10544768265611 -72.9448421832252 12.9326672632243
7.48569787015666 -72.5309735533872 13.2449322077902
8.85464871844725 -72.0861031483951 13.5524449903619
10.2115610157933 -71.6105568722194 13.8550859473528
11.5557048893627 -71.1046797400878 14.1527365169161
12.8863603495778 -70.5688356208268 14.4452792768802
14.2028178292489 -70.0034069610696 14.7325979826771
15.5043787168062 -69.4087944912568 15.014577605185
16.7903558829227 -68.7854169133905 15.291104368402
18.0600741998046 -68.1337105705339 15.562065786865
19.312871052405 -67.4541290980881 15.827350702722
20.5480968408029 -66.7471430569181 16.0868493223638
21.7651154729759 -66.0132395484412 16.3404532525164
22.9633048471831 -65.2529218118366 16.5880555356934
24.1420573231667 -64.4667088035824 16.8295506849028
25.3007801813776 -63.6551347595773 17.064834717502
26.4388960694273 -62.8187487401533 17.2938051880922
27.5558434349696 -61.9581141583421 17.5163612203407
28.6510769442271 -61.0738082918125 17.7324035376217
29.7240678853817 -60.1664217789514 17.9418344923633
30.77430455607 -59.2365580996209 18.1445580939914
31.801292634242 -58.28483304118 18.3404800353624
32.8045555316672 -57.3118741504178 18.5295077175797
33.783634729406 -56.3183201721034 18.7115502730941
34.7380900945983 -55.3048204749132 18.8865185869922
35.6675001779652 -54.2720344655499 19.0543253163862
36.5714624914661 -53.2206309919211 19.2148849078244
37.4495937656096 -52.1512877362919 19.3681136126536
38.3015301859713 -51.0646905993731 19.5139295002752
39.126927608539 -49.961533076343 19.6522524692508
39.9254617535726 -48.8425156258391 19.783004256226
40.6968283777386 -47.7083450329789 19.9061084426597
41.4407434243559 -46.5597337674957 20.0214904593622
42.1569431516707 -45.3973993380826 20.129077588867
42.8451842391566 -44.2220636440462 20.2287989656782
43.505243871924 -43.0344523253661 20.3205855744631
44.1369198034023 -41.8352941122404 20.4043702462772
44.7400303965457 -40.6253201751759 20.4800876529373
45.3144146438908 -39.405263476646 20.5476742996832
45.8599321668779 -38.1758581252944 20.6070685162907
46.3764631949168 -36.937838733608 20.6582104468325
46.8639085247523 -35.6919397799178 20.7010420383018
47.3221894607436 -34.4388949755113 20.7355070283478
47.7512477367267 -33.1794366375549 20.7615509323936
48.1510454201762 -31.9142950684338 20.7791210304372
48.5215647994149 -30.6441979420164 20.7881663538589
48.8628082546448 -29.3698696972442 20.7886376725854
49.1747981135837 -28.0920309393351 20.7804874829841
49.4575764924891 -26.8113978487777 20.7636699968831
49.7112051233341 -25.5286815981714 20.7381411321363
49.9357651678725 -24.2445877768574 20.7038585051689
50.1313570192807 -22.9598158231632 20.6607814259625
50.2981000920088 -21.6750584639786 20.6088708959514
50.4361326003964 -20.3910011612701 20.5480896093222
50.545611326521 -19.1083215650438 20.47840195822
50.6267113776458 -17.8276889721784 20.3997740423802
50.6796259335205 -16.5497637904689 20.3121736837191
50.7045659836597 -15.2751970071576 20.2155704464253
50.7017600545924 -14.0046296611763 20.1099356631106
50.671453926926 -12.7386923182867 19.9952424675889
50.6139103419202 -11.4780045482869 19.8714658348657
50.5294086971048 -10.223174403449 19.7385826289343
50.4182447303123 -8.97479789736784 19.5965716589924
50.2807301913332 -7.73345848343708 19.4454137447075
50.1171925002306 -6.49972653222126 19.2850917911815
49.9279743911872 -5.27415880706518 19.1155908742872
49.7134335405892 -4.05729793737557 18.9368983370745
49.4739421778913 -2.84967188912056 18.7490038979742
49.2098866776456 -1.651793432224 18.5518997715598
48.921667130924 -0.464159604681717 18.3455808026651
48.6096968942127 0.712748826603925 18.1300446146952
48.2744021137176 1.87846790808579 17.9052917730139
47.9162212228763 3.03255104453626 17.6713259643378
47.5356044107483 4.17456954609108 17.4281541931187
47.1330130588236 5.30411317649906 17.1757869959475
46.7089191436786 6.42079070142983 16.9142386750686
46.2638046027903 7.52423043539257 16.6435275521452
45.7981606607199 8.6140807854904 16.3636762434672
45.3124871127767 9.69001078987531 16.0747119578382
44.8072915631851 10.7517106483719 15.776666818417
44.2830886146963 11.7988922422991 15.4695782098081
43.7403990065219 12.831289640033 15.1534891517076
43.1797486974116 13.8486595843088 14.8284487003867
42.601667890674 14.8507819566568 14.4945123792463
42.0066899979352 15.8374602136848 14.1517426395813
41.3953505384747 16.8085217891627 13.8002093525432
40.7681859710743 17.7638184550151 13.4399903330729
40.1257324554851 18.7032266333812 13.0711718962738
39.4685245408847 19.6266476508579 12.6938494462833
38.7970937790878 20.5340079248919 12.3081280971736
38.1119672608317 21.425259071045 11.9141233247209
37.4136660742088 22.3003779185283 11.5119616470305
36.7027036853346 23.1593664200233 11.1017813309407
35.9795842426505 24.002251440404 10.6837331198514
35.2448008079413 24.8290844076243 10.2579809770977
34.4988335192445 25.6399408078029 9.82470283722289
33.7421476934024 26.4349195055401 9.3840913554847
32.9751918790845 27.2141418698683 8.93635464369733
32.1983958747221 27.9777506861253 8.48171697809706
31.412168729913 28.7259088346376 8.02041946241548
30.61689675343 29.4587977185844 7.55272062685067
29.8129415558689 30.1766154260024 7.07889694129617
29.0006381600276 30.8795746147311 6.59924321919961
28.1802932170599 31.567900114348 6.11407288698598
27.3521833709654 32.2418262458529 5.62371809332331
26.5165538176855 32.9015938680018 5.12852963285564
25.6736171075437 33.5474471686191 4.6288766605862
24.8235522405629 34.1796302296374 4.12514617602073
23.9665041029279 34.7983834055986 3.61774226056188
23.1025832891981 35.403939566331 3.10708505746866
22.231866348645 35.9965202648249 2.59360949083267
21.3543964852632 36.5763319002199 2.07776372822432
20.4701847297724 37.1435619525682 1.56000740055712
19.5792115886902 37.6983753699707 1.04080960183532
18.6814291609341 38.2409111892823 0.520646700249848
17.7767636971603 38.771279468534 5.87461406999019e-12
16.8651185620802 39.2895586024629 -0.520646700238103
15.9463775462154 39.7957930823155 -1.04080960182359
15.0204084618435 40.2899917478813 -1.56000740054543
14.0870669489746 40.7721265642874 -2.07776372821266
13.1462004116221 41.2421319393339 -2.59360949082105
12.1976520026576 41.6999045801118 -3.1070850574571
11.2412645771804 42.145303871294 -3.61774226055039
10.2768845393085 42.5781527427717 -4.12514617600932
9.30436551513415 42.9982389819328 -4.62887666057488
8.32357179461079 43.4053169363898 -5.12852963284442
7.33438149659568 43.799109546609 -5.62371809331219
6.33668942339117 44.1793106446988 -6.11407288697497
5.33040958316666 44.5455874553668 -6.59924321918873
4.31547736998349 44.8975832373817 -7.07889694128542
3.2918514012928 45.2349200082655 -7.55272062684004
2.25951502140237 45.5572013008445 -8.020419462405
1.2184774863381 45.8640149071384 -8.48171697808672
0.168774850724676 46.1549355723463 -8.93635464368715
-0.889529419139199 46.4295276089621 -9.38409135547468
-1.956344079768 46.6873474079567 -9.82470283721302
-3.03154996549203 46.9279458302714 -10.257980977088
-4.1150000371457 47.1508704673999 -10.6837331198419
-5.20651959860659 47.3556677645448 -11.1017813309314
-6.30590665689694 47.541885003698 -11.5119616470213
-7.41293240345937 47.7090721470651 -11.9141233247119
-8.52734179630778 47.8567835436052 -12.3081280971648
-9.64885422490436 47.9845795031871 -12.6938494462747
-10.7771642417277 48.0920277440614 -13.0711718962653
-11.9119423465101 48.1787047201296 -13.4399903330647
-13.0528358109889 48.2441968349262 -13.8002093525351
-14.1994695337218 48.2881015494163 -14.1517426395735
-15.3514469160391 48.3100283907048 -14.4945123792387
-16.5083507515619 48.3095998686062 -14.8284487003793
-17.6697441229066 48.286452306798 -15.1534891517004
-18.8351713002322 48.2402365949804 -15.4695782098011
-20.0041586371929 48.1706188681473 -15.7766668184102
-21.176215460641 48.0772811187248 -16.0747119578316
-22.3508349511038 47.9599217469978 -16.3636762434607
-23.5274950116471 47.8182560549008 -16.643527552139
-24.7056591232481 47.6520166879231 -16.9142386750626
-25.8847771852457 47.4609540295642 -17.1757869959417
-27.0642863398243 47.2448365524714 -17.4281541931131
-28.2436117798266 47.003451130105 -17.6713259643324
-29.4221675394926 46.736603312499 -17.9052917730087
-30.5993572679798 46.4441175694238 -18.1300446146902
-31.7745749857569 46.1258375039981 -18.3455808026603
-32.9472058241631 45.7816260395557 -18.5518997715553
-34.1166267486046 45.4113655823298 -18.7490038979699
-35.2822072660143 45.0149581622862 -18.9368983370704
-36.4433101173358 44.5923255542094 -19.1155908742833
-37.5992919559011 44.1434093809196 -19.2850917911778
-38.749504012666 43.6681712002833 -19.445413744704
-39.8932927493386 43.1665925774641 -19.5965716589891
-41.030000500489 42.6386751436519 -19.7385826289312
-42.158966105761 42.0844406423053 -19.8714658348628
-43.2795255333242 41.5039309637458 -19.9952424675863
-44.3910124956994 40.8972081687511 -20.1099356631081
-45.4927590590721 40.2643545016145 -20.215570446423
-46.5840962471701 39.6054723929672 -20.312173683717
-47.6643546407293 38.9206844524956 -20.3997740423783
-48.732864973503 38.2101334515411 -20.4784019582183
-49.7889587256889 37.4739822954307 -20.5480896093208
-50.8319687155559 36.7124139852653 -20.6088708959501
-51.861229689945 35.9256315687859 -20.6607814259614
-52.8760789142101 35.1138580798467 -20.7038585051681
-53.8758567620419 34.277336465945 -20.7381411321356
-54.8599073054919 33.4163295032036 -20.7636699968826
-55.8275789053893 32.5311196981523 -20.7804874829838
-56.7782248022098 31.6220091756341 -20.7886376725854
-57.7112037073281 30.6893195521442 -20.788166353859
-58.6258803944602 29.733391793921 -20.7791210304375
-59.5216262909785 28.7545860591195 -20.7615509323941
-60.3978200686658 27.7532815234364 -20.7355070283485
-61.2538482333667 26.7298761885951 -20.7010420383027
-62.0891057128936 25.6847866731568 -20.6582104468336
-62.9029964424528 24.6184479851895 -20.607068516292
-63.6949339467788 23.5313132763978 -20.5476742996846
-64.464341918091 22.4238535773989 -20.480087652939
-65.2106547889348 21.2965575139134 -20.404370246279
-65.9333182989198 20.1499310037315 -20.3205855744651
-66.6317900543356 18.9844969344028 -20.2287989656804
-67.3055400796033 17.8007948216939 -20.1290775888693
-67.9540513595116 16.5993804489497 -20.0214904593647
-68.5768203711849 15.3808254875804 -19.9061084426624
-69.1733576047447 14.1457170989915 -19.7830042562289
-69.743188071643 12.8946575183514 -19.6522524692538
-70.2858517996797 11.6282636206749 -19.5139295002784
-70.8009043137506 10.3471664697734 -19.3681136126569
-71.2879171014199 9.05201085069326 -19.214884907828
-71.7464780624599 7.74345478632357 -19.0543253163899
-72.1761919415588 6.42216903891313 -18.8865185869961
-72.5766807434578 5.08883659728338 -18.7115502730981
-72.9475841298405 3.74415215056775 -18.5295077175839
-73.2885597973666 2.38882154934227 -18.3404800353667
-73.5992838363094 1.02356125504133 -18.1445580939959
-73.8794510693225 -0.350902221425828 -17.9418344923679
-74.128775369935 -1.73383289092664 -17.7324035376264
-74.3469899604373 -3.12448586628425 -17.5163612203456
-74.5338476888907 -4.52210795043946 -17.2938051880973
-74.6891212850579 -5.925938231653 -17.0648347175073
-74.8126035951136 -7.33520868481185 -16.8295506849081
-74.9041077950565 -8.74914477791441 -16.5880555356989
-74.9634675828011 -10.1669660828247 -16.340453252522
-74.9905373489828 -11.5878868894039 -16.0868493223695
-74.9851923265588 -13.0111168221511 -15.8273507027279
-74.9473287193387 -14.4358614585071 -15.562065786871
-74.8768638096197 -15.8613229480056 -15.2911043684081
-74.773736045144 -17.2867006314823 -15.0145776051912
-74.637905105631 -18.7111916595855 -14.7325979826835
-74.4693519491737 -20.1339916098614 -14.4452792768867
-74.2680788388154 -21.5542951017227 -14.1527365169227
-74.0341093496509 -22.9712964086409 -13.8550859473596
-73.7674883568219 -24.3841900669381 -13.5524449903688
-73.4682820047924 -25.7921714805861 -13.2449322077972
-73.136577658312 -27.194437521459 -12.9326672632314
-72.7724838354865 -28.5901871245131 -12.6157708841284
-72.3761301233884 -29.9786218774091 -12.2943648240834
-71.9476670766493 -31.3589466041173 -11.9685718252979
-71.4872660994825 -32.7303699420843 -11.6385155813111
-70.9951193115911 -34.0921049125685 -11.3043207000486
-70.4714393984164 -35.4433694837831 -10.9661126672406
-69.9164594461836 -36.7833871265144 -10.6240178102558
-69.3304327622033 -38.1113873619144 -10.278163262394
-68.7136326808781 -39.4266063011899 -9.92867692767255
-68.0663523558665 -40.7282871769398 -9.57568744614074
-67.3889045388437 -42.0156808659169 -9.21932415974828
-66.6816213452968 -43.2880464030133 -8.85971707879134
-65.9448540077782 -44.5446514862898 -8.49699684895353
-65.1789726170365 -45.7847729728931 -8.13129471895521
-64.3843658514283 -47.0076973657226 -7.7627425088194
-63.5614406950061 -48.2127212907241 -7.39147257875852
-62.7106221446624 -49.3991519647082 -7.01761779868136
-61.8323529066991 -50.5663076536027 -6.64131151831569
-60.9270930831756 -51.7135181210626 -6.26268753793799
-59.9953198483756 -52.8401250673719 -5.88188007969763
-59.0375271157189 -53.9454825585836 -5.4990237595197
-58.0542251954279 -55.0289574458502 -5.11425355956701
-57.0459404432458 -56.0899297749058 -4.72770480123893
-56.0132149004885 -57.1277931856669 -4.33951311868194
-54.956605925696 -58.1419553019205 -3.9498144327841
-53.8766858181379 -59.131838111076 -3.55874492562374
-52.7740414334117 -60.0968783339538 -3.16644101534012
-51.6492737913593 -61.0365277845885 -2.77303933139282
-50.5029976765163 -61.9502537200206 -2.37867669017432
-49.3358412312941 -62.8375391800525 -1.98349007093969
-48.1484455420845 -63.6978833169379 -1.58761659201562
-46.9414642184655 -64.5308017149746 -1.1911934872505
-45.7155629656775 -65.3358266999621 -0.794358082666363
-44.4714191505279 -66.1125076384847 -0.397247773273085
