0.00807206362338518 50.9994049709512 0
-1.06494609960346 50.8723941591402 0
-2.1017247509936 50.5740147662246 0
-3.1431815159939 50.2939734551982 0
-4.21754752881052 50.194185929359 0
-5.29156488335128 50.2929056343479 0
-6.35929592737263 50.4460853094728 0
-7.43953625867032 50.453018925121 0
-8.49184362730645 50.2069719350018 0
-9.47991104722976 49.7732342804291 0
-10.4612040670309 49.3261200609547 0
-11.4995190861782 49.0330604218405 0
-12.5743367872916 48.9430928105612 0
-13.6527594587256 48.9353796470204 0
-14.7251331171942 48.8081431986506 0
-15.7415499222706 48.4411373541557 0
-16.6647061864032 47.8821495982177 0
-17.5649984730427 47.2887162943763 0
-18.5380474815354 46.8229584361452 0
-19.582722331171 46.5544897477716 0
-20.6481819024455 46.3881619309295 0
-21.6958514468096 46.1271096241753 0
-22.6612621615321 45.6413361078608 0
-23.5024823957164 44.964893414348 0
-24.2985797174728 44.2375607646673 0
-25.1757379720738 43.6096450067976 0
-26.1590272412406 43.1660044394229 0
-27.1872896695055 42.8412480019263 0
-28.1935386998086 42.4504429846242 0
-29.0961248328901 41.8560092694858 0
-29.8451231741924 41.0783586846987 0
-30.5219170248296 40.2388303983894 0
-31.2777927678004 39.4693660790438 0
-32.1687361635574 38.8611277819868 0
-33.1332076689885 38.3789773522984 0
-34.0784188543041 37.8581371250272 0
-34.9030177425233 37.1596964566471 0
-35.5479900077437 36.2935985229361 0
-36.0944759184069 35.363868375019 0
-36.7127562169886 34.4800658975869 0
-37.4889551209719 33.7307086157272 0
-38.3683290936995 33.1064822290088 0
-39.2367025844086 32.4656405696573 0
-39.9701732695579 31.6717197012939 0
-40.4959458378485 30.7278917574527 0
-40.8911461423522 29.7240513223925 0
-41.3433187674252 28.7445156213784 0
-41.9745038888919 27.8689346350288 0
-42.7476259259336 27.1165637630017 0
-43.5337616725337 26.3771204860508 0
-44.1863632445848 25.5152748047363 0
-44.6089621450203 24.5202362080355 0
-44.8574521393319 23.4699743421714 0
-45.1214924661616 22.4240251241181 0
-45.5619394717155 21.4386467047774 0
-46.1821329451013 20.5558932608499 0
-46.8528947637204 19.7109837575115 0
-47.4075985512995 18.7839308054035 0
-47.7295710953101 17.7521773469276 0
-47.8517445767674 16.6799109324392 0
-47.9536852227405 15.6063576412145 0
-48.215230493788 14.5596591970317 0
-48.6721132987306 13.5826158671288 0
-49.2048344739456 12.6449327580864 0
-49.6332929392225 11.6536893045927 0
-49.8263386278267 10.5904072320618 0
-49.8042724429517 9.51140326680302 0
-49.7379759722308 8.43516868526981 0
-49.8172113840243 7.35932058451403 0
-50.1042246273475 6.31958999370444 0
-50.4927394647147 5.31367684631255 0
-50.7928560576073 4.27658101413667 0
-50.8582572424763 3.19786119716223 0
-50.6954237076271 2.1307764049022 0
-50.4638416894404 1.07765324567151 0
-50.3570831578286 0.00426538540286105 0
-50.4623773675692 -1.06927158270082 0
-50.6936940128718 -2.12245096234641 0
-50.8577763746481 -3.18933091877937 0
-50.7943461722026 -4.26816676342296 0
-50.4955978642068 -5.30567137284432 0
-50.1070653607258 -6.31158284726512 0
-49.8188356344746 -7.35097412351079 0
-49.7382215196846 -8.42672621180088 0
-49.8042037003087 -9.50298396543231 0
-49.8274184815145 -10.5819589148287 0
-49.6361666616556 -11.6455718506487 0
-49.208831406312 -12.6373248711495 0
-48.6758624611334 -13.5748843189808 0
-48.2175586477397 -14.5512709226492 0
-47.9544877063049 -15.597606177775 0
-47.8523713526423 -16.6711561267864 0
-47.7319413034223 -17.7436176174686 0
-47.4125863459552 -18.7761936778745 0
-46.859661144771 -19.7043448976344 0
-46.1889417108277 -20.5493094537105 0
-45.5670880448329 -21.4308886851153 0
-45.1241873298665 -22.4151698731695 0
-44.8587032355171 -23.4607563852288 0
-44.6110358149043 -24.5111902160428 0
-44.1908257663593 -25.5072117343348 0
-43.5403903029609 -26.3706951100135 0
-42.7550953638572 -27.1110346707479 0
-41.9813510932072 -27.8627397295188 0
-41.3484727144448 -28.737074788837 0
-40.8947878082117 -29.7159004643742 0
-40.499620405731 -30.719728574551 0
-39.9753195369732 -31.6643372110364 0
-39.2434359173098 -32.4597027750704 0
-38.3758200140126 -33.1015615205244 0
-37.4962771726864 -33.7255208387354 0
-36.7191579807648 -34.4738951868885 0
-36.0999338378385 -35.3570218696906 0
-35.553495291398 -36.2867570849348 0
-34.9095698033671 -37.1536012633399 0
-34.0860391736278 -37.8532823670958 0
-33.1412749506045 -38.3749214671456 0
-32.1766570878604 -38.8567437367742 0
-31.2850744408202 -39.4640102607586 0
-30.5285343733021 -40.2328017852221 0
-29.8518359269027 -41.0723786459189 0
-29.1037055587204 -41.8508225635826 0
-28.2019591251491 -42.4464911832078 0
-27.1960661181429 -42.8381687224358 0
-26.1678116156609 -43.1628646320748 0
-25.1842488697194 -43.6058174451907 0
-24.3066924412541 -44.233122899419 0
-23.5104939294847 -44.9602917565861 0
-22.6695606952644 -45.6370202284384 0
-21.7045030767808 -46.1233913967079 0
-20.6570595987952 -46.3851686856202 0
-19.5917700065627 -46.5523056660648 0
-18.5473685474188 -46.8216463798344 0
-17.5746675611394 -47.2880109738067 0
-16.6743207472847 -47.8812888719736 0
-15.7504124218195 -48.4389838924445 0
-14.7332319669586 -48.803765716548 0
-13.6606977594445 -48.9292521366016 0
-12.5822877470121 -48.9376348435509 0
-11.5077591774067 -49.0314439277847 0
-10.4709476645936 -49.3299492559769 0
-9.49148962917281 -49.7812540540593 0
-8.50341230772897 -50.2154416259913 0
-7.4496494224438 -50.4562518554303 0
-6.36930086684368 -50.4409385848872 0
-5.3024624745305 -50.2803058898978 0
-4.22836002050447 -50.1790797504563 0
-3.15412098111473 -50.2841355130491 0
-2.11522127381557 -50.5747310729851 0
-1.08158076496998 -50.885022322126 0
-0.00909454265353251 -51.0202947301979 0
1.06412650416686 -50.8907490245816 0
2.09848690229056 -50.582787516243 0
3.13675334118355 -50.2900403925629 0
4.21047122834704 -50.1801044368546 0
5.28493712879572 -50.2772369333059 0
6.35180575892878 -50.437351586569 0
7.43203236077337 -50.4558051223526 0
8.48675586483507 -50.2193920447124 0
9.47603389644835 -49.7879696114978 0
10.4554051415939 -49.336545791222 0
11.4915015066957 -49.0356922406274 0
12.5658014328816 -48.9394719746823 0
13.6441849591783 -48.9308620950077 0
14.7169490945242 -48.8076630108263 0
15.735198419063 -48.4458914772335 0
16.660086976994 -47.8897978327324 0
17.5600056621814 -47.2958772694382 0
18.5315610826203 -46.827148507836 0
19.5753932169971 -46.5555775845364 0
20.6406836305997 -46.3884917619626 0
21.6887581031388 -46.1293480229442 0
22.6554684130826 -45.6462592746637 0
23.4978788372456 -44.9713292230908 0
24.2937250817759 -44.243768615845 0
25.1696797694311 -43.6142421631392 0
26.1521263045668 -43.16879839005 0
27.1802227110142 -42.8436136191678 0
28.1869305715716 -42.4541027992581 0
29.0906642769493 -41.861458791709 0
29.840698166906 -41.0848142340746 0
30.517380602176 -40.2452121735753 0
31.2722681337767 -39.4748035888945 0
32.1624347206978 -38.8654409795658 0
33.1268045209198 -38.3831045201206 0
34.0725837202144 -37.8633244990001 0
34.8982951359826 -37.1661977493445 0
35.5440667621132 -36.3006744020249 0
36.0900756494522 -35.3706538953615 0
36.7069329380758 -34.4858528930357 0
37.4820514062617 -33.7353555593271 0
38.3614099816831 -33.1110922879825 0
39.2309326405884 -32.4718241395524 0
39.9665529409702 -31.6798895573871 0
40.4942903306295 -30.7371285896315 0
40.8896380221359 -29.7333358116147 0
41.3399337708286 -28.7529533009359 0
41.9687605514295 -27.8756906127576 0
42.7405323706089 -27.1219488055906 0
43.5268051625687 -26.3827014758234 0
44.1809958982989 -25.5221166645161 0
44.6058690030943 -24.5280686870765 0
44.8558312384983 -23.4781686900928 0
45.119723253308 -22.4322075134175 0
45.5590310441201 -21.4463481405303 0
46.1782671203848 -20.5629406317966 0
46.8489369551734 -19.7179817428534 0
47.4044970567577 -18.7914665927836 0
47.7277533341057 -17.760120987488 0
47.8506339215473 -16.6879338132526 0
47.9521429308112 -15.6143444122872 0
48.2125848427851 -14.5673748600235 0
48.6686818382729 -13.5899613309041 0
49.2015938152848 -12.652391649479 0
49.6312537383282 -11.6616779069157 0
49.8258643375882 -10.5986753880009 0
49.8046521495256 -9.51964208450595 0
49.7379093725418 -8.44343340528348 0
49.8158284370486 -7.3674905539306 0
50.1017391447971 -6.32745031239759 0
50.490234153246 -5.32153176658631 0
50.7915403942939 -4.28479191632937 0
50.8586504422761 -3.20617522497905 0
50.6969094860164 -2.13891225931896 0
50.4651319712363 -1.08582995556083 0
50.3571546241015 -0.0125678914157292 0
50.4612099477114 1.06109350856597 0
50.6922699460265 2.11432789101157 0
50.8573439583178 3.18104422846921 0
50.7955052087167 4.25997151247234 0
50.4978646229315 5.29780664163628 0
50.1093217207672 6.30372024047976 0
49.8201293832257 7.34284472953601 0
49.7384566831087 8.41852555446147 0
49.8042752822089 9.49480043302127 0
49.8285097342895 10.5737545030456 0
49.6387353229203 11.6376452282844 0
49.2122178145186 12.6297789854159 0
48.6788397267272 13.5671273019482 0
48.2191168450684 14.5428617371293 0
47.9546265683396 15.5888637710009 0
47.8524499640425 16.662425085259 0
47.7338456397977 17.7350902006673 0
47.4171915792146 18.768508159757 0
46.8661607344347 19.6978220317044 0
46.1956081928016 20.5429388940436 0
45.5721495799767 21.4233716599112 0
45.12664170679 22.4064690431764 0
44.8592607330428 23.4515673624375 0
44.6117730421437 24.5020135863353 0
44.1934278154463 25.4987770468538 0
43.545013805983 26.3637603137803 0
42.7608060264329 27.105241511878 0
41.9869858373151 27.8568404512097 0
41.3530694960347 28.7303985496763 0
40.8982382224053 29.7086825193555 0
40.5029102391417 30.7124337006641 0
39.9795259492956 31.6575318554154 0
39.2487237716085 32.4538915259084 0
38.3816012425118 33.0964332948891 0
37.5018190473845 33.7200615264545 0
36.7238246524736 34.4675329265017 0
36.1037287634992 35.3500641284005 0
35.5573947122664 36.279868321521 0
34.9146026702711 37.1475554150379 0
34.0922420285212 37.8486406090487 0
33.1479544838364 38.3712020073967 0
32.1830845840226 38.8525600851451 0
31.2905439257294 39.4584457103122 0
30.5328783020507 40.2261652405845 0
29.8560636628716 41.0656715833753 0
29.1090778598643 41.84522538537 0
28.2085881455678 42.442842064173 0
27.2031956171373 42.8359251759776 0
26.1747656490204 43.1601735473477 0
25.1903102851059 43.6012057562264 0
24.3114830739661 44.2268029797472 0
23.5150362464816 44.9537507188859 0
22.6753973599438 45.6321172965011 0
21.7117391747021 46.1213555713763 0
20.6647178419832 46.3851086455046 0
19.5992249728764 46.5512767553461 0
18.5538769683821 46.8170743885226 0
17.5795065689648 47.2800778785533 0
16.6787576593283 47.8728132416013 0
15.7568697937187 48.433834113124 0
14.7418836295693 48.8047415802914 0
13.6698808991207 48.9352377998876 0
12.59146132777 48.9431406169786 0
11.51642466452 49.0300447558897 0
10.4769995091816 49.3190652284826 0
9.49475566627632 49.7640182874188 0
8.50733918783743 50.199063556094 0
7.45612483200477 50.4494324828926 0
6.37589113527223 50.4472503443699 0
5.30786301806461 50.2963434415207 0
4.23400593538943 50.1964693185259 0
3.15940423693967 50.2932142653305 0
2.11739665235803 50.5711066593468 0
1.08077133353135 50.8699076166563 0
