0.0284632179519981 52.1873508140461 0
-1.0802303589479 52.152549809576 0
-2.18913822517418 52.178446221379 0
-3.29574404041689 52.2534426159854 0
-4.40037171211598 52.3531228361797 0
-5.50576666375467 52.4448668332614 0
-6.61407701853833 52.4937562417655 0
-7.72341773637678 52.4689111949092 0
-8.82673495448026 52.3493587973893 0
-9.91423078907865 52.1281042658693 0
-10.9781874295884 51.8130875801012 0
-12.0173568408643 51.424749853084 0
-13.0382938916683 50.9913385325223 0
-14.0528800063274 50.5436106725473 0
-15.0735041231736 50.1099281611452 0
-16.1085470257403 49.7118704145732 0
-17.160334327387 49.3604748732134 0
-18.2259895843132 49.0538733150904 0
-19.2997975131227 48.7773732074757 0
-20.3750302399985 48.5064260651638 0
-21.4441558296157 48.2119317354339 0
-22.49812904349 47.8666207686773 0
-23.5265322680215 47.450956497557 0
-24.5197452929198 46.9570049964022 0
-25.4725720892226 46.389223575538 0
-26.3873091973006 45.7622324425934 0
-27.2742398905075 45.0967953383709 0
-28.1489187202756 44.4155421765256 0
-29.0273522568922 43.7392309572161 0
-29.9211940264993 43.0834505179344 0
-30.8348536588506 42.4556112081877 0
-31.7651907957642 41.8528147511805 0
-32.7030239787891 41.2617586544872 0
-33.6350447692971 40.6614679057131 0
-34.545372112587 40.0285343084405 0
-35.4172578541439 39.3433746101299 0
-36.2359869714353 38.5953824014467 0
-36.9930831773839 37.7851240932089 0
-37.6903211563741 36.9230234765125 0
-38.3412947615266 36.0257240853252 0
-38.9691340042121 35.1122668635359 0
-39.6007682866717 34.2014844058934 0
-40.2597152813325 33.310225637441 0
-40.9599873068573 32.451014076936 0
-41.7031485535958 31.6286381451201 0
-42.4789854491237 30.8370753280482 0
-43.2684660372263 30.0591074912006 0
-44.0470253321452 29.2700236015312 0
-44.7873729203879 28.444645493214 0
-45.4627511411194 27.5649728755508 0
-46.0517836993991 26.6251125448489 0
-46.5442804922833 25.6313147811206 0
-46.9454777785457 24.5975286932466 0
-47.2762236114182 23.5394134944178 0
-47.5685330039602 22.4702930327837 0
-47.8580064212698 21.4005166731594 0
-48.1755173550788 20.3387321056853 0
-48.5404665218895 19.2922902919227 0
-48.9573116243697 18.2654484006383 0
-49.4160027451674 17.2566738377806 0
-49.8955356436554 16.257677656754 0
-50.3690021447617 15.2557387493324 0
-50.8088812097572 14.2384674571953 0
-51.1921065973624 13.1983782674173 0
-51.5044850148151 12.1347816566651 0
-51.7434228593589 11.0523423685408 0
-51.9178173376067 9.95775225917896 0
-52.0449019109699 8.85679081947731 0
-52.1450780359635 7.75315439304253 0
-52.2364003772068 6.64880857113754 0
-52.3302585269797 5.5447050338879 0
-52.4292737447171 4.44106653082324 0
-52.5277645198222 3.33738226102432 0
-52.6144476224503 2.23269197175264 0
-52.6764932083818 1.12631641192379 0
-52.7037627997944 0.0185150006218709 0
-52.6920276552025 -1.08956137266494 0
-52.6442133369565 -2.19664614315725 0
-52.569284578939 -3.30219615209985 0
-52.4791229193637 -4.40658584888802 0
-52.3843453442342 -5.51058227494499 0
-52.2902825776033 -6.61464772014117 0
-52.194303035333 -7.71857336758318 0
-52.0853702960333 -8.82135032120871 0
-51.9461725138011 -9.92080768116835 0
-51.7574653060517 -11.0129661065867 0
-51.5035731817858 -12.09191439828 0
-51.1774483542937 -13.1512644638224 0
-50.7836016264187 -14.1872395341281 0
-50.3379424036421 -15.2018421658482 0
-49.8648376278101 -16.2038116696939 0
-49.392537709946 -17.2061292569914 0
-48.9479007728122 -18.2210754207984 0
-48.550797078388 -19.2556102044467 0
-48.2088470260526 -20.3096758102314 0
-47.914048261901 -21.3778627563202 0
-47.6430169726742 -22.452344175198 0
-47.3614382099632 -23.5242605142316 0
-47.0317835807323 -24.5826763361134 0
-46.6222963590952 -25.6131829330371 0
-46.1146513985048 -26.5992753378194 0
-45.5076932820367 -27.5275340127161 0
-44.8159826067142 -28.3942092942981 0
-44.0643950209142 -29.2090960874383 0
-43.2818388802909 -29.9939526534395 0
-42.4965040879169 -30.7758923106894 0
-41.7326314294962 -31.5788387939944 0
-41.0073217577807 -32.4168410358934 0
-40.3269252673474 -33.2917000367847 0
-39.6845889026856 -34.1948258950897 0
-39.0611278704649 -35.1110797487629 0
-38.4299236223398 -36.0221321575061 0
-37.7644054828012 -36.9086600224688 0
-37.0453376955923 -37.7525917388213 0
-36.2651940119752 -38.5405658490326 0
-35.4282868044172 -39.2679494385088 0
-34.5474007901749 -39.9412382946618 0
-33.6391878930226 -40.5769951617025 0
-32.7204024179104 -41.1972831828183 0
-31.8054977349947 -41.8233120746449 0
-30.9047794927386 -42.4696751225442 0
-30.0224572669609 -43.1410172529297 0
-29.1551272672104 -43.8317009078365 0
-28.2919917207508 -44.5277524409165 0
-27.4176047395286 -45.2098561442043 0
-26.516534718206 -45.8566471190604 0
-25.578111895866 -46.4483158203293 0
-24.5992205692095 -46.9705846769647 0
-23.5840715349593 -47.4183600991313 0
-22.5415062668904 -47.7977239730779 0
-21.4816187067396 -48.1252230856087 0
-20.4134857987533 -48.4244681960116 0
-19.3446127671796 -48.7210483138427 0
-18.2812990394593 -49.0371675545949 0
-17.2286235642031 -49.3872985836372 0
-16.1894303304611 -49.7757619603451 0
-15.1628680314051 -50.19655501952 0
-14.1437013326217 -50.635075166762 0
-13.1232925788514 -51.0709481574098 0
-12.0921594969775 -51.4812430671571 0
-11.0430598066017 -51.8437390527441 0
-9.97321658912259 -52.1401227660346 0
-8.88472489206037 -52.3588220679232 0
-7.78309042105097 -52.4968999113702 0
-6.67473323390208 -52.5604563209691 0
-5.5646797849521 -52.5634003668714 0
-4.45540404780502 -52.5249632349831 0
-3.34707456884187 -52.46658794332 0
-2.23874260920813 -52.4087738823465 0
-1.12963721301597 -52.3682599157507 0
-0.0198480105898117 -52.3558034845724 0
1.08985287363182 -52.3747842809796 0
2.1987564274412 -52.4208171168145 0
3.30690956085782 -52.4824215357107 0
4.41517991911761 -52.5426192686376 0
5.52449900427018 -52.5812252072119 0
6.63460583095111 -52.5775895325711 0
7.74299246675376 -52.5135433958036 0
8.84477847958765 -52.3762000728732 0
9.9338579770557 -52.1601111346445 0
11.0050254986131 -51.8682529838087 0
12.0562135568394 -51.5115617578054 0
13.0897926938911 -51.1071630255263 0
14.1122380354757 -50.6757799908943 0
15.1322073245903 -50.238823630722 0
16.1578308657979 -49.8154406995961 0
17.1943784209795 -49.4196447810064 0
18.2432180686825 -49.0578081981208 0
19.3022233382084 -48.7270976476897 0
20.3669623998434 -48.4155171185934 0
21.4316809610126 -48.1038924417294 0
22.4895426408756 -47.7695649122383 0
23.5324960771742 -47.3910387974844 0
24.5517370685399 -46.9524835460976 0
25.5394408741155 -46.4468953449501 0
26.4914025118501 -45.8770317497363 0
27.4092558510973 -45.2539971688122 0
28.3008422624444 -44.594209964712 0
29.1781852519804 -43.9158280367652 0
30.053792105432 -43.2353619305148 0
30.9368298310249 -42.5646740604108 0
31.8306401312836 -41.9085038955377 0
32.7321884248396 -41.2630856181551 0
33.6330233980609 -40.6167015463451 0
34.5209195006589 -39.9526088809727 0
35.3818318144614 -39.2537965602292 0
36.2024789568154 -38.5080510249136 0
36.9738211234062 -37.7114567570118 0
37.694722314434 -36.8690929979267 0
38.3741024398106 -35.99310121187 0
39.0299850056204 -35.0995492173803 0
39.6851512201264 -34.2055504803787 0
40.3607630509755 -33.3269007460557 0
41.0703261484135 -32.4754190257138 0
41.8161819357474 -31.6555676181357 0
42.589359482534 -30.8614770591596 0
43.3718510540574 -30.0765297354959 0
44.1395869790346 -29.2769461231575 0
44.8653448735021 -28.4387459263122 0
45.5224280762896 -27.5453807066827 0
46.0900777650016 -26.5925458918425 0
46.5597243582242 -25.5878830952903 0
46.9392878004626 -24.5461282359335 0
47.252933886843 -23.4829963019811 0
47.5358531362624 -22.4115091438751 0
47.8258176933 -21.3419839905845 0
48.1541708141002 -20.2835886664461 0
48.5387863273215 -19.2442939333299 0
48.980883484756 -18.2281637950629 0
49.4662269049067 -17.2320483521082 0
49.9695173044776 -16.2449048006117 0
50.4600124770223 -15.2512408445753 0
50.9071931689124 -14.2371487359808 0
51.2862904202009 -13.1955008065941 0
51.583244128193 -12.127448454771 0
51.7976808861699 -11.0398755651821 0
51.9424578549839 -9.94100240337808 0
52.0396513797731 -8.8370551804417 0
52.1143807472891 -7.73146363397953 0
52.1884389325752 -6.62587274307431 0
52.2754065139398 -5.521235216611 0
52.3783127108757 -4.41797069840925 0
52.4901986892353 -3.31557257881007 0
52.5971732055742 -2.21265641610875 0
52.6829514051411 -1.10783524086866 0
52.7336136217953 -0.000788638217731594 0
52.7413438552597 1.10742831548416 0
52.7061506148222 2.21512027216884 0
52.6351164035896 3.32107787178039 0
52.5394881099382 4.42516535834721 0
52.4305710938796 5.52801889281963 0
52.3156658497456 6.63027828996735 0
52.1952110974808 7.73197480711843 0
52.0619811432959 8.83225043155144 0
51.9026703461841 9.92912983980848 0
51.7015501531188 11.0192088019202 0
51.4452460993518 12.0977185224542 0
51.1272257039192 13.1596816866601 0
50.7505498462443 14.2022238728078 0
50.3280234541174 15.2269393792329 0
49.8798771709331 16.2406291836913 0
49.4298344854222 17.2534613544123 0
49.0004190863592 18.2752537879813 0
48.6080616972485 19.3118983770858 0
48.2587120760745 20.3638457984953 0
47.9451711996724 21.4270269238136 0
47.6473959940426 22.4947825834333 0
47.3362074820371 23.5588603132462 0
46.9796794844748 24.6088774576628 0
46.5505989659579 25.63168672856 0
46.032883094641 26.6128179157952 0
45.4248775665225 27.540716114424 0
44.738504830279 28.412039033544 0
43.9951212806637 29.2349375536217 0
43.2203737962322 30.028099225733 0
42.4400258424545 30.8156323667227 0
41.6769918057723 31.619979882482 0
40.9485284499135 32.4558356716965 0
40.2630122331014 33.3272846676621 0
39.6172721431896 34.228574660479 0
38.9962616074514 35.1470646527333 0
38.376111971468 36.0662186419413 0
37.7300135944221 36.9675309029705 0
37.0350494086044 37.8320085666294 0
36.2776464838658 38.6425832250554 0
35.4558242471036 39.3878506908619 0
34.5777914480106 40.0658611821596 0
33.6581081054369 40.6859152348791 0
32.7135487881801 41.2670772512647 0
31.760280050823 41.8336761744812 0
30.8124478497853 42.4093149876364 0
29.8810976319372 43.0113203691989 0
28.9725075913921 43.6472040429015 0
28.0862113081991 44.3138194436921 0
27.2140205073527 44.9988133207784 0
26.3413080036292 45.6832649324647 0
25.4507310254907 46.344567891189 0
24.5272286385559 46.9594235218942 0
23.5623163535339 47.5073667488119 0
22.5558798223315 47.9748546685979 0
21.5148324966665 48.3589661620701 0
20.4496073353666 48.6692149468588 0
19.370544245121 48.9264629963005 0
18.2860196556432 49.1590411819241 0
17.2027099996339 49.3970983052601 0
16.1267304116202 49.6665252267824 0
15.0638214730098 49.9837734988791 0
14.0177279846701 50.3527133926995 0
12.9876471132497 50.7641720381464 0
11.9667466734951 51.1979096473196 0
10.9433987323517 51.6260874122713 0
9.90516871418699 52.0173803459439 0
8.84379794549489 52.3415554185528 0
7.75856008982317 52.574569996021 0
6.65605892316587 52.7035420120689 0
5.54648573140686 52.7300620652929 0
4.43844779654231 52.6704187740262 0
3.33534347991646 52.5525318741435 0
2.23523172863021 52.4106694583562 0
1.13385413062718 52.2793474929516 0
