2.6183717688612931 3.8826594380518827e-05 -0.00015919510554162901
2.6095729992578778 0.09867136932176275 -0.079972558766828072
2.5841051797776111 0.199242420202705 -0.16097663350213309
2.544573633254271 0.29181543317383429 -0.2338513212014085
2.4857753375820462 0.38659698870018089 -0.30601808819960291
2.4136302787035371 0.47600756255172078 -0.36791328245889648
2.3291257664149989 0.55640322097514194 -0.42099232639092832
2.229022259044537 0.63395900815333861 -0.46446642762448892
2.1236966966366331 0.70183339600206884 -0.49263574635636143
2.0077354096348792 0.76311586223148398 -0.50715038385636535
1.878379369134721 0.82012139097044912 -0.50363523198048643
1.7603909140572229 0.86485186968588934 -0.48392927341049619
1.627994971872144 0.90721439102987622 -0.44099620015318031
1.5162127204703111 0.93948753475128055 -0.38307057181295112
1.404404161735572 0.97274513634177884 -0.29921207093335078
1.311565534099306 1.0069885052855589 -0.19693008053380631
1.239972969119373 1.0481256117767801 -0.082051049057468586
1.1879546207080109 1.1042767612909199 0.040540649814760361
1.1543366672600091 1.177663790175312 0.16012458033816521
1.133633219528823 1.271191539266346 0.26877739400148731
1.11922824450273 1.380848868826948 0.35810035351311159
1.1063290071761871 1.498552480205815 0.42499598943988193
1.0899032945289771 1.626721015538956 0.47244303186015502
1.067599482012493 1.754755348402284 0.49886258045084558
1.038442655827672 1.8883407483992141 0.50801498645849708
1.0003077887145391 2.0135280846772909 0.49902065156307152
0.95353644609579624 2.1359737614487662 0.47447736170703131
0.89918239930743482 2.2492817690319988 0.43619401214018361
0.83660288137252248 2.34857252375466 0.38819482905614738
0.76201313582795016 2.443212353521464 0.32595511723554849
0.68437699934808516 2.5191333440866139 0.25910271200306367
0.60012676196266068 2.5801668217188629 0.18739263261449571
0.50576143633227444 2.6292116344726311 0.1056493798602183
0.41457714509804727 2.6588233766235798 0.029229692904124659
0.31096306325865758 2.673957508490532 -0.056237943351365088
0.2144935988515867 2.672509528460461 -0.13241754264587091
0.11111363950234281 2.6534679117337099 -0.2120419252668489
0.010792445948183391 2.6188441419521 -0.28347267040092661
-0.08886698566341962 2.5694621557427659 -0.3471062786551492
-0.1877774226648197 2.501622487606213 -0.40572795934538591
-0.27971544159846362 2.4246096456599351 -0.45044630993645218
-0.3673793559260895 2.3352983015287809 -0.48366371014785808
-0.45235724422540452 2.2307369314401502 -0.50400693763162108
-0.53106195049523819 2.1193188127291389 -0.50719513692087947
-0.59726023994581201 2.0106901836269349 -0.49338667387773999
-0.66406524003698153 1.888860419993617 -0.45794241345031239
-0.7175370380106143 1.782632595394366 -0.40658863676851548
-0.7719567880717354 1.6726813343592919 -0.32780726363092649
-0.82117195264625331 1.5819112839899721 -0.2325853175893669
-0.87243742605688068 1.510983717785733 -0.1225903667106388
-0.93291551205717593 1.461064457572135 -1.4763212818051119e-05
-1.006393873976807 1.433664982830323 0.1224620036471296
-1.0934717834065619 1.4248633281834591 0.2324848006634867
-1.1969310341670969 1.427481417917094 0.32781951843729151
-1.319026848431226 1.435395090035986 0.40633451249041319
-1.438104268402892 1.4422060683941369 0.45782856604161187
-1.576573099128183 1.4452979253769891 0.49315247988370098
-1.7041978838855729 1.4421950890185591 0.50690392386444005
-1.8396763589268159 1.429847247932819 0.50369806273820439
-1.97300475861872 1.408435979483621 0.48329317959370832
-2.0939811628326801 1.377123879201605 0.45018765578435038
-2.2067440530041549 1.335999342020568 0.4053390561794713
-2.3147911077134289 1.284333756370525 0.34664907565522002
-2.4074629293613081 1.2226757200824809 0.28301795245307543
-2.487508984287528 1.1530709729150399 0.21154267734450841
-2.555750303227982 1.0729551158748629 0.1320445329509459
-2.6051552737156518 0.99017594099426953 0.055810952681687842
-2.643855449198111 0.89286441719783094 -0.029563549388529651
-2.6638020566665399 0.79910089374962379 -0.1060286768444403
-2.6685101990395799 0.69293368506223663 -0.1877551679642501
-2.6576952325793801 0.58934425414972436 -0.25935460087589002
-2.630737089062936 0.48409603574129301 -0.32630227536216733
-2.5860615428272991 0.37233727998489913 -0.38839055463952399
-2.5312769332631229 0.26834450874498339 -0.4364911351535351
-2.4602575590746341 0.16464852339412361 -0.4747434898007547
-2.3777523708194859 0.063087641384435886 -0.49924672230711459
-2.288175688283256 -0.032779087298451373 -0.50822662562815191
-2.1871299181322361 -0.1247178286987253 -0.49910620399387973
-2.0875443049983602 -0.2079385983735699 -0.47265652132923808
-1.9845656180329749 -0.28639444253390822 -0.42509147194255259
-1.88935855764058 -0.35623112640555249 -0.3583175329689347
-1.801500784299426 -0.42354250647418801 -0.26887614567040141
-1.730827870527613 -0.48837597901101493 -0.16010096058419701
-1.6841509021917811 -0.55408058564886509 -0.040616844609384528
-1.6615550916504029 -0.62721416869394031 0.08198991887499027
-1.661756541019817 -0.70977321849146291 0.19683495675428739
-1.678560239804697 -0.80731132858679622 0.29916149014827631
-1.705640336452753 -0.9207561967393284 0.38294216614172272
-1.7336546907711941 -1.0339029682644161 0.44099818205885938
-1.7631494616962109 -1.1696376891044791 0.48387062728507929
-1.783411462088474 -1.294124007043971 0.50352794277300095
-1.7987070173958279 -1.4348195328353941 0.50696385962265367
-1.803610140664152 -1.5657484977861791 0.49252808005279503
-1.797477646912033 -1.6910489475897701 0.46426086656698862
-1.780426051976163 -1.8163637478413981 0.42089140865718971
-1.752949199936092 -1.929859347329743 0.36765097900317117
-1.711661553244312 -2.0368971484634542 0.30584677887833323
-1.658845416986652 -2.1353506740685919 0.23356891998104931
-1.598607937365135 -2.2158094740902681 0.16075276427818769
-1.5241211302977049 -2.28821883789074 0.0797225364349822
-1.443173156485255 -2.3450880339285169 -0.00015670903328105431
-1.3533003481390029 -2.386758802661328 -0.080101226982940671
-1.2533873467344621 -2.4149668690521069 -0.1610249527428898
-1.1536299443501929 -2.426929960639638 -0.23386468300534821
-1.041917793334787 -2.423369437548172 -0.30616583769455391
-0.92862305689799496 -2.4057099665278932 -0.36791183262852678
-0.81658117889113291 -2.372581677015225 -0.4211341591293743
-0.69951991744914921 -2.3247842816925002 -0.46452415675273567
-0.58799988458041408 -2.267332000912734 -0.49270398771990159
-0.47701467478891679 -2.197656476474684 -0.50723249547035132
-0.36292380867847268 -2.1140485412287249 -0.50363664820050724
-0.26517226093436619 -2.03432200217321 -0.48398582235141308
-0.16242242948145519 -1.94079293111281 -0.44098295122846209
-0.078441341181381546 -1.860091339533658 -0.38301895523155433
0.0060885596303666672 -1.77996937509007 -0.29924870987711849
0.082339771563185685 -1.716593502091861 -0.19666065748817399
0.15362559074224191 -1.675317735402452 -0.082045319560847624
0.22833675364816111 -1.6582577687028 0.040652240921503567
0.30861226908706119 -1.6658384278999261 0.16015249199269921
0.39998430906989102 -1.6946309970393949 0.26873480239112568
0.50231680173623017 -1.7371014178443149 0.35824563588593478
0.61049653137354765 -1.7846662271278899 0.42503764247483011
0.72973350714270879 -1.8345666533226961 0.47250981244113383
0.8517840171006279 -1.879239682713354 0.4988988779708442
0.98194366249014642 -1.9207919437195089 0.50807084759395971
1.1096078011607731 -1.9503609526408381 0.49902666228136849
1.2388818685178531 -1.971030849466362 0.47451749198917081
1.364289348728031 -1.9806169824322211 0.43619526696925209
1.4814908864124889 -1.9760923938091131 0.38820534472600787
1.6007843403402831 -1.9588323151472491 0.32593089952137272
1.7052833001834571 -1.9296244178964539 0.25907787298201201
1.800446101549743 -1.88707602334355 0.18735379026880361
1.8899476851267509 -1.830011934326363 0.1056782372885665
1.9612774008341649 -1.7657290019812959 0.029236326172888891
2.026155708578024 -1.683609158864996 -0.056109394389844428
2.0731793311106741 -1.599347362785317 -0.13242876409226331
2.1084015811131001 -1.5002165756090291 -0.21198189221100419
2.1286031197148398 -1.3961069603082721 -0.28340896040506669
2.1356048357876629 -1.2850682111994829 -0.34706240362300672
2.126345689530639 -1.165559742928201 -0.40569104074879059
2.1055324502669031 -1.0473643376293429 -0.45045441233153422
2.072123143387131 -0.92690093414828556 -0.48362696389517168
2.0239394490078162 -0.80085325241443228 -0.50400536486972536
1.966849140514731 -0.67725865598135815 -0.50719080032323538
1.9058249713492561 -0.56530512216260098 -0.49339062597139172
1.8338881738044019 -0.44687458242282613 -0.45803759881406519
1.7684532171895551 -0.347088773070859 -0.40651693665078942
1.7005133230395439 -0.24546237859049189 -0.32805845034455322
1.646604932787709 -0.15706214124966791 -0.23240907193514429
1.610466817341756 -0.077180055364372752 -0.1226102611458643
1.5976345387384661 1.012412597813337e-05 -0.0001145217609786685
1.610638359623991 0.07732723154328254 0.1223633275856691
1.646464620627387 0.15716420043845811 0.23242083286385881
1.7005960606255439 0.24552335309048939 0.32785031570014511
1.76839055051074 0.34724514079836899 0.40631587590292212
1.8338725006757111 0.44699720380271418 0.45782746520589868
1.90582433290714 0.56539448685974203 0.4931732759609932
1.966893954869914 0.67739565693921577 0.50702564777393633
2.0239148839007601 0.80088128676748038 0.50384569794950329
2.0721216114539658 0.92703794425317321 0.48344212840963829
2.105532029950643 1.047447677652698 0.45029298613363727
2.1263697297117941 1.1656345116202771 0.40549268036891251
2.1356257888021388 1.2851657192482999 0.34687596681988803
2.1286416868587121 1.396173889151469 0.28320264228550918
2.108442023876381 1.5003420684565549 0.21172082427476149
2.073201813729276 1.5994174256982141 0.13220597736377579
2.0262227922167391 1.6836796978271229 0.055912976568692617
1.9612934080545641 1.7658710390261101 -0.029449677044253289
1.8900532292264229 1.8300418300909569 -0.1058443450467625
1.800442746214117 1.887180099400247 -0.18761724598561011
1.705368116842005 1.929693000467666 -0.25928179080483038
1.6008238961182 1.9588964106870921 -0.32619144184094673
1.481615504486925 1.976204841019308 -0.3883504574214372
1.3642848082532899 1.98074601051981 -0.43639689210465882
1.238945939000667 1.971174975686993 -0.47468246386471519
1.1096106720711181 1.9504600109877039 -0.49921550123761949
0.98200523411418039 1.9209026309575841 -0.50824392981544886
0.85176776396603693 1.8793485198061559 -0.49905352847325962
0.72979331714098372 1.834707202979839 -0.4726893832837526
0.61035149198180982 1.784668367611574 -0.42515452778576318
0.50237302604668699 1.7371764004800241 -0.35851176959524778
0.39996229682073142 1.6946321426902231 -0.26895329279722052
0.30857848096676949 1.665848492422189 -0.16034526309835731
0.22833931474982819 1.6583102145084849 -0.040839286957413908
0.15366225529543109 1.6753862723154951 0.081809809895554045
0.082342496742557003 1.7166904553266471 0.1964678934499641
0.0061176717629310767 1.7800177947690869 0.29904198700618062
-0.078454945155910269 1.8601526712040131 0.38281288689260851
-0.16240772391998329 1.940895003738716 0.44074924992143782
-0.26523562907793369 2.0344287637496841 0.4837623747257454
-0.36285368720480787 2.1140793703483252 0.50340693538025416
-0.47711176921066339 2.1977843624399682 0.5069849429765777
-0.58794918464080548 2.2673950943430579 0.49248324788278391
-0.69954638183946549 2.324848278363735 0.46428262084431171
-0.81659695032525559 2.3726682640012151 0.42090119692653483
-0.92862731839144841 2.4057784282584058 0.36770276835866589
-1.04198856437001 2.4234828272235438 0.30590695568407889
-1.153572845649409 2.427038858358991 0.23368855290999399
-1.2534771875869311 2.4150147019114749 0.16075934141526649
-1.353309570265284 2.3868385829983918 0.079906993139927662
-1.4432205723448659 2.345092422592538 -5.3268066051538661e-05
-1.5241510695562339 2.2882681328736858 -0.079933346932800145
-1.5986273806504969 2.215816953353916 -0.16096459494041249
-1.658843967756666 2.1354266163155189 -0.23381532242227601
-1.711662813703102 2.0369336630456809 -0.30600786012867098
-1.752987170931062 1.929881814834566 -0.3679235321986038
-1.7803959543783561 1.816443564834006 -0.42110663802033699
-1.7974929114316101 1.6911346075013629 -0.46454934334836318
-1.8036147000841101 1.565820635130067 -0.4927471997979927
-1.798757488734307 1.434910986545249 -0.50717374261783221
-1.783382355613613 1.294141747653931 -0.50376102828659863
-1.763148851105137 1.1697738813248 -0.48418514354268211
-1.733660679601885 1.0339525257215489 -0.44117080948939708
-1.7056401433388919 0.92085015140849336 -0.3831700119695865
-1.678552361176912 0.80743518963919225 -0.29936832356850301
-1.6617679458959631 0.70984759118934415 -0.19701819590624259
-1.661526543938356 0.62732123568842613 -0.082159773027877858
-1.6841875940681981 0.55421384853808653 0.040379789394934161
-1.7307782252967761 0.48845252193570049 0.15986847719080319
-1.8013819017178589 0.4236902974915156 0.26861458129575549
-1.889379296863976 0.3562462893303 0.35820409888514237
-1.98452351411848 0.2865818807284824 0.42480139421549662
-2.0875226651536991 0.2080842318196722 0.47240909455073959
-2.187171716664611 0.12482224877836989 0.49885689730958271
-2.2881825956602371 0.032890964815329833 0.50802683703739615
-2.377750601089454 -0.062947966516982298 0.49902682163486389
-2.460283100114582 -0.164526311852354 0.47454070231279111
-2.5312585396652589 -0.26820152754409532 0.43628333716256812
-2.586050602348513 -0.37219414122987721 0.38817390584290129
-2.6307346172307202 -0.48399678775161348 0.32604129636324602
-2.6576720385827408 -0.58916068705351754 0.25915115526166221
-2.6685119212002149 -0.6928512915984173 0.18745463136453511
-2.6637963668908191 -0.79890214959880834 0.1057969454216468
-2.643871052431332 -0.8928774932980249 0.029344018844258558
-2.6051780128803159 -0.99006799936569978 -0.055902438860148562
-2.555758145727574 -1.072940289746116 -0.13226701425514839
-2.487529923818196 -1.1529657428897071 -0.2117575447077823
-2.4075253518758681 -1.2226039302110521 -0.28322384449198168
-2.3147946567493718 -1.2842388599232799 -0.34693016084493178
-2.2068111065132201 -1.3359416942468121 -0.40556774449003907
-2.093986835979428 -1.3770626592551889 -0.45034642205194858
-1.9730651371514549 -1.408325092779068 -0.48354795278808238
-1.839658108256937 -1.4297115323351459 -0.50392509166924127
-1.704270447129492 -1.4420598730065659 -0.50712979771630473
-1.5766423370647209 -1.445185658578777 -0.49336002059898199
-1.4381495143326311 -1.4421166139541861 -0.45797088734204838
-1.3190702777944501 -1.435334798656196 -0.40652067544513781
-1.197006899725932 -1.4274187115813251 -0.32803832718848103
-1.0934105951911921 -1.424753840572049 -0.23262981255466761
-1.006423179346587 -1.4336269146200511 -0.1226917717065413
-0.93290755812878945 -1.4609372365439941 -0.00026652161048062718
-0.87244350829279382 -1.51087895983236 0.1223285303147344
-0.82117164730508385 -1.5818511151619279 0.2323995858346907
-0.77198420336021478 -1.67259466926667 0.32759614437729251
-0.71758613696089324 -1.7824661824570931 0.40634807093381742
-0.66407329500525802 -1.8887629618677011 0.45776180550423418
-0.59731165069845626 -2.0105361418072731 0.4931643529960702
-0.53111492392007542 -2.1191780549982249 0.50697582869913593
-0.45238352464256643 -2.2306495269505571 0.50377584102301287
-0.36745262396928519 -2.3352240691117072 0.48344947249616882
-0.27981534590129697 -2.4245017177674382 0.45024419030262908
-0.18783614624075909 -2.5015765210338241 0.40549217406771731
-0.088931677606130605 -2.5694348578096942 0.34688256643806759
0.01066627104534114 -2.6187827949849161 0.28325440660774559
0.1110690028695525 -2.6534453136813569 0.21173607495719221
0.21439323353850831 -2.672450450689241 0.1322820154901197
0.31093631857729059 -2.673925845592823 0.055937417485774348
0.41446812296060243 -2.658801068257548 -0.029350750691091668
0.50585946798574655 -2.6291386712476581 -0.105839244228757
0.59999660525349219 -2.58018213176836 -0.18746579598683019
0.68441973820461344 -2.5190129564534618 -0.25925020678279398
0.76197995832087795 -2.4431553785693692 -0.32609235970007611
0.83660943329785997 -2.3484912364651809 -0.38833854178400101
0.89916257359076002 -2.2492279709886009 -0.43635074402689161
0.95352751941003255 -2.135908563761717 -0.47466623427357851
1.0002915909095651 -2.0135035615586898 -0.49920150896322713
1.038453898559254 -1.888231432076533 -0.50823648439380975
1.0675945976751779 -1.7545878427391119 -0.49908086544528169
1.089881837649336 -1.6267096822812781 -0.47271091342207572
1.106320863191502 -1.498365460062407 -0.42520207312604158
1.1191853477585501 -1.380853386597749 -0.35841008356257648
1.133592907692984 -1.271098355680603 -0.26900855009283009
1.154315405653763 -1.177564035586562 -0.1603527062861993
1.1879302206719651 -1.104220030617878 -0.040777138257990751
1.2400104126962479 -1.0479961398242861 0.081888559875293532
1.311554943103431 -1.006915100928724 0.1965765787905728
1.404362143045407 -0.97267632634315793 0.29909691825429729
1.5161542259246159 -0.93938678035843937 0.38283587134193447
1.627908493267018 -0.90716111879263928 0.4407452146033905
1.760489914532783 -0.86466684979007769 0.48372943995338957
1.8781852061200739 -0.82013798764814239 0.50344686631521407
2.0078093782500281 -0.76295482777985035 0.50695518703612164
2.1236409308085999 -0.70182605389004116 0.492498775750636
2.229009920878716 -0.63391245902796955 0.46429033579314138
2.3290990584430689 -0.5563576741854207 0.42085243403638573
2.413636785943424 -0.47592370119850308 0.36769508521992988
2.485707012984264 -0.38655546025056797 0.30588190602580762
2.5445210521667221 -0.29171107873104107 0.23363150360239179
2.5841367007518641 -0.19916987324693039 0.16074969085391741
2.6096004787075531 -0.098593423423591606 0.079925106786875422
