-4.02297890975359 -54.7279395226431 4.50940805217963
-4.82739765993986 -54.4708993980386 5.23700188579256
-5.62499898053225 -54.1740281273002 5.95686879342662
-6.41520461525881 -53.8383925298117 6.66777082834295
-7.19766677423331 -53.465378867107 7.36849553953602
-7.97221058201725 -53.0564907957527 8.05786761974859
-8.73873037304396 -52.613148719853 8.73475416534349
-9.49706525069244 -52.1365389906465 9.39807180525388
-10.2468859006208 -51.6275451689074 10.0468031526883
-10.9876218541011 -51.0867692989936 10.6800243430867
-11.7184475477552 -50.5146257177023 11.2969372068786
-12.4383298613908 -49.9114704353751 11.8968921875778
-13.1461234343975 -49.277721206832 12.4793845184176
-13.840687214992 -48.613929488887 13.0440085406035
-14.5209900546635 -47.9207837153958 13.5903640690404
-15.1861767155218 -47.1990479508672 14.1179230904296
-15.8355777053989 -46.4494632464889 14.6258813022491
-16.4686634360797 -45.672653696332 15.1130320151686
-17.0849603523349 -44.8690805642616 15.5777047732671
-17.6839592233908 -44.0390746647207 16.0178045891963
-18.2650504588454 -43.1829520338935 16.4309696700012
-18.8275163731827 -42.3011875408174 16.8148384110277
-19.3705955048681 -41.3945956865401 17.1673851221908
-19.8936113338838 -40.4644583055069 17.4872555976237
-20.396132429146 -39.5125515508931 17.774017387143
-20.8781119683161 -38.5410562673496 18.0282444036507
-21.33995086167 -37.5523736490953 18.2513856417674
-21.7824448768094 -36.5488955786289 18.4454188761206
-22.2066084460969 -35.5327864213 18.6123487894493
-22.6134052978365 -34.5058228257139 18.7536572744977
-23.0034460248032 -33.4693212075401 18.8698365179616
-23.3767268723913 -32.4241677375177 18.9601254278762
-23.7324808650924 -31.3709515264921 19.0225284270264
-24.069194812741 -30.3101805649488 19.0541313090805
-24.3848166714962 -29.2425299238566 19.0516551862121
-24.6771381807168 -28.169045713173 19.0121228593626
-24.9442900634909 -27.0912287937863 18.9334704052574
-25.1852410836497 -26.0109625805641 18.8149378875727
-25.4001660852322 -24.9303166830612 18.6571262733062
-25.5905601151681 -23.8513157999632 18.4617042143837
-25.7590313272697 -22.7757744311463 18.2308584706899
-25.9087910296573 -21.7052541019095 17.9666652520933
-26.0429485516581 -20.641128650605 17.6705855144551
-26.163784574741 -19.5846884390569 17.3432464189382
-26.2722001155961 -18.5372047393263 16.9845769610895
-26.3675105666282 -17.4999087241038 16.5942454731212
-26.4476767989193 -16.4738913494821 16.1722347088974
-26.5099520746214 -15.4599757133826 15.7193229873779
-26.5518007242923 -14.4586379024173 15.2372476182513
-26.5718474242385 -13.4700506717808 14.7284206781613
-26.5705792401389 -12.4942950465863 14.1952280615731
-26.5505676485648 -11.5317310224097 13.6391210685801
-26.5161008632625 -10.5834502733013 13.0598392607118
-26.4722864334898 -9.65166658193937 12.4551228430946
-26.4238497081264 -8.73985123507557 11.8211501255956
-26.3739638707001 -7.85241727381608 11.153688052
-26.3234668900116 -6.9938400831427 10.4496504043328
-26.2707387518512 -6.16730485068638 9.70854725630789
-26.2123412366892 -5.37325449810584 8.93330244539222
-26.1443012855279 -4.60842728391679 8.13014015469171
-26.0637124285749 -3.86593821355 7.30757707155089
-25.9702049292623 -3.13660889045041 6.47480973188075
-25.8668344483666 -2.41123194662448 5.63986461810855
-25.7600686966936 -1.68304344241995 4.80787312368195
-25.6587955437196 -0.949586754815355 3.97987690422039
-25.5725752936686 -0.213397223289804 3.15261805714292
-25.5096006095792 0.518673782168156 2.3196174537561
-25.4749090097284 1.23736797271312 1.47338996478811
-25.4693111128978 1.93384228202226 0.608086821803359
-25.4893139340704 2.6028518240161 -0.278410541634624
-25.5280646519953 3.24541760234264 -1.18363257472482
-25.5770404571719 3.86994672689699 -2.10090102598012
-25.6279726211673 4.49111527810085 -3.02039389902721
-25.6744595450943 5.12664767782483 -3.93037761515935
-25.712903755709 5.79301842932213 -4.81858509181665
-25.7426606782551 6.501583909219 -5.67403593832049
-25.765487945812 7.25646400023727 -6.4892699907216
-25.7845192861286 8.05469964426298 -7.26228278231229
-25.8030715489866 8.88822783922576 -7.99714982933216
-25.8235997950515 9.74662446992764 -8.70278927973327
-25.8470250841641 10.6196649272672 -9.39020758408276
-25.8725150685432 11.4992683242738 -10.0692533798368
-25.8976640666134 12.3807807411727 -10.7459918787902
-25.9189330388975 13.2635750728218 -11.4213832876555
-25.9321812226598 14.1508226798709 -12.0913488641341
-25.9331520693518 15.0483549688351 -12.7478782564913
-25.9178482475837 15.9628400509158 -13.3807155059441
-25.8827994931967 16.8998268062176 -13.979254935946
-25.8252544553172 17.8622992477112 -14.5343724935416
-25.7433141131106 18.8501604492323 -15.0399159310561
-25.6360011626914 19.8606601746454 -15.4935619827745
-25.5032521354719 20.8894243726965 -15.8968457011498
-25.3458261492385 21.9316100439399 -16.2543856563241
-25.1651324158414 22.9828109829323 -16.5725575847114
-24.9629829135848 24.0395584316019 -16.8579911546286
-24.7412847106779 25.0994495296649 -17.1162459769834
-24.5017052789482 26.1610212033061 -17.350908388835
-24.2453677862538 27.2234829564838 -17.5632070413049
-23.9726454275305 28.2863861002896 -17.7521212119913
-23.6831108451704 29.349283820687 -17.9148719450889
-23.3756587110171 30.4114352048535 -18.0476442478558
-23.0487705335209 31.4716098485707 -18.1463805365291
-22.7008502718062 32.5280370521348 -18.2075010436849
-22.3305427863136 33.578507845351 -18.2284387176858
-21.9369595336708 34.6205907959602 -18.2079206758896
-21.5197707301476 35.6518860608497 -18.1459815749257
-21.0791661400181 36.6702349278959 -18.0437478959811
-20.6157221954932 37.6738273301714 -17.9030739021261
-20.1302311161945 38.6611940867898 -17.726129455938
-19.6235460973684 39.6311129416539 -17.5150337235723
-19.0964802265117 40.5824812947696 -17.2716019461207
-18.5497732142402 41.5142087282734 -16.9972347343038
-17.984116705523 42.425164319308 -16.6929412088715
-17.4002117824444 43.3141873323173 -16.359457298215
-16.798825271526 44.1801447317266 -15.9974042581876
-16.180815989328 45.0220019265574 -15.6074322743615
-15.5471160196283 45.838868365376 -15.1903082865167
-14.8986702589707 46.6299882532422 -14.7469306944611
-14.2363532919087 47.3946662919873 -14.278278878227
-13.5608910884246 48.132142679897 -13.7853252259254
-12.872814156034 48.8414523729726 -13.2689468096374
-12.172459833705 49.521313752406 -12.7298716044858
-11.4600274175813 50.1700882151396 -12.1686818582238
-10.735674459166 50.7858361579711 -11.585878662747
-9.99962979914996 51.3664708618963 -10.9819920957018
-9.25229255474803 51.9099857419811 -10.3577062091904
-8.49428916726457 52.4147084127816 -9.71396255873977
-7.72647284215356 52.8795228789369 -9.05201206108308
-6.94986761899603 53.304003447712 -8.37340071936737
-6.1655763611573 53.6884219653086 -7.67989430443424
-5.37468165651737 54.0336200075911 -6.97336327571538
-4.57816779852794 54.3407713529448 -6.25565700542539
-3.77688226142514 54.6110873159171 -5.52849486882215
-2.97154136390141 54.8455304393279 -4.79339380254463
-2.16277241200297 55.0445977452662 -4.05164158361679
-1.35117662843943 55.2082156613389 -3.30431532310943
-0.537394117954277 55.3357609297756 -2.55233672615097
0.277846818673798 55.4261926459751 -1.7965499258005
1.09370924086584 55.4782568570115 -1.03780477371343
1.90926173107288 55.4907119426058 -0.277029261892551
2.72352333972939 55.4625229279512 0.4847205470115
3.53552611633545 55.3929856022916 1.24623748173952
4.34437606395425 55.2817633138311 2.0061645233086
5.14929341921978 55.128844422987 2.76301371757747
5.94961970883189 54.9344494436442 3.51519611563341
6.74478990016787 54.6989279304717 4.26105919247171
7.5342793329771 54.4226833636451 4.99893184099392
8.31754316890068 54.106150742632 5.72717871983135
9.09396831877319 53.7498308367172 6.44426402311824
9.86285357281694 53.3543635503075 7.14881979609781
10.6234242014469 52.9206072894932 7.83970737942027
11.3748754393612 52.4496864500929 8.5160551166676
12.1164288400117 51.9429767836106 9.17725411154282
12.8473802037439 51.4020161620732 9.8228987721563
13.5671197487275 50.8283508143508 10.452670276218
14.275113822449 50.2233479844891 11.0661764027638
14.9708496393748 49.5880196756823 11.6627758515764
15.6537561996458 48.9229053365674 12.2414244463488
16.3231225669539 48.2280528382507 12.8005814661326
16.9780378315526 47.5031175807105 13.3382063767027
17.6173754321455 46.7475718977964 13.8518610856651
18.2398381121588 45.9609867923984 14.3389129150259
18.8440681625659 45.1433239101762 14.7968112835481
19.4288109161511 44.2951667230191 15.2233899527586
19.993100521119 43.4178318966704 15.6171318430054
20.5364220235471 42.5133330008761 15.9773314625662
21.0588001582266 41.58420884334 16.3041058189193
21.5607774491106 40.6332631017551 16.5982375717555
22.0432703902575 39.6632789547387 16.8608761585501
22.5073246175049 38.6767694626097 17.093160969668
22.9538177663911 37.6758079533238 17.2958532617509
23.3831742719199 36.6619621430927 17.4690635928214
23.795156945448 35.6363368468547 17.6121393903468
24.1887874902257 34.5997126411048 17.7237388338975
24.5624256943035 33.5527495612327 17.8020717461266
24.9140078386078 32.4962077503632 17.8452458319928
25.2414113562808 31.43112871208 17.8516273712011
25.5428792651509 30.3589302189482 17.8201182105068
25.8174125133533 29.281396541673 17.7502712665124
26.0650317697932 28.2005832958261 17.642213529427
26.2868302192335 27.1186848796574 17.4964077079668
26.4847849529958 26.0379171277275 17.3133414959559
26.661355854201 24.9604461443126 17.0932652606098
26.8189603945929 23.8883586822793 16.8360899682616
26.9594532131527 22.8236398772827 16.5415060575978
27.0837481354162 21.7681175317849 16.2093043349127
27.1916921902366 20.7233541067721 15.8397968967685
27.2822399592013 19.6905094976036 15.4341790314354
27.3538957982961 18.6702389890433 14.9946660066627
27.4053126444369 17.6627070698335 14.5242905007621
27.4358831442312 16.667773714663 14.0263464911191
27.4461501545052 15.6853506876668 13.5035872996049
27.4379061454108 14.7158570065456 12.9573956340406
27.4139373632855 13.7606539053443 12.3872069422987
27.377477067306 12.8223215326733 11.7904508776205
27.3315297616803 11.9046426677909 11.163156591901
27.278280640932 11.0121779322465 10.5011548847047
27.218790020865 10.1493793598684 9.80156530551777
27.153092611154 9.31933753872284 9.06408930553884
27.080698898908 8.52248172477268 8.2916512216564
27.0013669383091 7.75573776618618 7.49016146568685
26.9159163018386 7.0126298117785 6.66750484048987
26.8268203665758 6.2845140842872 5.83208772048273
26.7383502061761 5.56266786847201 4.99130530797797
26.6561534412037 4.84056579690812 4.15019947925953
26.5863223207176 4.11557025901847 3.31053716618544
26.5341916182776 3.3894873166021 2.47058272345592
26.5032268194277 2.66784381139653 1.62580802185534
26.4943511162066 1.95809754377049 0.770525711377727
26.505924058874 1.26718825942963 -0.0999885927873665
26.5343887043816 0.598951121410697 -0.987615919746922
26.5754044466128 -0.0479529058991582 -1.89039501425528
26.6251209682215 -0.680871810695392 -2.80258520367475
26.6811829826033 -1.31226457528651 -3.71548906867696
26.7431381683767 -1.95713545224516 -4.61861398660552
26.8121349791331 -2.62954363383659 -5.50102243959341
26.890050786923 -3.33936675803425 -6.3529782941887
26.9783786359438 -4.09042803014215 -7.16784306958509
27.0772553092545 -4.88050864279041 -7.94370585165643
27.1849246889337 -5.70295372311713 -8.68395541368946
27.297754284163 -6.54902135459219 -9.39629358036142
27.4107509064326 -7.41012505821248 -10.0903905496618
27.5184099199341 -8.27952908554668 -10.7750038974759
27.6156721864609 -9.15343378676964 -11.4555486875518
27.6987354988897 -10.031467339451 -12.1327985800024
27.7654966702297 -10.9165018065252 -12.8028741251911
27.8155139958051 -11.8137203600996 -13.4582477047363
27.8495444983035 -12.7290863947642 -14.0893355094473
27.8688450860119 -13.6676518905747 -14.6863013100577
27.8744731584848 -14.6322576733652 -15.2407850393538
27.86678159433 -15.6230156987277 -15.747285622592
27.8452131555668 -16.6376155672865 -16.2039281187623
27.8083991859081 -17.6721734520493 -16.6124409319482
27.7544846860793 -18.7222133367446 -16.9773748782721
27.68155319318 -19.783460688909 -17.3048128052485
27.588016787921 -20.8523225625697 -17.6009342534362
27.4728657532836 -21.9260841798177 -17.8707790757581
27.3357279215944 -23.0029060258014 -18.1174388032151
27.1767520841339 -24.0816862806069 -18.3417609489081
26.9963817832109 -25.1618251491928 -18.5425280080385
26.795108052409 -26.2429278781846 -18.7169908807329
26.573277631164 -27.3245048686741 -18.8615971812142
26.3309972030532 -28.4057406695132 -18.9727503457516
26.0681328944752 -29.4853876378808 -19.0474564602527
25.7843743420533 -30.561797342675 -19.083755856929
25.4793221196103 -31.6330546135959 -19.0808903596173
25.1525646247837 -32.6971492478158 -19.0392162209678
24.8037278756464 -33.7521206353225 -18.9599250150955
24.4324998332519 -34.7961362420403 -18.844667703809
24.0386428923619 -35.8275002504005 -18.6951838670423
23.6220109800376 -36.844617166257 -18.5130198309709
23.1825818325834 -37.8459474332188 -18.2993839238666
22.7205037102838 -38.829987505381 -18.0551451964017
22.2361438683651 -39.7952906729811 -17.7809443703051
21.7301186635011 -40.7405242930657 -17.4773610346556
21.2032859448035 -41.6645407178575 -17.1450741075457
20.6566898634928 -42.566428999739 -16.7849635781921
20.0914631246229 -43.4455164384485 -16.3981259003923
19.5087062331204 -44.3013036213825 -15.9858049149622
18.9093719944039 -45.1333392460013 -15.5492658528283
18.2941836427703 -45.9410633956233 -15.0896550475422
17.6636069855811 -46.7236616161853 -14.6078896238375
17.0178835655098 -47.4799723395832 -14.1046106401452
16.3571165669287 -48.2084773972256 -13.5802137474263
15.6813876694639 -48.9073840841868 -13.0349488786958
14.9908748568315 -49.5747835708472 -12.469061035765
14.2859411895021 -50.2088502853682 -11.8829335416315
13.567173541243 -50.808035184851 -11.2771964087156
12.835365828475 -51.3712062062541 -10.6527749878601
12.0914579573469 -51.8977026789344 -10.0108730272191
11.3364535006457 -52.3872941400842 -9.35290279375508
10.5713421133465 -52.8400608397315 -8.68038701041237
9.79704690912944 -53.2562344616744 -7.99486030082516
9.01440582176947 -53.6360461857227 -7.29779252750523
8.22418400922882 -53.979622747364 -6.59054611920526
7.42710547287472 -54.286952450765 -5.87436803966391
6.62388834449313 -54.5579187767602 -5.15040768942757
5.81527008751002 -54.7923771839408 -4.41974693774841
5.00201507795756 -54.9902376621843 -3.68342853682191
4.18490537884286 -55.1515153693706 -2.94247370932217
3.36472293949436 -55.2763241595349 -2.19788658687518
2.54223510255494 -55.3648089624664 -1.45064958243722
1.71819379341463 -55.4170359762365 -0.701717403445722
0.893352805830308 -55.4328770023034 0.0479826099393818
0.0684995615701933 -55.4119302700748 0.797539206889213
-0.755509497832686 -55.3535125908235 1.54603509941597
-1.57772476028261 -55.2567385767173 2.29251884453364
-2.39710479288474 -55.1206773459088 3.03597891430155
-3.21255170483434 -54.9445529891319 3.77532867541431

-44.8373415960946 -19.1152891894883 -17.3395472097853
-43.8905633331466 -19.6121691777183 -17.6485681492241
-42.920632765546 -20.080586996358 -17.9286319848953
-41.9300009260356 -20.5208093462267 -18.1802024048606
-40.9215394187967 -20.934213298942 -18.4045653869354
-39.8981421622316 -21.323030919575 -18.6033355815177
-38.8623858161569 -21.6898749217599 -18.77786934849
-37.816315281101 -22.0371550005475 -18.9287562776595
-36.7613777414488 -22.3665218245405 -19.0555476705016
-35.6984970160476 -22.6784670187184 -19.1568172617738
-34.6282551398902 -22.9721717704847 -19.230553546447
-33.5511240695225 -23.245645010746 -19.2747794796698
-32.4676749503999 -23.4961325079796 -19.2882115988029
-31.3787024954894 -23.7207177511611 -19.2707331239041
-30.2852430407786 -23.9169855155814 -19.2234840785308
-29.1885173468536 -24.0835952258912 -19.1484698720267
-28.0898617896807 -24.2206255686217 -19.0477382163226
-26.9907087676334 -24.3296033686836 -18.9223313793047
-25.8926509000356 -24.4132050150787 -18.7713374905035
-24.7975919318446 -24.4746995382459 -18.5913991707148
-23.7079455704232 -24.517271271757 -18.3769647041929
-22.6267732619721 -24.5433993219227 -18.1213825469512
-21.5576727111971 -24.5544645856631 -17.8186706867766
-20.5042308774082 -24.5506959142808 -17.4655086249017
-19.4690370913045 -24.5314666134276 -17.0628194390654
-18.4525857023072 -24.4958421436474 -16.6163539232508
-17.4526647806344 -24.4432000701053 -16.1359809079468
-16.4647569803947 -24.3737210773534 -15.6337861418761
-15.4835094072574 -24.288583590189 -15.1213831757883
-14.5047383140163 -24.1897697775652 -14.6069841495836
-13.5271584137784 -24.079508417651 -14.0928834082578
-12.5532817486792 -23.9595399901858 -13.574129452298
-11.5894592510194 -23.8305337344447 -13.0391196085233
-10.6452893698922 -23.6920012914128 -12.4724033310493
-9.7323372420883 -23.5428659995763 -11.8591322626504
-8.86175924241449 -23.3825277709266 -11.1897037142565
-8.04078506858677 -23.2119967163794 -10.4627804581568
-7.26913461829138 -23.0346321694119 -9.68549930562018
-6.53733052599568 -22.8562309244697 -8.87112332621787
-5.82842330279877 -22.6844609916057 -8.03560071024482
-5.12293370008221 -22.5277226894082 -7.19441090369836
-4.40501544884577 -22.3935074054692 -6.35996179532447
-3.66718688546742 -22.2865021088652 -5.53913808685833
-2.91188261668119 -22.2070696319396 -4.73126907978445
-2.14986454336484 -22.1508944460496 -3.92783395192089
-1.39681621356059 -22.1102032410853 -3.11506804492632
-0.669313130017983 -22.076289626395 -2.27900589331911
0.0194917894374773 -22.0425462829007 -1.41072824377789
0.66417625026492 -22.0070128297565 -0.509274245957844
1.27008310743507 -21.9735680724036 0.418735653544767
1.85329186003788 -21.9513148870948 1.36151334126412
2.4367824917851 -21.9522715971037 2.30448411612173
3.04400991736145 -21.9879522620425 3.23185961383172
3.69251006456607 -22.0657603563372 4.1284093467679
4.39011016057915 -22.1863639037415 4.98248800517512
5.13486535591964 -22.343075725188 5.78961252010961
5.91786315221689 -22.5234906279994 6.55442721689816
6.72688635840575 -22.712661172486 7.28941485154537
7.54938499260646 -22.8966488895622 8.01067111536672
8.37455843727006 -23.0654859368527 8.73269692412553
9.19509928869303 -23.2149418674212 9.46436972430283
10.0087336363675 -23.3467329444125 10.2072368626659
10.8189378971418 -23.467111377974 10.9559615660139
11.6341405579334 -23.5842411022801 11.7000083675969
12.4654182570582 -23.7051850396506 12.4257483983876
13.3234916025016 -23.8334414621974 13.1186709272915
14.2161087231646 -23.9677416392961 13.765668207186
15.1465966255638 -24.1023790925817 14.3572106924929
16.1137771549225 -24.228840614493 14.8889653699103
17.1129465481959 -24.3381198041788 15.3623962436546
18.1373878523782 -24.4229491398188 15.784162870959
19.1799065724699 -24.4793111559132 16.1644924720819
20.2340428270433 -24.5068944542001 16.5149522657511
21.2948178157512 -24.5085111017978 16.8461357922092
22.3590442410578 -24.4887741438374 17.1657325921055
23.4253108436376 -24.4524858977476 17.4773210466256
24.4937273812317 -24.4031994875093 17.7800451053452
25.5654518457149 -24.3423097690675 18.0691438827142
26.642014991881 -24.2688446125199 18.3371444208991
27.7245468565327 -24.1799168112323 18.5754367714422
28.8131262443572 -24.071620079432 18.7759241206916
29.9064963041438 -23.9400565741919 18.932450802406
31.0022579704727 -23.7821887940155 19.0417480025969
32.0974332107725 -23.5963065464062 19.1037234464364
33.1891239975253 -23.3820514590657 19.1210705972975
34.2749852047057 -23.1400883157357 19.0983472066463
35.353367973393 -22.8716011112638 19.0408011115985
36.423168827889 -22.5778026107969 18.9532536376438
37.4835322220934 -22.2595971837634 18.8392907710408
38.533564722455 -21.9174611967606 18.7008977595289
39.5721625909778 -21.5515300768349 18.5385457498294
40.5979854212724 -21.1618215770939 18.3516296511051
41.6095565542219 -20.7484910153116 18.1390846971702
42.6054372229266 -20.312014317334 17.8999877255952
43.5844002281418 -19.8532292000055 17.6339803369714
44.5455252743309 -19.3732215771235 17.3414233050655
45.4881617490138 -18.8731011606401 17.0232809196877
46.41175410494 -18.3537462920417 16.6808123205287
47.3155809341946 -17.8156038882509 16.3151931835247
48.198496017314 -17.2586098093609 15.9271975254404
49.0587636744708 -16.6822583465932 15.5170400720851
49.8940546870769 -16.0858070863138 15.0844256397104
50.7016260813106 -15.4685638984284 14.6287878264391
51.4786602961017 -14.8301758949282 14.1496419313974
52.2226941405681 -14.1708362366974 13.6469434258272
52.9320332481216 -13.4913491228041 13.1213448426062
53.6060358294119 -12.7930401312119 12.574279827182
54.2451724637135 -12.077550080325 12.0078586664174
54.8508268356598 -11.3465840460706 11.4246128722465
55.4248783152087 -10.6016907409788 10.8271595517877
55.9691726461845 -9.84412501471697 10.2178642203383
56.485017398901 -9.07481313379419 9.59856988959927
56.9728259622586 -8.29441173602143 8.97044025967042
57.4319868268487 -7.50343295617737 8.33394093373558
57.860972621316 -6.70239809385831 7.68895569849718
58.2576446236856 -5.89197735024251 7.03500693451072
58.6196661091148 -5.07307505242064 6.37152648172977
58.944918377248 -4.24683270704891 5.69811426049814
59.2318190072643 -3.4145469729285 5.01473118572297
59.4794719140118 -2.57752917607609 4.32179688149238
59.687627120317 -1.73695485501866 3.62019120541872
59.8564823775357 -0.893755721434493 2.91118064610755
59.9864026380498 -0.048590706054149 2.19630035311016
60.0776531236391 0.798095160381903 1.47722082293188
60.1302317007877 1.64594407551298 0.755620186931557
60.1438506837941 2.4945313367738 0.0330738739851648
60.1180687360888 3.34323107678779 -0.689033563987057
60.0525251861667 4.1911420816115 -1.40957297512577
59.9471959037526 5.03709485643625 -2.12770932728068
59.8025816086192 5.8797352108935 -2.84290915941112
59.6197586522563 6.71765502765332 -3.55490865417947
59.4002630385145 7.54952653705627 -4.26363629570729
59.1458280225276 8.37419788167122 -4.96909277680614
58.8580390226705 9.19072365045825 -5.6712037273041
58.5379947453959 9.99832678419718 -6.36967207698785
58.1860645071709 10.7963086648964 -7.0638608088704
57.8018093156288 11.5839366726499 -7.75273173194802
57.3840939803475 12.3603423463117 -8.43485438968654
56.9313688225627 13.1244602514308 -9.1084857120408
56.4420546604656 13.87502865135 -9.77170828308267
55.9149365141378 14.6106578380317 -10.4226035634592
55.3494695228002 15.3299518797645 -11.0594265343533
54.7459268382312 16.0316501796721 -11.6807430344327
54.1053657107372 16.7147452027791 -12.2854954386169
53.4294388919877 17.3785384881445 -12.8729790067014
52.7201170351744 18.022617927172 -13.4427369356411
51.9794032583647 18.6467668547602 -13.9944077897968
51.2091120982269 19.250838220594 -14.5275741739521
50.4107578884188 19.8346364566008 -15.0416600632716
49.5855616763891 20.3978435760263 -15.5359067843758
48.7345510061568 20.940008278681 -16.0094305766204
47.8587022307584 21.4605940538082 -16.4613366738534
46.9590673555549 21.9590615294391 -16.890844197834
46.0368391073179 22.4349478429445 -17.2973690715869
45.093334713663 22.8879060313182 -17.680521754212
44.1299107571253 23.3176814002828 -18.0400015860332
43.1478470392101 23.7240257326876 -18.3754035129534
42.1482488865056 24.1065759069749 -18.6859856891968
41.1320126927053 24.4647416167732 -18.9704673531832
40.0998807985029 24.7976507477777 -19.2269284490231
39.0525830534038 25.1041890267802 -19.4528644293852
37.9910296245552 25.3831460244439 -19.6454153706941
36.9164926890664 25.6334485700596 -19.8017451110656
35.830706440652 25.8544326952919 -19.9195028166619
34.735834974048 26.046084899351 -19.9972671113419
33.6343036959979 26.2091810704987 -20.0348627350098
32.5285440469534 26.3452713309105 -20.0334585347304
31.4207375322173 26.4564980620045 -19.9954010833932
30.3126447845824 26.5452803719327 -19.923797742935
29.2055699018071 26.6139351850189 -19.8219192467196
28.1004600660977 26.6643204701259 -19.6925313176662
26.9981011700085 26.6975764897993 -19.5372821594908
25.8993561408656 26.7140123449274 -19.3562687216481
24.8053992947819 26.7131490215373 -19.1478815739627
23.7179101730162 26.6938984540063 -18.9089869659389
22.6391890609848 26.654838604114 -18.6354463452317
21.5721446136351 26.5945386922025 -18.3229029322089
20.520100653834 26.511892395533 -17.9676931898679
19.4863989952795 26.4064239479238 -17.5676876268599
18.4738470275644 26.2785385165919 -17.1228545578013
17.4841498196563 26.1296929388583 -16.6353897433788
16.5175268134305 25.9624655889418 -16.1093593890459
15.5726951532182 25.7805035105809 -15.549930682017
14.647294793816 25.5883215127439 -14.9623669509017
13.7386746136917 25.3909295597845 -14.3510132486512
12.8448232761803 25.1932864909796 -13.7184933524728
11.9651719144912 24.9996302833247 -13.0652994166864
11.1010332558462 24.8128077946148 -12.389890854017
10.2555434910086 24.6337869634741 -11.6893222231588
9.43309112948895 24.4615426278606 -10.9602861708275
8.63832213970178 24.2934428831065 -10.2003120471718
7.87490582903592 24.1261362702077 -9.40876546228058
7.1443396697943 23.9567867990484 -8.58731969775459
6.44513709240884 23.7843728962493 -7.7397448761564
5.77271586355804 23.6107046299548 -6.87112718584547
5.12013691792295 23.4408462644356 -5.98685360830548
4.47956133503724 23.282750565799 -5.09174701318301
3.84400545285485 23.1460886440325 -4.18958737421306
3.20881637649601 23.0404667591433 -3.28301801238288
2.57235378766928 22.9734275457355 -2.37367523647123
1.93564753624725 22.9487723965411 -1.46238375665104
1.30119458749584 22.9657233754816 -0.549378629263531
0.671383075942387 23.0192230239844 0.365386412124251
0.04713106701253 23.1013171046459 1.28180304880046
-0.572825262000131 23.2032280749248 2.1991227247449
-1.19185553305563 23.3175335893894 3.11560543698096
-1.81471559906417 23.439856598989 4.0284729845976
-2.44649847287229 23.5696273452382 4.93419552964999
-3.09161274606433 23.7097430147228 5.82897450254506
-3.75309551316011 23.8652612857967 6.7092144209353
-4.43245373635957 24.0415340318793 7.57183313178459
-5.13006336381896 24.2423340014999 8.41437122951507
-5.84595861998605 24.4685017686307 9.23493313055012
-6.58067537028946 24.71745060646 10.0320019675628
-7.33576497008239 24.98358436354 10.8041704633457
-8.11372683579651 25.2594193222825 11.5498692392727
-8.91737641021659 25.5370474223725 12.2672304826449
-9.74893278821186 25.8095551448646 12.9542215333927
-10.6092303519423 26.0720786457873 13.609070995059
-11.497373399658 26.3222873455795 14.2308340638943
-12.4109286537516 26.5602290938268 14.8198201478442
-13.3465271065749 26.7876280810709 15.3776290486718
-14.3006349882724 27.0068646788848 15.9067068781911
-15.2702668048891 27.2199346444073 16.409542510568
-16.2534851427742 27.4276579558753 16.8877685750674
-17.2495971330294 27.6293017135749 17.3414543152441
-18.2590084928096 27.8226442712091 17.7687991999072
-19.282764070686 28.0043903613003 18.1663105340834
-20.3218992779986 28.1707812066549 18.5294233061913
-21.3768096897581 28.3182320605613 18.8534180509442
-22.4468551215811 28.4438551218196 19.134419591806
-23.5303233131623 28.5457706094926 19.3702290270628
-24.6247262022413 28.6231645807544 19.5607739660528
-25.7272709750486 28.6761132492597 19.7080638121224
-26.8353065513505 28.7052477757568 19.8156790223996
-27.9466018570846 28.7113640418794 19.8879518287222
-29.0594152907331 28.6950794025596 19.9290645332547
-30.1724008762913 28.6566079361285 19.9422860150296
-31.2844314549114 28.5956825386684 19.9295039763149
-32.3944103591093 28.5116118456974 19.8911192201475
-33.5011183225092 28.4034315523089 19.8262763630487
-34.6031223318318 28.2700957562556 19.733332839891
-35.6987594044344 28.1106535357446 19.6104272309206
-36.7861926998718 27.9243673157966 19.4560039550999
-37.8635168840381 27.7107502184048 19.2691817475374
-38.9288721137628 27.4695251157826 19.0499078791078
-39.9805232651541 27.2005317770653 18.7989025363995
-41.0168778075288 26.9036231841089 18.5174502966701
-42.0364448304447 26.5785933563474 18.2071247471369
-43.0377648985622 26.225167017461 17.8695332901609
-44.0193533757657 25.8430603958467 17.5061463102474
-44.9796942762822 25.4320987434464 17.1182382754936
-45.9173010852817 24.992356425619 16.7069300271824
-46.8308332967832 24.5242753522962 16.2732922756505
-47.7192319066361 24.0287205855209 15.8184574347722
-48.5818225645011 23.5069480393472 15.343692362309
-49.4183379564828 22.960483730278 14.850404430329
-50.2288324901412 22.3909392402311 14.3400794187751
-51.0134964614071 21.7998060361194 13.8141729314158
-51.7724116418009 21.1882773301176 13.2739909172947
-52.5053127920713 20.5571398129076 12.720597074953
-53.2114221008381 19.906761348733 12.1547763252911
-53.8894059042249 19.2371782020865 11.5770668627075
-54.5374715738441 18.5482608634233 10.9878525548276
-55.153586078747 17.839916693805 10.3874883001462
-55.7357650849429 17.1122771007939 9.77641997536463
-56.2823602749281 16.3658218953305 9.15526276839774
-56.792269503553 15.6014137109129 8.52481705787193
-57.2650131304348 14.8202439243561 7.88602359242208
-57.7006576930456 14.023717331084 7.23988014160596
-58.0996143554266 13.2133164528504 6.58735216121098
-58.4623786530537 12.3904846684177 5.929307808165
-58.7892959179944 11.5565539158344 5.26649579278942
-59.0804270349077 10.7127242878444 4.59956858672388
-59.3355552385423 9.86008564101181 3.92913853856493
-59.5543275836287 8.99965968232122 3.25584422394466
-59.7364791224743 8.13243778325354 2.58040155829039
-59.882057793246 7.25939628744512 1.90362016087611
-59.9915635490323 6.38148536016032 1.22637871985814
-60.0659391665772 5.49960335482839 0.549568661177024
-60.10639626118 4.61457828391702 -0.125973416513182
-60.1141141574203 3.72717631802693 -0.799521793036312
-60.0898939734493 2.83814571248239 -1.47048956147539
-60.0338710645632 1.94828957856689 -2.13842207135971
-59.9453789959231 1.05854890644107 -2.80295931279827
-59.8230197452794 0.170070902595871 -3.46377816574218
-59.6649380157291 -0.715763201794524 -4.1205305908152
-59.4692378180065 -1.59737174326059 -4.77279578850697
-59.2344343314585 -2.47307527072725 -5.42006055154544
-58.9598185984889 -3.34125375878102 -6.06173101371026
-58.6456342274484 -4.20051885451655 -6.69716407698135
-58.2930191100628 -5.04984613450454 -7.32569610696567
-57.9037341019961 -5.88861789736135 -7.94664782127
-57.4797617380385 -6.71655489898371 -8.55929870679603
-57.0228923015329 -7.53355429047347 -9.16284427766292
-56.5344135061341 -8.33948369706163 -9.7563637521148
-56.0149862883263 -9.13399531454346 -10.3388266614794
-55.4647329976059 -9.9164165757572 -10.9091544517066
-54.8835005342128 -10.6857505617561 -11.4663329168
-54.2712075196681 -11.4407872456122 -12.009550117229
-53.6281586170986 -12.1802927256032 -12.5383179076818
-52.9552208245655 -12.9032157781012 -13.0525284903727
-52.2538028546597 -13.6088394105596 -13.5524056622012
-51.5256429240843 -14.2968177997591 -14.0383359359465
-50.7724699151588 -14.9670752665156 -14.5106026681519
-49.9956404080623 -15.6195911492788 -14.9690840560562
-49.1958624972052 -16.2541340319932 -15.4129981787107
-48.3730973868806 -16.8700268935786 -15.8407755162281
-47.5266849772726 -17.4660187508065 -16.2501121835661
-46.6556762335685 -18.0403143493566 -16.6382142146035
-45.7592872561606 -18.5907784692443 -17.0021953925987
