Component 1 of 1:
-29.931231 -12.898268 5.354732
-29.903506 -13.734332 4.684359
-29.760787 -14.535162 3.988968
-29.620645 -15.335783 3.294523
-29.530379 -16.151598 2.609823
-29.456524 -16.972339 1.928506
-29.297869 -17.769246 1.231348
-28.973688 -18.500025 0.518830
-28.524592 -19.162421 -0.190551
-28.051146 -19.808444 -0.897138
-27.612860 -20.475268 -1.606735
-27.201365 -21.157360 -2.318133
-26.741066 -21.813351 -3.026184
-26.149894 -22.383373 -3.712515
-25.438419 -22.851002 -4.359673
-24.685383 -23.275371 -4.986937
-23.951147 -23.718266 -5.623117
-23.247356 -24.190199 -6.272871
-22.527875 -24.649256 -6.916630
-21.717796 -25.016505 -7.512323
-20.809139 -25.250630 -8.026940
-19.860301 -25.410866 -8.491538
-18.917724 -25.581595 -8.963665
-17.998194 -25.792509 -9.464191
-17.081558 -26.009772 -9.969156
-16.116458 -26.144127 -10.412716
-15.096335 -26.132187 -10.737787
-14.060267 -26.023411 -10.977608
-13.024943 -25.910114 -11.213497
-11.994778 -25.833843 -11.484030
-10.967303 -25.774468 -11.770195
-9.929218 -25.659301 -12.001854
-8.890649 -25.421713 -12.106287
-7.876993 -25.081446 -12.095279
-6.875799 -24.712717 -12.050723
-5.866215 -24.365775 -12.033486
-4.848369 -24.043109 -12.046409
-3.836170 -23.698908 -12.030951
-2.864292 -23.269878 -11.898403
-1.968546 -22.750589 -11.628019
-1.120265 -22.193506 -11.293768
-0.262895 -21.643408 -10.972980
0.620976 -21.114080 -10.691412
1.508800 -20.587338 -10.414235
2.341461 -20.020636 -10.051517
3.058969 -19.401303 -9.553548
3.689259 -18.758720 -8.976475
4.314046 -18.115352 -8.396070
4.968337 -17.477919 -7.842300
5.637949 -16.843795 -7.303023
6.277852 -16.204690 -6.732958
6.833495 -15.558164 -6.087038
7.298451 -14.912056 -5.373249
7.726572 -14.268400 -4.635640
8.164739 -13.624723 -3.904210
8.621405 -12.981474 -3.183840
9.081137 -12.338035 -2.465504
9.513596 -11.690221 -1.734050
9.897525 -11.035860 -0.981586
10.248923 -10.377767 -0.216731
10.596957 -9.720134 0.549961
10.953721 -9.068546 1.317813
11.316803 -8.424820 2.089338
11.675783 -7.770189 2.853865
12.014146 -7.067594 3.584791
12.323758 -6.305635 4.267163
12.617722 -5.514919 4.922595
12.914971 -4.729817 5.583061
13.224454 -3.966087 6.262701
13.538133 -3.209501 6.948945
13.823380 -2.404387 7.592821
14.043448 -1.509256 8.136151
14.203948 -0.552102 8.584430
14.348097 0.418787 9.005469
14.509345 1.376034 9.450582
14.691244 2.316101 9.923721
14.857272 3.269653 10.378367
14.938695 4.278780 10.727352
14.906598 5.329861 10.927343
14.815177 6.387874 11.046076
14.733297 7.444606 11.176187
14.686609 8.497179 11.349945
14.647007 9.549303 11.533134
14.533477 10.609306 11.632325
14.289136 11.650501 11.575914
13.955996 12.652505 11.408307
13.612461 13.646975 11.226438
13.298828 14.656968 11.080179
13.004810 15.676213 10.956974
12.669261 16.677810 10.788805
12.227933 17.610034 10.501475
11.691837 18.444829 10.101527
11.123740 19.234870 9.661407
10.570521 20.044145 9.238445
10.042626 20.884437 8.844369
9.505059 21.715669 8.440694
8.895240 22.452179 7.958715
8.203839 23.032013 7.382667
7.478679 23.515198 6.764049
6.757750 24.008473 6.149893
6.055008 24.551018 5.556565
5.356190 25.105243 4.968064
4.621050 25.567027 4.341892
3.840147 25.845688 3.664430
3.043592 25.984211 2.965010
2.246981 26.103307 2.264081
1.454448 26.269069 1.568182
0.665041 26.464311 0.875924
-0.132975 26.596586 0.176247
-0.937432 26.559467 -0.529012
-1.726857 26.354751 -1.220911
-2.504747 26.089301 -1.902741
-3.287321 25.853505 -2.589632
-4.076232 25.663463 -3.283585
-4.863970 25.452778 -3.974953
-5.628697 25.102851 -4.637661
-6.338302 24.575018 -5.240650
-7.007205 23.959226 -5.802060
-7.680832 23.355115 -6.369076
-8.375169 22.798524 -6.959285
-9.074107 22.251184 -7.554246
-9.733853 21.609599 -8.101330
-10.303307 20.819187 -8.545956
-10.795732 19.941970 -8.907756
-11.278703 19.057360 -9.260269
-11.788912 18.201440 -9.643639
-12.314786 17.362952 -10.044935
-12.805765 16.482513 -10.402862
-13.196378 15.514690 -10.642040
-13.477759 14.489293 -10.758168
-13.717258 13.450967 -10.828876
-13.977021 12.419749 -10.923514
-14.267180 11.400578 -11.054540
-14.546301 10.375004 -11.170344
-14.735203 9.320814 -11.172106
-14.793799 8.263060 -11.016916
-14.779946 7.221445 -10.778227
-14.772978 6.178514 -10.548932
-14.799991 5.127344 -10.362698
-14.836301 4.073819 -10.187771
-14.816495 3.034321 -9.933434
-14.690366 2.048708 -9.534366
-14.485888 1.126317 -9.033432
-14.266441 0.219051 -8.514266
-14.065063 -0.706456 -8.020829
-13.878965 -1.646960 -7.550120
-13.680398 -2.574174 -7.056782
-13.433267 -3.439943 -6.479126
-13.132190 -4.218008 -5.809978
-12.807218 -4.948742 -5.101298
-12.485327 -5.685040 -4.397461
-12.173335 -6.440060 -3.709187
-11.864367 -7.200728 -3.025694
-11.543520 -7.941248 -2.325416
-11.199181 -8.638966 -1.592924
-10.836388 -9.300780 -0.836544
-10.468972 -9.952984 -0.074223
-10.107711 -10.609814 0.687078
-9.757259 -11.270058 1.450471
-9.404854 -11.931314 2.212252
-9.013526 -12.595326 2.952613
-8.560762 -13.261492 3.654963
-8.072459 -13.927437 4.332861
-7.586709 -14.593291 5.012471
-7.122112 -15.259039 5.706846
-6.669609 -15.924633 6.409584
-6.178589 -16.591381 7.086168
-5.590343 -17.253898 7.685772
-4.911248 -17.902079 8.197603
-4.199636 -18.541779 8.672687
-3.503265 -19.186198 9.163356
-2.836738 -19.839272 9.683232
-2.164467 -20.491061 10.199400
-1.406360 -21.111445 10.631772
-0.538493 -21.666129 10.923908
0.379932 -22.173120 11.128834
1.294446 -22.683327 11.338622
2.184589 -23.217910 11.588476
3.066939 -23.760199 11.851292
3.993666 -24.257990 12.047770
4.986555 -24.654128 12.106287
6.009909 -24.959048 12.052272
7.036231 -25.243123 11.973602
8.056397 -25.554259 11.925233
9.070659 -25.887534 11.901919
10.095491 -26.186876 11.842442
11.135076 -26.375185 11.670459
12.162983 -26.438153 11.381284
13.176800 -26.447734 11.045215
14.195051 -26.476484 10.725177
15.220873 -26.541472 10.435815
16.246188 -26.596586 10.138429
17.246486 -26.549265 9.759827
18.181918 -26.357001 9.276339
19.066783 -26.086541 8.741551
19.956422 -25.824509 8.212002
20.871398 -25.602843 7.707796
21.791972 -25.389316 7.208762
22.664132 -25.096176 6.661930
23.426654 -24.668454 6.044151
24.097399 -24.155028 5.389003
24.758287 -23.634514 4.731272
25.453136 -23.144465 4.085384
26.164971 -22.670040 3.445783
26.826458 -22.147178 2.787742
27.358287 -21.522872 2.100181
27.761183 -20.821050 1.401488
28.123457 -20.099436 0.702733
28.516283 -19.394046 0.004222
28.941269 -18.706437 -0.693467
29.332198 -17.998189 -1.392425
29.590275 -17.224581 -2.085536
29.688042 -16.395216 -2.754017
29.711612 -15.548437 -3.404784
29.755899 -14.707016 -4.060751
29.846936 -13.878162 -4.727918
29.931231 -13.046234 -5.393932
29.893876 -12.183365 -6.026698
29.676714 -11.300060 -6.591174
29.359492 -10.419412 -7.107047
29.050773 -9.539210 -7.627108
28.791274 -8.658282 -8.172197
28.543442 -7.776842 -8.723247
28.203078 -6.895020 -9.225528
27.702255 -6.036862 -9.624327
27.095833 -5.214685 -9.939133
26.477184 -4.399114 -10.242841
25.893036 -3.570251 -10.576989
25.329369 -2.734048 -10.928707
24.714253 -1.914197 -11.234712
23.985144 -1.152831 -11.421084
23.167149 -0.467294 -11.488662
22.324312 0.187843 -11.515628
21.496337 0.859779 -11.567830
20.688632 1.552937 -11.652977
19.866470 2.233685 -11.714865
18.984857 2.838907 -11.659815
18.055250 3.329501 -11.457840
17.114096 3.754749 -11.183620
16.174573 4.189969 -10.922152
15.240669 4.659389 -10.702958
14.307344 5.134744 -10.489876
13.365529 5.544199 -10.187174
12.435763 5.828464 -9.738309
11.532544 6.023200 -9.200154
10.632588 6.209896 -8.655891
9.721642 6.423996 -8.140882
8.804766 6.653442 -7.643029
7.900284 6.857416 -7.110762
7.038805 6.989618 -6.490575
6.233168 7.047355 -5.789876
5.453184 7.075291 -5.060166
4.666869 7.110325 -4.337881
3.868488 7.158567 -3.629761
3.067880 7.209462 -2.924252
2.283661 7.245350 -2.199425
1.529929 7.254667 -1.442066
0.797535 7.246015 -0.664156
0.068399 7.235270 0.116703
-0.661881 7.230282 0.896563
-1.389488 7.230895 1.678926
-2.122380 7.227768 2.456474
-2.883109 7.202606 3.206565
-3.680675 7.146707 3.915470
-4.496935 7.074201 4.600831
-5.310215 7.005311 5.289959
-6.110014 6.951544 5.996020
-6.904195 6.904243 6.709251
-7.727901 6.820470 7.386141
-8.608207 6.654203 7.970874
-9.526815 6.414857 8.462546
-10.454468 6.153492 8.923004
-11.376135 5.910157 9.404601
-12.288871 5.692400 9.914792
-13.206928 5.459006 10.410905
-14.146286 5.131252 10.806941
-15.086826 4.684142 11.054680
-16.014119 4.178712 11.218216
-16.943221 3.681574 11.391723
-17.880468 3.218062 11.608890
-18.819660 2.761321 11.835767
-19.740428 2.234262 11.979478
-20.599757 1.595308 11.967737
-21.394252 0.890646 11.844089
-22.179029 0.179774 11.706542
-22.988256 -0.509331 11.605578
-23.811518 -1.185067 11.526441
-24.601350 -1.894829 11.397646
-25.289618 -2.675216 11.145678
-25.861076 -3.502796 10.781601
-26.387756 -4.341043 10.380736
-26.939377 -5.172274 9.999840
-27.523641 -5.993370 9.645892
-28.086408 -6.823368 9.273872
-28.532780 -7.683097 8.816635
-28.818880 -8.555353 8.265067
-29.020130 -9.422762 7.672813
-29.236923 -10.290692 7.087608
-29.502829 -11.160222 6.525207
-29.772555 -12.030803 5.964250
