Component 1 of 1:
-29.934196 -12.899703 5.356096
-29.904269 -13.735488 4.684926
-29.758731 -14.535510 3.988882
-29.617936 -15.336049 3.294239
-29.528189 -16.152146 2.609571
-29.456507 -16.973569 1.928616
-29.300158 -17.771429 1.231640
-28.974879 -18.501905 0.518907
-28.523295 -19.162950 -0.190419
-28.048769 -19.808395 -0.896964
-27.610568 -20.475384 -1.606632
-27.200507 -21.158340 -2.318185
-26.742421 -21.815794 -3.026612
-26.151219 -22.386030 -3.713135
-25.437783 -22.852006 -4.359671
-24.683483 -23.275185 -4.986412
-23.948980 -23.717974 -5.622568
-23.245864 -24.190649 -6.272701
-22.528248 -24.651624 -6.917470
-21.718813 -25.019954 -7.513882
-20.808787 -25.252307 -8.027446
-19.858872 -25.410707 -8.490817
-18.915926 -25.581037 -8.962676
-17.996535 -25.792430 -9.463557
-17.081035 -26.011746 -9.970054
-16.116547 -26.147927 -10.415126
-15.095743 -26.134474 -10.739017
-14.059274 -26.023491 -10.976901
-13.023756 -25.909612 -11.212257
-11.993501 -25.833661 -11.483086
-10.966210 -25.775760 -11.770700
-9.928101 -25.662423 -12.004278
-8.889314 -25.424354 -12.108297
-7.876094 -25.082233 -12.095210
-6.875175 -24.712571 -12.049544
-5.865473 -24.365589 -12.032233
-4.847280 -24.043694 -12.046155
-3.834301 -23.701105 -12.032927
-2.861846 -23.272466 -11.901089
-1.967159 -22.751863 -11.628735
-1.119994 -22.193809 -11.292853
-0.262745 -21.643512 -10.971655
0.621525 -21.114398 -10.690475
1.510746 -20.588621 -10.415380
2.344884 -20.022528 -10.054321
3.061190 -19.402563 -9.554839
3.689499 -18.759439 -8.975944
4.313998 -18.115971 -8.395169
4.968696 -17.478602 -7.841635
5.639216 -16.844603 -7.303198
6.280512 -16.205599 -6.734374
6.836216 -15.558991 -6.088368
7.299651 -14.912893 -5.373430
7.726903 -14.269261 -4.635229
8.165176 -13.625508 -3.903870
8.622155 -12.982215 -3.183688
9.082591 -12.338867 -2.465678
9.515677 -11.691135 -1.734466
9.899081 -11.036712 -0.981734
10.249748 -10.378539 -0.216573
10.597684 -9.720746 0.550061
10.954568 -9.068904 1.317682
11.317822 -8.425386 2.089340
11.677208 -7.771732 2.854575
12.015796 -7.069572 3.585916
12.325022 -6.306774 4.267631
12.618584 -5.515283 4.922383
12.915650 -4.729826 5.582594
13.225140 -3.966055 6.262287
13.539513 -3.210606 6.949582
13.825744 -2.406833 7.594973
14.045553 -1.511170 8.137916
14.204956 -0.552853 8.584435
14.348517 0.418588 9.004622
14.509597 1.376019 9.449660
14.692016 2.315735 9.923528
14.859737 3.268184 10.380291
14.942011 4.277163 10.730411
14.908388 5.328863 10.928393
14.815482 6.387121 11.045136
14.733196 7.444015 11.174859
14.686791 8.496672 11.349078
14.648970 9.548673 11.534326
14.537141 10.608987 11.635538
14.291664 11.650184 11.577798
13.956649 12.651389 11.407854
13.612460 13.645638 11.225246
13.298915 14.655844 11.079200
13.006006 15.675697 10.957261
12.672195 16.678457 10.791046
12.230796 17.610986 10.503685
11.693167 18.444232 10.101912
11.124112 19.233128 9.660656
10.570646 20.042323 9.237498
10.043191 20.883311 8.843962
9.507147 21.716587 8.441947
8.897959 22.454579 7.960717
8.205463 23.032432 7.383412
7.479420 23.513282 6.763714
6.758196 24.006116 6.149287
6.055535 24.549240 5.556120
5.357555 25.105785 4.968511
4.622973 25.569999 4.342968
3.841578 25.847195 3.664975
3.044674 25.982785 2.965079
2.247894 26.100880 2.263980
1.455265 26.266928 1.568046
0.666004 26.463965 0.875936
-0.131922 26.599005 0.176333
-0.936589 26.561851 -0.529118
-1.725782 26.354379 -1.220813
-2.503440 26.087173 -1.902416
-3.286098 25.851099 -2.589332
-4.075229 25.662061 -3.283503
-4.863465 25.454266 -3.975483
-5.628750 25.105713 -4.638778
-6.337669 24.575502 -5.241022
-7.005623 23.957493 -5.801441
-7.679141 23.352813 -6.368268
-8.373797 22.796637 -6.958769
-9.073747 22.251564 -7.554936
-9.734692 21.611841 -8.103376
-10.303415 20.819980 -8.547154
-10.794203 19.940874 -8.907184
-11.276713 19.055627 -9.259135
-11.787181 18.199771 -9.642712
-12.314081 17.362337 -10.045220
-12.806673 16.483276 -10.405058
-13.197318 15.515123 -10.644224
-13.476894 14.488754 -10.758324
-13.715267 13.449947 -10.827742
-13.974943 12.418536 -10.922164
-14.265771 11.399516 -11.053951
-14.546789 10.374520 -11.172143
-14.736801 9.320195 -11.175221
-14.793692 8.262330 -11.017983
-14.778093 7.221040 -10.777246
-14.770862 6.178065 -10.547502
-14.798272 5.126697 -10.361651
-14.835990 4.072751 -10.188671
-14.817615 3.032473 -9.936292
-14.690685 2.047104 -9.536119
-14.484641 1.125969 -9.033149
-14.264729 0.219094 -8.513301
-14.063522 -0.706609 -8.019949
-13.877908 -1.647667 -7.549981
-13.680251 -2.576058 -7.058235
-13.433364 -3.442378 -6.480992
-13.131479 -4.219143 -5.810469
-12.805922 -4.948766 -5.100818
-12.484021 -5.685137 -4.396981
-12.172174 -6.440503 -3.708954
-11.863514 -7.201738 -3.025898
-11.542993 -7.942877 -2.326058
-11.198510 -8.640340 -1.593325
-10.835382 -9.301450 -0.836442
-10.467777 -9.953472 -0.074021
-10.106307 -10.610514 0.687035
-9.755902 -11.270886 1.450377
-9.404419 -11.932080 2.212684
-9.013839 -12.596062 2.953546
-8.560301 -13.262268 3.655444
-8.071094 -13.928223 4.332740
-7.585001 -14.594105 5.012141
-7.120310 -15.259891 5.706494
-6.668718 -15.925489 6.409897
-6.179342 -16.592310 7.087786
-5.591083 -17.254936 7.687540
-4.910507 -17.902905 8.197953
-4.197916 -18.542386 8.672048
-3.501149 -19.186718 9.162483
-2.834939 -19.839934 9.682791
-2.164607 -20.492448 10.200878
-1.407611 -21.113598 10.634787
-0.538326 -21.667511 10.925196
0.381385 -22.173348 11.127998
1.296279 -22.683306 11.337388
2.186313 -23.218137 11.587675
3.067624 -23.761565 11.852178
3.993457 -24.260810 12.050593
4.986910 -24.656421 12.108297
6.010871 -24.959569 12.052091
7.037459 -25.242845 11.972491
8.057738 -25.554060 11.924231
9.071793 -25.888402 11.902061
10.096380 -26.189692 11.844550
11.136223 -26.378343 11.672799
12.163972 -26.439371 11.381796
13.177504 -26.447491 11.044436
14.195830 -26.475967 10.724165
15.221897 -26.541653 10.435376
16.247790 -26.599005 10.139759
17.248810 -26.553013 9.762068
18.183468 -26.358876 9.277196
19.067136 -26.086455 8.741106
19.956610 -25.823940 8.211234
20.871982 -25.602687 7.707268
21.793821 -25.391122 7.209397
22.667448 -25.099701 6.663439
23.429055 -24.670688 6.044926
24.097808 -24.155367 5.388942
24.758099 -23.634208 4.730927
25.453297 -23.144328 4.085072
26.166570 -22.671177 3.445928
26.830063 -22.149858 2.788320
27.361611 -21.525126 2.100529
27.762197 -20.821902 1.401626
28.123168 -20.099540 0.702806
28.516011 -19.394042 0.004231
28.942254 -18.707067 -0.693480
29.335653 -18.000022 -1.392556
29.594442 -17.226499 -2.085904
29.689832 -16.396281 -2.754044
29.711430 -15.548961 -3.404385
29.755312 -14.707316 -4.060313
29.847146 -13.878584 -4.727728
29.934196 -13.047325 -5.394513
29.898639 -12.184562 -6.028042
29.679203 -11.300938 -6.591708
29.359491 -10.420298 -7.106405
29.050180 -9.539986 -7.626226
28.791181 -8.658927 -8.171630
28.545635 -7.777430 -8.723926
28.207352 -6.895246 -9.227599
27.705111 -6.037165 -9.625596
27.096437 -5.215727 -9.938627
26.476982 -4.400363 -10.241694
25.892987 -3.571294 -10.576039
25.330697 -2.734542 -10.929041
24.717369 -1.913751 -11.236948
23.987902 -1.152289 -11.423192
23.168377 -0.468038 -11.488745
22.324715 0.186284 -11.514467
21.496585 0.858256 -11.566516
20.689377 1.552065 -11.652589
19.868381 2.234320 -11.716792
18.986919 2.840388 -11.662694
18.056603 3.329418 -11.458696
17.115102 3.753093 -11.182653
16.175447 4.188095 -10.920726
15.241528 4.657984 -10.701945
14.308370 5.134994 -10.491044
13.366336 5.546037 -10.190166
12.436594 5.829046 -9.739774
11.533951 6.021800 -9.199622
10.634093 6.208152 -8.654886
9.722996 6.422630 -8.140099
8.805714 6.652879 -7.643197
7.900492 6.858042 -7.112393
7.038865 6.990287 -6.492159
6.234151 7.046785 -5.790123
5.454748 7.074018 -5.059690
4.668331 7.109171 -4.337454
3.869725 7.157663 -3.629554
3.068677 7.208949 -2.924526
2.284051 7.245170 -2.200100
1.530642 7.254213 -1.442366
0.798729 7.245168 -0.663971
0.069547 7.234328 0.116874
-0.661053 7.229326 0.896467
-1.388635 7.230054 1.678884
-2.120925 7.227389 2.457045
-2.881323 7.202507 3.207549
-3.679399 7.146210 3.915920
-4.496165 7.073260 4.600688
-5.309684 7.004085 5.289569
-6.109549 6.950226 5.995630
-6.903051 6.903790 6.709764
-7.725872 6.821321 7.388108
-8.606455 6.654819 7.972669
-9.525758 6.414183 8.462696
-10.453746 6.152046 8.922226
-11.375524 5.908414 9.403684
-12.288133 5.691171 9.914526
-13.205757 5.459730 10.412721
-14.145237 5.132930 10.810030
-15.085849 4.684229 11.055817
-16.012864 4.177307 11.217285
-16.941960 3.679712 11.390381
-17.879373 3.216431 11.608032
-18.819068 2.761369 11.836967
-19.740697 2.235742 11.982702
-20.599637 1.595748 11.969632
-21.392775 0.889675 11.843613
-22.177114 0.178275 11.705301
-22.986577 -0.510809 11.604594
-23.810841 -1.185686 11.526852
-24.602313 -1.894329 11.400019
-25.290659 -2.674979 11.147859
-25.860151 -3.503360 10.781886
-26.385542 -4.342026 10.379906
-26.937099 -5.173411 9.998899
-27.522345 -5.994275 9.645699
-28.087442 -6.823692 9.275376
-28.534939 -7.683484 8.818671
-28.818837 -8.555952 8.265766
-29.017941 -9.423317 7.672435
-29.234243 -10.291367 7.086931
-29.500791 -11.161046 6.524754
-29.773266 -12.031768 5.964955
