Component 1 of 1:
27.158011 -0.003589 -0.001256
27.129716 0.981719 0.368182
27.049288 1.964352 0.736800
26.923094 2.942575 1.104089
26.750250 3.914346 1.469438
26.524700 4.876348 1.831835
26.244307 5.825249 2.190237
25.914556 6.759707 2.544204
25.540813 7.679153 2.893542
25.122252 8.581171 3.237464
24.654205 9.461236 3.574493
24.135440 10.315563 3.903332
23.570859 11.143592 4.223692
22.965486 11.945609 4.535560
22.320509 12.719846 4.838231
21.634237 13.462144 5.130156
20.905243 14.167728 5.409485
20.135558 14.834312 5.675141
19.329508 15.462171 5.926906
18.490291 16.050980 6.164324
17.619598 16.598757 6.386308
16.719064 17.103195 6.591587
15.790727 17.562313 6.778921
14.836608 17.973799 6.946793
13.858746 18.334784 7.093285
12.859979 18.643452 7.216777
11.843948 18.900060 7.316438
10.814143 19.105046 7.391427
9.773736 19.257883 7.440349
8.725974 19.357865 7.461573
7.674301 19.404870 7.453573
6.622257 19.399439 7.415006
5.573395 19.342448 7.344516
4.531364 19.234540 7.240271
3.500054 19.076315 7.100005
2.483257 18.869747 6.922095
1.484081 18.618683 6.706144
0.505011 18.327530 6.452254
-0.451796 18.000463 6.160470
-1.384168 17.641324 5.830205
-2.289542 17.253687 5.459848
-3.166155 16.842053 5.048875
-4.014937 16.412582 4.599982
-4.837918 15.971313 4.116282
-5.636147 15.523102 3.599033
-6.411247 15.072286 3.050209
-7.167237 14.622961 2.474510
-7.908686 14.178533 1.876803
-8.639695 13.741212 1.261467
-9.364938 13.311681 0.634092
-10.089354 12.889502 0.000874
-10.817165 12.473217 -0.632352
-11.551747 12.059904 -1.259756
-12.295951 11.645503 -1.875136
-13.051535 11.225620 -2.472889
-13.818635 10.795601 -3.048634
-14.596578 10.349798 -3.597529
-15.383830 9.882680 -4.114871
-16.177457 9.390660 -4.598662
-16.973780 8.870417 -5.047657
-17.768586 8.317175 -5.458751
-18.557001 7.727017 -5.829218
-19.334242 7.099212 -6.159568
-20.095930 6.434203 -6.451429
-20.837656 5.731954 -6.705398
-21.554731 4.992259 -6.921436
-22.242120 4.215083 -7.099462
-22.894935 3.401184 -7.239861
-23.509527 2.552815 -7.344217
-24.083419 1.673042 -7.414787
-24.614250 0.764724 -7.453425
-25.099497 -0.169494 -7.461498
-25.536919 -1.126819 -7.440348
-25.924902 -2.104206 -7.391498
-26.262433 -3.098492 -7.316583
-26.548367 -4.106671 -7.216987
-26.780537 -5.125947 -7.093538
-26.956910 -6.153286 -6.947071
-27.077715 -7.185314 -6.779238
-27.144431 -8.218836 -6.591960
-27.158011 -9.250950 -6.386737
-27.119135 -10.278898 -6.164804
-27.028990 -11.300112 -5.927435
-26.888431 -12.312133 -5.675714
-26.696100 -13.312017 -5.410085
-26.449609 -14.296154 -5.130774
-26.150001 -15.261663 -4.838875
-25.802142 -16.207404 -4.536241
-25.410446 -17.132748 -4.224417
-24.975814 -18.035759 -3.904097
-24.495456 -18.912203 -3.575294
-23.967434 -19.757555 -3.238305
-23.395723 -20.571037 -2.894440
-22.786602 -21.354443 -2.545184
-22.142540 -22.107244 -2.191319
-21.461310 -22.824464 -1.833037
-20.741349 -23.500689 -1.470783
-19.986689 -24.136192 -1.105606
-19.203251 -24.734613 -0.738517
-18.393175 -25.295635 -0.370113
-17.554680 -25.812764 -0.000896
-16.687677 -26.280523 0.368322
-15.796914 -26.701835 0.736733
-14.887088 -27.081425 1.103834
-13.959481 -27.417454 1.469023
-13.013918 -27.702980 1.831286
-12.052234 -27.934554 2.189585
-11.078337 -28.116282 2.543483
-10.095391 -28.252452 2.892778
-9.105069 -28.341056 3.236670
-8.108973 -28.375795 3.573678
-7.109779 -28.353792 3.902513
-6.110427 -28.279030 4.222890
-5.113182 -28.155960 4.534784
-4.120180 -27.984681 4.837486
-3.134185 -27.761608 5.129431
-2.158623 -27.483139 5.408774
-1.196477 -27.149969 5.674456
-0.249662 -26.765993 5.926264
0.679931 -26.333774 6.163731
1.589734 -25.853773 6.385766
2.476933 -25.326257 6.591102
3.338787 -24.751988 6.778491
4.172261 -24.131526 6.946402
4.973852 -23.465218 7.092920
5.740614 -22.754673 7.216453
6.470960 -22.003179 7.316180
7.163501 -21.213945 7.391243
7.816178 -20.389440 7.440238
8.426758 -19.532127 7.461536
8.993414 -18.644926 7.453609
9.514839 -17.731173 7.415112
9.990029 -16.794391 7.344701
10.417746 -15.838070 7.240567
10.796552 -14.865868 7.100436
11.126204 -13.882039 6.922641
11.408466 -12.891205 6.706777
11.645942 -11.897729 6.452965
11.841182 -10.905571 6.161259
11.996432 -9.918529 5.831081
12.113515 -8.940604 5.460832
12.195438 -7.975575 5.049980
12.247972 -7.025729 4.601188
12.277365 -6.092325 4.117580
12.288360 -5.176881 3.600423
12.285520 -4.280172 3.051670
12.274398 -3.400772 2.476019
12.260236 -2.536412 1.878356
12.247005 -1.684647 1.263066
12.237630 -0.841781 0.635720
12.234205 -0.003322 0.002511
12.237579 0.835117 -0.630724
12.246916 1.677918 -1.258158
12.260130 2.529585 -1.873583
12.274293 3.393851 -2.471380
12.285446 4.273156 -3.047173
12.288368 5.169732 -3.596139
12.277501 6.085019 -4.113574
12.248264 7.018284 -4.597456
12.195958 7.967997 -5.046552
12.114342 8.932898 -5.457766
11.997558 9.910734 -5.828342
11.842570 10.897733 -6.158778
11.647584 11.889873 -6.450718
11.410368 12.883350 -6.704765
11.128413 13.874213 -6.920890
10.799200 14.858126 -7.099031
10.420928 15.830480 -7.239565
9.993667 16.786974 -7.344032
9.518823 17.723921 -7.414681
8.997720 18.637853 -7.453389
8.431397 19.525270 -7.461536
7.821153 20.382835 -7.440459
7.168815 21.207626 -7.391683
6.476619 21.997191 -7.316841
5.746579 22.749017 -7.217311
4.980009 23.459799 -7.093904
4.178532 24.126265 -6.947463
3.345228 24.746986 -6.779668
2.483608 25.321660 -6.592445
1.596638 25.849628 -6.387278
0.687038 26.330086 -6.165397
-0.242370 26.762786 -5.928078
-1.189035 27.147222 -5.676399
-2.151098 27.480705 -5.410797
-3.126617 27.759371 -5.131502
-4.112559 27.982765 -4.839626
-5.105504 28.154549 -4.537026
-6.102712 28.278194 -4.225237
-7.102055 28.353467 -3.904946
-8.101261 28.375795 -3.576159
-9.097374 28.341259 -3.239178
-10.087740 28.252997 -2.895327
-11.070781 28.117365 -2.546091
-12.044798 27.936169 -2.192242
-13.006574 27.704927 -1.833969
-13.952206 27.419606 -1.471720
-14.879942 27.083919 -1.106549
-15.789975 26.704809 -0.739466
-16.680928 26.283886 -0.371065
-17.548057 25.816359 -0.001848
-18.386709 25.299490 0.367371
-19.197059 24.738874 0.735785
-19.980816 24.140883 1.102893
-20.735701 23.505655 1.468087
-21.455801 22.829587 1.830354
-22.137273 22.112614 2.188661
-22.781736 21.360182 2.542577
-23.391274 20.577127 2.891890
-23.963260 19.763855 3.235797
-24.491449 18.918619 3.572813
-24.972083 18.042349 3.901665
-25.407162 17.139586 4.222070
-25.799375 16.214497 4.534000
-26.147699 15.268959 4.836734
-26.447610 14.303564 5.128703
-26.694295 13.319490 5.408062
-26.886938 12.319690 5.673771
-27.027970 11.307769 5.925622
-27.118625 10.286635 6.163138
-27.157998 9.258740 6.385225
-27.144924 8.226654 6.590617
-27.078675 7.193131 6.778061
-26.958180 6.161085 6.946011
-26.782001 5.133727 7.092554
-26.550131 4.114403 7.216130
-26.264639 3.106125 7.315922
-25.927566 2.111705 7.391058
-25.540001 1.134168 7.440127
-25.102964 0.176678 7.461498
-24.618071 -0.757721 7.453645
-24.087557 -1.666227 7.415219
-23.513980 -2.546218 7.344887
-22.899766 -3.394895 7.240864
-22.247350 -4.209180 7.100867
-21.560253 -4.986694 6.923187
-20.843356 -5.726641 6.707410
-20.101762 -6.429113 6.453677
-19.340185 -7.094352 6.162049
-18.563037 -7.722407 5.831956
-17.774696 -8.312867 5.461817
-16.979931 -8.866439 5.051085
-16.183608 -9.386946 4.602394
-15.389938 -9.879170 4.118877
-14.602614 -10.346478 3.601813
-13.824597 -10.792418 3.053132
-13.057430 -11.222512 2.477528
-12.301765 -11.642443 1.879910
-11.557468 -12.056878 1.264665
-10.822814 -12.470195 0.637347
-10.094961 -12.886447 0.004147
-9.370534 -13.308569 -0.629097
-8.645327 -13.738033 -1.256559
-7.914394 -14.175288 -1.872029
-7.173027 -14.619671 -2.469871
-6.417135 -15.068976 -3.045711
-5.642192 -15.519797 -3.594749
-4.844163 -15.968039 -4.112276
-4.021379 -16.409374 -4.596250
-3.172826 -16.838976 -5.045446
-2.296478 -17.250811 -5.456782
-1.391330 -17.638664 -5.827467
-0.459127 -17.998008 -6.157989
0.497537 -18.325285 -6.450006
1.476479 -18.616664 -6.704132
2.475526 -18.868009 -6.920345
3.492177 -19.075000 -7.098600
4.523352 -19.233763 -7.239268
5.565304 -19.342151 -7.343846
6.614135 -19.399525 -7.414574
7.666173 -19.405325 -7.453353
8.717868 -19.358716 -7.461573
9.765679 -19.259150 -7.440570
10.806165 -19.106750 -7.391867
11.836083 -18.902228 -7.317099
12.852248 -18.646052 -7.217634
13.851125 -18.337668 -7.094270
14.829067 -17.976861 -6.947854
15.783326 -17.565652 -6.780097
16.711896 -17.106939 -6.592930
17.612708 -16.602925 -6.387820
18.483695 -16.055551 -6.165990
19.323237 -15.467144 -5.928719
20.129611 -14.839644 -5.677083
20.899526 -14.173287 -5.411507
21.628672 -13.467835 -5.132224
22.315198 -12.725739 -4.840367
22.960588 -11.951796 -4.537794
23.566446 -11.150086 -4.226028
24.131472 -10.322302 -3.905746
24.650533 -9.468100 -3.576945
25.118772 -8.588085 -3.239930
25.537661 -7.686153 -2.896031
25.911921 -6.766835 -2.546729
26.242188 -5.832468 -2.192785
26.522901 -4.883576 -1.834381
26.748635 -3.921539 -1.471968
26.921793 -2.949753 -1.106610
27.048466 -1.971533 -0.739318
27.129357 -0.988900 -0.370696
