Component 1 of 1:
27.582701 -0.003836 -0.001392
27.557029 1.002407 0.374517
27.479548 2.006256 0.749725
27.350372 3.005301 1.123526
27.169710 3.997133 1.495207
26.937881 4.979344 1.864054
26.655327 5.949539 2.229344
26.322614 6.905336 2.590350
25.940419 7.844377 2.946338
25.509509 8.764316 3.296556
25.030710 9.662813 3.640232
24.504895 10.537509 3.976562
23.932994 11.386027 4.304703
23.316037 12.205978 4.623780
22.655212 12.995005 4.932898
21.951925 13.750829 5.231156
21.207818 14.471308 5.517665
20.424745 15.154456 5.791546
19.604707 15.798414 6.051910
18.749770 16.401382 6.297824
17.862011 16.961538 6.528265
16.943519 17.476970 6.742097
15.996447 17.945688 6.938070
15.023100 18.365705 7.114856
14.026021 18.735175 7.271100
13.008027 19.052541 7.405471
11.972188 19.316635 7.516691
10.921764 19.526700 7.603514
9.860131 19.682319 7.664680
8.790733 19.783309 7.698852
7.717073 19.829632 7.704566
6.642734 19.821365 7.680231
5.571414 19.758773 7.624163
4.506917 19.642435 7.534662
3.453116 19.473405 7.410077
2.413868 19.253333 7.248857
1.392919 18.984539 7.049546
0.393821 18.670013 6.810761
-0.580139 18.313399 6.531153
-1.526006 17.918984 6.209406
-2.441245 17.491706 5.844306
-3.323900 17.037198 5.434876
-4.172816 16.561799 4.980594
-4.987918 16.072482 4.481650
-5.770481 15.576652 3.939210
-6.523333 15.081785 3.355656
-7.250921 14.594918 2.734746
-7.959180 14.122063 2.081683
-8.655209 13.667611 1.403054
-9.346755 13.233851 0.706636
-10.041579 12.820662 0.001085
-10.746773 12.425461 -0.704482
-11.468128 12.043407 -1.400944
-12.209635 11.667848 -2.079647
-12.973195 11.290935 -2.732811
-13.758559 10.904326 -3.353845
-14.563494 10.499871 -3.937541
-15.384136 10.070194 -4.480136
-16.215426 9.609099 -4.979240
-17.051591 9.111770 -5.433680
-17.886553 8.574781 -5.843261
-18.714245 7.995958 -6.208503
-19.528811 7.374179 -6.530382
-20.324705 6.709169 -6.810117
-21.096739 6.001350 -7.049027
-21.840116 5.251745 -7.248463
-22.550470 4.461934 -7.409814
-23.223922 3.633999 -7.534533
-23.857108 2.770451 -7.624170
-24.447177 1.874112 -7.680371
-24.991719 0.947984 -7.704833
-25.488652 -0.004867 -7.699236
-25.936111 -0.981376 -7.665170
-26.332375 -1.978491 -7.604099
-26.675880 -2.993137 -7.517362
-26.965301 -4.022180 -7.406223
-27.199670 -5.062417 -7.271929
-27.378468 -6.110603 -7.115763
-27.501641 -7.163523 -6.939057
-27.569520 -8.218052 -6.743167
-27.582672 -9.271201 -6.529421
-27.541744 -10.320112 -6.299068
-27.447338 -11.362023 -6.053240
-27.299990 -12.394222 -5.792960
-27.100219 -13.414019 -5.519159
-26.848631 -14.418753 -5.232725
-26.546019 -15.405823 -4.934538
-26.193415 -16.372734 -4.625486
-25.792089 -17.317133 -4.306470
-25.343492 -18.236809 -3.978387
-24.849179 -19.129681 -3.642113
-24.310751 -19.993757 -3.298491
-23.729820 -20.827112 -2.948325
-23.108006 -21.627866 -2.592392
-22.446961 -22.394192 -2.231439
-21.748388 -23.124327 -1.866202
-21.014054 -23.816589 -1.497407
-20.245800 -24.469382 -1.125771
-19.445529 -25.081201 -0.752009
-18.615204 -25.650631 -0.376831
-17.756844 -26.176341 -0.000945
-16.872513 -26.657081 0.374943
-15.964327 -27.091686 0.750126
-15.034444 -27.479073 1.123897
-14.085075 -27.818250 1.495545
-13.118473 -28.108321 1.864357
-12.136942 -28.348493 2.229614
-11.142821 -28.538076 2.590591
-10.138489 -28.676478 2.946554
-9.126353 -28.763181 3.296752
-8.108850 -28.797716 3.640412
-7.088453 -28.779647 3.976727
-6.067687 -28.708580 4.304853
-5.049134 -28.584207 4.623915
-4.035432 -28.406380 4.933017
-3.029254 -28.175183 5.231260
-2.033276 -27.890972 5.517757
-1.050144 -27.554365 5.791631
-0.082465 -27.166167 6.051994
0.867172 -26.727268 6.297913
1.796148 -26.238549 6.528364
2.701763 -25.700857 6.742209
3.581214 -25.115054 6.938195
4.431623 -24.482141 7.114993
5.250120 -23.803395 7.271245
6.033949 -23.080480 7.405623
6.780569 -22.315478 7.516852
7.487700 -21.510837 7.603691
8.153297 -20.669278 7.664884
8.775487 -19.793690 7.699098
9.352485 -18.887085 7.704869
9.882564 -17.952602 7.680604
10.364098 -16.993567 7.624616
10.795679 -16.013561 7.535197
11.176274 -15.016461 7.410694
11.505382 -14.006434 7.249551
11.783132 -12.987884 7.050314
12.010343 -11.965384 6.811601
12.188528 -10.943601 6.532067
12.319925 -9.927240 6.210402
12.407548 -8.920963 5.845391
12.455297 -7.929282 5.436058
12.468080 -6.956364 4.981876
12.451895 -6.005765 4.483030
12.413788 -5.080089 3.940680
12.361643 -4.180628 3.357202
12.303778 -3.307057 2.736350
12.248368 -2.457241 2.083326
12.202768 -1.627234 1.404717
12.172841 -0.811468 0.708303
12.162368 -0.003161 0.002739
12.172664 0.805122 -0.702855
12.202438 1.620817 -1.399359
12.247931 2.450708 -2.078116
12.303298 3.300366 -2.731347
12.361192 4.173748 -3.352462
12.413439 5.073000 -3.936251
12.451713 5.998465 -4.478947
12.468116 6.948868 -4.978156
12.455585 7.921619 -5.432701
12.408109 8.913169 -5.842383
12.320771 9.919352 -6.207719
12.189672 10.935656 -6.529685
12.011804 11.957415 -6.809503
11.784941 12.979926 -7.048495
11.507575 13.998524 -7.248018
11.178892 15.008640 -7.409462
10.798751 16.005873 -7.534278
10.367643 16.986057 -7.624016
9.886577 17.945309 -7.680315
9.356941 18.880036 -7.704869
8.780346 19.786899 -7.699354
8.158508 20.662746 -7.665357
7.493212 21.504557 -7.604343
6.786339 22.309441 -7.517654
6.039947 23.074685 -7.406557
5.256330 23.797854 -7.272303
4.438042 24.476880 -7.116179
3.587843 25.110114 -6.939517
2.708604 25.696281 -6.743673
1.803195 26.234378 -6.529976
0.874411 26.723530 -6.299671
-0.075056 27.162873 -6.053889
-1.042593 27.551510 -5.793649
-2.025610 27.888541 -5.519884
-3.021499 28.173161 -5.233481
-4.027610 28.404755 -4.935322
-5.041266 28.582976 -4.626295
-6.059792 28.707749 -4.307302
-7.080551 28.779227 -3.979241
-8.100961 28.797716 -3.642988
-9.118497 28.763605 -3.299384
-10.130687 28.677322 -2.949236
-11.135091 28.539330 -2.593317
-12.129300 28.350142 -2.232377
-13.110936 28.110352 -1.867150
-14.077657 27.820649 -1.498362
-15.027162 27.481831 -1.126732
-15.957197 27.094797 -0.752974
-16.865555 26.660542 -0.377799
-17.750075 26.180149 -0.001914
-18.608643 25.654781 0.373975
-19.439192 25.085684 0.749161
-20.239704 24.474188 1.122937
-21.008213 23.821706 1.494592
-21.742814 23.129742 1.863413
-22.441670 22.399893 2.228680
-23.103014 21.633842 2.589670
-23.725143 20.833352 2.945646
-24.306406 20.000250 3.295861
-24.845178 19.136410 3.639538
-25.339843 18.243757 3.975873
-25.788798 17.324278 4.304021
-26.190483 16.380056 4.623106
-26.543453 15.413302 4.932234
-26.846445 14.426374 5.230505
-27.098431 13.421768 5.517033
-27.298628 12.402083 5.790943
-27.446427 11.369980 6.051347
-27.541302 10.328144 6.297311
-27.582701 9.279283 6.527809
-27.570001 8.226158 6.741703
-27.502544 7.171628 6.937736
-27.379753 6.118686 7.114577
-27.201302 5.070459 7.270870
-26.967258 4.030166 7.405289
-26.678160 3.001046 7.516559
-26.334994 1.986298 7.603446
-25.939098 0.989048 7.664697
-25.492040 0.012364 7.698979
-24.995531 -0.940707 7.704832
-24.451422 -1.867097 7.680658
-23.861773 -2.763732 7.624767
-23.228977 -3.627600 7.535448
-22.555868 -4.455861 7.411043
-21.845802 -5.245995 7.249991
-21.102659 -5.995909 7.050840
-20.330808 -6.704024 6.812210
-19.535053 -7.369320 6.532758
-18.720586 -7.991385 6.211179
-17.892955 -8.570501 5.846260
-17.058015 -9.107791 5.437026
-16.221831 -9.605422 4.982949
-15.390481 -10.066803 4.484207
-14.569742 -10.496730 3.941957
-13.764677 -10.901379 3.358570
-12.979164 -11.288111 2.737799
-12.215447 -11.665068 2.084843
-11.473786 -12.040597 1.406289
-10.752293 -12.422557 0.709917
-10.046989 -12.817618 0.004381
-9.352096 -13.230643 -0.701198
-8.660532 -13.664235 -1.397702
-7.964547 -14.118535 -2.076477
-7.256399 -14.591272 -2.729745
-6.528986 -15.078067 -3.350916
-5.776363 -15.572917 -3.934779
-4.994063 -16.068784 -4.477562
-4.179237 -16.558191 -4.976868
-3.330589 -17.033722 -5.431512
-2.448182 -17.488398 -5.841289
-1.533165 -17.915873 -6.206713
-0.587495 -18.310515 -6.528760
0.386289 -18.667388 -6.808651
1.385224 -18.982217 -7.047714
2.406023 -19.251365 -7.247310
3.445138 -19.471843 -7.408829
4.498829 -19.641331 -7.533726
5.563245 -19.758162 -7.623545
6.634519 -19.821263 -7.679922
7.708847 -19.830030 -7.704545
8.782530 -19.784180 -7.699085
9.851976 -19.683619 -7.665128
10.913675 -19.528381 -7.604140
11.964180 -19.318655 -7.517465
13.000114 -19.054874 -7.406376
14.018220 -18.737814 -7.272127
15.015435 -18.368660 -7.116010
15.988952 -17.948980 -6.939358
16.936232 -17.480621 -6.743526
17.854967 -16.965563 -6.529840
18.743000 -16.405782 -6.299542
19.598230 -15.803174 -6.053762
20.418570 -15.159551 -5.793518
21.201947 -14.476708 -5.519744
21.946358 -13.756505 -5.233328
22.649954 -13.000935 -4.935153
23.311098 -12.212146 -4.626111
23.928390 -11.392418 -4.307104
24.500639 -10.544110 -3.979028
25.026812 -9.669606 -3.642758
25.505969 -8.771281 -3.299134
25.937231 -7.851488 -2.948960
26.319767 -6.912572 -2.593009
26.652817 -5.956881 -2.232033
26.935714 -4.986776 -1.866769
27.167907 -4.004643 -1.497944
27.348968 -3.012877 -1.126282
27.478582 -2.013883 -0.752496
27.556536 -1.010068 -0.377298
