Component 1 of 1:
28.541171 -0.004047 -0.001329
28.514091 1.053269 0.390806
28.432326 2.108028 0.782235
28.296096 3.157670 1.172248
28.105748 4.199651 1.560138
27.861729 5.231444 1.945194
27.564551 6.250535 2.326703
27.214767 7.254404 2.703934
26.812970 8.240521 3.076140
26.359808 9.206332 3.442546
25.856015 10.149270 3.802351
25.302461 11.066767 4.154728
24.700191 11.956288 4.498835
24.050459 12.815363 4.833823
23.354739 13.641620 5.158845
22.614703 14.432801 5.473065
21.832192 15.186760 5.775653
21.009159 15.901440 6.065778
20.147633 16.574828 6.342590
19.249679 17.204914 6.605190
18.317403 17.789650 6.852610
17.352973 18.326947 7.083782
16.358665 18.814700 7.297520
15.336921 19.250850 7.492524
14.290399 19.633485 7.667383
13.222009 19.960940 7.820617
12.134912 20.231900 7.950728
11.032488 20.445462 8.056263
9.918279 20.601140 8.135897
8.795926 20.698809 8.188495
7.669102 20.738594 8.213156
6.541483 20.720706 8.209211
5.416754 20.645278 8.176156
4.298670 20.512230 8.113511
3.191168 20.321215 8.020600
2.098505 20.071693 7.896281
1.025404 19.763166 7.738648
-0.022851 19.395586 7.544783
-1.040425 18.969909 7.310612
-2.021092 18.488743 7.030947
-2.958604 17.956985 6.699765
-3.847252 17.382305 6.310736
-4.682606 16.775351 5.857994
-5.462342 16.149526 5.337035
-6.187033 15.520298 4.745624
-6.860742 14.904043 4.084553
-7.491284 14.316556 3.358105
-8.090033 13.771446 2.574150
-8.671243 13.278666 1.743850
-9.250928 12.843402 0.881065
-9.845425 12.465495 0.001538
-10.469822 12.139439 -0.878021
-11.136446 11.854938 -1.740899
-11.853623 11.597939 -2.571347
-12.624886 11.351984 -3.355496
-13.448762 11.099751 -4.082170
-14.319168 10.824579 -4.743489
-15.226341 10.511786 -5.335153
-16.158138 10.149649 -5.856359
-17.101448 9.729925 -6.309330
-18.043495 9.247912 -6.698565
-18.972839 8.702116 -7.029929
-19.879977 8.093642 -7.309752
-20.757540 7.425456 -7.544064
-21.600155 6.701645 -7.738062
-22.404075 5.926788 -7.895824
-23.166702 5.105484 -8.020275
-23.886104 4.242071 -8.113322
-24.560614 3.340500 -8.176108
-25.188561 2.404350 -8.209303
-25.768126 1.436906 -8.213383
-26.297343 0.441291 -8.188846
-26.774183 -0.579419 -8.136357
-27.196700 -1.622103 -8.056815
-27.563180 -2.683543 -7.951356
-27.872281 -3.760424 -7.821312
-28.123105 -4.849363 -7.668138
-28.315227 -5.946963 -7.493342
-28.448644 -7.049875 -7.298409
-28.523693 -8.154842 -7.084753
-28.540937 -9.258724 -6.853675
-28.501054 -10.358502 -6.606357
-28.404757 -11.451255 -6.343862
-28.252743 -12.534134 -6.067153
-28.045699 -13.604336 -5.777118
-27.784334 -14.659093 -5.474605
-27.469442 -15.695672 -5.160441
-27.101962 -16.711403 -4.835457
-26.683026 -17.703708 -4.500495
-26.213977 -18.670135 -4.156407
-25.696358 -19.608381 -3.804050
-25.131874 -20.516299 -3.444275
-24.522340 -21.391880 -3.077910
-23.869623 -22.233226 -2.705758
-23.175606 -23.038513 -2.328591
-22.442163 -23.805958 -1.947153
-21.671161 -24.533797 -1.562164
-20.864481 -25.220287 -1.174336
-20.024047 -25.863727 -0.784372
-19.151855 -26.462486 -0.392981
-18.249997 -27.015047 -0.000873
-17.320666 -27.520036 0.391236
-16.366150 -27.976244 0.782634
-15.388808 -28.382618 1.172608
-14.391051 -28.738245 1.560452
-13.375313 -29.042308 1.945459
-12.344042 -29.294047 2.326920
-11.299697 -29.492724 2.704112
-10.244760 -29.637603 3.076291
-9.181751 -29.727963 3.442685
-8.113249 -29.763136 3.802492
-7.041900 -29.742557 4.154882
-5.970418 -29.665828 4.499008
-4.901567 -29.532769 4.834016
-3.838142 -29.343449 5.159054
-2.782938 -29.098179 5.473284
-1.738738 -28.797482 5.775876
-0.708300 -28.442029 6.066001
0.305619 -28.032581 6.342809
1.300247 -27.569933 6.605407
2.272763 -27.054892 6.852824
3.220274 -26.488293 7.083995
4.139819 -25.871053 7.297734
5.028397 -25.204256 7.492738
5.883017 -24.489247 7.667600
6.700786 -23.727713 7.820840
7.478986 -22.921736 7.950959
8.215148 -22.073791 8.056510
8.907083 -21.186708 8.136169
9.552869 -20.263577 8.188803
10.150779 -19.307641 8.213510
10.699160 -18.322186 8.209621
11.196283 -17.310466 8.176630
11.640193 -16.275689 8.114052
12.028617 -15.221086 8.021212
12.358952 -14.150073 7.896963
12.628400 -13.066489 7.739404
12.834273 -11.974884 7.545619
12.974480 -10.880791 7.311539
13.048166 -9.790902 7.031978
13.056447 -8.713078 6.700915
13.003109 -7.656097 6.312020
12.895156 -6.629118 5.859423
12.743030 -5.640858 5.338612
12.560407 -4.698564 4.747342
12.363500 -3.806909 4.086396
12.169894 -2.967036 3.360050
11.997066 -2.175906 2.576165
11.860770 -1.426161 1.745899
11.773517 -0.706529 0.883111
11.743349 -0.002783 0.003544
11.773056 0.700901 -0.876089
11.859898 1.420351 -1.739070
11.995872 2.169812 -2.569644
12.168498 2.960583 -3.353934
12.362037 3.800058 -4.080757
12.559010 4.691309 -4.742226
12.741813 5.633230 -5.334034
12.894211 6.621168 -5.855373
13.002502 7.647894 -6.308463
13.056220 8.704692 -6.697803
13.048348 9.782398 -7.029258
12.975092 10.872227 -7.309164
12.835342 11.966312 -7.543554
12.629953 13.057955 -7.737630
12.361021 14.141625 -7.895476
12.031230 15.212771 -8.020017
11.643366 16.267552 -8.113161
11.200014 17.302550 -8.176045
10.703426 18.314522 -8.209339
10.155535 19.300248 -8.213510
9.558053 20.256459 -8.189054
8.912629 21.179855 -8.136632
8.220992 22.067186 -8.057143
7.485077 22.915361 -7.951725
6.707088 23.721561 -7.821713
5.889515 24.483323 -7.668568
5.035088 25.198586 -7.493800
4.146711 25.865679 -7.298900
3.227372 26.483268 -7.085281
2.280071 27.050271 -6.854247
1.307759 27.565766 -6.606976
0.313318 28.028902 -6.344529
-0.700437 28.438855 -6.067866
-1.730737 28.794812 -5.777874
-2.774831 29.096000 -5.475399
-3.829954 29.341739 -5.161268
-4.893325 29.531506 -4.836311
-5.962144 29.664994 -4.501372
-7.033615 29.742142 -4.157305
-8.104973 29.763136 -3.804966
-9.173504 29.728379 -3.445207
-10.236563 29.638437 -3.078857
-11.291572 29.493976 -2.706719
-12.336009 29.295714 -2.329563
-13.367391 29.044380 -1.948135
-14.383257 28.740710 -1.563154
-15.381158 28.385462 -1.175332
-16.358657 27.979454 -0.785373
-17.313347 27.523603 -0.393984
-18.242869 27.018963 -0.001878
-19.144939 26.466750 0.390233
-20.017364 25.868338 0.781634
-20.858056 25.225244 1.171614
-21.665015 24.539095 1.559466
-22.436316 23.811589 1.944484
-23.170073 23.044461 2.325957
-23.864413 22.239470 2.703162
-24.517457 21.398396 3.075355
-25.127321 20.523062 3.441762
-25.692135 19.615368 3.801582
-26.210091 18.677325 4.153987
-26.679490 17.711088 4.498129
-27.098800 16.718963 4.833157
-27.466686 15.703404 5.158221
-27.782021 14.666990 5.472483
-28.043868 13.612387 5.775114
-28.251425 12.542320 6.065284
-28.403967 11.459554 6.342141
-28.500789 10.366883 6.604788
-28.541171 9.267157 6.852255
-28.524385 8.163295 7.083469
-28.449742 7.058323 7.297246
-28.316679 5.955386 7.492283
-28.124871 4.857746 7.667172
-27.874338 3.768753 7.820438
-27.565533 2.691800 7.950588
-27.199374 1.630262 8.056179
-26.777220 0.587445 8.135891
-26.300790 -0.433446 8.188592
-25.772026 -1.429296 8.213380
-25.192942 -2.397028 8.209583
-24.565482 -3.333516 8.176690
-23.891442 -4.235460 8.114212
-23.172476 -5.099269 8.021468
-22.410236 -5.920977 7.897309
-21.606647 -6.696237 7.739833
-20.764307 -7.420446 7.546126
-19.886963 -8.089029 7.312122
-18.979987 -8.697904 7.032642
-18.050744 -9.244110 6.701668
-17.108728 -9.726543 6.312876
-16.165369 -10.146685 5.860396
-15.233432 -10.509218 5.339716
-14.326028 -10.822357 4.748587
-13.455309 -11.097791 4.087789
-12.631056 -11.350170 3.361591
-11.859384 -11.596137 2.577847
-11.141802 -11.853006 1.747708
-10.474814 -12.137246 0.885025
-9.850131 -12.462939 0.005534
-9.255455 -12.840418 -0.874055
-8.675717 -13.275234 -1.737030
-8.094587 -13.767593 -2.567635
-7.496040 -14.312347 -3.351992
-6.865803 -14.899573 -4.078913
-6.192469 -15.515678 -4.740505
-5.468188 -16.144871 -5.332452
-4.688861 -16.770768 -5.853937
-3.853893 -17.377885 -6.307170
-2.965593 -17.952800 -6.696643
-2.028385 -18.484850 -7.028218
-1.047984 -18.966357 -7.308226
-0.030645 -19.392422 -7.542706
1.017404 -19.760437 -7.736861
2.090322 -20.069449 -7.894779
3.182830 -20.319502 -8.019390
4.290208 -20.511086 -8.112600
5.408204 -20.644722 -8.175551
6.532885 -20.720735 -8.208906
7.660494 -20.739179 -8.213134
8.787341 -20.699902 -8.188725
9.909744 -20.602678 -8.136339
11.024018 -20.447382 -8.056875
12.126518 -20.234146 -7.951473
13.213699 -19.963472 -7.821467
14.282185 -19.636288 -7.668322
15.328822 -19.253930 -7.493551
16.350712 -18.818080 -7.298645
17.345208 -18.330661 -7.085019
18.309873 -17.793731 -6.853978
19.242434 -17.209390 -6.606702
20.140719 -16.579715 -6.344254
21.002615 -15.906737 -6.067594
21.826041 -15.192453 -5.777612
22.608955 -14.438860 -5.475152
23.349389 -13.648009 -5.161042
24.045491 -12.822037 -4.836109
24.695577 -11.963203 -4.501190
25.298172 -11.073882 -4.157135
25.852022 -10.156548 -3.804797
26.356089 -9.213745 -3.445022
26.809516 -8.248048 -3.078642
27.211585 -7.262034 -2.706459
27.561668 -6.258261 -2.329252
27.859190 -5.239261 -1.947768
28.103608 -4.207554 -1.562736
28.294417 -3.165649 -1.174870
28.431168 -2.116068 -0.784875
28.513500 -1.061349 -0.393459
