Component 1 of 1:
28.019830 -0.003876 -0.001138
27.993629 1.025047 0.381943
27.914284 2.051508 0.764320
27.782405 3.073086 1.145300
27.598517 4.087400 1.524193
27.362664 5.091996 1.900277
27.074465 6.084248 2.272765
26.733644 7.061406 2.640827
26.340734 8.020841 3.003681
25.897436 8.960351 3.360695
25.406291 9.878248 3.711399
24.869739 10.773060 4.055354
24.289079 11.642904 4.391898
23.664006 12.484899 4.719923
22.993145 13.295066 5.037857
22.275413 14.068957 5.343941
21.511480 14.802850 5.636720
20.704425 15.494928 5.915516
19.859155 16.145631 6.180535
18.980905 16.756743 6.432448
18.073628 17.329524 6.671561
17.139101 17.862883 6.897022
16.177219 18.352625 7.106518
15.187360 18.792290 7.296673
14.170061 19.175267 7.464049
13.127991 19.497228 7.606255
12.065665 19.757640 7.722620
10.988250 19.959521 7.814002
9.900378 20.107503 7.881772
8.805628 20.205234 7.926480
7.706801 20.253465 7.946883
6.606669 20.249754 7.939843
5.508730 20.189851 7.901134
4.417481 20.070014 7.826753
3.337966 19.889066 7.714079
2.274857 19.649216 7.562316
1.231729 19.355362 7.372050
0.211092 19.013394 7.144213
-0.784859 18.628428 6.878991
-1.753273 18.203859 6.575150
-2.690059 17.741613 6.229982
-3.590019 17.243463 5.839756
-4.447720 16.712811 5.400376
-5.258816 16.156172 4.907990
-6.021395 15.583804 4.359514
-6.736949 15.009263 3.753236
-7.410795 14.447996 3.089693
-8.052031 13.915235 2.372729
-8.673125 13.423588 1.610314
-9.289092 12.980829 0.814667
-9.916068 12.588484 0.001445
-10.569253 12.241553 -0.811789
-11.260576 11.929372 -1.607476
-11.996787 11.637218 -2.369961
-12.778669 11.348230 -3.087034
-13.601550 11.045345 -3.750730
-14.456805 10.713086 -4.357210
-15.333729 10.339111 -4.905929
-16.221331 9.915305 -5.398578
-17.109765 9.438129 -5.838205
-17.991195 8.908039 -6.228622
-18.859943 8.328021 -6.573903
-19.711866 7.701711 -6.877788
-20.543262 7.031735 -7.143018
-21.349788 6.318910 -7.370878
-22.125933 5.562601 -7.561223
-22.865353 4.762032 -7.713136
-23.562013 3.917830 -7.826014
-24.211652 3.032908 -7.900617
-24.812755 2.112212 -7.939531
-25.366304 1.161503 -7.946736
-25.874224 0.185937 -7.926457
-26.337234 -0.810867 -7.881839
-26.753259 -1.826866 -7.814135
-27.117321 -2.860792 -7.722802
-27.423079 -3.910948 -7.606474
-27.665353 -4.974352 -7.464298
-27.842401 -6.046817 -7.296957
-27.956708 -7.123862 -7.106858
-28.013786 -8.201723 -6.897454
-28.019548 -9.277723 -6.672116
-27.977626 -10.349861 -6.433145
-27.887989 -11.416047 -6.181368
-27.747490 -12.473474 -5.916455
-27.551937 -13.518484 -5.637730
-27.298530 -14.547047 -5.344997
-26.987386 -15.555607 -5.038956
-26.621464 -16.541758 -4.721080
-26.205180 -17.504234 -4.393133
-25.742622 -18.442222 -4.056675
-25.236347 -19.354497 -3.712796
-24.687257 -20.238930 -3.362142
-24.095387 -21.092644 -3.005151
-23.460993 -21.912626 -2.642305
-22.785256 -22.696403 -2.274257
-22.070307 -23.442335 -1.901806
-21.318724 -24.149390 -1.525783
-20.532935 -24.816595 -1.146965
-19.714922 -25.442574 -0.766059
-18.866327 -26.025481 -0.383739
-17.988818 -26.563359 -0.000697
-17.084390 -27.054625 0.382347
-16.155409 -27.498342 0.764673
-15.204402 -27.894037 1.145588
-14.233784 -28.241194 1.524417
-13.245735 -28.538773 1.900452
-12.242315 -28.785159 2.272917
-11.225718 -28.978665 2.640981
-10.198439 -29.118312 3.003853
-9.163209 -29.204352 3.360885
-8.122755 -29.238071 3.711597
-7.079580 -29.220831 4.055545
-6.035973 -29.152831 4.392067
-4.994284 -29.032391 4.720059
-3.957273 -28.856348 5.037953
-2.928254 -28.621561 5.343991
-1.910780 -28.326776 5.636725
-0.907953 -27.973790 5.915485
0.078174 -27.567106 6.180491
1.046541 -27.112166 6.432424
1.996265 -26.613001 6.671590
2.925493 -26.070549 6.897124
3.830614 -25.482557 7.106689
4.706311 -24.845209 7.296889
5.546571 -24.155660 7.464265
6.346320 -23.414085 7.606425
7.102871 -22.624181 7.722714
7.816302 -21.791981 7.814016
8.488351 -20.923839 7.881737
9.120410 -20.024685 7.926454
9.711728 -19.097301 7.946940
10.258775 -18.142838 7.940053
10.756086 -17.162167 7.901539
11.198129 -16.157292 7.827352
11.581322 -15.131984 7.714828
11.905220 -14.091402 7.563140
12.172280 -13.041110 7.372874
12.386377 -11.986239 7.144991
12.550893 -10.931253 6.879725
12.667394 -9.880308 6.575892
12.735531 -8.837893 6.230814
12.754238 -7.809383 5.840757
12.723705 -6.801179 5.401593
12.647345 -5.820319 4.909428
12.533037 -4.873613 4.361139
12.393243 -3.966575 3.754997
12.244012 -3.102336 3.091535
12.103121 -2.280631 2.374605
11.987759 -1.496952 1.612192
11.912192 -0.742169 0.816528
11.885809 -0.003059 0.003283
11.911866 0.736048 -0.809975
11.987077 1.490813 -1.605688
12.102071 2.274439 -2.368209
12.242664 3.096017 -3.085339
12.391779 3.960021 -3.749126
12.531731 4.866713 -4.355742
12.646479 5.813006 -4.904645
12.723466 6.793467 -5.397506
12.754653 7.801359 -5.837339
12.736462 8.829685 -6.227916
12.668612 9.872026 -6.573282
12.552191 10.922963 -6.877179
12.387661 11.977962 -7.142381
12.173609 13.032849 -7.370221
11.906769 14.083172 -7.560599
11.583312 15.123838 -7.712619
11.200749 16.149319 -7.825667
10.759448 17.154472 -7.900473
10.262905 18.135508 -7.939581
9.716579 19.090382 -7.946940
9.125876 20.018167 -7.926760
8.494274 20.917655 -7.882188
7.822495 21.786011 -7.814491
7.109148 22.618282 -7.723143
6.352551 23.408135 -7.606794
5.552727 24.149622 -7.464609
4.712470 24.839183 -7.297285
3.836925 25.476777 -7.107234
2.932110 26.065318 -6.897908
2.003281 26.608570 -6.672668
1.053953 27.108629 -6.433794
0.085894 27.564359 -6.182095
-0.900052 27.971579 -5.917231
-1.902809 28.324819 -5.638526
-2.920267 28.619667 -5.345794
-3.949274 28.854501 -5.039751
-4.986259 29.030731 -4.721881
-6.027919 29.151577 -4.393952
-7.071516 29.220165 -4.057524
-8.114714 29.238071 -3.713677
-9.155218 29.204980 -3.363054
-10.190516 29.119460 -3.006089
-11.217867 28.980217 -2.643263
-12.234538 28.787035 -2.275228
-13.238038 28.540944 -1.902785
-14.226184 28.243663 -1.526766
-15.196918 27.896815 -1.147950
-16.148062 27.501443 -0.767044
-17.077208 27.058066 -0.384725
-17.981836 26.567167 -0.001684
-18.859589 26.029690 0.381360
-19.708468 25.447203 0.763691
-20.526787 24.821634 1.144614
-21.312867 24.154784 1.523452
-22.064696 23.448000 1.899496
-22.779841 22.702265 2.271966
-23.455761 21.918656 2.640034
-24.090393 21.098873 3.002913
-24.682620 20.245433 3.359960
-25.232206 19.361343 3.710699
-25.739061 18.449429 4.054682
-26.202169 17.511748 4.391241
-26.618855 16.549469 4.719260
-26.984978 15.563400 5.037166
-27.296174 14.554854 5.343204
-27.549634 13.526306 5.635936
-27.745425 12.481357 5.914711
-27.886466 11.424040 6.179763
-27.976934 10.357980 6.431772
-28.019830 9.285946 6.671035
-28.014964 8.210002 6.896668
-27.958518 7.132150 7.106313
-27.844503 6.055097 7.296561
-27.667467 4.982635 7.463954
-27.425077 3.919252 7.606105
-27.119251 2.869111 7.722373
-26.755291 1.835148 7.813660
-26.339587 0.819023 7.881387
-25.877095 -0.178012 7.926151
-25.369830 -1.153910 7.946735
-24.816997 -2.105037 7.940001
-24.216594 -3.026215 7.901681
-23.567565 -3.911639 7.827696
-22.871368 -4.756299 7.715343
-22.132240 -5.557207 7.563761
-21.356233 -6.313692 7.373527
-20.549744 -7.026550 7.145623
-19.718356 -7.696510 6.880329
-18.866468 -8.322896 6.576508
-17.997801 -8.903201 6.231514
-17.116466 -9.433828 5.841615
-16.228087 -9.911718 5.402656
-15.340449 -10.336259 4.910703
-14.463384 -10.710813 4.362597
-13.607908 -11.043379 3.756590
-12.784769 -11.346288 3.093218
-12.002634 -11.635094 2.376343
-11.266200 -11.926973 1.613965
-10.574690 -12.238870 0.818328
-9.921340 -12.585528 0.005108
-9.294200 -12.977588 -0.808124
-8.678061 -13.420020 -1.603818
-8.056817 -13.911309 -2.366339
-7.415530 -14.443737 -3.083502
-6.741822 -15.004781 -3.747367
-6.026644 -15.579285 -4.354117
-5.264643 -16.151832 -4.903205
-4.454210 -16.708820 -5.396284
-3.597106 -17.239887 -5.836332
-2.697564 -17.738391 -6.227076
-1.760983 -18.200846 -6.572533
-0.792612 -18.625473 -6.876438
0.203361 -19.010426 -7.141595
1.223992 -19.352434 -7.369387
2.267040 -19.646489 -7.559762
3.330003 -19.886759 -7.711855
4.409354 -20.068336 -7.825051
5.500473 -20.188953 -7.900051
6.598344 -20.249702 -7.939353
7.698472 -20.254241 -7.946864
8.797339 -20.206736 -7.926766
9.892149 -20.109561 -7.882201
10.980071 -19.961910 -7.814451
12.057503 -19.760127 -7.723021
13.119806 -19.499640 -7.606592
14.161836 -19.177563 -7.464360
15.179142 -18.794591 -7.297034
16.169139 -18.355181 -7.107027
17.131346 -17.865982 -6.897774
18.066370 -17.333374 -6.672609
18.974226 -16.761386 -6.433790
19.853002 -16.150930 -6.182110
20.698630 -15.500631 -5.917226
21.505834 -14.808705 -5.638472
22.269766 -14.074814 -5.345678
22.987488 -13.300922 -5.039576
23.658489 -12.490864 -4.721663
24.283945 -11.649127 -4.393714
24.865218 -10.779649 -4.057287
25.402498 -9.885224 -3.713462
25.894321 -8.967646 -3.362866
26.338102 -8.028335 -3.005921
26.731239 -7.068980 -2.643091
27.072069 -6.091826 -2.275024
27.360187 -5.099557 -1.902520
27.596035 -4.094964 -1.526427
27.780141 -3.080691 -1.147539
27.912535 -2.059178 -0.766574
27.992672 -1.032775 -0.384213
