Component 1 of 1:
28.007265 -0.003947 -0.001386
27.981051 1.023631 0.381626
27.901993 2.048760 0.763941
27.770226 3.068976 1.144857
27.585977 4.081822 1.523666
27.349567 5.084839 1.899655
27.061417 6.075571 2.272102
26.722044 7.051568 2.640275
26.332073 8.010387 3.003429
25.892237 8.949597 3.360806
25.403387 9.866783 3.711635
24.866492 10.759552 4.055130
24.282647 11.625539 4.390490
23.653070 12.462414 4.716897
22.979104 13.267886 5.033514
22.262212 14.039704 5.339484
21.503978 14.775663 5.633921
20.706107 15.473605 5.915906
19.870419 16.131420 6.184485
18.998864 16.747055 6.438657
18.093521 17.318522 6.677374
17.156610 17.843912 6.899542
16.190504 18.321414 7.104022
15.197732 18.749336 7.289640
14.180986 19.126124 7.455202
13.143120 19.450383 7.599501
12.087138 19.720886 7.721334
11.016191 19.936580 7.819508
9.933560 20.096582 7.892832
8.842654 20.200171 7.940103
7.747006 20.246786 7.960066
6.650285 20.236036 7.951364
5.556309 20.167734 7.912471
4.469067 20.041964 7.841626
3.392728 19.859198 7.736773
2.331635 19.620443 7.595527
1.290262 19.327440 7.415185
0.273111 18.982858 7.192791
-0.715437 18.590494 6.925277
-1.671350 18.155411 6.609667
-2.591226 17.683987 6.243350
-3.472612 17.183847 5.824386
-4.314322 16.663640 5.351823
-5.116725 16.132665 4.825986
-5.881940 15.600371 4.248689
-6.613917 15.075771 3.623362
-7.318353 14.566817 2.955054
-8.002450 14.079831 2.250330
-8.674513 13.619035 1.517065
-9.343424 13.186232 0.764171
-10.018025 12.780682 0.001273
-10.706481 12.399165 -0.761645
-11.415670 12.036227 -1.514597
-12.150662 11.684588 -2.247957
-12.914346 11.335658 -2.952808
-13.707227 10.980136 -3.621270
-14.527443 10.608622 -4.246772
-15.370961 10.212202 -4.824258
-16.231958 9.782945 -5.350292
-17.103314 9.314285 -5.823053
-17.977162 8.801248 -6.242212
-18.845418 8.240529 -6.608716
-19.700253 7.630437 -6.924503
-20.534437 6.970723 -7.192185
-21.341569 6.262344 -7.414736
-22.116167 5.507191 -7.595225
-22.853662 4.707828 -7.736611
-23.550310 3.867256 -7.841596
-24.203063 2.988729 -7.912567
-24.809425 2.075623 -7.951581
-25.367327 1.131347 -7.960398
-25.875018 0.159302 -7.940545
-26.331003 -0.837138 -7.893378
-26.734000 -1.854634 -7.820153
-27.082929 -2.889873 -7.722073
-27.376915 -3.939569 -7.600331
-27.615296 -5.000470 -7.456120
-27.797632 -6.069357 -7.290643
-27.923706 -7.143065 -7.105107
-27.993518 -8.218485 -6.900708
-28.007265 -9.292582 -6.678620
-27.965330 -10.362394 -6.439980
-27.868251 -11.425045 -6.185883
-27.716710 -12.477740 -5.917375
-27.511509 -13.517765 -5.635457
-27.253563 -14.542487 -5.341085
-26.943891 -15.549352 -5.035176
-26.583614 -16.535888 -4.718618
-26.173951 -17.499704 -4.392269
-25.716222 -18.438496 -4.056967
-25.211837 -19.350047 -3.713529
-24.662298 -20.232233 -3.362758
-24.069193 -21.083019 -3.005439
-23.434183 -21.900463 -2.642342
-22.759000 -22.682710 -2.274223
-22.045439 -23.427994 -1.901826
-21.295352 -24.134629 -1.525881
-20.510646 -24.801014 -1.147109
-19.693281 -25.425628 -0.766223
-18.845267 -26.007028 -0.383931
-17.968665 -26.543859 -0.000935
-17.065587 -27.034843 0.382062
-16.138191 -27.478790 0.764360
-15.188686 -27.874593 1.145255
-14.219323 -28.221232 1.524039
-13.232400 -28.517769 1.900001
-12.230257 -28.763354 2.272418
-11.215279 -28.957225 2.640560
-10.189895 -29.098712 3.003684
-9.156574 -29.187241 3.361035
-8.117832 -29.222346 3.711843
-7.076221 -29.203668 4.055322
-6.034333 -29.130970 4.390671
-4.994793 -29.004136 4.717072
-3.960255 -28.823177 5.033688
-2.933399 -28.588228 5.339660
-1.916926 -28.299554 5.634101
-0.913557 -27.957545 5.916092
0.073968 -27.562723 6.184677
1.042897 -27.115747 6.438855
1.990468 -26.617423 6.677577
2.913918 -26.068721 6.899751
3.810493 -25.470792 7.104237
4.677464 -24.824982 7.289865
5.512140 -24.132847 7.455438
6.311890 -23.396161 7.599752
7.074149 -22.616915 7.721605
7.796433 -21.797310 7.819805
8.476337 -20.939746 7.893162
9.111533 -20.046814 7.940473
9.699770 -19.121292 7.960483
10.238873 -18.166158 7.951835
10.726770 -17.184623 7.913004
11.161538 -16.180183 7.842230
11.541498 -15.156682 7.737455
11.865347 -14.118382 7.596294
12.132353 -13.070026 7.416045
12.342573 -12.016848 7.193750
12.497101 -10.964540 6.926341
12.598302 -9.919124 6.610840
12.649999 -8.886738 6.244633
12.657565 -7.873321 5.825777
12.627896 -6.884227 5.353317
12.569231 -5.923789 4.827573
12.490814 -4.994900 4.250357
12.402426 -4.098651 3.625094
12.313808 -3.234088 2.956830
12.234040 -2.398137 2.252128
12.170934 -1.585720 1.518864
12.130499 -0.790049 0.765949
12.116520 -0.003095 0.003009
12.130295 0.783826 -0.759970
12.170545 1.579398 -1.513000
12.233501 2.391658 -2.246450
12.313171 3.227405 -2.951402
12.401751 4.091736 -3.619972
12.490170 4.987737 -4.245584
12.568689 5.916380 -4.823182
12.627527 6.876587 -5.349326
12.657433 7.865480 -5.822193
12.650165 8.878731 -6.241454
12.598816 9.910994 -6.608056
12.498005 10.956333 -6.923936
12.343901 12.008611 -7.191707
12.134130 13.061805 -7.414344
11.867587 14.110224 -7.594918
11.544207 15.148627 -7.736386
11.164714 16.172272 -7.841453
10.730401 17.176889 -7.912503
10.242941 18.158630 -7.951593
9.704251 19.113995 -7.960483
9.116400 20.039767 -7.940698
8.481559 20.932964 -7.893594
7.801981 21.790802 -7.820428
7.079995 22.610690 -7.722402
6.318010 23.390228 -7.600708
5.518512 24.127217 -7.456542
4.684069 24.819667 -7.291108
3.817317 25.465808 -7.105613
2.920945 26.064085 -6.901253
1.997684 26.613155 -6.679203
1.050287 27.111866 -6.440601
0.081514 27.559248 -6.186541
-0.905873 27.954491 -5.918069
-1.909124 28.296933 -5.636186
-2.925501 28.586047 -5.341846
-3.952284 28.821439 -5.035968
-4.986771 29.002841 -4.719437
-6.026282 29.130113 -4.393114
-7.068162 29.203243 -4.057834
-8.109785 29.222346 -3.714416
-9.148559 29.187659 -3.363662
-10.181931 29.099539 -3.006358
-11.207385 28.958454 -2.643274
-12.222451 28.764977 -2.275167
-13.224699 28.519780 -1.902778
-14.211746 28.223624 -1.526841
-15.181250 27.877360 -1.148075
-16.130914 27.481924 -0.767193
-17.058485 27.038338 -0.384904
-17.961757 26.547707 -0.001909
-18.838569 26.011222 0.381089
-19.686809 25.430158 0.763390
-20.504418 24.805870 1.144289
-21.289382 24.139800 1.523080
-22.039742 23.433468 1.899049
-22.753591 22.688475 2.271476
-23.429076 21.906505 2.639630
-24.064402 21.089325 3.002768
-24.657837 20.238789 3.360134
-25.207721 19.356840 3.710959
-25.712466 18.445511 4.054457
-26.170572 17.506927 4.389828
-26.580625 16.543303 4.716254
-26.941308 15.556943 5.032898
-27.251398 14.550235 5.338899
-27.509771 13.525649 5.633372
-27.715404 12.485739 5.915398
-27.867379 11.433135 6.184018
-27.964886 10.370551 6.438232
-28.007245 9.300782 6.676993
-27.993911 8.226706 6.899205
-27.924503 7.151284 7.103731
-27.798824 6.077552 7.289399
-27.616878 5.008619 7.455014
-27.378884 3.947652 7.599373
-27.085288 2.897865 7.721276
-26.736753 1.862510 7.819528
-26.334156 0.844870 7.892943
-25.878577 -0.151746 7.940317
-25.371294 -1.123999 7.960396
-24.813798 -2.068517 7.951820
-24.207833 -2.981898 7.913065
-23.555461 -3.860730 7.842369
-22.859169 -4.701634 7.737674
-22.121998 -5.501351 7.596596
-21.347685 -6.256873 7.416429
-20.540792 -6.965631 7.194220
-19.706794 -7.625726 6.926898
-18.852088 -8.236194 6.611488
-17.983900 -8.797276 6.245376
-17.110058 -9.310654 5.826620
-16.238647 -9.779621 5.354266
-15.377538 -10.209143 4.828630
-14.533860 -10.605777 4.251525
-13.713447 -10.977444 3.626372
-12.920345 -11.333053 2.958216
-12.156438 -11.682001 2.253616
-11.421235 -12.033593 1.520444
-10.711867 -12.396422 0.767609
-10.023278 -12.777782 0.004732
-9.348603 -13.183140 -0.758203
-8.679682 -13.615734 -1.511208
-8.007676 -14.076322 -2.244655
-7.323701 -14.563120 -2.949627
-6.619444 -15.071923 -3.618238
-5.887693 -15.596425 -4.243912
-5.122739 -16.128680 -4.821587
-4.320618 -16.659687 -5.347823
-3.479199 -17.179995 -5.820791
-2.598102 -17.680306 -6.240159
-1.678504 -18.151966 -6.606869
-0.722851 -18.587345 -6.922857
0.265460 -18.980058 -7.190732
1.282403 -19.325032 -7.413467
2.323600 -19.618464 -7.594133
3.384548 -19.857673 -7.735686
4.460779 -20.040911 -7.840829
5.547948 -20.167159 -7.911949
6.641884 -20.235939 -7.951100
7.738599 -20.247157 -7.960044
8.834270 -20.200995 -7.940305
9.925226 -20.097840 -7.893239
11.007931 -19.938251 -7.820103
12.078973 -19.722950 -7.722102
13.135069 -19.452823 -7.600426
14.173069 -19.128927 -7.456273
15.189968 -18.752494 -7.290849
16.182915 -18.324922 -7.105361
17.149219 -17.847767 -6.901007
18.086353 -17.322722 -6.678963
18.991944 -16.751598 -6.440367
19.863772 -16.136300 -6.186313
20.699754 -15.478814 -5.917847
21.497940 -14.781188 -5.635968
22.256501 -14.045527 -5.341632
22.973730 -13.273986 -5.035753
23.648039 -12.468768 -4.719218
24.277960 -11.632123 -4.392884
24.862149 -10.766343 -4.057587
25.399387 -9.873760 -3.714147
25.888582 -8.956740 -3.363366
26.328768 -8.017678 -3.006031
26.719099 -7.058991 -2.642915
27.058844 -6.083111 -2.274775
27.347383 -5.092482 -1.902356
27.584199 -4.089552 -1.526392
27.768874 -3.076776 -1.147602
27.901082 -2.056611 -0.766701
27.980592 -1.031515 -0.384395
