-0.056652057291388211 -1.7975081228799965 -0.68587557307506219
0.059571258925697673 -1.8610399280477887 -0.72044099466513634
0.1834838150638167 -1.9121959719974146 -0.74652948907073091
0.31399459727336909 -1.949758982330914 -0.76143001817689238
0.44869249704270109 -1.9738803599634163 -0.76592118531292142
0.5856099614871797 -1.9834743686026726 -0.75989616650753344
0.72196054006831489 -1.9778382415778935 -0.74316680170214144
0.85565158610636582 -1.9586175520944962 -0.71599166807338543
0.98366154098600933 -1.924845653797604 -0.676811258691835
1.1049746100155802 -1.8787767120331906 -0.62770560889688787
1.2154474615475841 -1.8185125857055424 -0.56802349256802753
1.3142974562842402 -1.7469636023068753 -0.50026395633289789
1.3980183162922399 -1.6640353687974572 -0.42464329428156217
1.4655493711260583 -1.5721739527420908 -0.34326663065919583
1.5149914261036217 -1.4727934743398097 -0.25745172226871949
1.5448534263227274 -1.368256005196528 -0.16911883002389427
1.5555488119264715 -1.2607535346201459 -0.080067235460062391
1.5460376606302526 -1.1532892954372567 0.0070663155126295778
1.5290077566911875 -1.0478588697748568 0.092003080853662336
1.5123897155278316 -0.94341085033616445 0.17662513589022719
1.4959791727356322 -0.839141925412908 0.26144106982541088
1.4795706071521593 -0.73498693438011165 0.34645198870306143
1.4630112153849339 -0.63090491164651019 0.43157224870138544
1.4460553707020667 -0.52677068261310533 0.5166703199827154
1.4267851068081649 -0.42139262091449864 0.60000966379480669
1.3977545806086176 -0.31124893764677103 0.67346032430757552
1.3559754201539438 -0.19754599775199411 0.73269569696569237
1.3045510409138408 -0.082983676189755579 0.77933717552724868
1.2431867136917987 0.030872240622868932 0.81162655387477878
1.1734347505512113 0.14231747998577907 0.83074789291462114
1.0955741263178234 0.24930297590483633 0.83639274118330686
1.0112110033421695 0.35066083186376212 0.82786550660390845
0.92197498508158993 0.44570328524499186 0.8062896558088718
0.82838018372986966 0.53177383471870288 0.76979183108542704
0.7330196270136311 0.60956500640286593 0.72051386698086484
0.63743549219782736 0.67620387951723648 0.65645804370879712
0.54382767841135526 0.7314234227282137 0.57908019853195059
0.45550999444094431 0.77380804907365452 0.48787358789587981
0.37689679642506069 0.80242305302875039 0.38300142109001811
0.31172384686482391 0.81957680021937107 0.26700587810788962
0.27093562277680394 0.83033125007820896 0.14050103858953497
0.25603846355283266 0.84826709129223232 0.0094842822006200207
0.25325384592887423 0.87944457037481483 -0.11968902048418639
0.25299113767019843 0.93231199774302143 -0.2407764872589678
0.24689397499407531 1.0061784203274364 -0.35044469643726101
0.23134758009411119 1.0939636063331493 -0.44850016106213231
0.20467527321610482 1.191345093008265 -0.53433306783668999
0.16560059413015935 1.2949763378321886 -0.60701611676240308
0.11588256544357153 1.401568915998576 -0.66764801635328352
0.054282551582532187 1.5092329583922832 -0.71378752884812624
-0.01701514648949963 1.6156755389572492 -0.7478424841147534
-0.09872110087712152 1.7184661436442119 -0.76784958182457841
-0.18901946203834757 1.8162428690784815 -0.77504626547368727
-0.28724645605819643 1.9070887046082265 -0.76888925185968671
-0.39233689940215044 1.989029979996519 -0.7491786434324974
-0.50267787002051767 2.0612106952422122 -0.71740567090352036
-0.61669152456700327 2.1208575783089159 -0.67161805518091755
-0.73322117468377679 2.1676681542259191 -0.61513684515782152
-0.84934507033586837 2.1983552872206658 -0.54594302369700587
-0.96368066598721158 2.2132798276963257 -0.4674294030586425
-1.0735040872101163 2.2103041520534839 -0.38029673107978051
-1.1754928971311167 2.1906609048695058 -0.28544860509984005
-1.2682223356932314 2.1536762096773043 -0.18524637880600506
-1.3496228471350373 2.0985397407442705 -0.083499822530587006
-1.4184382307431125 2.0282294134519798 0.018407301571381898
-1.4708645229560726 1.9428505328406713 0.11819906061434078
-1.5088886847405898 1.8456764726613459 0.21293741173211117
-1.529508536941631 1.7377392952735085 0.30041685252177991
-1.5349023358591349 1.6227817524677299 0.37914196132534878
-1.5247561946111998 1.5022127633952063 0.44699708101485625
-1.4997526750853034 1.379141664847493 0.5034305918094647
-1.4611295837901792 1.2557029680706817 0.54777329715915013
-1.4097048504508369 1.1339309316802502 0.57849544591028634
-1.3480408860668978 1.0155941132230775 0.59692580784443428
-1.2765097994103372 0.90244108757208608 0.60020471653072627
-1.1980000473970112 0.79524670346801885 0.5912026273272889
-1.113484034664979 0.69585040355455408 0.56732176624953035
-1.0249677494580707 0.60477076842449873 0.53009607002081061
-0.9341611259456406 0.52358128979252749 0.47881935039991891
-0.84400696164134614 0.45291537660179976 0.41313830735793883
-0.7584585300055684 0.39229425217432123 0.33325370681002192
-0.6852898620654122 0.34180428224094173 0.23591662573064287
-0.627481444797092 0.29994726069628824 0.12401336098858166
-0.58489216869859084 0.26831023648482893 0.00084723755228022571
-0.54764085226401338 0.23293270077716308 -0.12466122059068485
-0.49392701323242494 0.19421636094293973 -0.24357103999395868
-0.41911588239523123 0.15072731760276689 -0.34754353700319879
-0.33205268373566232 0.099629657490868273 -0.43653648850684967
-0.24457330985606279 0.035007890370226079 -0.51516897301542697
-0.15989233842398104 -0.040209780185595151 -0.58613596977100879
-0.079249234933760265 -0.12802025392514524 -0.64522406708228164
-0.00043805399566896469 -0.22256304068534599 -0.69346693714729146
0.074781146900742917 -0.32533206148840582 -0.72513098444132529
0.15078598114104111 -0.43047704101360423 -0.74057508065292432
0.22694119674658023 -0.53649951776932703 -0.73598268877619433
0.30155100184043604 -0.64189045985941817 -0.71199920013354534
0.37297782805759316 -0.74443250855375509 -0.66776163783845133
0.43855671850842493 -0.8420022857797409 -0.60365330563268993
0.49528894257793887 -0.93254473471013277 -0.52028868735719092
0.53592513346017956 -1.0135846158591113 -0.41762655312675734
0.55150388029650588 -1.0844050533263676 -0.30167775549440007
0.54515633624288273 -1.1613351827044689 -0.19081738322593472
0.5291985472971763 -1.2509751209899473 -0.090014687607126873
0.48870208169154705 -1.3405761012003206 0.0064263721975531991
0.42846315195755114 -1.4235808071921985 0.098874501724265179
0.35000684685372552 -1.4961044557131244 0.18659222974531725
0.25700581373543663 -1.5567904342345085 0.26862755114047238
0.1514756793572006 -1.6039108254709962 0.3442240341103025
0.035999883132520907 -1.6360560247098486 0.4122725655517907
-0.086519652640904249 -1.6534712062070389 0.47282291706753288
-0.21392245975961502 -1.6538117668235786 0.52398285198747518
-0.34356002072364 -1.6405791035135231 0.56563045504363951
-0.47350413098594801 -1.6118237621952378 0.59644226455660798
-0.60164162850595171 -1.5696202548500839 0.61674831773020899
-0.72542542176652647 -1.5135513097700048 0.62682692756442582
-0.84301964200618795 -1.4456835289608601 0.62514029009075933
-0.95362484105582168 -1.3677523129992011 0.61228177183705379
-1.0541577140102725 -1.2793559911879855 0.58717958385403801
-1.1441101051715588 -1.1827551552964204 0.55226744503060565
-1.2200540259586257 -1.0784323745466866 0.50670683766386537
-1.2815382764177221 -0.9689341950719863 0.45196306195822794
-1.3268803916306702 -0.85628737365483221 0.38869509147240172
-1.3616527135234988 -0.74324653855916467 0.32118138933720225
-1.3951938206802319 -0.63052320565454156 0.25373639199833425
-1.4282176163401985 -0.51771284531808925 0.18631007851508341
-1.4609525131788903 -0.404852470285406 0.11889854939406992
-1.4935176861558745 -0.2919684242522036 0.051506845705430238
-1.5261444688753383 -0.17893760796470892 -0.015970990516222403
-1.5573327251308782 -0.06397447831480807 -0.083400258466487867
-1.5764788238861702 0.057344712561571913 -0.14623405365495717
-1.5805386436673929 0.18370580290546373 -0.20189466807243703
-1.5687360308965972 0.31291071169468571 -0.24885497487742256
-1.5419890792268653 0.44231617200814394 -0.28913233126703652
-1.4972809341054851 0.56905987746027864 -0.32068922106399367
-1.4381249384795181 0.69115422243976665 -0.34428244939990116
-1.3636017506030229 0.80594579872269989 -0.35760586444031772
-1.2768885164531187 0.91200086544042236 -0.36080355935534908
-1.1794722853399324 1.0074935553843967 -0.35194625094613863
-1.0742832064318917 1.0910483333984198 -0.32960801197999229
-0.9648653491846868 1.162059252639013 -0.29262146915231863
-0.85735211381295284 1.2185989567555702 -0.2356461034831657
-0.76075956455769389 1.2675991932802357 -0.15967010136143533
-0.68216141510396722 1.3253239320911643 -0.071913715740550221
-0.6134847203512539 1.4004023818006535 0.012600133565751247
-0.53790221491475276 1.4894902731921926 0.079559616934984506
-0.44644383188312864 1.5783459512806586 0.12868933255773621
-0.34108597015616138 1.659519941823784 0.16391543419363347
-0.22405542741044923 1.7287451860966589 0.18729426073055228
-0.098010792668518198 1.7846309692016635 0.20124363533135403
0.035355250671345845 1.8229927499940941 0.20608916216596146
0.17265142308292017 1.8453193475347434 0.20400147083970591
0.31176129589134016 1.8484146055275903 0.19499107751571926
0.44978661254278518 1.8339918485228803 0.18088076922303628
0.58434624120426581 1.8009669441065117 0.16214701663533956
0.71252202776230888 1.7500557143956559 0.13985741780062635
0.83279949249400731 1.683073983514449 0.11484916405418032
0.94159102559526331 1.5995393989181186 0.087735952817652604
1.038609861448375 1.503077928802018 0.058924214339681882
1.1198791677936226 1.3932104971180452 0.029329164865552971
1.1856091017335324 1.2738229416394127 -0.00059053030474285825
1.2332591828502613 1.1459264320534035 -0.02957009409736051
1.2625005827087319 1.0127213375915964 -0.056854221388846368
1.2737066225853044 0.87640558841697369 -0.081299542063644939
1.2652285385987407 0.73965645628042531 -0.10179865210940102
1.2396735195210595 0.60476263936466035 -0.1181754382349275
1.194848304388173 0.47471477337437551 -0.12802564425749502
1.1350790274963702 0.35108347485029529 -0.13130984692882686
1.0599118011117927 0.23658438975535478 -0.12592737361821585
0.97250257599718182 0.13273993311659066 -0.11103190470006008
0.8753728079476466 0.041052665479551415 -0.084562315257146373
0.77324213021034172 -0.036750560323125514 -0.041609393702057178
0.67348738814456166 -0.10043598555108452 0.024037674885581169
0.57264061308328273 -0.15271266555100452 0.098641601250305688
0.46355928360889931 -0.196705532406935 0.16554767830403441
0.35294020878320909 -0.24932548412874728 0.22042271145749012
0.2441151479960286 -0.31251456359469448 0.26633719094318176
0.13941118555211715 -0.3852014636694891 0.30532679613191926
0.036508395955753614 -0.46435927352858747 0.32686720067260433
-0.068036290545192904 -0.54324458788303143 0.31952113922428127
-0.17030960583963928 -0.61611689522150059 0.27797804662829201
-0.26319036549630787 -0.68067429909747013 0.20673639910353761
-0.33432002317379605 -0.7419144748895008 0.11004129110884199
-0.39002964301729859 -0.80893533917746563 0.0079975668358364428
-0.43488251748896778 -0.89380184638651006 -0.084892472329855195
-0.46412117393292684 -0.99487786132133316 -0.16865686107888614
-0.47539469364162112 -1.1031183720660329 -0.24936661100152924
-0.46574465082394512 -1.2147104802380562 -0.32634864589355622
-0.43863946088984773 -1.325887470350251 -0.4001096757042607
-0.39325698572406531 -1.4342533768810302 -0.4693776801319885
-0.33096293060971427 -1.5372948712884589 -0.53338991188957097
-0.25348264736380527 -1.6338207088374364 -0.59126051014246661
-0.16089459220377819 -1.7204477743338478 -0.6422229813394309
