Component 1 of 1:
-29.997679 -12.915721 5.371840
-29.984547 -13.757680 4.704351
-29.859170 -14.566747 4.009956
-29.719646 -15.369344 3.312084
-29.624552 -16.185409 2.622648
-29.538576 -17.005486 1.935921
-29.367274 -17.801105 1.235133
-29.049737 -18.538250 0.521109
-28.613022 -19.211485 -0.191896
-28.141130 -19.861498 -0.902642
-27.700297 -20.529289 -1.616357
-27.281303 -21.210482 -2.331123
-26.807269 -21.862028 -3.040450
-26.213106 -22.433879 -3.728548
-25.508311 -22.912306 -4.381789
-24.757403 -23.343182 -5.014871
-24.022429 -23.788464 -5.655830
-23.314852 -24.260445 -6.308785
-22.581868 -24.711105 -6.950112
-21.762995 -25.073032 -7.543305
-20.857085 -25.317537 -8.065252
-19.909625 -25.487491 -8.538771
-18.965464 -25.660411 -9.016315
-18.042859 -25.870965 -9.520307
-17.115988 -26.077856 -10.019679
-16.142515 -26.202474 -10.455920
-15.121520 -26.200519 -10.789519
-14.082894 -26.103097 -11.041431
-13.043832 -25.987974 -11.280053
-12.009794 -25.907421 -11.551712
-10.977049 -25.841155 -11.834250
-9.934081 -25.717288 -12.057613
-8.891267 -25.482569 -12.164787
-7.870643 -25.149671 -12.163685
-6.864717 -24.779781 -12.122741
-5.851705 -24.428884 -12.108030
-4.830376 -24.101825 -12.120848
-3.817102 -23.748435 -12.094740
-2.843598 -23.315882 -11.956303
-1.938784 -22.800939 -11.693149
-1.083923 -22.243168 -11.363223
-0.225191 -21.687035 -11.043017
0.660373 -21.152194 -10.762105
1.545165 -20.618141 -10.474951
2.375045 -20.047607 -10.103251
3.104573 -19.431102 -9.613210
3.743647 -18.787923 -9.040364
4.357999 -18.138142 -8.450074
5.001789 -17.493462 -7.886964
5.669072 -16.855384 -7.344061
6.309496 -16.214871 -6.771862
6.871651 -15.567588 -6.128990
7.343371 -14.920054 -5.417927
7.762795 -14.276888 -4.672069
8.183950 -13.636206 -3.925754
8.631441 -12.995431 -3.195341
9.089184 -12.351473 -2.474315
9.523403 -11.700332 -1.745272
9.913179 -11.042015 -0.997819
10.265612 -10.383168 -0.232622
10.606565 -9.733826 0.545709
10.957556 -9.099020 1.331577
11.320388 -8.467475 2.114909
11.679736 -7.810032 2.878717
12.017321 -7.099268 3.604089
12.327492 -6.334664 4.285637
12.624039 -5.545385 4.944690
12.928658 -4.768741 5.615173
13.248523 -4.018827 6.309107
13.565648 -3.264535 7.000712
13.846383 -2.450393 7.639743
14.064894 -1.551827 8.183521
14.228404 -0.594099 8.637253
14.377565 0.379283 9.060359
14.549879 1.335941 9.511739
14.740564 2.275724 9.991547
14.900814 3.237696 10.440129
14.974756 4.253234 10.783199
14.947619 5.306445 10.992762
14.862849 6.368752 11.119121
14.785986 7.430565 11.249037
14.744281 8.488162 11.422782
14.698002 9.546305 11.597535
14.574018 10.610047 11.687200
14.334328 11.656836 11.639598
14.008832 12.668089 11.482508
13.665126 13.667349 11.297191
13.351227 14.681681 11.145643
13.053922 15.704662 11.016909
12.708593 16.706180 10.839368
12.264526 17.641735 10.551630
11.732441 18.487956 10.158397
11.165263 19.285508 9.718385
10.612478 20.099756 9.292249
10.083514 20.943941 8.894515
9.535498 21.768895 8.479971
8.917789 22.499935 7.991268
8.228363 23.093485 7.419667
7.504290 23.590456 6.802717
6.781922 24.086196 6.184217
6.077083 24.629408 5.585750
5.371212 25.175137 4.989462
4.629173 25.626646 4.357427
3.846823 25.916595 3.680442
3.048205 26.070949 2.979875
2.249193 26.190748 2.274515
1.454592 26.354870 1.573510
0.661641 26.545239 0.876529
-0.140896 26.665272 0.173284
-0.948879 26.628157 -0.533917
-1.743444 26.435290 -1.229962
-2.525093 26.174215 -1.916734
-3.309834 25.939795 -2.608821
-4.101139 25.748731 -3.307170
-4.890165 25.522098 -3.998956
-5.655822 25.160985 -4.660699
-6.372842 24.642682 -5.270005
-7.049174 24.034553 -5.839601
-7.724949 23.429703 -6.411957
-8.420667 22.870578 -7.006572
-9.117733 22.309294 -7.599099
-9.774751 21.654135 -8.140951
-10.352550 20.868625 -8.592710
-10.855832 19.996660 -8.965826
-11.339537 19.107831 -9.321855
-11.848915 18.246711 -9.708226
-12.373391 17.400636 -10.108990
-12.859842 16.509316 -10.459600
-13.253286 15.538124 -10.699207
-13.544516 14.511796 -10.824809
-13.786773 13.469159 -10.900725
-14.046093 12.433170 -11.000312
-14.335882 11.408927 -11.134489
-14.607056 10.375117 -11.239381
-14.791447 9.316127 -11.232320
-14.860373 8.253601 -11.086574
-14.852313 7.205335 -10.855567
-14.839030 6.157929 -10.625148
-14.859904 5.102141 -10.438264
-14.889578 4.045175 -10.255856
-14.865499 3.004215 -9.992665
-14.746682 2.011573 -9.599562
-14.547059 1.080900 -9.103741
-14.317906 0.176141 -8.576283
-14.104309 -0.746296 -8.074696
-13.912741 -1.688294 -7.601456
-13.711826 -2.616109 -7.103860
-13.466260 -3.485596 -6.526532
-13.169023 -4.272620 -5.862338
-12.841214 -5.000116 -5.147965
-12.510714 -5.719886 -4.428044
-12.192764 -6.463396 -3.727332
-11.881999 -7.222042 -3.040007
-11.560376 -7.965818 -2.341591
-11.215414 -8.670675 -1.614574
-10.851559 -9.335327 -0.859626
-10.486266 -9.978443 -0.087136
-10.135200 -10.620876 0.692408
-9.795772 -11.272682 1.469398
-9.442406 -11.934253 2.232037
-9.043496 -12.601783 2.966780
-8.589224 -13.270336 3.667726
-8.103296 -13.937443 4.348500
-7.625588 -14.603853 5.035896
-7.177178 -15.269935 5.743438
-6.733349 -15.936459 6.454282
-6.235142 -16.604281 7.128193
-5.640345 -17.266975 7.725218
-4.961406 -17.916859 8.240470
-4.251821 -18.561201 8.719188
-3.563753 -19.213906 9.217408
-2.905075 -19.874282 9.745229
-2.223033 -20.526060 10.255842
-1.453363 -21.142859 10.680226
-0.588184 -21.702431 10.982178
0.327746 -22.217785 11.197440
1.244371 -22.733226 11.406026
2.136842 -23.273039 11.653970
3.026473 -23.814705 11.910923
3.961822 -24.307288 12.099776
4.956408 -24.707951 12.164787
5.981594 -25.023095 12.121361
7.011560 -25.311301 12.042250
8.035323 -25.625436 11.990418
9.054451 -25.958463 11.962294
10.085376 -26.249656 11.893049
11.128890 -26.436001 11.719363
12.162492 -26.508358 11.438044
13.181848 -26.524381 11.104626
14.203942 -26.556477 10.782730
15.233321 -26.621990 10.489840
16.260134 -26.665272 10.181115
17.260811 -26.608695 9.795293
18.205028 -26.425707 9.317803
19.100049 -26.164677 8.787094
19.993224 -25.903755 8.254736
20.909959 -25.680361 7.745931
21.827628 -25.455601 7.237970
22.695771 -25.151512 6.684288
23.468300 -24.730117 6.068933
24.153116 -24.225079 5.415390
24.816945 -23.703915 4.754310
25.511627 -23.210824 4.103806
26.219957 -22.729029 3.458762
26.874500 -22.196063 2.795856
27.411235 -21.571431 2.106936
27.828110 -20.873774 1.406233
28.196365 -20.152177 0.703905
28.590752 -19.445208 0.001425
29.013415 -18.753178 -0.700005
29.392917 -18.035261 -1.401485
29.647053 -17.256697 -2.095914
29.757019 -16.427684 -2.768807
29.789988 -15.580154 -3.425128
29.838069 -14.737584 -4.086042
29.928802 -13.906226 -4.756915
29.997679 -13.066796 -5.421730
29.948157 -12.198614 -6.051963
29.743118 -11.312759 -6.623260
29.438411 -10.428348 -7.148656
29.130030 -9.545788 -7.673535
28.867092 -8.662591 -8.221579
28.605915 -7.777662 -8.769161
28.252642 -6.893252 -9.265613
27.758866 -6.029707 -9.671116
27.161964 -5.199566 -9.997676
26.541550 -4.380968 -10.306107
25.952664 -3.550685 -10.643104
25.380262 -2.713315 -10.992565
24.753195 -1.893828 -11.290083
24.022839 -1.128282 -11.477314
23.208417 -0.432753 -11.555164
22.363234 0.227157 -11.588125
21.530485 0.900407 -11.644752
20.716852 1.594134 -11.730714
19.884515 2.270532 -11.781040
18.997933 2.874527 -11.718478
18.067860 3.376002 -11.524891
17.122745 3.808194 -11.257545
16.176711 4.241069 -10.997791
15.236361 4.707735 -10.779319
14.297445 5.176387 -10.555647
13.353419 5.581717 -10.242931
12.419907 5.877889 -9.802159
11.510835 6.080411 -9.269514
10.609448 6.254661 -8.716414
9.696351 6.454455 -8.192858
8.776527 6.678538 -7.691352
7.870781 6.882172 -7.155868
7.005447 7.020280 -6.538384
6.194425 7.083949 -5.840948
5.419105 7.104069 -5.102761
4.644108 7.122497 -4.365030
3.851993 7.160086 -3.646873
3.051953 7.208475 -2.938462
2.264267 7.245797 -2.215779
1.503288 7.258235 -1.464256
0.769316 7.250076 -0.686424
0.052615 7.237537 0.107155
-0.657820 7.233881 0.906409
-1.373163 7.237877 1.701381
-2.108249 7.234038 2.478382
-2.876356 7.205018 3.222432
-3.676943 7.147505 3.929726
-4.492635 7.078110 4.618518
-5.300351 7.021122 5.318020
-6.090314 6.984391 6.039292
-6.881906 6.943328 6.759532
-7.711537 6.852445 7.432186
-8.594781 6.681464 8.015750
-9.514670 6.443656 8.512121
-10.446077 6.187463 8.975856
-11.371226 5.956759 9.464757
-12.286847 5.748740 9.982068
-13.210524 5.506796 10.471936
-14.152874 5.168567 10.861104
-15.096492 4.725092 11.118732
-16.030085 4.225216 11.291580
-16.966052 3.731555 11.465496
-17.909891 3.270538 11.681893
-18.852115 2.804831 11.899619
-19.772322 2.266430 12.033635
-20.638172 1.629678 12.031249
-21.444216 0.929064 11.919485
-22.234299 0.216915 11.779693
-23.047340 -0.474437 11.672962
-23.871492 -1.156192 11.586174
-24.657037 -1.875514 11.447109
-25.348518 -2.659104 11.196151
-25.933267 -3.486948 10.840470
-26.467939 -4.327029 10.440559
-27.023183 -5.160237 10.055855
-27.607251 -5.985109 9.695838
-28.159182 -6.822463 9.311911
-28.599535 -7.686684 8.849119
-28.898644 -8.562062 8.302720
-29.112561 -9.433084 7.713079
-29.334174 -10.302893 7.125691
-29.599677 -11.174202 6.558945
-29.853089 -12.047238 5.987834
