Component 1 of 1:
-29.910273 -12.992861 5.373971
-29.944643 -13.831186 4.719002
-29.923256 -14.657605 4.048535
-29.846401 -15.469883 3.364982
-29.714504 -16.265842 2.670724
-29.528133 -17.043369 1.968117
-29.287977 -17.800411 1.259492
-28.994843 -18.534973 0.547153
-28.649649 -19.245119 -0.166615
-28.253420 -19.928978 -0.879547
-27.807287 -20.584736 -1.589390
-27.312483 -21.210644 -2.293902
-26.770342 -21.805019 -2.990848
-26.182304 -22.366243 -3.677996
-25.549911 -22.892773 -4.353112
-24.874819 -23.383139 -5.013966
-24.158789 -23.835957 -5.658321
-23.403698 -24.249933 -6.283944
-22.611547 -24.623873 -6.888602
-21.784456 -24.956692 -7.470066
-20.924671 -25.247419 -8.026122
-20.034565 -25.495222 -8.554574
-19.116642 -25.699406 -9.053256
-18.173531 -25.859430 -9.520046
-17.207983 -25.974926 -9.952879
-16.222872 -26.045700 -10.349761
-15.221181 -26.071754 -10.708794
-14.205989 -26.053289 -11.028188
-13.180457 -25.990719 -11.306287
-12.147814 -25.884666 -11.541590
-11.111325 -25.735979 -11.732771
-10.074278 -25.545723 -11.878700
-9.039942 -25.315178 -11.978466
-8.011546 -25.045830 -12.031386
-6.992243 -24.739357 -12.037031
-5.985074 -24.397614 -11.995229
-4.992936 -24.022614 -11.906073
-4.018550 -23.616495 -11.769928
-3.064427 -23.181498 -11.587427
-2.132844 -22.719931 -11.359464
-1.225816 -22.234135 -11.087181
-0.345076 -21.726446 -10.771959
0.507934 -21.199167 -10.415393
1.332078 -20.654520 -10.019273
2.126523 -20.094622 -9.585559
2.890738 -19.521444 -9.116354
3.624484 -18.936789 -8.613881
4.327798 -18.342260 -8.080456
5.000972 -17.739246 -7.518460
5.644529 -17.128893 -6.930322
6.259197 -16.512100 -6.318496
6.845871 -15.889512 -5.685445
7.405586 -15.261510 -5.033625
7.939475 -14.628218 -4.365479
8.448737 -13.989504 -3.683427
8.934603 -13.344995 -2.989863
9.398291 -12.694092 -2.287160
9.840978 -12.035983 -1.577664
10.263769 -11.369670 -0.863706
10.667660 -10.693998 -0.147607
11.053513 -10.007680 0.568315
11.422036 -9.309335 1.281733
11.773760 -8.597521 1.990309
12.109020 -7.870774 2.691679
12.427954 -7.127652 3.383447
12.730486 -6.366772 4.063185
13.016333 -5.586854 4.728426
13.285004 -4.786759 5.376664
13.535809 -3.965537 6.005361
13.767871 -3.122453 6.611953
13.980140 -2.257034 7.193858
14.171413 -1.369092 7.748498
14.340362 -0.458757 8.273310
14.485551 0.473504 8.765773
14.605472 1.426870 9.223433
14.698573 2.400157 9.643929
14.763292 3.391812 10.025024
14.798086 4.399920 10.364636
14.801471 5.422219 10.660865
14.772044 6.456114 10.912022
14.708526 7.498706 11.116659
14.609779 8.546825 11.273588
14.474839 9.597070 11.381901
14.302932 10.645844 11.440983
14.093490 11.689410 11.450525
13.846169 12.723930 11.410522
13.560855 13.745519 11.321273
13.237659 14.750283 11.183372
12.876928 15.734370 10.997701
12.479230 16.694010 10.765404
12.045347 17.625547 10.487874
11.576269 18.525476 10.166727
11.073172 19.390463 9.803781
10.537404 20.217373 9.401023
9.970471 21.003277 8.960589
9.374018 21.745468 8.484741
8.749810 22.441465 7.975837
8.099717 23.089016 7.436311
7.425699 23.686087 6.868657
6.729790 24.230869 6.275409
6.014084 24.721766 5.659127
5.280726 25.157379 5.022384
4.531900 25.536507 4.367761
3.769821 25.858133 3.697836
2.996728 26.121414 3.015183
2.214877 26.325670 2.322369
1.426537 26.470383 1.621955
0.633989 26.555182 0.916494
-0.160484 26.579849 0.208536
-0.954594 26.544310 -0.499367
-1.746051 26.448631 -1.204663
-2.532568 26.293030 -1.904791
-3.311865 26.077871 -2.597185
-4.081666 25.803677 -3.279263
-4.839710 25.471130 -3.948434
-5.583755 25.081083 -4.602097
-6.311582 24.634573 -5.237639
-7.021004 24.132824 -5.852448
-7.709876 23.577263 -6.443914
-8.376107 22.969526 -7.009443
-9.017671 22.311472 -7.546466
-9.632621 21.605185 -8.052461
-10.219105 20.852976 -8.524963
-10.775384 20.057396 -8.961597
-11.299848 19.221222 -9.360089
-11.791033 18.347456 -9.718298
-12.247644 17.439310 -10.034241
-12.668565 16.500189 -10.306119
-13.052879 15.533669 -10.532343
-13.399883 14.543468 -10.711561
-13.709097 13.533411 -10.842679
-13.980271 12.507390 -10.924879
-14.213391 11.469325 -10.957639
-14.408680 10.423114 -10.940741
-14.566587 9.372584 -10.874275
-14.687787 8.321449 -10.758648
-14.773156 7.273255 -10.594567
-14.823759 6.231338 -10.383036
-14.840823 5.198781 -10.125337
-14.825713 4.178383 -9.823009
-14.779899 3.172618 -9.477823
-14.704925 2.183619 -9.091758
-14.602378 1.213161 -8.666965
-14.473851 0.262648 -8.205740
-14.320912 -0.666887 -7.710494
-14.145070 -1.574772 -7.183723
-13.947746 -2.460688 -6.627982
-13.730244 -3.324648 -6.045856
-13.493725 -4.166972 -5.439946
-13.239187 -4.988256 -4.812844
-12.967447 -5.789340 -4.167125
-12.679126 -6.571270 -3.505335
-12.374635 -7.335260 -2.829984
-12.054176 -8.082646 -2.143544
-11.717738 -8.814851 -1.448452
-11.365096 -9.533336 -0.747109
-10.995826 -10.239563 -0.041888
-10.609312 -10.934953 0.664858
-10.204767 -11.620849 1.370792
-9.781253 -12.298477 2.073580
-9.337708 -12.968920 2.770886
-8.872969 -13.633081 3.460364
-8.385814 -14.291666 4.139652
-7.874988 -14.945154 4.806368
-7.339240 -15.593787 5.458110
-6.777362 -16.237555 6.092457
-6.188221 -16.876183 6.706972
-5.570803 -17.509132 7.299215
-4.924237 -18.135605 7.866749
-4.247838 -18.754536 8.407160
-3.541133 -19.364618 8.918071
-2.803890 -19.964310 9.397167
-2.036138 -20.551851 9.842216
-1.238190 -21.125301 10.251091
-0.410654 -21.682552 10.621802
0.445558 -22.221369 10.952516
1.329233 -22.739422 11.241580
2.238856 -23.234322 11.487553
3.172621 -23.703659 11.689213
4.128453 -24.145035 11.845582
5.104023 -24.556108 11.955939
6.096777 -24.934622 12.019820
7.103963 -25.278431 12.037031
8.122665 -25.585543 12.007641
9.149837 -25.854130 11.931977
10.182330 -26.082558 11.810616
11.216936 -26.269394 11.644373
12.250414 -26.413424 11.434278
13.279516 -26.513653 11.181563
14.301023 -26.569311 10.887645
15.311762 -26.579849 10.554093
16.308630 -26.544941 10.182618
17.288612 -26.464460 9.775044
18.248793 -26.338493 9.333294
19.186363 -26.167303 8.859365
20.098637 -25.951340 8.355317
20.983049 -25.691212 7.823252
21.837158 -25.387680 7.265305
22.658651 -25.041641 6.683628
23.445333 -24.654125 6.080390
24.195135 -24.226269 5.457760
24.906103 -23.759317 4.817910
25.576403 -23.254614 4.163005
26.204304 -22.713585 3.495209
26.788187 -22.137737 2.816680
27.326538 -21.528654 2.129571
27.817942 -20.887989 1.436036
28.261084 -20.217459 0.738229
28.654749 -19.518845 0.038309
28.997822 -18.793991 -0.661555
29.289289 -18.044798 -1.359181
29.528240 -17.273232 -2.052371
29.713875 -16.481310 -2.738906
29.845507 -15.671117 -3.416544
29.922573 -14.844792 -4.083016
29.944643 -14.004538 -4.736028
29.911425 -13.152611 -5.373260
29.822786 -12.291332 -5.992365
29.678755 -11.423075 -6.590981
29.479546 -10.550266 -7.166726
29.225565 -9.675384 -7.717216
28.917425 -8.800945 -8.240072
28.555967 -7.929503 -8.732936
28.142263 -7.063635 -9.193481
27.677637 -6.205925 -9.619440
27.163664 -5.358955 -10.008621
26.602179 -4.525284 -10.358930
25.995281 -3.707425 -10.668401
25.345325 -2.907827 -10.935218
24.654917 -2.128849 -11.157744
23.926897 -1.372732 -11.334548
23.164320 -0.641579 -11.464426
22.370426 0.062676 -11.546430
21.548609 0.738292 -11.579879
20.702381 1.383740 -11.564384
19.835325 1.997726 -11.499850
18.951052 2.579208 -11.386489
18.053146 3.127405 -11.224813
17.145124 3.641805 -11.015633
16.230373 4.122167 -10.760045
15.312108 4.568515 -10.459414
14.393328 4.981130 -10.115352
13.476769 5.360532 -9.729692
12.564878 5.707465 -9.304466
11.659770 6.022863 -8.841866
10.763220 6.307832 -8.344216
9.876637 6.563612 -7.813954
9.001060 6.791542 -7.253584
8.137158 6.993031 -6.665667
7.285235 7.169520 -6.052786
6.445242 7.322443 -5.417538
5.616794 7.453201 -4.762506
4.799195 7.563118 -4.090255
3.991467 7.653422 -3.403327
3.192379 7.725206 -2.704228
2.400486 7.779411 -1.995436
1.614162 7.816797 -1.279400
0.831650 7.837931 -0.558545
0.051097 7.843170 0.164718
-0.729400 7.832655 0.887984
-1.511743 7.806305 1.608850
-2.297799 7.763825 2.324896
-3.089342 7.704706 3.033686
-3.888022 7.628242 3.732754
-4.695314 7.533550 4.419603
-5.512485 7.419583 5.091699
-6.340551 7.285165 5.746472
-7.180251 7.129011 6.381323
-8.032012 6.949762 6.993626
-8.895927 6.746016 7.580744
-9.771738 6.516363 8.140044
-10.658816 6.259421 8.668918
-11.556159 5.973867 9.164800
-12.462391 5.658481 9.625203
-13.375768 5.312168 10.047742
-14.294191 4.933999 10.430164
-15.215232 4.523236 10.770385
-16.136156 4.079358 11.066514
-17.053961 3.602081 11.316888
-17.965422 3.091374 11.520094
-18.867126 2.547472 11.674995
-19.755535 1.970874 11.780749
-20.627026 1.362352 11.836816
-21.477943 0.722935 11.842970
-22.304659 0.053904 11.799298
-23.103607 -0.643227 11.706196
-23.871340 -1.366729 11.564357
-24.604559 -2.114683 11.374756
-25.300154 -2.885001 11.138631
-25.955229 -3.675456 10.857457
-26.567123 -4.483704 10.532927
-27.133432 -5.307312 10.166914
-27.652008 -6.143781 9.761455
-28.120970 -6.990569 9.318714
-28.538704 -7.845113 8.840964
-28.903852 -8.704844 8.330557
-29.215311 -9.567206 7.789900
-29.472214 -10.429664 7.221443
-29.673925 -11.289721 6.627654
-29.820021 -12.144921 6.011006
