1.9195534903940881 -2.1102571151010121 0.4895446844630828
1.8918077503572099 -2.1420713465761452 0.47654440509629942
1.8633109142081059 -2.1732668993299349 0.46334693213101769
1.83407692696911 -2.2038313372089462 0.44997333048516908
1.804119982081851 -2.2337533282453741 0.4364440743922629
1.773454367349165 -2.2630227008297981 0.42277894155679968
1.742094335354194 -2.2916304539385139 0.40899692515598918
1.7100540099545201 -2.3195687204473829 0.39511616797813259
1.677347336847355 -2.3468306871901001 0.3811539207758679
1.643988083361231 -2.3734104781113992 0.36712652523003619
1.609989889745975 -2.399303008742268 0.3530494204114008
1.575366369355228 -2.4245038228557809 0.33893716951019909
1.5401312470884241 -2.4490089259021079 0.32480350053303819
1.5042985159715321 -2.4728146328581819 0.31066135148857033
1.4678825855726401 -2.495917447329123 0.2965229092136612
1.4308983982247541 -2.5183139821172218 0.28239963317214822
1.393361500960675 -2.5400009205444629 0.2683022612101767
1.355288077063552 -2.5609750077591542 0.25424080073729238
1.316694950739419 -2.5812330580189511 0.24022451210581419
1.277599573048013 -2.600771969844379 0.22626188841729891
1.238019977906653 -2.6195887519882528 0.21236062880160261
1.1979746768162329 -2.637680570702424 0.19852759563830669
1.157482458730839 -2.6550448250945649 0.18476874655482431
1.1165620887682319 -2.6716792417758741 0.17108904219332571
1.0752319495312701 -2.6875819607883211 0.1574923470276382
1.033509716547667 -2.7027515748024098 0.14398135389040251
0.99141217455259301 -2.7171870917877992 0.130557564170563
0.94895524860934799 -2.7308878161961769 0.11722134180475841
0.90615425554890572 -2.7438531729997919 0.10397203613750609
0.86302431210193387 -2.756082517266238 0.090808148419847731
0.81958080348982199 -2.7675749704990391 0.077727509820605264
0.77583983443542592 -2.7783293071648951 0.064727447711547842
0.73181863383936285 -2.7883438936980469 0.051804933863198552
0.68753592256622087 -2.7976166712675812 0.038956719959189812
0.64301224481432306 -2.8061451772127088 0.026179462869152299
0.59827020485346649 -2.8139266108940699 0.01346982525992014
0.55333448087096126 -2.8209579540634748 0.00082451826665269374
0.50823146573857836 -2.827236144026664 -0.011759751636261841
0.46298845437915181 -2.8327582721663909 -0.024286449236145861
0.41763245455963738 -2.8375217551517009 -0.036759466349034473
0.37218888225498398 -2.8415244194578659 -0.04918339565056435
0.32668052323588609 -2.844764461777868 -0.061563723340129411
0.28112712338821061 -2.84724029292865 -0.073906850052981005
0.23554579424812491 -2.8489503209549492 -0.086219897350361244
0.18995214570501359 -2.8498927561038552 -0.098510328080418125
0.14436179798036439 -2.8500655112769051 -0.1107854739900493
0.098791796895998929 -2.849466229984901 -0.12305209435462899
0.053261522826956308 -2.8480924208085439 -0.13531607033166571
0.0077929161045680231 -2.845941640321719 -0.14758227916040939
-0.037589873253996417 -2.8430116631975682 -0.15985461901840051
-0.082861110475129868 -2.8393006056900081 -0.17213610592794129
-0.12799407169064531 -2.8348070040256692 -0.18442896380633189
-0.17296148505836981 -2.8295298646479088 -0.19673467600333941
-0.21773593350038889 -2.8234686859860152 -0.2090540314391742
-0.26229047464403682 -2.8166234154530971 -0.22138723756735679
-0.30659965982199472 -2.808994284702977 -0.23373415482350129
-0.35064086590724708 -2.8005814916003642 -0.24609463508816301
-0.39439554184057302 -2.7913847711211601 -0.25846885807091058
-0.43784981601332201 -2.7814029842919101 -0.27085750899306021
-0.48099403907325888 -2.7706338988703352 -0.28326166740262421
-0.52382121870386877 -2.7590742972508719 -0.2956823779275527
-0.56632475642988633 -2.7467204308779101 -0.30812000315850779
-0.60849618753805634 -2.733568700206026 -0.32057355096636581
-0.65032360128912947 -2.7196163496147379 -0.33304017501711441
-0.69179109666671401 -2.7048619781577878 -0.34551496510549562
-0.73287918597714174 -2.6893057724204348 -0.35799101831178243
-0.77356572972620519 -2.6729495031255088 -0.37045968070182761
-0.81382692871203255 -2.6557964097871731 -0.38291082347883648
-0.8536381046844157 -2.637851079249188 -0.39533307176687033
-0.89297430819690427 -2.6191193235381949 -0.40771399509510109
-0.93181099296645153 -2.5996079566961838 -0.42004033267291752
-0.97012496363045331 -2.5793243440209679 -0.43229832016684472
-1.0078955669592391 -2.5582756865877272 -0.44447411112130281
-1.045105814680594 -2.5364681687217661 -0.45655419264634639
-1.081742986290354 -2.5139062403475601 -0.46852564289036341
-1.117798362849727 -2.4905923361209692 -0.48037610462895958
-1.1532660446822161 -2.4665272156828801 -0.49209344633009489
-1.188141152441281 -2.4417108932532008 -0.50366520071773024
-1.222417929994766 -2.416143913678626 -0.51507795208192875
-1.2560882640359881 -2.389828625360586 -0.52631685096061032
-1.2891409337250841 -2.3627701397645389 -0.537365372032927
-1.3215616207276959 -2.3349768178249861 -0.54820533558503071
-1.3533334825125249 -2.3064602997655572 -0.55881713218899465
-1.384438003905937 -2.2772352110979011 -0.56918005562978735
-1.4148558916764571 -2.247318694989985 -0.57927266227447238
-1.44456789433697 -2.2167298626878229 -0.58907311290602371
-1.473555528507088 -2.185489181343077 -0.59855948575201234
-1.501801723378541 -2.1536177906958902 -0.60771005917168675
-1.529291361706741 -2.1211367753672179 -0.61650355137335144
-1.556011645707575 -2.0880664897954082 -0.62491928923955309
-1.581952199919952 -2.0544260848985481 -0.6329372764670127
-1.607104863047546 -2.0202333763283908 -0.64053814955333022
-1.631463201314304 -1.9855051167599429 -0.64770304131664835
-1.6550218569803841 -1.950257620523548 -0.65441340001290882
-1.6777758887317691 -1.9145075882135101 -0.66065082388328233
-1.6997202490142691 -1.878272932713736 -0.66639696157656647
-1.7208494875553391 -1.8415734287762191 -0.6716335042288043
-1.7411576981589689 -1.8044310778281289 -0.6763422666873139
-1.760638666062206 -1.7668701633258579 -0.68050533412826553
-1.7792861420929389 -1.7289170377360981 -0.68410524117312632
-1.797094167745285 -1.6905997148736509 -0.68712515229224014
-1.814057391019642 -1.6519473448015369 -0.68954901992183582
-1.830171333070552 -1.6129896379576161 -0.69136170550970955
-1.8454325818338819 -1.57375629526969 -0.69254905623075658
-1.8598388993912369 -1.534276497630046 -0.69309793641523043
-1.873389238023089 -1.494578507294839 -0.69299621877509276
-1.8860836692071239 -1.454689426995317 -0.6922327465391872
-1.897923240993421 -1.4146351436900191 -0.69079728252052852
-1.9089097898229741 -1.374440453810343 -0.68868046314015652
-1.9190457391797759 -1.334129333223472 -0.68587377325922105
-1.9283339168024001 -1.2937252884188311 -0.68236955152841683
-1.936777414479206 -1.253251713787551 -0.67816102758011187
-1.9443795022328201 -1.212732185792351 -0.67324238425535887
-1.9511435957574079 -1.1721906447451711 -0.66760883236134261
-1.957073265720322 -1.1316514414936441 -0.66125668328980736
-1.9621722718729111 -1.0911392518197049 -0.65418340602025549
-1.966444603952775 -1.050678880346898 -0.64638765852225744
-1.969894513937188 -1.010294986259215 -0.63786928803935561
-1.972526528688078 -0.97001176609439188 -0.6286292991238811
-1.9743454369825051 -0.92985262672598856 -0.61866979201849703
-1.975356249448045 -0.88983987684525401 -0.60799387686634554
-1.9755641336214771 -0.84999445940661034 -0.5966055712758318
-1.9749743291190811 -0.81033574127616148 -0.58450968996094543
-1.9735920497398871 -0.7708813698569853 -0.57171173546014464
-1.9714223802156421 -0.73164719987851257 -0.55821779825749007
-1.9684701752921649 -0.69264728724381264 -0.54403447306670838
-1.964739967982728 -0.65389394151354052 -0.52916879585530818
-1.960235892404901 -0.61539782497491058 -0.51362820379501906
-1.954961624925865 -0.57716808473583203 -0.49742051817996991
-1.948920345747126 -0.53921250488963757 -0.4805539488166472
-1.9421147218398831 -0.50153766807045663 -0.46303711763665528
-1.9345469114518881 -0.46414911895301258 -0.44487909928802288
-1.926218590257875 -0.4270515256807827 -0.42608947703415218
-1.9171309995196559 -0.39024883822515072 -0.40667841316912412
-1.9072850172031279 -0.35374444493316859 -0.38665673409251677
-1.8966812537121169 -0.3175413299354819 -0.36603603100174231
-1.885320174628617 -0.28164223479285427 -0.34482877778305743
-1.873202253536381 -0.24604982799808861 -0.32304846812874388
-1.860328158627659 -0.2107668859339541 -0.30070977422344197
-1.8466989773185221 -0.17579648869008371 -0.27782872952329352
-1.832316483408863 -0.14114223359789019 -0.25442293804544369
-1.817183451138308 -0.10680846802598851 -0.2305118118227564
-1.801304019309677 -0.072800540260016422 -0.20611683615844589
-1.784684105773453 -0.039125062514984092 -0.18126185829924801
-1.7673318672082809 -0.0057901728776536343 -0.15597338845835579
-1.749258190711648 0.02719422661425221 -0.130280892437934
-1.7304771922407769 0.059816289510748258 -0.104217042794731
-1.7110066832863651 0.092062146198601286 -0.077817882101340899
-1.6908685528017471 0.12391597768903059 -0.051122840763734918
-1.670088998191485 0.15536029250047079 -0.024174548110852331
-1.648698531382444 0.18637644742574491 0.0029816180182633289
-1.626731695427887 0.2169454332143313 0.030298287145153521
-1.60422648466595 0.24704891558509359 0.057727208198516608
-1.581223645184211 0.27667048094411689 0.085220854894608233
-1.5577662959115299 0.3057970127425978 0.1127348231567131
-1.533899663242057 0.3344201363933359 0.14023073237248579
-1.509667895162498 0.36253761682958169 0.16767671711170781
-1.485108181275808 0.39015450396331142 0.19504492144695301
-1.4602656855019629 0.41728447997935358 0.22232690657131471
-1.4352029688524759 0.44394951949836792 0.24954455034744921
-1.4097920156322981 0.47020206599618991 0.27661554895763829
-1.382919856703078 0.49674354368699519 0.3038214279797013
-1.3580437196899491 0.51986904691735636 0.32693078577915941
-1.330460490845911 0.54387664415301296 0.3500981197370292
-1.30197569983786 0.56717218098815592 0.37171366065519762
-1.272611044682074 0.58988007806031562 0.3918137764143701
-1.241852080741769 0.61243547020436173 0.41077439170778818
-1.2104122430927171 0.63435193125328193 0.42818219411693292
-1.177944375485273 0.6559667054193925 0.44422946288271198
-1.1445042544011601 0.67726441299259321 0.45889912229071278
-1.1105061086690851 0.69796108556176428 0.47202158643909381
-1.075467925873925 0.71836138183280729 0.48381152310561099
-1.0396525954487641 0.73834203311327151 0.4941676148333537
-1.003363962428315 0.75770909734593506 0.50300055717917069
-0.96604479657938436 0.77670507755006879 0.51043349667250038
-0.9282076818973114 0.79511299371049216 0.5163486737582087
-0.8896941867337721 0.81303589484220562 0.5207536857115278
-0.85088900122938427 0.83028490968843782 0.52359488163944079
-0.81095608991133272 0.84712503393168526 0.52495491678947714
-0.77111306174381722 0.86299366364228725 0.52476443167998532
-0.72991096032432867 0.87846030926955765 0.52295638306574144
-0.68945834734938827 0.89255031572677557 0.51956266861987488
-0.6470437131720933 0.90612859681507196 0.51416362952262107
-0.60578976835023191 0.91820371317396288 0.50709199314727538
-0.56302269637630464 0.92945469851621931 0.49780803615259211
-0.52121166572447142 0.93927806611642428 0.48666783952941339
-0.47975073550980102 0.9479251729010939 0.47337629170134488
-0.43726608841662867 0.95578570975684229 0.45728678613074553
-0.39538569738299051 0.96280495411113354 0.43881155585222731
-0.35406668013291748 0.969510315455827 0.41787329201485468
-0.31351564869440518 0.97620806685504879 0.39457864518163371
-0.27379277892644532 0.98307269266087371 0.36869117954927461
-0.2356737074260572 0.99018764050873243 0.34066632802314722
-0.19832490712713949 0.9978409553220966 0.30992174102146808
-0.16262584016896281 1.0057654045536599 0.2771554928116961
-0.1285551683933929 1.013640424778703 0.2426311734079345
-0.09610175830197186 1.0212661691395331 0.2065586783949066
-0.065140196819371846 1.0286837386927341 0.16867437932477941
-0.036090285353544367 1.0356921810009769 0.12950435825073139
-0.0083050623665929142 1.0424278784947929 0.088021969015066245
0.01905455364071048 1.0489693265305691 0.042796991311634287
0.04141649915687045 1.052510833543262 0.00324708502265521
0.06338039706126318 1.05289395316429 -0.035646257997857887
0.089368397478990155 1.0507815472212341 -0.078891901141198748
0.1175154814786183 1.0480876117581499 -0.121003452849805
0.14610683198873509 1.045352279050177 -0.15964591887517751
0.17729656733471619 1.042144480025591 -0.198080226253108
0.20964145010761051 1.0387916623804141 -0.23443137902874309
0.24364717427274721 1.035445374348589 -0.26928220805329489
0.27900562901971038 1.032119754122345 -0.30233129523429181
0.31546108160372432 1.0288859573537059 -0.33341199693313839
0.3539749625063412 1.0258243519653889 -0.36315472701706908
0.39297346614538148 1.023249893102316 -0.39018795623240571
0.43318589684750858 1.021055413658611 -0.41489924767125191
0.47396364016535752 1.0191142334010559 -0.4368740845705904
0.51582955747870129 1.0172589533834671 -0.45659041051849369
0.55892945368359526 1.014999769901386 -0.4740117679289651
0.60076927942807945 1.0119814686215529 -0.48821661472286593
0.64446425857604939 1.0078311823051529 -0.50050901218380128
0.68722494250835886 1.002737037844218 -0.51027954395489217
0.73066203135225838 0.99648028843351888 -0.51809658404704062
0.77394651754118182 0.9891040790980139 -0.52390193111106198
0.81714102293427149 0.98066299955686276 -0.52784307845737843
0.85969511061639547 0.97131527214452518 -0.52999546820211607
0.90226075840764619 0.9610383855840362 -0.53046334372093185
0.94402974884769753 0.95019442898473783 -0.52934954521271727
0.98560718031830774 0.93859410164550217 -0.52670807252105845
1.0266780137966951 0.92630672340565512 -0.52251147892599548
1.0672277989226631 0.913354796722599 -0.51671233536732986
1.1070244497740731 0.89987707258319571 -0.5093885087812573
1.146504873544782 0.88578775049504554 -0.50052077177601328
1.1852564160889101 0.87120785898593123 -0.49018614156940088
1.2233348374095381 0.85610462437779489 -0.47836973912174202
1.2608485570288079 0.84046767201038619 -0.46503624757222101
1.2975356292768849 0.82438179229801911 -0.45025559928969561
1.3336397813420759 0.80766887459481029 -0.43388361203242082
1.3684811973538971 0.7906549868229783 -0.4162148273316586
1.403080299400314 0.77284290384312471 -0.39676851229218191
1.43616427684026 0.75478964248086189 -0.37619228099966762
1.4685832134243819 0.73602970312274174 -0.3539023104107567
1.499588912251802 0.7170367004734991 -0.33043758408620377
1.5295307190935279 0.6974417768547041 -0.30548797541075118
1.5583274748724341 0.67720739328995161 -0.27923561850089612
1.5882522915011421 0.65497607519313383 -0.25026844321357122
1.617214606857903 0.63273107810491092 -0.2216490993467842
1.646011321565662 0.61001276935068027 -0.19297954867219291
1.6746115105952391 0.58680171133601655 -0.16427924383896589
1.7029687558237121 0.56307889009494971 -0.1355597082296561
1.731038711342225 0.53883449188657628 -0.106848392037956
1.758779561934311 0.51406456617836871 -0.078184104221825368
1.7861467330776211 0.488770021196414 -0.049610731086148198
1.8130969426408869 0.46295579125703201 -0.021176553053728831
1.83958914571998 0.43662989032051891 0.0070681740565912716
1.865585030193045 0.40980234315159508 0.035073540762849242
1.8910497968317279 0.38248413595468472 0.06279153030090516
1.915952771677111 0.35468633072249101 0.090177018856851546
1.9402676846774001 0.32641941681115488 0.1171883740198527
1.9639726517674401 0.29769288038732478 0.143787748648736
1.987049921388949 0.26851497262979662 0.16994112155030769
2.0094854609860442 0.23889264422379511 0.19561814315823661
2.0312684600529818 0.20883159830999759 0.22079185725360101
2.052390811456112 0.17833641286390511 0.24543836383512849
2.0728466131726222 0.14741069193678841 0.26953647119683027
2.0926317140204258 0.1160572179351349 0.29306736617914247
2.1117433115044091 0.084278091273868316 0.31601431474707559
2.130179599099391 0.052074856586828831 0.33836239282291042
2.147939454720948 0.01944862393770138 0.36009824060996448
2.165022161180906 -0.013599801976884089 0.38120983208908232
2.1814271516659391 -0.047069771706794092 0.40168625358790833
2.1971537770913279 -0.080960610836374278 0.42151748958235541
2.212201096154061 -0.11527140661375269 0.44069421856629187
2.2265676920223609 -0.15000076539562979 0.45920762566320589
2.240251521269867 -0.18514655154380749 0.47704924086134198
2.253249800696822 -0.22070562358961329 0.49421081199224193
2.2655589362064341 -0.25667358638044863 0.51068421990581891
2.2771744952960269 -0.29304457811677098 0.5264614401136779
2.28809122151912 -0.32981110870659153 0.54153455110499327
2.298303086076571 -0.36696396118490832 0.55589578532663098
2.3078033690486568 -0.40449216189367138 0.56953761516795753
2.316584761072475 -0.44238301866588869 0.58245286373089433
2.3246394756688868 -0.48062222028894519 0.59463482896165187
2.3319593628870599 -0.51919398565189823 0.60607740986184677
2.3385360162691118 -0.55808124750107413 0.61677522476655144
2.3443608670870471 -0.59726585369094809 0.62672371376090874
2.349425262117752 -0.63672876818493784 0.63591921988678179
2.3537205236803631 -0.67645025484027466 0.64435904659248455
2.3572379930583338 -0.71641002926749164 0.65204149166173675
2.359969060549556 -0.7565873678211914 0.65896586038567184
2.3619051869954069 -0.79696116788740212 0.66513246276026872
2.3630379225118712 -0.83750995959731911 0.6705426007549079
2.363358928140078 -0.87821187511533771 0.67519855202983114
2.3628600052498911 -0.91904458675838174 0.67910355584539928
2.3615331359397702 -0.95998522853943957 0.68226180544827741
2.359370535691979 -1.0010103167855029 0.68467844924474208
2.3563647175399929 -1.0420956842487581 0.68635960097059867
2.3525085653234221 -1.083216439092008 0.68731235721696426
2.3477954124664122 -1.1243469560723021 0.68754481933972855
2.342219122186596 -1.1654609030303731 0.68706611608202184
2.3357741650566979 -1.206531302111512 0.68588642313860249
2.3284556902495108 -1.247530622402184 0.68401697625232161
2.320259587428056 -1.288430898964309 0.68147007507950919
2.3111825369502079 -1.32920387246105 0.67825907583001666
2.3012220467415521 -1.3698211434601739 0.67439837145734005
2.2903764748044551 -1.410254335805915 0.66990335887356844
2.278645036875572 -1.4504752639163649 0.66479039326813771
2.266027799268449 -1.4904560992454781 0.65907673013567403
2.2525256575427508 -1.5301695312193919 0.65278045611983804
2.23814030245441 -1.569588917569221 0.64592041033038872
2.2228741757679198 -1.608688418160175 0.63851609845064305
2.2067304199480291 -1.6474431054666749 0.63058760271852576
2.1897128272978912 -1.6858290443507149 0.62215549162321249
2.1718257953598772 -1.7238233344960301 0.61324073367665499
2.1530742957951272 -1.76140411130394 0.60386461959621729
2.1334638630100851 -1.7985505053638799 0.59404869642127367
2.113000606295333 -1.835242566179542 0.58381471541955232
2.0916912454253742 -1.8714611614747809 0.57318459332157601
2.0695431652207552 -1.907187867707437 0.5621803839001569
2.0465644804219201 -1.9424048692465541 0.55082425474146224
2.0227640992302138 -1.9770948825625669 0.53913846271207622
1.9981517726015861 -2.011241118033277 0.52714532137923276
1.97273811703505 -2.0448272863852952 0.51486715451584253
1.9465346011291409 -2.0778376502969378 0.50232623167895518

-2.344310517789129 2.117584329601125 -0.15794159124248039
-2.3705499993175132 2.0857530292754598 -0.13745085262482859
-2.396073524119307 2.0533522466188998 -0.11682902331892631
-2.420869873193106 2.02039778689706 -0.096091061024379643
-2.4449276156974702 1.9869061370981691 -0.07525225176936233
-2.468235221961192 1.9528943847867399 -0.054328164566270501
-2.490781200424542 1.918380078989399 -0.033334573258972933
-2.5125542304677499 1.8833810636182 -0.01228736600316448
-2.5335432735360621 1.847915308373199 0.0087975419621645536
-2.5537376528711762 1.8120007572179679 0.029904280593440559
-2.57312709528391 1.7756552155369301 0.051017071013279333
-2.5917017301270029 1.7388963007093989 0.072120232667751458
-2.6094520460052402 1.7017414779794759 0.093198141906498846
-2.626368816326127 1.6642081872685359 0.11423514234180319
-2.6424430164009012 1.6263140395087701 0.13521542262871569
-2.6576657603776219 1.5880770353430991 0.15612289043102809
-2.672028281301404 1.549515748647454 0.17694107477323209
-2.685521963855972 1.5106494278610301 0.19765308064422399
-2.6981384239182131 1.4714979920870539 0.21824160480129459
-2.709869619187081 1.432081921139009 0.23868900895629591
-2.7207079731427481 1.392422048021305 0.25897744152848129
-2.7306464968708868 1.352539260975729 0.27908900001109532
-2.739678894275674 1.312454124545636 0.29900592491647737
-2.7477996338123272 1.2721864496138819 0.31871080639176858
-2.7550039678959841 1.2317548814114041 0.33818676703785899
-2.7612878863539621 1.1911766129931241 0.35741756967848182
-2.7666480062747252 1.1504673405479431 0.37638760057579812
-2.7710814233330989 1.109641536223305 0.39508170412453081
-2.774585568547884 1.068713029284293 0.41348488841545727
-2.7771581185999019 1.027695789382332 0.43158196459302561
-2.7787969933508969 0.98660473928082193 0.44935720664421158
-2.7795004469371949 0.94545641849725948 0.46679411117414282
-2.7792672310835691 0.90426937417502551 0.4838753030860154
-2.7780967924870752 0.86306424200540499 0.50058258955151413
-2.77598946443505 0.82186355710726944 0.51689713051723218
-2.772946622031558 0.7806913725926039 0.53279968060741145
-2.768970782160852 0.73957275843623738 0.54827086318383733
-2.7640656373915249 0.69853322600144541 0.56329145134172487
-2.7582360170933091 0.65759810333575941 0.57784264029422105
-2.7514877735901568 0.61679189145637014 0.59190629507827508
-2.743827600869603 0.5761376592136549 0.60546515018847236
-2.7352628085108761 0.53565656325602462 0.6185029326611281
-2.72580108890191 0.49536758604613462 0.63100438528690361
-2.7154503237615488 0.45528755645307051 0.64295518367502413
-2.704218471009403 0.41543146051139612 0.65434176427682134
-2.692113555369291 0.37581298533070329 0.66515110094091845
-2.6791437616846712 0.33644519070020251 0.67537047729346522
-2.6653176072649751 0.297341186006293 0.68498729849934936
-2.6506441556364999 0.25851470601106591 0.69398897164358453
-2.6351332315282492 0.21998051716581171 0.70236286528517688
-2.61879560395829 0.1817546306644382 0.71009634196373395
-2.6016431163815552 0.1438543357344961 0.71717684652354696
-2.5836887552680938 0.1062980895065402 0.72359202894309649
-2.564946658007107 0.069105307756991904 0.72932988149371869
-2.54543206656896 0.03229609784719456 0.73437887412874558
-2.5251612354070589 -0.0041090334170035166 0.73872807687011999
-2.5041513019211941 -0.040089474031679069 0.74236726224351879
-2.482420126799799 -0.075624788281532476 0.74528698396810045
-2.4599861108257159 -0.1106949758124896 0.74747863017598581
-2.436867995036875 -0.14528070076851879 0.74893445078764409
-2.4130846528593688 -0.17936348304701341 0.7496475597967045
-2.3886548858973309 -0.21292584178316981 0.74961191459437793
-2.363597238831241 -0.24595137917361151 0.74882227640910726
-2.3379298521173268 -0.27842479240046569 0.74727415848252998
-2.3116703722361711 -0.3103318043184225 0.74496377138864633
-2.28483593644127 -0.3416590106635064 0.74188797717214572
-2.2574432412764498 -0.37239365255844092 0.73804426473607621
-2.2295086918552851 -0.40252333619267749 0.73343075724285944
-2.2010486140323109 -0.43203573354271202 0.72804625782365961
-2.1720794976161959 -0.46091830516885413 0.72189033310225514
-2.142618229647439 -0.4891580855921992 0.71496342632571608
-2.1126822754914301 -0.5167415627381019 0.70726698519358777
-2.0822897728456118 -0.54365466730193968 0.69880358558935007
-2.051459517784465 -0.56988286965791113 0.68957703229933487
-2.0202108387602502 -0.59541136572847986 0.67959242121909824
-1.9885633698085401 -0.62022532254609852 0.66885615327511838
-1.9565367452736011 -0.64431015020914262 0.65737589679602693
-1.924150244736019 -0.66765176833841011 0.64516050125031787
-1.891422420026637 -0.69023683951798498 0.63221987082477615
-1.8583707382558761 -0.71205294742823233 0.61856481150778708
-1.825011276490361 -0.73308870275686422 0.60420687030233899
-1.7913585038478841 -0.75333376628488946 0.58915818929066732
-1.757425182678696 -0.77277878703668412 0.5734313989830635
-1.723222409735377 -0.79141526441484999 0.55703957290143846
-1.688759800531672 -0.80923535542061031 0.53999625764387971
-1.654045798295525 -0.82623165844479596 0.52231558042033677
-1.6190880683905211 -0.84239701039212267 0.50401242181550721
-1.5838939257454481 -0.85772433192962616 0.48510262907635238
-1.5484707408238549 -0.87220654653491925 0.46560323809921411
-1.5128262796466101 -0.88583658519011121 0.44553267249959932
-1.476968952328773 -0.89860747384683992 0.42491089537724092
-1.440907967061748 -0.91051248895213011 0.40375950124543603
-1.404653406648491 -0.92154535982932173 0.38210174859991108
-1.3682162582940809 -0.93170049610264372 0.35996254446963449
-1.331608432544088 -0.94097322250465099 0.33736839885989001
-1.294842804509881 -0.94936001024426042 0.31434736852793532
-1.2579333015740399 -0.95685870147321161 0.29092900637471192
-1.220895048617284 -0.96346872954297513 0.26714432577263802
-1.183744566073277 -0.96919134155591713 0.24302577936992009
-1.146499999175514 -0.97402983053167846 0.2186072403958676
-1.109181340268683 -0.97798978206603504 0.1939239626588142
-1.071810592429699 -0.98107933483709064 0.1690124852768366
-1.0344118149615369 -0.98330944650976482 0.14391044220193169
-0.99701099249234493 -0.98469414779462638 0.1186562374013119
-0.95963568074363692 -0.98525075849063193 0.093288556558506361
-0.92231440247766228 -0.98500003006496517 0.067845706940664607
-0.88507579545757054 -0.98396617312868451 0.042364805481106521
-0.84794755230097063 -0.98217674120370302 0.016880856434903151
-0.81095523661392799 -0.97966238684765139 -0.0085742418652158727
-0.77412109194888934 -0.97645656148389171 -0.033972738620653121
-0.73746299981822694 -0.9725953881661813 -0.059292181697620849
-0.70099381302925734 -0.96811829565661289 -0.084516962404015253
-0.66472083088599332 -0.96306852082574745 -0.1096396706926507
-0.62864419602992083 -0.95748828018820664 -0.134659020132328
-0.59275628053545093 -0.95141469293419967 -0.15957793479660709
-0.55704520174227123 -0.94489128266798217 -0.1844110842559217
-0.52149226324997866 -0.93795644352981777 -0.20917725299566289
-0.48594608528264138 -0.93043967160385121 -0.2338031400148215
-0.45023961312133909 -0.92188117751439191 -0.25796207776887359
-0.4153171787672868 -0.91210022457076734 -0.28062590768330581
-0.3805158606675163 -0.90088493826553262 -0.30215130865772161
-0.34563193064029801 -0.88821000791546967 -0.32267381379609211
-0.31088895189907512 -0.87419518233691784 -0.34203526418662622
-0.27663935762579778 -0.85909076370474602 -0.36002059346279031
-0.24150179144886111 -0.84227126887671744 -0.37735091730970322
-0.2076196040812871 -0.82482729803391674 -0.3929771023625519
-0.17284456390903699 -0.8056027637226657 -0.40783119584322969
-0.1385495965472755 -0.78543149324816852 -0.42138629760602919
-0.10442591098287669 -0.76420235988641594 -0.43366674899719371
-0.070327196329564703 -0.74161634794938891 -0.44464805100054539
-0.036381585692709627 -0.71755652865445241 -0.45442324044538102
-0.003295338376919997 -0.69259673105737973 -0.46277656542715739
0.0297863165251291 -0.66618666786247771 -0.46984747352551698
0.062398477393054201 -0.63857058248592113 -0.47547514640303062
0.094402111900457358 -0.6098702425571102 -0.47959362744755751
0.1256308559747697 -0.58035614080552311 -0.48212145383664379
0.15667438593345759 -0.54943745373734343 -0.4830390040318629
0.1867204630484087 -0.51777806138506643 -0.48225041918366568
0.21619882029292289 -0.48495440277892321 -0.47972577000797328
0.24446742097506891 -0.45165750563845941 -0.4754604729646732
0.2727482881723205 -0.4167595522402881 -0.46919902648098688
0.29982462774656399 -0.38204137798526722 -0.46113514294470309
0.32662552474888668 -0.34653809308063832 -0.45101089195015742
0.35280003025742429 -0.31079679776465591 -0.43889451793059958
0.37832039132834339 -0.27496509102113592 -0.42476032482293058
0.40330832056266841 -0.23907143427000879 -0.40839091096629909
0.42791356267398289 -0.20317245148876359 -0.38964257751338027
0.45200406211664768 -0.16759310108361719 -0.3685432679327853
0.47573777022982627 -0.13235775167188271 -0.34483440783849761
0.49897409311754148 -0.098090849472897035 -0.31879585446526792
0.52194828627031886 -0.064833857687852131 -0.29014147031058762
0.54452795894024109 -0.033264795105802693 -0.25930984197473073
0.56701528041438709 -0.0031720542768558539 -0.2260485693289388
0.58877080583215236 0.025119601451872541 -0.1910204399556466
0.60961290774553378 0.051568939751165277 -0.15462537026576681
0.62943502680677832 0.076101363092886773 -0.117156724287286
0.65023885452511931 0.1011573954744277 -0.074255699421200222
0.66711501611532442 0.1229487809538469 -0.034104449445762422
0.67953168821118415 0.14307638446000681 0.001727554627881033
0.69276857484622489 0.16996220157917721 0.045309617074539753
0.70469821618176587 0.19679088526151331 0.084278962385347087
0.71666857154340502 0.22530758772740439 0.1216952485987047
0.72872180787890628 0.25597974998522283 0.1581758260028607
0.74061763265355351 0.28822506997144548 0.1930093135868487
0.7524410120710362 0.32205008248907402 0.22640079705529759
0.76418433066521385 0.35744790691278649 0.2581974858054335
0.77587994430714946 0.39411842161699678 0.28810587898477008
0.78761046872380214 0.43193021354022082 0.3160874564626257
0.79945360160986312 0.47107782866728692 0.34222036448030602
0.81130445922594763 0.51110396323329166 0.3662895247836967
0.82346224710024118 0.55274076755448864 0.38853137100835672
0.83602768645441372 0.59539426465534262 0.40835633469892701
0.8486556078452766 0.63781162101475741 0.42521435213018632
0.8619412507397618 0.68233837402797148 0.43990263457819828
0.87420997155967228 0.72571198501577328 0.45120969303428732
0.88578558160233356 0.77068797395021749 0.46003474865203631
0.89597429175669818 0.81501697970400144 0.46621420166282601
0.90525241236481224 0.86089621492591184 0.47029039824389091
0.91307543216954112 0.90580071295534126 0.4721803553016396
0.9196302395666226 0.95111406564546197 0.47215432139685282
0.92478153179959843 0.99637628024227987 0.4703566930300373
0.92854975370858184 1.0418498834759271 0.46687518445922982
0.9308621647106734 1.0865967957632701 0.46177605652154691
0.93172815500791606 1.131304410677942 0.45507155004530497
0.93134835375449287 1.176293685390871 0.44675523426661429
0.9299129062351158 1.220208590157577 0.43705077293380912
0.92738173889087172 1.2639547836047991 0.42582477187961021
0.92370015098246994 1.306683216399541 0.41334047971026688
0.91877244882733211 1.349634992911527 0.39916205765161428
0.91289225855635836 1.3912800590004379 0.38376365217414249
0.90585379944257449 1.4327532173621831 0.36676882469466149
0.89787352445282176 1.4726458476753319 0.34874932601289638
0.88866347225204245 1.512516280715515 0.32892220907071112
0.87847125234680712 1.550977627774129 0.30802918531660761
0.86715814906930666 1.588562212892755 0.28580218555967418
0.85473180359123235 1.625190743685643 0.2621830913451178
0.84122043092930732 1.6605348554895969 0.23744617908257529
0.82654587518360356 1.694676919884438 0.2116007517420847
0.8109870108999101 1.7269514865928499 0.18515125231349011
0.79297599522559181 1.760472402890316 0.15559922195178871
0.77431919947498551 1.7926262404689579 0.1260005718755825
0.75522508888963102 1.82431772242273 0.09658559917314602
0.73570899761510211 1.8558954316414871 0.067353179873414951
0.71575589652769733 1.8872996074830239 0.038292200805910323
0.69536206122585842 1.918466988662991 0.009390872028183948
0.67454051751332655 1.949342172973513 -0.019359182399477481
0.65331546178368671 1.979864391614008 -0.047977621735187673
0.63172348382267463 2.0099654840583221 -0.076501685822102053
0.60980677213267265 2.039579816245769 -0.1049727267488363
0.58761163854681386 2.0686441441505501 -0.13343452977202169
0.56521502304662774 2.0970699369193819 -0.16198231908710331
0.54255804178522304 2.1249162064954921 -0.19048326510071811
0.51930678961248977 2.152524102289632 -0.21841259272727809
0.49532075850594948 2.1799841747369828 -0.24539091696818921
0.47059903530467528 2.2072059444810881 -0.2713327166537326
0.44488348821463231 2.2343634308610372 -0.29650511985527311
0.41860474167268391 2.2609133561905539 -0.3204846967893108
0.39155577875692932 2.2870122814888352 -0.34347695106964882
0.36345634246182978 2.3128548352417 -0.36569268404138089
0.33480525250538679 2.3379510414176599 -0.38682160359878681
0.30526406012825402 2.3625728833585931 -0.40715094054323631
0.27511948518442347 2.3864384152360398 -0.42646742095561441
0.24414237700589089 2.409714566060122 -0.44495989074420689
0.21257494497072699 2.4321866624528972 -0.46247856195132991
0.18016835452225949 2.4540107735299479 -0.47918134764302073
0.14715619622476231 2.474922663247312 -0.49481594425544811
0.11328240815743081 2.495151561540935 -0.50963557114776381
0.07907529755129783 2.514623010989157 -0.5238568354458909
0.044716852057280487 2.533517990119948 -0.53791154946573982
0.01014070735910765 2.5518229215047779 -0.55169878580183318
-0.02472686637397328 2.56951315599802 -0.5651003128927552
-0.059926898548468138 2.5865773409899928 -0.57804825535061732
-0.09549389217737006 2.603002327617574 -0.59047944108304096
-0.1314538534673505 2.6187733679155389 -0.60233704097614194
-0.16782204808056689 2.6338759203911102 -0.61357520355913719
-0.20460432486872951 2.6482958657170799 -0.62415806561120968
-0.2417989722243945 2.6620193879956231 -0.63405779207219581
-0.27939830607388599 2.6750329365179328 -0.64325298711566847
-0.3173900057354675 2.6873232469519381 -0.65172742065137679
-0.35575823791267869 2.6988773978832459 -0.65946901525007606
-0.39448460830711318 2.7096828839744802 -0.66646904980823751
-0.43354897517578039 2.7197276861001538 -0.67272152887678716
-0.47293014219029522 2.7290003257936171 -0.6782226817100695
-0.51260643393533434 2.7374898966350281 -0.68297056505183584
-0.55255614703991707 2.745186067710208 -0.68696474603533619
-0.59275786208137571 2.7520790572871459 -0.69020604461657264
-0.6331905985466918 2.7581595798110938 -0.69269632133821013
-0.67383380075865662 2.7634187755561159 -0.69443830420976704
-0.71466715825482796 2.7678481380972819 -0.69543545544151841
-0.75567028756630161 2.7714394581454318 -0.69569188255017433
-0.79682232789284924 2.7741848014973649 -0.69521229782960037
-0.83810152279263228 2.7760765332608499 -0.69400202554579871
-0.87948486631058997 2.7771073910837289 -0.69206704907249139
-0.92094788137410655 2.7772705993063171 -0.6894140830784945
-0.96246457290996812 2.7765600068588672 -0.68605065135177346
-1.0040075652733469 2.7749702268322478 -0.68198515040685925
-1.0455484026959869 2.7724967558657032 -0.67722688259312736
-1.0870579701325269 2.7691360559515461 -0.67178604856615221
-1.1285069827570959 2.7648855880113978 -0.66567369579494384
-1.1698664928106191 2.759743793778501 -0.65890162586502754
-1.2111083671210661 2.753710029167916 -0.6514822683176259
-1.25220569305595 2.7467844584179009 -0.64342853296561275
-1.2931330743563469 2.7389679240320279 -0.63475365627490932
-1.3338667844575129 2.730261812445939 -0.62547105994111474
-1.3743847577504991 2.72066793790975 -0.61559423990456974
-1.414666420318611 2.7101884655129429 -0.60513670044109913
-1.454692387664497 2.6988258876811049 -0.59411194044410764
-1.494444080449558 2.6865830578222671 -0.58253348906760294
-1.53390332229949 2.6734632729408538 -0.57041497833715094
-1.573051981666012 2.6594703875697072 -0.55777023409401261
-1.611871703560062 2.644608937055354 -0.54461336545917649
-1.650343752637548 2.6288842498173959 -0.53095883672002453
-1.688448964586297 2.612302534313359 -0.51682151233114393
-1.726167784622139 2.594870934433422 -0.50221667306966877
-1.763480363294758 2.5765975542445618 -0.48716000715156821
-1.800366680306104 2.5574914575985059 -0.4716675831526238
-1.8368066739441999 2.537562649479459 -0.45575581178654689
-1.8727803635512541 2.5168220444668821 -0.43944140162773693
-1.908267961954802 2.4952814243862571 -0.42274131079597682
-1.943249981536741 2.4729533835618129 -0.4056726936501055
-1.977707340230481 2.4498512575341689 -0.38825283972954627
-2.0116214722339651 2.4259890306667011 -0.37049910212754122
-2.0449744439408462 2.4013812198987878 -0.35242881408791071
-2.0777490705090389 2.376042735375445 -0.33405919524157801
-2.1099290241451989 2.3499887229455281 -0.31540725182915241
-2.1414989219824418 2.3232343981999439 -0.29648967820001121
-2.1724443790209471 2.2957948869580531 -0.27732276993642252
-2.202752010179684 2.2676850926764152 -0.25792236195136747
-2.2324093668424818 2.238919615321258 -0.2383038066033471
-2.2614048001068849 2.2095127452254419 -0.21848200496653131
-2.2897272566762461 2.179478545728466 -0.1984714968405224
-2.317366031556765 2.148831019443902 -0.1782866020999414

1.2855768873586451 -0.79477823315364005 -0.02674962881761541
1.2490585198692681 -0.80021389104585916 -0.00073788101466151486
1.212524969538419 -0.80491943643747399 0.025268451531585759
1.1760029810715731 -0.80892351473915913 0.051240670135036061
1.139515540898187 -0.81225767599078291 0.077154910944264965
1.103081356383554 -0.81495676279438622 0.1029934171654774
1.066714858498454 -0.8170598974513954 0.12874617893615331
1.0304240397521121 -0.81860704168612097 0.15440933012651981
0.99420783847023875 -0.8196342463176326 0.17998164963922439
0.95806968278949889 -0.82019908003310504 0.20548257111516041
0.92200866159752071 -0.82035874931039199 0.2309416044637348
0.88572375005657611 -0.81990272604434367 0.25632700546064718
0.84934335057059429 -0.81826650823843783 0.28092613557339258
0.8134929966914658 -0.81518625204967277 0.30395941427383988
0.77691047078112108 -0.81059707688522253 0.32625972210769372
0.74090024420142586 -0.80466161337400499 0.34702208809917051
0.70371189003711287 -0.79713787215425846 0.36722641685940449
0.66747740795626032 -0.78857864960182222 0.38570667548421078
0.63020836318043627 -0.77853404975709328 0.4034529675557445
0.593103617595793 -0.76726908280927741 0.41994628973870402
0.5561954013540571 -0.7549026135915502 0.43517408280748782
0.5182742161390933 -0.74107124469243191 0.44943454785751991
0.48106004382935891 -0.72628082184053078 0.46221285633792059
0.44373532202520632 -0.71005317237221766 0.47394820330063658
0.40598280498570022 -0.69220399517264963 0.48454365229218738
0.36897590354467408 -0.67335276380044895 0.49363185047251351
0.33215547225790781 -0.65321752960332358 0.50134959080296793
0.29499176800685639 -0.6314719470303779 0.5077355189197984
0.25876613115940411 -0.60884649577468186 0.51255671312438189
0.22263398247721461 -0.58487989524313844 0.5158563499969373
0.18709100328269829 -0.55992532838336617 0.51750824149290642
0.1518701917422012 -0.53376453088644549 0.51748848623698829
0.11720343049033841 -0.50653180211123539 0.5157355763503203
0.083692488323439257 -0.47871424835828469 0.51228476256143551
0.049686984839345007 -0.44904496378594572 0.50685335435894774
0.017052251953111351 -0.41945921832607358 0.49965321482228331
-0.01536514761561167 -0.38911803008721269 0.49048643810445491
-0.047351283305242131 -0.35832289711645882 0.47926474664773311
-0.078602388985620705 -0.3273840823579075 0.4660917141436296
-0.1093645070484786 -0.29611464292249678 0.450843726010142
-0.13956097679673651 -0.26486416161811638 0.43333813243006941
-0.16935734074725081 -0.23356905890174501 0.41335332844033112
-0.1985347685653589 -0.20264123414231749 0.39098943358814281
-0.22713018391852241 -0.17232839095494371 0.36618063268050721
-0.25533893937221608 -0.14282985247098889 0.33874652937274802
-0.28273453680870209 -0.1148634055024511 0.30917314537587542
-0.3098996751786276 -0.088096850881834388 0.2769500242341339
-0.33605941380681559 -0.063015435061655287 0.24304252256153461
-0.36114092841464951 -0.039371980250151511 0.2074789667730545
-0.38508924679487938 -0.017218620317389931 0.17037465372985661
-0.40748211652519151 0.0030839814463185481 0.13250909047942189
-0.43083043921427933 0.023868052703500189 0.089376549951445547
-0.44972501652508901 0.042289539554688213 0.049064765758883508
-0.46480969037822739 0.06043128041478911 0.01136080559418994
-0.48131545089405248 0.084623003948312445 -0.032918645901815431
-0.49639892459332657 0.10854245714657321 -0.072178402605909839
-0.51200225669948951 0.13480710489679371 -0.1108127282054151
-0.52757228513578314 0.1626431140301122 -0.14772273611152631
-0.54331366863026442 0.19240155589728519 -0.18336594750575749
-0.55932621817047057 0.22398238896385819 -0.21760736061538641
-0.57542767058674305 0.25692427847775318 -0.25001426407735761
-0.59171345900746652 0.29154927140378911 -0.28088373600555588
-0.60794714758282353 0.32705530088414458 -0.30952443440011901
-0.6245915012587363 0.36419694889661869 -0.3365301734219116
-0.64136465166604906 0.40232275057039102 -0.36140293138727181
-0.65884811174531965 0.44210738096118751 -0.38444326101081422
-0.67666738965627538 0.48242990318201312 -0.40472385613112971
-0.69482588975650417 0.52316450982138396 -0.42227408057026861
-0.7131197859011198 0.56450536075919022 -0.43721404706601091
-0.73186881136167448 0.60805810840255548 -0.45001933894329821
-0.74877021125485388 0.64942415322439107 -0.4595692273583713
-0.76519780629344125 0.69293754623587678 -0.46702048929733242
-0.7801379086211766 0.73598188953656762 -0.47209600270353769
-0.79397882503839445 0.77996123080049284 -0.47516887137237929
-0.80641545455357189 0.82380386652706805 -0.47631717245905392
-0.81752611772552453 0.86789332337024516 -0.47567311794909722
-0.82718709634572607 0.91183463750187732 -0.47337325288841631
-0.83554701737849291 0.95649535502300886 -0.46933759544884168
-0.8423670904282563 1.0004577736360041 -0.46377815928241928
-0.84790097660123132 1.0450025128583409 -0.45653348329313959
-0.85194599523869441 1.088537308258956 -0.44804088867348069
-0.85455113690038642 1.1329494156955751 -0.43800249323317342
-0.85576081244749069 1.1759737949945801 -0.42681415150468632
-0.85585186707282324 1.218765023361625 -0.41409995660641202
-0.85480662124449269 1.260874538807903 -0.40007322801820822
-0.85250179454673614 1.3033181844080239 -0.38440237136384292
-0.84905524962223033 1.3441760810406 -0.36780543548615741
-0.8444023640782532 1.3843730141293229 -0.3498862029843901
-0.83839233530756807 1.424619188995907 -0.3302836103575616
-0.83131917409267453 1.4630458995632141 -0.30995279313180552
-0.82297319543989977 1.501109475706895 -0.28815094485553611
-0.81337805890044657 1.53817717796577 -0.26523008505607892
-0.80251603561871776 1.5740981483318279 -0.24134631798125311
-0.79031652229933469 1.609074752020291 -0.21637742035744831
-0.77675596693067006 1.6429851055575551 -0.1904052281015772
-0.76119766386622323 1.6771061451576581 -0.1624491560679103
-0.74438317141630683 1.710568291832183 -0.13376688330163089
-0.72710347517950347 1.743416299465095 -0.10536897327002109
-0.70936896350023315 1.776158789694176 -0.077186697372257529
-0.6911469482403112 1.8087501352183211 -0.04921763451567935
-0.67241086238994463 1.841143390158104 -0.02146695361338094
-0.6531480454580525 1.873304721578178 0.0060461102405004871
-0.63334993147318897 1.905196692250025 0.033302429622202027
-0.61301303906782656 1.936780096679624 0.060284651828982141
-0.59214106591474291 1.968017676277483 0.086977911893487705
-0.57074468449192106 1.998874192460629 0.11337307298397591
-0.54884148357627427 2.0293161805739 0.13947014507370339
-0.52645662509047331 2.059311922979429 0.16528154835405021
-0.50362348561512249 2.088831424788439 0.1908347471677545
-0.48038096861040142 2.1178475534968668 0.21616951011636379
-0.45676865352377238 2.1463374431924902 0.24133084306563141
-0.43284300267288639 2.1742742881802788 0.26639136182540718
-0.40870865463017442 2.2016086722161461 0.2915015699488871
-0.38406011042096438 2.228514556291886 0.316272443222268
-0.35870254848517058 2.2549983050271201 0.34012238535473988
-0.3323523067714475 2.2812731985320989 0.36307826946155908
-0.30529275960803021 2.307034087464233 0.38501401311617828
-0.27732618909545492 2.3324216608884338 0.4060966386897602
-0.24867431348395019 2.3571909834120892 0.4261497298638422
-0.21911697281201609 2.3815118848353078 0.44536533197711681
-0.18896160008159729 2.4050852235075419 0.46352001621077332
-0.15782242683212469 2.4281932858527591 0.48086098928834298
-0.1263396606244937 2.4503780090526899 0.49711655135899108
-0.093401935377693562 2.472401372962072 0.51287195690108123
-0.060568813190997141 2.493206684479194 0.52738435923963201
-0.026698767670229301 2.513505956150655 0.54116261778133856
0.0075603163560829896 2.532894428852134 0.55393529175451861
0.042882582948841938 2.5517781124670411 0.56601538364903037
0.078292056457302417 2.5696180654826888 0.57707440906126339
0.1145611325394767 2.5866862450635422 0.58720402388104531
0.1514119832472062 2.6029093221637201 0.59641186795845491
0.18850761918472331 2.6184612733243471 0.60505419099605007
0.2257675637060467 2.6334833033707552 0.61334387447068051
0.26323641318086849 2.6479373327872819 0.6211967289782192
0.30095051927985372 2.6617821545393592 0.62852812249227141
0.3389283140817177 2.6749934207293391 0.63528694540526076
0.37718698282960689 2.6875405758184159 0.64141570028915751
0.41573549408609711 2.6993961686476591 0.64686645970672063
0.45457432514624041 2.710539500154117 0.6516063826928471
0.49369890866419658 2.7209538667259161 0.65561233988431333
0.53310146262864055 2.730624770673769 0.65886742968414824
0.57277159764148911 2.7395392546792108 0.66135954347289716
0.61269645128883921 2.7476855178628159 0.66308048775755357
0.65286061876509605 2.7550525991426822 0.66402525740186147
0.69324602594530471 2.7616301395761398 0.66419143793812785
0.73383187065272648 2.7674082526429751 0.66357875538323852
0.77459472485482939 2.7723775049259149 0.66218876674951332
0.81550883856254308 2.7765289820114329 0.66002465794662635
0.85654663322978364 2.779854399380302 0.65709110442322727
0.89767933575201819 2.7823462172830471 0.65339415344889573
0.93887768971800645 2.783997727151136 0.64894109834843849
0.98011268178664945 2.784803088867009 0.64374032795343894
1.0213562254166479 2.7847573094379441 0.637801146402177
1.0625817426822091 2.783856163715297 0.63113356951122579
1.103764578536472 2.782096067950544 0.62374811498133276
1.144882181116559 2.7794739276671909 0.61565561354131215
1.1859139994064949 2.775986990651389 0.60686707332412215
1.2268410915868551 2.7716327398665168 0.59739362630701753
1.267645496419924 2.76640885604496 0.58724657184614526
1.3083094771354009 2.7603132648808479 0.5764375108782176
1.3488147804594981 2.75334426281339 0.56497854199972875
1.3891420484791559 2.745500695291244 0.55288247540134261
1.429270478883736 2.7367821491906148 0.54016301804183076
1.469177765434668 2.7271891204854009 0.52683489382467308
1.5088402878948279 2.7167231281954769 0.51291388110351344
1.5482334780777549 2.7053867610688069 0.49841676935822998
1.58733227384554 2.693183658461257 0.48336125132352448
1.6261115813154019 2.680118437529857 0.46776577383562612
1.6645466859294931 2.666196584365145 0.45164937144491368
1.7026135748265361 2.6514243284289121 0.43503150426650838
1.740289151202657 2.635808519144311 0.41793191766304982
1.777551336698306 2.6193565209892582 0.40037053642923381
1.8143790726455229 2.6020761383013289 0.38236739946678411
1.850752245293712 2.583975573042625 0.36394263253222509
1.886651570573624 2.5650634095344769 0.34511644827203602
1.922058476198192 2.545348612698854 0.32590915732359083
1.9569550111020639 2.5248405235877591 0.30634117402220601
1.991323796856497 2.503548839064424 0.28643300537604832
2.0251480182459489 2.4814835701682472 0.26620522044417239
2.05841143600066 2.4586549833326869 0.24567840622346551
2.0910983965417249 2.4350735378021309 0.22487312342335289
2.123193811807083 2.410749839740177 0.20380987998965661
2.154683086488471 2.385694637230297 0.18250914113868749
2.1855519808555242 2.3599188783686449 0.16099139059441009
2.215786415192404 2.333433844191354 0.13927724716944401
2.2453722441939412 2.3062513485289098 0.11738762421263579
2.2742950491100129 2.2783839723438271 0.095343901184134647
2.3025400017405908 2.2498452806159879 0.073168064846551667
2.3300918403597568 2.2206499669167381 0.050882780284636879
2.35693496550256 2.190813890125892 0.02851137136395885
2.3830536266603528 2.1603540028960611 0.0060777190250996269
2.4084321480253461 2.1292882044663211 -0.016393890698852439
2.4330551454785132 2.097635160854499 -0.038878932892627747
2.456907715728597 2.0654141141139029 -0.061352807000010841
2.4799756134275381 2.0326446606542552 -0.083791010314713352
2.502245448572626 1.9993464458401 -0.10616935507551779
2.523704919384254 1.9655387292615449 -0.12846425302847189
2.544343050944796 1.93123983401462 -0.15065304912633071
2.5641503631622031 1.896466583700251 -0.17271432980866841
2.583118875074093 1.861233905837095 -0.1946280936052604
2.6012418846102392 1.8255547904921161 -0.2163756810571057
2.6185135357324558 1.789440715542113 -0.23793942348776789
2.6349282663213511 1.752902506782857 -0.25930206364200498
2.6504802809470469 1.7159514514252481 -0.28044608438684948
2.6651631876564221 1.67860039538357 -0.30135311564157052
2.6789698798511972 1.640864569125088 -0.32200355872574787
2.6918926616541028 1.6027619950712231 -0.34237648729599351
2.7039235459174829 1.564313477281714 -0.36244979384616788
2.7150546254453438 1.5255422902990461 -0.38220049120841432
2.7252784334450779 1.486473718866252 -0.40160507100210652
2.7345882495293252 1.4471345513312981 -0.42063985768728562
2.7429783448067928 1.407552540714941 -0.43928134762215448
2.750444174103917 1.3677557816528529 -0.4575065536845826
2.756982513894962 1.3277719540907089 -0.47529336985110299
2.762591526099452 1.287627457952224 -0.49262093355003472
2.7672707201716862 1.247346565896567 -0.50946992230016974
2.771020799999659 1.206950793266155 -0.52582270351193494
2.7738434141121009 1.166458679353892 -0.54166327713594586
2.775740861731629 1.1258860850294079 -0.55697700373129233
2.7767158255693491 1.0852469727865399 -0.57175017260042815
2.7767711954321612 1.0445545030577059 -0.58596950935827341
2.7759100179146339 1.0038222057781701 -0.59962173275893238
2.7741355696442458 0.9630649907917016 -0.61269324624569521
2.7714515198679721 0.922299832286544 -0.62517000416664059
2.7678621324526151 0.88154606467671004 -0.63703754531065571
2.763372458795422 0.8408253197007447 -0.64828115308607626
2.75798848584125 0.80016119032057464 -0.65888608859660214
2.751717219202928 0.7595787214234635 -0.66883784688638581
2.744566694420751 0.71910381360638198 -0.67812239932934959
2.7365459181784839 0.67876260449181491 -0.68672639838684102
2.7276647476642641 0.63858087721634749 -0.69463733052864907
2.7179337226807432 0.59858354193477736 -0.70184360919272748
2.7073638722267779 0.55879423733105138 -0.70833460482826072
2.6959665233023218 0.51923509530764778 -0.71410061556207549
2.6837531415889671 0.4799266964192424 -0.71913279001097186
2.670735229177418 0.4408882164729136 -0.72342302130616154
2.6569242937179749 0.40213773289937649 -0.72696383580366952
2.6423318888569161 0.3636926327211788 -0.72974829937544561
2.626969711616622 0.3255700501518578 -0.73176995858021809
2.6108497322586812 0.28778726412801808 -0.73302282513259798
2.5939843282794661 0.25036200206525638 -0.73350140255635654
2.5763863965295219 0.2133126198379692 -0.73320074615939257
2.5580694242974999 0.1766581524965882 -0.73211654295559403
2.5390475090758118 0.14041825014989731 -0.73024519712669644
2.5193353253789419 0.10461302609039071 -0.72758390838158582
2.498948044000362 0.069262849602348409 -0.72413073403430606
2.4779012139797931 0.034388115610257841 -0.7198846297402387
2.456210620440952 9.0195045369511885e-06 -0.71484546785317071
2.433892132688356 -0.033854640175827892 -0.70901403585247558
2.410961556751483 -0.067183615041261913 -0.70239201998459244
2.3874345049930179 -0.099959306917111176 -0.69498198097685304
2.3633262924626899 -0.13216381258301499 -0.68678732924987262
2.3386518655490911 -0.1637799179476751 -0.67781230639143819
2.3134257636239131 -0.1947910523145425 -0.6680619778434993
2.2876621095389389 -0.22518121750651909 -0.65754223910706178
2.2613746208935241 -0.25493490829844712 -0.64625983480242344
2.2345766316848832 -0.28403703962799498 -0.63422238724310909
2.207281113682539 -0.31247289274402362 -0.62143842933423754
2.1795006885859349 -0.34022808759787859 -0.60791743593111036
2.1512476252738781 -0.36728858343024601 -0.59366984835499093
2.122533820533878 -0.39364070466105011 -0.57870708836455964
2.0933707658160841 -0.41927118560298748 -0.56304156014985807
2.063769506157326 -0.44416722557351029 -0.54668664141022172
2.0337406000423628 -0.46831654570276071 -0.52965666688700275
2.0032940903954 -0.49170743990045163 -0.51196690951371282
1.9724394970745991 -0.51432881468609659 -0.49363356538681757
1.941185840248659 -0.53617021547941768 -0.4746737489194246
1.9095417020437251 -0.55722184005573394 -0.4551055037965327
1.8775153311562609 -0.5774745427628053 -0.43494783381512397
1.8451147921355 -0.59691983538141413 -0.41422075560924931
1.812348158196073 -0.61554989190535236 -0.39294537296950388
1.779223744100654 -0.63335756490459527 -0.3711439703141976
1.7457503739814699 -0.65033642063156505 -0.34884012107049078
1.711937677736262 -0.66648079893343437 -0.32605880526041042
1.677796408284669 -0.68178590272247852 -0.30282652917558223
1.643338769792597 -0.69624792051763629 -0.27917143822506391
1.608578743387294 -0.70986418445192256 -0.25512341146870932
1.5735323917748201 -0.72263336489849805 -0.23071412293400109
1.53821811808931 -0.73455570105271473 -0.2059770509880281
1.5026568484952121 -0.74563326397825258 -0.1809474137425271
1.466872104262966 -0.75587024463749208 -0.15566200696089699
1.4308899290809911 -0.76527325465468743 -0.13015892240067611
1.3947386426408219 -0.77385162282324915 -0.10447712975467539
1.3584484022132379 -0.78161766625464557 -0.078655914726344506
1.322050568406276 -0.78858691104720591 -0.052734179477584728
