21.1169406277792 -3.92950653103044e-13 -5.01715258892339e-13
21.0307800392579 0.682721347950444 0.892461854679746
20.7740681792156 1.35792865906724 1.75747330142424
20.3522699054361 2.01808292928787 2.56765331176147
19.7749678016843 2.65566928771479 3.29593648011899
19.0564248035624 3.26338835202161 3.91614696148737
18.2160786960127 3.83454238512836 4.40399242491738
17.2787015045467 4.36363768462501 4.73847256739035
16.273948092778 4.84717453768484 4.90356347577862
15.2350929487092 5.28453081389546 4.88989632927838
14.1969289875939 5.67877976759929 4.696048511607
13.1930525140852 6.03724183385594 4.32907122484146
12.2530045328097 6.37158115402763 3.80403181992843
11.399863778246 6.69733610609679 3.1426285485028
10.6487956358809 7.03290940890405 2.37123557903136
10.0067552740281 7.39819065357225 1.51890990464758
9.47315863321517 7.81306318959334 0.615841989902805
9.0410783008934 8.29599120344591 -0.307514055174697
8.698525329474 8.86271315948281 -1.22070752736015
8.42959854234462 9.52491680683055 -2.09327683004128
8.21554131876809 10.2887860228065 -2.89488015668071
8.03586946536613 11.1535194149586 -3.59594389514479
7.86967123151177 12.1101905925048 -4.1689981472697
7.69701680882306 13.1414394582481 -4.59056658275358
7.50028281822563 14.2223274415489 -4.84319369900163
7.26517193554156 15.322324340189 -4.91706884485798
6.98127866136567 16.4080243423942 -4.81081180569659
6.64216773900994 17.4459972281149 -4.53125870556887
6.24504116227654 18.4052232723276 -4.09238786677675
5.79013984463785 19.2587705135549 -3.51372701032777
5.28004522144047 19.9846335021758 -2.81863575872545
4.71902225780521 20.5658647948644 -2.0327854098377
4.11249756284868 20.9902478314688 -1.18302258589721
3.46671391477184 21.2497848046009 -0.296663017902195
2.788557866376 21.3402343421865 0.598848901198107
2.08552414470066 21.26086295422 1.47605008703781
1.3657574693081 21.0144926058977 2.30750940796672
0.638095851894153 20.6078431379949 3.06599841034074
-0.0879717949674436 20.0520836359036 3.72494459059746
-0.802523720800044 19.3634231247424 4.25928282906413
-1.49567597995451 18.5634989812857 4.64673615377191
-2.15834451413041 17.6792852478654 4.86943389761966
-2.78326953738585 16.7422757118491 4.91563118199994
-3.36618170088581 15.7868246513621 4.78117232440152
-3.90689804420799 14.8477469886945 4.47030512753756
-4.41008207435995 13.957533334315 3.99555683619321
-4.88542621452598 13.1437205047143 3.37662827937068
-5.3471357921521 12.4269655213187 2.63857165427539
-5.81278501393298 11.8201576737897 1.80974823761619
-6.30179101128321 11.3285478887529 0.920090346578267
-6.83379989212118 10.9505576549053 4.56805645639171e-14
-7.42715347743456 10.6788195659845 -0.920090346578177
-8.09740303870054 10.5011328421946 -1.80974823761611
-8.85573866076683 10.4012727106444 -2.63857165427531
-9.70732147348959 10.3597979789474 -3.37662827937061
-10.6497761279325 10.3550442928239 -3.99555683619315
-11.6723157824969 10.3643809671234 -4.47030512753752
-12.7559390661546 10.3656457088988 -4.7811723244015
-13.8748400383592 10.3385544973764 -4.91563118199994
-14.9987766117653 10.2658583197848 -4.86943389761968
-16.0958624343702 10.13407740161 -4.64673615377194
-17.1351931932815 9.93375200821997 -4.25928282906417
-18.0888666534466 9.65926214370649 -3.72494459059751
-18.933202324083 9.30834886770397 -3.06599841034079
-19.6492019024293 8.88150015561606 -2.30750940796678
-20.2224482205119 8.38134910408975 -1.47605008703787
-20.6427027196622 7.81218973538508 -0.598848901198178
-20.9034491465505 7.17966460095142 0.296663017902123
-21.0015753586352 6.49063106980221 1.18302258589714
-20.9373112154788 5.75317375764505 2.03278540983763
-20.7144616323537 4.97669797268621 2.81863575872539
-20.3408931561398 4.17201157635296 3.51372701032771
-19.8291502207262 3.35128185844921 4.09238786677671
-19.196999386833 2.52774713237376 4.53125870556884
-18.4676439605374 1.71508201605261 4.81081180569658
-17.6693468148268 0.92637322755011 4.91706884485799
-16.8342769978624 0.172762781119495 4.84319369900166
-15.9965675409773 -0.53805784417617 4.59056658275362
-15.1898070369641 -1.20320539317199 4.16899814726976
-14.4444046110679 -1.82547287452707 3.59594389514486
-13.7853594526644 -2.41343995999428 2.89488015668079
-13.2308579182486 -2.98075356146306 2.09327683004137
-12.7918361307314 -3.54475281454911 1.22070752736024
-12.4723170056307 -4.12477336795859 0.307514055174782
-12.2701292435961 -4.74042991915113 -0.615841989902728
-12.1776374084758 -5.40997443347967 -1.51890990464751
-12.1823147519936 -6.14863831943328 -2.37123557903132
-12.2672338181132 -6.9668690620982 -3.14262854850278
-12.4116921314946 -7.86858810458878 -3.80403181992844
-12.5921697773796 -8.84986319723548 -4.32907122484151
-12.7836707584627 -9.89847675868381 -4.69604851160709
-12.9613231296974 -10.994677599155 -4.88989632927853
-13.1019890560288 -12.113030682876 -4.90356347577882
-13.1856105634975 -13.2249410885368 -4.7384725673906
-13.1960891888435 -14.3012811990228 -4.40399242491769
-13.121628340474 -15.3146192926856 -3.91614696148772
-12.9545996914811 -16.240755314924 -3.29593648011938
-12.691084759853 -17.0595067816448 -2.56765331176189
-12.3302735283149 -17.7548719371206 -1.75747330142467
-11.873882774088 -18.3147945849285 -0.892461854680191
-11.3257090373174 -18.7307725173684 6.19026660613534e-14
-10.6913747120253 -18.9975159328793 0.892461854680311
-9.97827209775596 -19.1128005961882 1.75747330142479
-9.19566259243835 -19.0775897109329 2.567653311762
-8.35484555705831 -18.896424602639 3.29593648011947
-7.46927390994356 -18.5780076447074 3.91614696148779
-6.55446695402432 -18.1358235841513 4.40399242491774
-5.62756838790429 -17.5885787731619 4.73847256739063
-4.70643648360414 -16.9602052205609 4.90356347577883
-3.8082472658668 -16.2792084130505 4.88989632927851
-2.94773567598624 -15.5772565262831 4.69604851160704
-2.13536018356064 -14.8871050310914 4.32907122484144
-1.37578984817021 -14.2401692586163 3.80403181992835
-0.667107406987891 -13.6642051681949 3.14262854850267
-0.00095833074245623 -13.1815477283373 2.37123557903119
0.636404687592614 -12.8081650870519 1.51890990464737
1.26249316352579 -12.5534931087444 0.615841989902582
1.89676125788216 -12.4207645714045 -0.307514055174928
2.55883335440222 -12.4074659740319 -1.22070752736038
3.26678192904878 -12.5056703682937 -2.0932768300415
4.03534068704109 -12.7022259828008 -2.8948801566809
4.87405769884656 -12.9789922894858 -3.59594389514495
5.78565835859713 -13.3133959856769 -4.16899814726983
6.76507328529911 -13.6794973024244 -4.59056658275365
7.79951673278166 -14.0495646604295 -4.84319369900166
8.86969743243008 -14.395951112639 -4.91706884485794
9.95188785231661 -14.6929423263417 -4.8108118056965
11.020354200968 -14.9182500957412 -4.53125870556873
12.0496316115946 -15.0539414138784 -4.09238786677656
13.0162758646468 -15.0867589372019 -3.51372701032754
13.8999389640581 -15.0079355294895 -2.8186357587252
14.6838115108185 -14.8126910372192 -2.03278540983742
15.3546003489313 -14.4996167616664 -1.18302258589692
15.9022577849234 -14.0701202036493 -0.296663017901907
16.319667406431 -13.5280446068012 0.59884890119839
16.6024466289559 -12.8795138501299 1.47605008703807
16.7489669862659 -12.1329924502813 2.30750940796696
16.7606290253335 -11.2994942702905 3.06599841034095
16.6423610015587 -10.3928214921968 3.72494459059763
16.4032394672261 -9.42967111652198 4.25928282906425
16.0570609674693 -8.42942157967528 4.64673615377199
15.6226436790401 -7.41342692808023 4.86943389761968
15.1236321288894 -6.4037212144723 4.9156311819999
14.5876433201848 -5.42117894246289 4.78117232440142
14.0447363798493 -4.48336602157067 4.4703051275374
13.5253807554369 -3.60248904149076 3.99555683619301
13.0582702411599 -2.78392252576656 3.37662827937044
12.6683970060633 -2.02569281067396 2.63857165427511
12.3757106057779 -1.3190248315948 1.80974823761589
12.1944670418622 -0.649728322768168 0.920090346577941
12.1331223373868 2.06393863775776e-13 -2.91710237206827e-13
12.1944670418623 0.649728322768586 -0.920090346578516
12.3757106057781 1.31902483159523 -1.80974823761644
12.6683970060635 2.02569281067441 -2.63857165427562
13.0582702411602 2.78392252576704 -3.37662827937089
13.5253807554372 3.60248904149127 -3.99555683619339
14.0447363798496 4.48336602157122 -4.4703051275377
14.5876433201852 5.42117894246346 -4.78117232440162
15.1236321288898 6.40372121447289 -4.91563118200001
15.6226436790404 7.41342692808082 -4.86943389761968
16.0570609674695 8.42942157967587 -4.64673615377189
16.4032394672263 9.42967111652255 -4.25928282906407
16.6423610015588 10.3928214921973 -3.72494459059737
16.7606290253336 11.299494270291 -3.06599841034063
16.7489669862659 12.1329924502818 -2.30750940796659
16.6024466289559 12.8795138501303 -1.47605008703766
16.3196674064309 13.5280446068016 -0.598848901197955
15.9022577849233 14.0701202036496 0.29666301790235
15.3546003489311 14.4996167616666 1.18302258589736
14.6838115108182 14.8126910372194 2.03278540983785
13.8999389640578 15.0079355294896 2.8186357587256
13.0162758646465 15.0867589372019 3.5137270103279
12.0496316115942 15.0539414138784 4.09238786677688
11.0203542009676 14.9182500957411 4.531258705569
9.95188785231623 14.6929423263416 4.81081180569672
8.8696974324297 14.3959511126388 4.9170688448581
7.79951673278129 14.0495646604293 4.84319369900176
6.76507328529877 13.6794973024242 4.5905665827537
5.78565835859682 13.3133959856766 4.16899814726982
4.87405769884627 12.9789922894855 3.5959438951449
4.03534068704084 12.7022259828005 2.89488015668082
3.26678192904856 12.5056703682934 2.09327683004138
2.55883335440203 12.4074659740317 1.22070752736023
1.89676125788199 12.4207645714043 0.307514055174764
1.26249316352565 12.5534931087443 -0.615841989902759
0.636404687592493 12.8081650870517 -1.51890990464756
-0.0009583307425598 13.1815477283371 -2.37123557903138
-0.667107406987979 13.6642051681948 -3.14262854850285
-1.37578984817028 14.2401692586163 -3.80403181992853
-2.1353601835607 14.8871050310913 -4.32907122484161
-2.9477356759863 15.577256526283 -4.6960485116072
-3.80824726586685 16.2792084130504 -4.88989632927865
-4.70643648360418 16.9602052205609 -4.90356347577896
-5.62756838790432 17.5885787731619 -4.73847256739076
-6.55446695402435 18.1358235841513 -4.40399242491786
-7.46927390994357 18.5780076447074 -3.9161469614879
-8.35484555705832 18.8964246026391 -3.29593648011957
-9.19566259243835 19.077589710933 -2.5676533117621
-9.97827209775595 19.1128005961882 -1.75747330142489
-10.6913747120253 18.9975159328794 -0.892461854680407
-11.3257090373174 18.7307725173685 -1.50780908292603e-13
-11.873882774088 18.3147945849286 0.89246185468011
-12.3302735283149 17.7548719371207 1.7574733014246
-12.691084759853 17.0595067816449 2.56765331176184
-12.9545996914811 16.2407553149242 3.29593648011934
-13.121628340474 15.3146192926858 3.91614696148771
-13.1960891888435 14.301281199023 4.40399242491771
-13.1856105634974 13.224941088537 4.73847256739067
-13.1019890560288 12.1130306828763 4.90356347577894
-12.9613231296973 10.9946775991552 4.88989632927869
-12.7836707584626 9.89847675868402 4.6960485116073
-12.5921697773796 8.84986319723568 4.32907122484176
-12.4116921314945 7.86858810458897 3.80403181992873
-12.267233818113 6.96686906209837 3.14262854850309
-12.1823147519934 6.14863831943344 2.37123557903165
-12.1776374084756 5.40997443347982 1.51890990464786
-12.2701292435959 4.74042991915127 0.61584198990307
-12.4723170056304 4.12477336795873 -0.307514055174452
-12.791836130731 3.54475281454926 -1.22070752735993
-13.2308579182482 2.98075356146324 -2.09327683004109
-13.7853594526639 2.41343995999448 -2.89488015668056
-14.4444046110674 1.8254728745273 -3.59594389514469
-15.1898070369636 1.20320539317226 -4.16899814726965
-15.9965675409768 0.538057844176467 -4.59056658275358
-16.8342769978619 -0.17276278111916 -4.8431936990017
-17.6693468148263 -0.926373227549741 -4.9170688448581
-18.467643960537 -1.71508201605222 -4.81081180569678
-19.1969993868327 -2.52774713237335 -4.53125870556912
-19.8291502207259 -3.35128185844878 -4.09238786677705
-20.3408931561396 -4.17201157635253 -3.51372701032811
-20.7144616323536 -4.97669797268578 -2.81863575872583
-20.9373112154788 -5.75317375764463 -2.03278540983811
-21.0015753586352 -6.49063106980181 -1.18302258589764
-20.9034491465506 -7.17966460095105 -0.296663017902633
-20.6427027196624 -7.81218973538473 0.598848901197674
-20.2224482205122 -8.38134910408944 1.47605008703739
-19.6492019024297 -8.88150015561578 2.30750940796634
-18.9332023240835 -9.30834886770374 3.06599841034041
-18.0888666534471 -9.65926214370629 3.72494459059719
-17.1351931932821 -9.93375200821981 4.25928282906394
-16.0958624343709 -10.1340774016098 4.64673615377181
-14.9987766117659 -10.2658583197847 4.86943389761967
-13.8748400383598 -10.3385544973763 4.91563118200005
-12.7559390661553 -10.3656457088987 4.78117232440172
-11.6723157824975 -10.3643809671233 4.47030512753785
-10.6497761279331 -10.3550442928238 3.99555683619359
-9.70732147349009 -10.3597979789473 3.37662827937113
-8.85573866076727 -10.4012727106442 2.6385716542759
-8.09740303870092 -10.5011328421944 1.80974823761674
-7.42715347743489 -10.6788195659841 0.920090346578831
-6.83379989212148 -10.9505576549049 6.08652000177888e-13
-6.30179101128348 -11.3285478887524 -0.920090346577633
-5.81278501393324 -11.8201576737891 -1.8097482376156
-5.34713579215237 -12.426965521318 -2.63857165427486
-4.88542621452627 -13.1437205047136 -3.37662827937024
-4.41008207436027 -13.9575333343143 -3.99555683619287
-3.90689804420836 -14.8477469886936 -4.47030512753733
-3.36618170088623 -15.7868246513612 -4.78117232440143
-2.78326953738632 -16.7422757118483 -4.91563118199999
-2.15834451413093 -17.6792852478646 -4.86943389761985
-1.49567597995507 -18.5634989812849 -4.64673615377223
-0.802523720800628 -19.3634231247417 -4.25928282906457
-0.0879717949680498 -20.0520836359031 -3.724944590598
0.638095851893533 -20.6078431379945 -3.06599841034137
1.36575746930748 -21.0144926058975 -2.30750940796742
2.08552414470005 -21.2608629542198 -1.47605008703855
2.7885578663754 -21.3402343421866 -0.598848901198879
3.46671391477125 -21.2497848046011 0.296663017901423
4.11249756284812 -20.9902478314691 1.18302258589646
4.71902225780468 -20.5658647948648 2.032785409837
5.28004522143998 -19.9846335021764 2.81863575872482
5.7901398446374 -19.2587705135556 3.51372701032724
6.24504116227613 -18.4052232723285 4.09238786677634
6.64216773900957 -17.4459972281158 4.53125870556861
6.98127866136535 -16.4080243423952 4.81081180569649
7.26517193554128 -15.32232434019 4.91706884485805
7.50028281822537 -14.2223274415499 4.84319369900188
7.69701680882281 -13.1414394582491 4.59056658275399
7.86967123151153 -12.1101905925057 4.16899814727027
8.03586946536586 -11.1535194149594 3.59594389514549
8.21554131876779 -10.2887860228072 2.89488015668151
8.42959854234425 -9.52491680683116 2.09327683004216
8.69852532947356 -8.86271315948332 1.22070752736108
9.04107830089287 -8.29599120344634 0.307514055175646
9.47315863321454 -7.81306318959371 -0.615841989901871
10.0067552740273 -7.39819065357258 -1.51890990464669
10.6487956358801 -7.03290940890435 -2.37123557903055
11.399863778245 -6.69733610609708 -3.14262854850209
12.2530045328087 -6.37158115402793 -3.80403181992785
13.1930525140841 -6.03724183385627 -4.32907122484103
14.1969289875927 -5.67877976759967 -4.69604851160674
15.235092948708 -5.28453081389589 -4.88989632927831
16.2739480927768 -4.84717453768533 -4.90356347577874
17.2787015045456 -4.36363768462556 -4.73847256739066
18.2160786960117 -3.83454238512897 -4.40399242491786
19.0564248035615 -3.26338835202227 -3.916146961488
19.7749678016835 -2.65566928771549 -3.29593648011975
20.3522699054355 -2.01808292928861 -2.56765331176234
20.7740681792152 -1.35792865906801 -1.75747330142518
21.0307800392577 -0.682721347951224 -0.892461854680734
