20.4112113988696 -3.6479218796012e-13 -4.85865957854077e-13
20.3275037728157 0.666962728636865 0.904332774286319
20.077563134815 1.32616204496868 1.78335800964979
19.6651955263544 1.96975828440271 2.61131033593706
19.0975639559737 2.58983344319678 3.36175484576509
18.3862517255986 3.17854031752018 4.00785331955999
17.5483943580064 3.72847678281273 4.52329179290507
16.607497598713 4.23333496759792 4.88394048070509
15.5934863695587 4.68881606581754 5.07012201222406
14.5415831920654 5.09370654563348 5.06910929397696
13.4898586044196 5.45090343579862 4.87724752485635
12.4757166881227 5.76810326284691 4.5010326616977
11.5320363335276 6.05788681602503 3.95669447950044
10.6839454107435 6.33707030998902 3.26831185617779
9.94705590106684 6.62542347184152 2.46503418696909
9.32743714882335 6.94407416704533 1.57830076032268
8.82293173804782 7.31398379811706 0.639852856957343
8.42501484190063 7.75470472162079 -0.319104484632482
8.120465080004 8.28331042325203 -1.26775320432275
7.89252904681505 8.91315855934774 -2.17506267536046
7.72171890218256 9.65221015498331 -3.00942691766727
7.58662328350077 10.5010006498906 -3.73914736594223
7.4650440080416 11.4508386440223 -4.33406307165321
7.33549207914432 12.4830640359386 -4.76813999773442
7.17879528672053 13.5699835563676 -5.02233932711006
6.9794511446265 14.6774898310352 -5.0868618822894
6.72643052096551 15.7687216047257 -4.96206192776542
6.41332244432674 16.8077983733825 -4.65782580894648
6.03790529109887 17.762773500579 -4.19173506971804
5.60135592003123 18.6073507191835 -3.58663861368843
5.10733862140353 19.3213575791344 -2.86827549826759
4.56116963274129 19.8902847456296 -2.0634031069292
3.96917304223029 20.3043249566722 -1.19863205919452
3.33826813859013 20.557319937564 -0.299953781824839
2.67577538424752 20.6459226640047 0.607189946200568
1.98939821376871 20.569167073931 1.49751245796664
1.28732069098074 20.3285356405772 2.3454037969571
0.57834555225788 19.9285259682624 3.12461511536848
-0.128022384665125 19.3776244523558 3.80834564155927
-0.821662427812996 18.6894833790809 4.36993849206794
-1.49221489398127 17.8839717495574 4.78430312366829
-2.12984008730198 16.9876664589515 5.03001350512852
-2.72636645619639 16.0333393141553 5.0917886384945
-3.27669712608167 15.0581529487921 4.96281211664104
-3.78018970447043 14.1006300276754 4.64621618456411
-4.24162601335708 13.1969187460562 4.15517524131186
-4.67142537766034 12.377238373959 3.51146070051968
-5.08496086637449 11.6634196722675 2.74286405106621
-5.50114831064363 11.0680649464376 1.88031624472634
-5.94072355330369 10.5952106613994 0.95557465427972
-6.42462174794073 10.241840319838 4.83617822657987e-14
-6.97259853799537 9.99945736121759 -0.955574654279624
-7.6018899824568 9.85520117671836 -1.88031624472625
-8.3255760214232 9.79244964016012 -2.74286405106612
-9.1505288951415 9.79122675241297 -3.5114607005196
-10.0752926025128 9.82884977044456 -4.1551752413118
-11.0886476845249 9.88108984552978 -4.64621618456406
-12.1696331481122 9.92381394258653 -4.96281211664101
-13.2893346488836 9.93480678466577 -5.09178863849449
-14.4140693842454 9.89536336757402 -5.03001350512853
-15.5091051321169 9.7913163973683 -4.78430312366832
-16.5419748994121 9.61335674185801 -4.36993849206799
-17.4847425718297 9.35671738004733 -3.80834564155934
-18.3150212480497 9.02043556020649 -3.12461511536856
-19.0159273553952 8.60644991557831 -2.34540379695718
-19.5753590510227 8.11874866209481 -1.49751245796673
-19.9850199271483 7.56270639091929 -0.607189946200659
-20.2395340923774 6.94466947261513 0.299953781824749
-20.3358864637153 6.27179230824469 1.19863205919443
-20.2733154180196 5.55208811638709 2.06340310692912
-20.0536945332628 4.79462831419874 2.86827549826752
-19.6823551033829 4.00979335370275 3.58663861368836
-19.1692044621476 3.20944189904979 4.19173506971799
-18.5298803186271 2.4068335437398 4.65782580894644
-17.7865674788074 1.6161356109121 4.96206192776539
-16.9680433532053 0.851397436295081 5.0868618822894
-16.1085868555395 0.125007207812241 5.02233932711007
-15.2456353351907 -0.554155955332808 4.76813999773444
-14.4164778878084 -1.18246391282528 4.33406307165325
-13.6546836931403 -1.7626736510125 3.73914736594228
-12.9871573714007 -2.30406513618456 3.00942691766734
-12.4325249871891 -2.82151685847818 2.17506267536054
-12.0010285173984 -3.33383932170552 1.26775320432283
-11.6955174321488 -3.86189000304012 0.319104484632559
-11.5128003644888 -4.4268566054505 -0.639852856957271
-11.4447019322639 -5.04872592306465 -1.57830076032262
-11.4785517114055 -5.74465685077062 -2.46503418696904
-11.597275302818 -6.52699846685907 -3.26831185617776
-11.77954076612 -7.40105849769108 -3.95669447950044
-12.0004210247664 -8.36320143441179 -4.50103266169774
-12.232788874615 -9.4000740104917 -4.87724752485643
-12.4493095874021 -10.4894926662602 -5.0691092939771
-12.6246157348777 -11.602912780199 -5.07012201222425
-12.737163147453 -12.708812813479 -4.88394048070533
-12.7703915137673 -13.7760824017582 -4.52329179290536
-12.7130612481527 -14.7766563994873 -4.00785331956033
-12.5588822547937 -15.6870242981765 -3.36175484576547
-12.3056972002128 -16.4886452375133 -2.61131033593747
-11.9545103113131 -17.167564181855 -1.78335800965022
-11.5085972762128 -17.7136187819676 -0.904332774286752
-10.9728444228626 -18.1195930769395 5.59863186771328e-14
-10.3533839434583 -18.3805815106048 0.904332774286862
-9.6575302703573 -18.493726226824 1.78335800965032
-8.89397577299699 -18.4584035219162 2.61131033593756
-8.07315914803528 -18.2768577413734 3.36175484576555
-7.2076679243011 -17.9551967170076 4.00785331956041
-6.31248029109427 -17.5045591845711 4.52329179290541
-5.40481189811507 -16.942147781077 4.88394048070536
-4.50334808153614 -16.2917288460165 5.07012201222427
-3.62675105151839 -15.5831992118936 5.06910929397709
-2.79154717665975 -14.8509774462903 4.8772475248564
-2.00977311021146 -14.1313046972586 4.50103266169768
-1.28697301426277 -13.4589453137161 3.95669447950036
-0.621147554780616 -12.864068776848 3.26831185617766
-0.00298163651649696 -12.3700803226121 2.46503418696892
0.582787336585308 -11.99280009011 1.57830076032249
1.15539117958571 -11.7408404035675 0.639852856957134
1.73602514339287 -11.6165947246609 -0.319104484632695
2.34608599053915 -11.6171497449576 -1.26775320432296
3.0055184935188 -11.734675417826 -2.17506267536066
3.73096102236289 -11.9562752911679 -3.00942691766745
4.5335829627843 -12.2636743009032 -3.73914736594237
5.41695643291164 -12.6333025568477 -4.33406307165331
6.37566580919116 -13.0372199912716 -4.76813999773448
7.39531412196378 -13.4449763485555 -5.02233932711007
8.4541147617236 -13.8260923947403 -5.08686188228937
9.52565951098676 -14.1525859938137 -4.96206192776533
10.5820804274452 -14.4009648296428 -4.65782580894635
11.5968217241935 -14.5533316015292 -4.19173506971787
12.5465217364965 -14.5975573654808 -3.58663861368822
13.4118784650041 -14.5267292649356 -2.86827549826736
14.1776683384232 -14.3381966292424 -2.06340310692895
14.8322359746298 -14.0325326484274 -1.19863205919425
15.3667885069321 -13.6126504649487 -0.299953781824566
15.7747670960455 -13.0832162730852 0.60718994620084
16.0514833903987 -12.450418411836 1.4975124579669
16.1941292175591 -11.7220857249986 2.34540379695734
16.2021982489364 -10.9080904080556 3.12461511536869
16.0782875096394 -10.0209070723082 3.80834564155944
15.8291598803697 -9.07612663722247 4.36993849206807
15.4668425792426 -8.0926553521887 4.78430312366836
15.0094320246918 -7.09230309137703 5.03001350512853
14.4812236582244 -6.0985325294891 5.09178863849444
13.9118528273383 -5.13433900620517 4.96281211664092
13.3343599421398 -4.21954018214527 4.64621618456393
12.7824411690143 -3.36806897561135 4.15517524131164
12.2874768259463 -2.58601162154573 3.51146070051941
11.8760594409421 -1.87097003210715 2.7428640510659
11.5685608462449 -1.212863769719 1.88031624472602
11.3788446444435 -0.595753300181594 0.955574654279377
11.314766049026 1.88824028386892e-13 -3.01455588222454e-13
11.3788446444436 0.595753300181977 -0.955574654279971
11.568560846245 1.2128637697194 -1.88031624472658
11.8760594409423 1.87097003210757 -2.74286405106643
12.2874768259465 2.58601162154618 -3.51146070051988
12.7824411690146 3.36806897561184 -4.15517524131203
13.3343599421401 4.21954018214579 -4.64621618456423
13.9118528273387 5.13433900620572 -4.96281211664113
14.4812236582248 6.09853252948967 -5.09178863849454
15.0094320246922 7.09230309137761 -5.03001350512852
15.4668425792429 8.09265535218927 -4.78430312366826
15.8291598803699 9.07612663722302 -4.36993849206788
16.0782875096396 10.0209070723087 -3.80834564155918
16.2021982489365 10.9080904080561 -3.12461511536837
16.1941292175592 11.7220857249991 -2.34540379695697
16.0514833903987 12.4504184118364 -1.4975124579665
15.7747670960455 13.0832162730855 -0.607189946200422
15.3667885069319 13.612650464949 0.299953781824991
14.8322359746296 14.0325326484276 1.19863205919467
14.1776683384229 14.3381966292426 2.06340310692935
13.4118784650038 14.5267292649357 2.86827549826774
12.5465217364961 14.5975573654808 3.58663861368856
11.5968217241932 14.5533316015292 4.19173506971817
10.5820804274449 14.4009648296428 4.6578258089466
9.5256595109864 14.1525859938136 4.96206192776553
8.45411476172324 13.8260923947401 5.08686188228951
7.39531412196344 13.4449763485554 5.02233932711015
6.37566580919084 13.0372199912714 4.76813999773451
5.41695643291134 12.6333025568475 4.33406307165329
4.53358296278404 12.263674300903 3.73914736594231
3.73096102236266 11.9562752911677 3.00942691766735
3.0055184935186 11.7346754178258 2.17506267536053
2.34608599053897 11.6171497449574 1.26775320432281
1.73602514339272 11.6165947246607 0.31910448463253
1.15539117958558 11.7408404035674 -0.63985285695731
0.582787336585202 11.9928000901098 -1.57830076032267
-0.00298163651658726 12.370080322612 -2.46503418696911
-0.621147554780693 12.8640687768479 -3.26831185617784
-1.28697301426283 13.458945313716 -3.95669447950053
-2.00977311021151 14.1313046972586 -4.50103266169784
-2.79154717665979 14.8509774462902 -4.87724752485654
-3.62675105151843 15.5831992118936 -5.06910929397722
-4.50334808153617 16.2917288460165 -5.07012201222439
-5.40481189811508 16.942147781077 -4.88394048070547
-6.31248029109427 17.5045591845711 -4.52329179290551
-7.2076679243011 17.9551967170076 -4.0078533195605
-8.07315914803526 18.2768577413735 -3.36175484576564
-8.89397577299697 18.4584035219163 -2.61131033593765
-9.65753027035728 18.4937262268241 -1.78335800965041
-10.3533839434583 18.3805815106049 -0.90433277428695
-10.9728444228626 18.1195930769397 -1.42398277102209e-13
-11.5085972762128 17.7136187819678 0.904332774286669
-11.9545103113131 17.1675641818552 1.78335800965014
-12.3056972002128 16.4886452375135 2.6113103359374
-12.5588822547937 15.6870242981766 3.36175484576542
-12.7130612481527 14.7766563994875 4.00785331956031
-12.7703915137673 13.7760824017584 4.52329179290537
-12.7371631474531 12.7088128134793 4.88394048070538
-12.6246157348777 11.6029127801992 5.07012201222435
-12.4493095874021 10.4894926662604 5.06910929397724
-12.232788874615 9.40007401049192 4.87724752485662
-12.0004210247663 8.363201434412 4.50103266169799
-11.7795407661199 7.40105849769127 3.95669447950072
-11.5972753028179 6.52699846685925 3.26831185617808
-11.4785517114054 5.74465685077078 2.46503418696938
-11.4447019322637 5.04872592306479 1.57830076032297
-11.5128003644885 4.42685660545063 0.639852856957626
-11.6955174321485 3.86189000304025 -0.319104484632213
-12.001028517398 3.33383932170566 -1.2677532043225
-12.4325249871887 2.82151685847834 -2.17506267536025
-12.9871573714003 2.30406513618474 -3.00942691766709
-13.6546836931398 1.76267365101271 -3.73914736594209
-14.4164778878079 1.18246391282553 -4.33406307165312
-15.2456353351902 0.554155955333091 -4.76813999773439
-16.108586855539 -0.125007207811919 -5.0223393271101
-16.9680433532048 -0.851397436294724 -5.08686188228951
-17.786567478807 -1.61613561091172 -4.96206192776559
-18.5298803186268 -2.40683354373939 -4.65782580894671
-19.1692044621473 -3.20944189904937 -4.19173506971833
-19.6823551033826 -4.00979335370232 -3.58663861368876
-20.0536945332627 -4.79462831419832 -2.86827549826797
-20.2733154180196 -5.55208811638668 -2.06340310692961
-20.3358864637153 -6.2717923082443 -1.19863205919495
-20.2395340923776 -6.94466947261476 -0.299953781825271
-19.9850199271485 -7.56270639091896 0.607189946200141
-19.575359051023 -8.11874866209452 1.49751245796623
-19.0159273553956 -8.60644991557806 2.34540379695671
-18.3150212480501 -9.02043556020628 3.12461511536814
-17.4847425718302 -9.35671738004716 3.80834564155899
-16.5419748994127 -9.61335674185789 4.36993849206773
-15.5091051321175 -9.79131639736821 4.78430312366817
-14.414069384246 -9.89536336757397 5.03001350512849
-13.2893346488843 -9.93480678466573 5.09178863849457
-12.1696331481129 -9.92381394258651 4.96281211664122
-11.0886476845256 -9.88108984552975 4.64621618456439
-10.0752926025134 -9.82884977044451 4.15517524131224
-9.15052889514202 -9.79122675241288 3.51146070052014
-8.32557602142366 -9.79244964015997 2.74286405106673
-7.60188998245719 -9.85520117671815 1.88031624472691
-6.9725985379957 -9.99945736121731 0.955574654280306
-6.42462174794102 -10.2418403198377 6.38122821778304e-13
-5.94072355330394 -10.5952106613989 -0.955574654279051
-5.50114831064387 -11.068064946437 -1.88031624472572
-5.08496086637474 -11.6634196722669 -2.74286405106564
-4.6714253776606 -12.3772383739583 -3.5114607005192
-4.24162601335738 -13.1969187460555 -4.15517524131149
-3.78018970447077 -14.1006300276746 -4.64621618456385
-3.27669712608207 -15.0581529487912 -4.96281211664093
-2.72636645619684 -16.0333393141544 -5.09178863849453
-2.12984008730248 -16.9876664589507 -5.0300135051287
-1.4922148939818 -17.8839717495567 -4.78430312366861
-0.821662427813565 -18.6894833790802 -4.36993849206838
-0.128022384665717 -19.3776244523553 -3.80834564155982
0.578345552257275 -19.928525968262 -3.12461511536912
1.28732069098013 -20.328535640577 -2.3454037969578
1.98939821376811 -20.5691670739309 -1.49751245796739
2.67577538424693 -20.6459226640047 -0.607189946201344
3.33826813858957 -20.5573199375641 0.299953781824062
3.96917304222976 -20.3043249566725 1.19863205919377
4.5611696327408 -19.8902847456301 2.06340310692849
5.10733862140307 -19.321357579135 2.86827549826695
5.60135592003081 -18.6073507191842 3.58663861368788
6.03790529109851 -17.7627735005798 4.19173506971761
6.41332244432642 -16.8077983733835 4.65782580894619
6.72643052096524 -15.7687216047267 4.96206192776529
6.97945114462626 -14.6774898310362 5.08686188228945
7.17879528672032 -13.5699835563687 5.02233932711028
7.33549207914413 -12.4830640359396 4.76813999773481
7.46504400804141 -11.4508386440232 4.33406307165377
7.58662328350057 -10.5010006498914 3.73914736594292
7.72171890218233 -9.65221015498402 3.00942691766808
7.89252904681476 -8.91315855934834 2.17506267536136
8.12046508000363 -8.28331042325253 1.26775320432369
8.42501484190017 -7.75470472162121 0.319104484633447
8.82293173804726 -7.31398379811741 -0.639852856956388
9.32743714882267 -6.94407416704562 -1.57830076032177
9.94705590106605 -6.62542347184178 -2.46503418696825
10.6839454107426 -6.33707030998927 -3.26831185617705
11.5320363335266 -6.05788681602529 -3.95669447949983
12.4757166881216 -5.7681032628472 -4.50103266169725
13.4898586044185 -5.45090343579895 -4.87724752485608
14.5415831920642 -5.09370654563387 -5.06910929397688
15.5934863695576 -4.68881606581798 -5.07012201222418
16.6074975987119 -4.23333496759843 -4.88394048070539
17.5483943580055 -3.72847678281329 -4.52329179290554
18.3862517255977 -3.17854031752079 -4.00785331956062
19.097563955973 -2.58983344319743 -3.36175484576584
19.6651955263539 -1.9697582844034 -2.6113103359379
20.0775631348146 -1.3261620449694 -1.78335800965071
20.3275037728155 -0.66696272863759 -0.904332774287277
