28.1320217566936 1.17402235815477e-11 8.37935762577379e-12
28.0882976692666 0.926837018616587 0.672254596415593
27.9572668224627 1.84864546520636 1.34014159007269
27.7393602336333 2.76040056753515 1.99923891824017
27.4353188694558 3.6570875859443 2.64501676045377
27.0462276544647 4.53371301266113 3.27278674374759
26.5735632095156 5.38532346730389 3.87765536644959
26.0192552393342 6.20703529585222 4.45448395796137
25.3857611027801 6.99407820288965 4.99785835146964
24.6761523371575 7.74185654028031 5.50207257535377
23.8942105940516 8.44603200754515 5.96113223057527
23.0445283931179 9.10263128058231 6.3687846926874
22.1326071649532 9.70818117721974 6.71858460405616
21.1649412108937 10.2598720104928 7.00400387485246
20.1490716810329 10.7557463600103 7.21859495952188
19.0935900931311 11.1949052730183 7.35621370916679
18.0080674789973 11.5777168339429 7.4113027476516
16.9028847848251 11.9060036373381 7.3792274114713
15.7889449917962 12.1831774219672 7.25664382028341
14.6772598128319 12.4142836312578 7.04186387064178
13.5784248036569 12.6059196961318 6.73516799219909
12.5020245381996 12.7660022990603 6.33900846962091
11.4560381527494 12.9033828767314 5.85805010788864
10.4463349245847 13.0273447720349 5.29901557928734
9.47634832602194 13.147051022182 4.67033941852847
8.54698867352912 13.2710349826682 3.98167908796635
7.65680338083552 13.406823748196 3.24336905212955
6.80233622470045 13.5607522327291 2.46591932173113
5.97859460815679 13.7379726463517 1.65964640128192
5.17952236344831 13.9426086696283 0.834487263160633
4.39839713625328 14.1779649583226 -1.65768723117351e-11
3.62811459718216 14.4466916097496 -0.834487263195946
2.86136953490688 14.7508204701902 -1.65964640132334
2.09078102261718 15.0916293177044 -2.46591932178159
1.30902567905584 15.4693417507304 -3.24336905219049
0.509036015325223 15.8827241186202 -3.98167908803755
-0.315707680916165 16.3286828853685 -4.67033941860816
-1.17080489190682 16.8019823122293 -5.29901557937258
-2.06053493666747 17.2951836989912 -5.85805010797582
-2.98750597588373 17.7988558484367 -6.33900846970634
-3.95242627653524 18.302038503776 -6.73516799227942
-4.95404332571031 18.7928806836653 -7.04186387071434
-5.98925634942027 19.2593439862411 -7.25664382034642
-7.0533712356176 19.6898630663729 -7.3792274115238
-8.1404449586497 20.073883552126 -7.41130274769345
-9.24366219118062 20.402236677316 -7.35621370919845
-10.3556958655216 20.6673461648976 -7.21859495954426
-11.4690192088829 20.8632885169688 -7.00400387486674
-12.5761531462175 20.9857410341505 -6.71858460406361
-13.6698462161041 21.0318547259944 -6.3687846926893
-14.743192925834 21.0000854224548 -5.96113223057279
-15.7897010393017 20.8900093271623 -5.50207257534792
-16.8033196687491 20.7021415115152 -4.99785835146128
-17.7784394047356 20.4377689352968 -4.45448395795117
-18.7098740671841 20.09880415162 -3.87765536643808
-19.592831701721 19.6876620112475 -3.27278674373515
-20.4228806046186 19.2071592212975 -2.64501676044072
-21.1959146405731 18.6604352147161 -1.99923891822674
-21.9081209769722 18.0508921215118 -1.3401415900591
-22.5559525691664 17.3821514220054 -0.672254596402056
-23.1361072297709 16.6580248966939 4.86274850072104e-12
-23.6455148307953 15.8824976238661 0.672254596411667
-24.081334059289 15.0597209256684 1.34014159006836
-24.440960128592 14.1940132738835 1.99923891823538
-24.7220449033232 13.2898672074028 2.64501676044845
-24.9225309956426 12.3519602615174 3.27278674374166
-25.0407014929793 11.3851677410978 3.87765536644299
-25.0752470194403 10.3945748572204 4.4544839579541
-25.0253517108091 9.38548525924248 4.99785835146179
-24.890799238765 8.36342230893549 5.50207257534557
-24.6720990346655 7.3341185641448 5.96113223056717
-24.3706310636491 6.30348792691739 6.36878469268007
-23.9888045913028 5.27757392042643 6.71858460405056
-23.5302221252124 4.26246688372461 7.00400387484989
-22.9998340411218 3.26418297998393 7.21859495952394
-22.404062631735 2.28849944469406 7.35621370917535
-21.7508673790356 1.34074420264555 7.41130274766873
-21.049717939111 0.425544510948192 7.37922741149914
-20.3114403787557 -0.453451173492686 7.25664382032395
-19.5479089980973 -1.29385217769615 7.04186387069654
-18.7715736543806 -2.09476802400177 6.73516799226884
-17.9948417400007 -2.85696977186229 6.33900846970529
-17.2293712557636 -3.58292836534566 5.85805010798583
-16.4853671587759 -4.27670431198794 5.29901557939389
-15.770993084632 -4.94369252022127 4.67033941863933
-15.0920012753403 -5.59026154906639 3.98167908807512
-14.4516408791839 -6.22335475484473 3.24336905222912
-13.8508393218299 -6.85012870766214 2.46591932181443
-13.2885859005927 -7.47768620790575 1.65964640134283
-12.7624049114596 -8.11292310932688 0.834487263194845
-12.268800283464 -8.76246423533231 -1.10039567848102e-11
-11.8035821815141 -9.43262937973102 -0.834487263218292
-11.3620348547748 -10.1293562361785 -1.65964640137036
-10.9389380671187 -10.8580169487676 -2.465919321848
-10.5284985065136 -11.623096987933 -3.24336905226973
-10.1242733326734 -12.4277524750783 -3.98167908812267
-9.71916965267161 -13.2733128777634 -4.67033941869268
-9.30557990019626 -14.1588336874426 -5.29901557945115
-8.87566967515392 -15.0808121898371 -5.85805010804464
-8.42178541258989 -16.033151424506 -6.33900846976324
-7.93691183517908 -17.007400666328 -6.73516799232373
-7.41509641509433 -17.9932360613781 -7.04186387074664
-6.85177173611246 -18.9790957487426 -7.2566438203681
-6.24393747534887 -19.9528640378315 -7.37922741153674
-5.5901979373847 -20.9025090395526 -7.4113027476997
-4.89067757231262 -21.8166071173483 -7.3562137092
-4.14685087849775 -22.6847221920054 -7.2185949595429
-3.36132539833128 -23.4976379270122 -7.00400387486394
-2.53761101168358 -24.2474610950963 -6.71858460406054
-1.6798996795092 -24.9276245124876 -6.36878469268681
-0.792870422384333 -25.5328199726029 -5.96113223057143
0.118473531606061 -26.0588885763401 -5.50207257534803
1.04893416006288 -26.5026904026262 -4.99785835146297
1.99321689943921 -26.8619694956538 -4.45448395795443
2.94600187140287 -27.1352247832286 -3.8776553664428
3.90199288976449 -27.3215932805463 -3.27278674374117
4.85594901199025 -27.4207488614397 -2.64501676044781
5.80270299245172 -27.4328178547395 -1.99923891823468
6.73717046292371 -27.3583115146607 -1.34014159006768
7.65435315128073 -27.1980747797931 -0.67225459641105
8.5493390234489 -26.953250468293 -4.35772879872346e-12
9.4173019234615 -26.625258000264 0.672254596402392
10.2535030949201 -26.2157857840226 1.34014159005919
11.0532968871238 -25.7267964814463 1.99923891822647
11.8121429705382 -25.1605444334989 2.64501676043994
12.5256274971759 -24.5196045434921 3.27278674373369
13.1894958232856 -23.8069118400303 3.8776553664357
13.7996996294423 -23.0258107134546 4.45448395794764
14.3524614607545 -22.1801123532729 4.99785835145633
14.8443597533419 -21.2741580984279 5.50207257534128
15.2724371328706 -20.3128851218766 5.96113223056423
15.6343339101828 -19.3018889940354 6.36878469267865
15.928446928289 -18.2474751586379 6.71858460405082
16.154110865572 -17.1566883043096 7.00400387485193
16.3117944481492 -16.0373053671531 7.21859495952779
16.4032976461411 -14.8977751577973 7.35621370918094
16.4319281401218 -13.7470865240685 7.41130274767584
16.4026272093092 -12.5945491197983 7.37922741150738
16.3220088165598 -11.4494780110286 7.25664382033274
16.1982742701524 -10.3207868313253 7.04186387070513
16.0409723065394 -9.21651383473056 6.73516799227637
15.8605939343998 -8.14332810331277 6.33900846971087
15.668023058989 -7.1060830022738 5.85805010798871
15.47390237048 -6.10749183529858 5.29901557939366
15.2880074364188 -5.1479884943897 4.67033941863603
15.1187352634167 -4.22580179008947 3.98167908806945
14.9727956700986 -3.33722423057862 3.24336905222243
14.8551454859549 -2.47701115614947 2.4659193218087
14.7691419566529 -1.6388222044478 1.65964640134044
14.7168354767086 -0.815623330290137 0.834487263198253
14.6992916387929 -8.58022716404449e-13 3.99011529283891e-13
14.71683547671 0.815623330288508 -0.834487263197319
14.7691419566553 1.63882220444641 -1.65964640133913
14.855145485958 2.47701115614841 -2.46591932180686
14.972795670102 3.33722423057788 -3.24336905222003
15.1187352634198 4.22580179008896 -3.9816790880666
15.2880074364211 5.14798849438928 -4.67033941863295
15.4739023704812 6.10749183529806 -5.29901557939066
15.6680230589891 7.10608300227298 -5.85805010798615
15.8605939343987 8.1433281033115 -6.33900846970908
16.0409723065374 9.21651383472873 -6.73516799227567
16.1982742701497 10.3207868313229 -7.04186387070577
16.3220088165569 11.4494780110255 -7.25664382033489
16.4026272093064 12.5945491197948 -7.37922741151115
16.4319281401195 13.7470865240646 -7.41130274768125
16.4032976461397 14.8977751577931 -7.35621370918795
16.311794448149 16.0373053671488 -7.21859495953633
16.1541108655734 17.1566883043054 -7.00400387486191
15.9284469282921 18.247475158634 -6.71858460406212
15.6343339101878 19.301888994032 -6.36878469269115
15.2724371328777 20.3128851218739 -5.96113223057783
14.8443597533512 21.274158098426 -5.50207257535588
14.3524614607661 22.1801123532722 -4.99785835147182
13.7996996294563 23.0258107134553 -4.45448395796395
13.1894958233021 23.8069118400327 -3.87765536645274
12.525627497195 24.5196045434965 -3.27278674375136
11.8121429705601 25.1605444335056 -2.64501676045813
11.0532968871485 25.7267964814556 -1.99923891824504
10.2535030949477 26.215785784035 -1.34014159007797
9.417301923492 26.6252580002799 -0.672254596421166
8.54933902348241 26.9532504683127 -1.41447683471592e-11
7.65435315131729 27.1980747798171 0.672254596393129
6.73717046296331 27.3583115146892 1.34014159005069
5.80270299249436 27.4328178547729 1.99923891821903
4.85594901203588 27.4207488614783 2.64501676043388
3.90199288981304 27.3215932805901 3.27278674372934
2.94600187145423 27.1352247832777 3.87765536643338
1.99321689949324 26.861969495708 4.4544839579476
1.04893416011941 26.5026904026854 4.99785835145871
0.118473531664871 26.0588885764039 5.50207257534603
-0.792870422323543 25.5328199726712 5.961132230571
-1.67989967944684 24.9276245125601 6.36878469268676
-2.53761101162022 24.247461095173 6.71858460405912
-3.36132539826778 23.4976379270934 7.00400387485875
-4.14685087843535 22.6847221920922 7.21859495953088
-4.89067757225314 21.8166071174425 7.35621370917749
-5.59019793733077 20.9025090396569 7.41130274766256
-6.24393747530409 19.9528640379498 7.37922741148064
-6.85177173608172 18.9790957488799 7.25664382028893
-7.41509641508394 17.9932360615407 7.04186387064107
-7.93691183519687 17.0074006665227 6.73516799218989
-8.42178541264513 16.0331514247396 6.33900846960143
-8.87566967525684 15.0808121901155 5.85805010785803
-9.3055799003573 14.1588336877693 5.29901557924615
-9.71916965290022 13.2733128781386 4.67033941847897
-10.1242733329765 12.4277524754977 3.98167908791259
-10.5284985068941 11.6230969883875 3.24336905207721
-10.938938067574 10.8580169492431 2.46591932168697
-11.3620348552961 10.1293562366578 1.65964640125294
-11.8035821820866 9.4326293801951 0.834487263153129
-12.2688002840678 8.762464235763 2.04514654548539e-12
-12.762404912072 8.11292310970885 -0.834487263148922
-13.2885859011907 7.47768620822819 -1.65964640124841
-13.8508393223925 6.8501287079196 -2.46591932168198
-14.4516408796948 6.22335475503706 -3.24336905207172
-15.0920012757892 5.59026154919789 -3.98167908790666
-15.7709930850143 4.94369252029935 -4.67033941847279
-16.4853671590929 4.27670431202164 -5.29901557923998
-17.2293712560209 3.58292836534431 -5.85805010785217
-17.9948417402064 2.85696977183456 -6.33900846959621
-18.7715736545442 2.09476802395511 -6.73516799218561
-19.5479089982279 1.29385217763661 -7.041863870638
-20.3114403788616 0.453451173424922 -7.25664382028727
-21.0497179391992 -0.425544511020696 -7.37922741148055
-21.7508673791114 -1.34074420272025 -7.41130274766412
-22.4040626318023 -2.28849944476915 -7.35621370918074
-22.9998340411834 -3.26418298005809 -7.21859495953581
-23.5302221252699 -4.2624668837969 -7.00400387486533
-23.9888045913572 -5.27757392049617 -6.71858460406728
-24.3706310637009 -6.30348792698407 -6.36878469269642
-24.6720990347149 -7.33411856420806 -5.96113223058209
-24.8907992388121 -8.36342230899507 -5.50207257535844
-25.0253517108541 -9.3854852592982 -4.99785835147236
-25.0752470194832 -10.3945748572722 -4.4544839579624
-25.0407014930204 -11.3851677411457 -3.87765536644921
-24.9225309956821 -12.3519602615613 -3.27278674374609
-24.7220449033616 -13.289867207443 -2.64501676045142
-24.4409601286297 -14.1940132739202 -1.9992389182372
-24.0813340593265 -15.0597209257019 -1.3401415900693
-23.6455148308331 -15.8824976238967 -0.672254596411939
-23.1361072298097 -16.6580248967219 -4.58134942360913e-12
-22.5559525692065 -17.3821514220312 0.672254596402853
-21.9081209770142 -18.0508921215358 1.34014159006044
-21.1959146406173 -18.6604352147386 1.99923891822871
-20.4228806046655 -19.2071592213188 2.64501676044341
-19.5928317017706 -19.6876620112678 3.27278674373865
-18.7098740672365 -20.0988041516394 3.87765536644236
-17.778439404791 -20.4377689353156 4.45448395795611
-16.8033196688073 -20.7021415115332 4.99785835146652
-15.7897010393624 -20.8900093271797 5.50207257535284
-14.7431929258972 -21.0000854224717 5.96113223057636
-13.6698462161694 -21.031854726011 6.36878469269009
-12.5761531462846 -20.9857410341675 6.71858460405968
-11.4690192089517 -20.8632885169873 7.00400387485567
-10.3556958655919 -20.6673461649194 7.21859495952315
-9.24366219125213 -20.4022366773438 7.35621370916404
-8.14044495872213 -20.0738835521637 7.41130274764232
-7.05337123569046 -19.6898630664255 7.37922741145269
-5.98925634949273 -19.2593439863148 7.25664382025256
-4.954043325781 -18.7928806837677 7.04186387059603
-3.95242627660204 -18.3020385039151 6.73516799213646
-2.98750597594355 -17.7988558486206 6.33900846954062
-2.0605349367162 -17.2951836992271 5.85805010779159
-1.17080489193936 -16.8019823125222 5.29901557917659
-0.315707680926804 -16.32868288572 4.67033941840937
0.509036015342201 -15.8827241190272 3.98167908784636
1.30902567910528 -15.4693417511849 3.24336905201768
2.09078102270207 -15.0916293181932 2.46591932163697
2.86136953502757 -14.7508204706962 1.65964640121443
3.62811459733583 -14.4466916102535 0.834487263126952
4.39839713643404 -14.1779649588049 -1.22152047337445e-11
5.17952236364786 -13.9426086700718 -0.834487263152817
5.9785946083655 -13.737972646743 -1.65964640124437
6.80233622490871 -13.5607522330603 -2.46591932167291
7.656803381035 -13.4068237484645 -3.24336905206061
8.54698867371374 -13.2710349828762 -3.98167908789614
9.47634832618824 -13.1470510223356 -4.67033941846483
10.4463349247318 -13.0273447721426 -5.29901557923579
11.4560381528784 -12.9033828768021 -5.85805010785213
12.502024538313 -12.7660022991029 -6.33900846960004
13.5784248037577 -12.6059196961541 -6.73516799219256
14.677259812923 -12.4142836312659 -7.04186387064703
15.7889449918802 -12.183177421966 -7.25664382029729
16.9028847849037 -11.9060036373309 -7.37922741149054
18.0080674790718 -11.5777168339319 -7.41130274767322
19.0935900932021 -11.1949052730049 -7.35621370918831
20.1490716811004 -10.7557463599953 -7.21859495954142
21.1649412109577 -10.2598720104767 -7.00400387486874
22.1326071650134 -9.70818117720265 -6.71858460406843
23.0445283931738 -9.10263128056433 -6.36878469269535
23.894210594103 -8.44603200752633 -5.96113223057891
24.676152337204 -7.74185654026068 -5.50207257535335
25.3857611028215 -6.99407820286925 -4.99785835146556
26.0192552393704 -6.20703529583111 -4.4544839579541
26.5735632095464 -5.38532346728216 -3.87765536643963
27.0462276544903 -4.53371301263886 -3.27278674373543
27.4353188694762 -3.6570875859216 -2.64501676043989
27.7393602336485 -2.76040056751211 -1.999238918225
27.9572668224728 -1.84864546518308 -1.34014159005663
28.0882976692716 -0.926837018593154 -0.672254596399006

25.6818719555142 11.527048527204 -7.31218872108281e-12
25.2649494364335 12.3559720869874 0.672254596399629
24.770313528403 13.1447909594212 1.34014159005675
24.2004017443619 13.8890900971949 1.99923891822452
23.5579306694272 14.5845896859713 2.64501676043867
22.8459224740679 15.2271692079699 3.27278674373332
22.067740839868 15.812904120853 3.87765536643649
21.2271350008563 16.3381178662959 4.45448395794988
20.3282901200009 16.7994520604827 4.9978583514603
19.3758814047498 17.193957676706 5.50207257534728
18.3751281115045 17.5192096165402 5.9611322305725
17.3318418122422 17.7734460138282 6.36878469268936
16.2524609843528 17.9557315921861 6.718584604064
15.1440612699664 18.0661410451743 7.00400387486742
14.0143280070953 18.1059534423592 7.21859495954517
12.8714755747891 18.0778420346285 7.35621370919947
11.7240978322578 17.9860359731859 7.41130274769443
10.5809369297521 17.8364225922139 7.37922741152456
9.45056555703407 17.6365533121278 7.2566438203467
8.34099124770135 17.3955162420008 7.04186387071387
7.25921010665176 17.1236480356515 6.73516799227789
6.21075807300889 16.8320793398167 6.33900846970351
5.19932424684118 16.5321417513871 5.85805010797151
4.22649460402269 16.2347032762305 5.29901557936681
3.29167883459621 15.9495312843753 4.67033941860122
2.39223772566711 15.6847916430391 3.98167908803003
1.5237827284136 15.4467698753339 3.2433690521833
0.680579784152677 15.239847440497 2.46591932177593
-0.144027664032083 15.066700444516 1.65964640132059
-0.957249452675952 14.9286327916939 0.834487263197486
-1.76657088262635 14.825929207459 2.36273420609272e-11
-2.57955997341206 14.7581210850852 -0.83448726314721
-3.40371679399345 14.7240933113771 -1.65964640126175
-4.24630387568853 14.7220111012816 -2.46591932170441
-5.11410240585592 14.7491000346264 -3.24336905209702
-6.01306708595025 14.8013585087567 -3.98167908792923
-6.94789571511527 14.8733086319966 -4.67033941848828
-7.92157410811315 14.9578898043908 -5.29901557924574
-8.93498602544445 15.0465658792996 -5.85805010784726
-9.98667812696054 15.1296601948255 -6.33900846958117
-11.0728395086904 15.1968719800316 -6.7351679921621
-12.187505714785 15.2378842676413 -7.04186387060831
-13.3229475880905 15.2429606287189 -7.25664382025389
-14.4701727942146 15.203444862131 -7.37922741144581
-15.6194592592574 15.1121123156418 -7.41130274763
-16.76085159871 14.9633589479132 -7.35621370914872
-17.8845746536752 14.7532436723795 -7.21859495950687
-18.9813430714079 14.479416518736 -7.00400387483998
-20.0425661766369 14.1409705184776 -6.71858460404567
-21.0604606409085 13.7382524243969 -6.3687846926784
-22.0280899121845 13.2726602838856 -5.96113223056731
-22.9393506641481 12.7464475700147 -5.50207257534647
-23.7889246341847 12.1625459416947 -4.99785835146271
-24.5722108254816 11.5244126475553 -4.45448395795458
-25.2852493322197 10.8359043012801 -3.8776553664428
-25.9246446945407 10.1011760422499 -3.27278674374071
-26.4874940076323 9.32460359675542 -2.64501676044677
-26.9713230526569 8.5107250951937 -1.99923891823304
-27.37403240464 7.66419935671751 -1.34014159006548
-27.6938546658026 6.78977748125752 -0.672254596408364
-27.9293235286627 5.89228482418402 -1.20617015186129e-12
-28.0792551691058 4.97661066921873 0.672254596406034
-28.1427424134264 4.04770310394316 1.34014159006341
-28.1191621513192 3.11056671082022 1.99923891823143
-28.0081965345605 2.17026070105006 2.64501676044588
-27.8098685708365 1.23189503077413 3.27278674374088
-27.5245927476039 0.300621843867175 3.87765536644445
-27.1532412321457 -0.618380717035665 4.45448395795822
-26.6972258839485 -1.51993568528258 4.99785835146897
-26.1585956308828 -2.39890923016127 5.50207257535605
-25.5401475029853 -3.25027160389175 5.961132230581
-24.8455475618062 -4.06918147051015 6.36878469269699
-24.0794549033065 -4.85109773347065 6.7185846040699
-23.247637745989 -5.59192186303853 7.00400387487045
-22.3570654771411 -6.28817131988783 7.21859495954388
-21.4159549664601 -6.93718051855501 7.35621370919216
-20.4337446248018 -7.53731957053228 7.4113027476792
-19.4209674884947 -8.08821292223462 7.37922741149944
-18.388997622798 -8.59093090049564 7.25664382030986
-17.3496551149604 -9.04811922984725 7.04186387066388
-16.3146756654113 -9.46402823161183 6.73516799221402
-15.2950803729817 -9.84440884478404 6.33900846962606
-14.3005143278577 -10.1962601252078 5.85805010788215
-13.338648665044 -10.5274422610957 5.29901557926868
-12.414746929808 -10.8462041962777 4.67033941849896
-11.5314737303868 -11.1607035465221 3.98167908792948
-10.6889731939891 -11.4786049311194 3.24336905209096
-9.88518172681503 -11.8068234201796 2.46591932169821
-9.11628703682694 -12.151436654909 1.65964640126298
-8.3772226594606 -12.5177373516317 0.834487263163825
-7.6621002165308 -12.910355607503 1.55253945672442e-11
-6.96452161150372 -13.3333606819848 -0.834487263130565
-6.27776371404274 -13.7902588594777 -1.65964640122346
-5.59487255329637 -14.283834576497 -2.46591932164939
-4.90873127019078 -14.8158291618988 -3.24336905203128
-4.21217032702835 -15.3865053368303 -3.98167908785906
-3.49816930052596 -15.9941926908902 -4.67033941841946
-2.76016249927325 -16.63493409661 -5.29901557918293
-1.99241752490001 -17.3023431276825 -5.85805010779366
-1.19042235512976 -17.9877369482787 -6.33900846953847
-0.351205434794501 -18.6805420665041 -6.73516799213059
0.526472051175909 -19.368906061315 -7.04186387058721
1.44208001263097 -20.0404089116497 -7.2566438202417
2.39343148559553 -20.6827620421443 -7.37922741144066
3.37690769110158 -21.2844060947011 -7.41130274762991
4.38774852674791 -21.834955676444 -7.35621370915184
5.42036223542535 -22.325476687126 -7.2185949595116
6.46861808685298 -22.7486101674281 -7.00400387484502
7.52609918145487 -23.0985728921843 -6.71858460405005
8.58630485806139 -23.3710704646176 -6.36878469268146
9.64280157655267 -23.5631567258369 -5.96113223056865
10.6893270839785 -23.673067328654 -5.50207257534591
11.7198556296309 -23.7000480386166 -4.99785835146023
12.7286328091393 -23.6441914305476 -4.45448395795029
13.7101881307529 -23.5062899962167 -3.87765536643687
14.6593322800934 -23.2877095127678 -3.27278674373337
15.571144770453 -22.9902837324951 -2.64501676043826
16.4409564706237 -22.6162297706689 -1.99923891822362
17.2643305249317 -22.1680826801194 -1.3401415900554
18.0370444520667 -21.6486473310829 -0.672254596397849
18.7550757116329 -21.0609656441447 9.50334993635685e-12
19.4145927209375 -20.4082972985701 0.672254596416714
20.0119531481285 -19.6941121579769 1.34014159007384
20.5437112666138 -18.9220927595793 1.9992389182414
21.0066362020472 -18.096145264718 2.64501676045514
21.397743011178 -17.2204172383306 3.27278674374919
21.7143386672155 -16.2993204819835 3.87765536645153
21.9540851324381 -15.3375568481343 4.45448395796381
22.1150816805149 -14.3401444609683 4.99785835147278
22.1959683389328 -13.3124410063631 5.50207257535781
22.1960515409575 -12.260159688756 5.96113223058045
22.1154515268047 -11.1893720881306 6.36878469269396
21.9552683947063 -10.1064905766604 6.71858460406432
21.7177596761242 -9.01822140832073 7.00400387486241
21.4065167385581 -7.9314785196749 7.21859495953369
21.0266203774091 -6.85324816949096 7.35621370918042
20.5847484030316 -5.79039672397682 7.4113027476668
20.0892014759586 -4.7494191757808 7.37922741148762
19.5498105306074 -3.73613512012308 7.25664382030016
18.9776933362978 -2.7553517938605 7.04186387065802
18.3848425503083 -1.81052868644972 6.73516799221373
17.783554746017 -0.903491229867723 6.33900846963282
17.1857469071009 -0.0342463107611241 5.85805010789682
16.6022452148564 0.799056116688496 5.29901557929118
16.0421565743857 1.5999957539414 4.67033941852796
15.5124316252796 2.37360603336236 3.98167908796228
15.0176921190843 3.12600304636481 3.24336905212359
14.5603331495778 3.86399415218756 2.46591932172574
14.1408428555866 4.59473707489001 1.65964640128013
13.7582333617795 5.32549170507846 0.834487263165633
13.4104623729621 6.06346497189609 -1.87848832198085e-12
13.0947455710075 6.81570968218933 -0.834487263169378
12.8077047714793 7.58901423648832 -1.65964640128383
12.5453507444989 8.38971873276645 -2.46591932172935
12.3029493575481 9.22341512046782 -3.24336905212702
12.0748547564011 10.0945300939894 -3.98167908796543
11.8544054567123 11.0058387641989 -4.67033941853069
11.6339637613811 11.9579989643058 -5.29901557929333
11.4051382155072 12.9492133861149 -5.85805010789822
11.1591748735405 13.975109568032 -6.3390084696333
10.8874547542488 15.0288800117273 -6.73516799221311
10.582008956894 16.1016640643798 -7.04186387065616
10.2359660282034 17.1831021387066 -7.25664382029693
9.84387221582903 18.2619671032298 -7.37922741148292
9.40186075323951 19.3267801758956 -7.41130274766057
8.90767826340137 20.3663414793836 -7.35621370917261
8.36059724047717 21.3701364224017 -7.2185949595243
7.76125206169261 22.3286079289552 -7.00400387485145
7.11143481339299 23.2333055126668 -6.71858460405183
6.41388045784644 24.0769339407978 -6.36878469267998
5.6720621295971 24.853328180735 -5.96113223056503
4.89000904044778 25.5573799856892 -5.502072575341
4.07215279723733 26.1849373197703 -4.99785835145465
3.22320322500967 26.7326927235587 -4.45448395794445
2.34805185953365 27.1980718619902 -3.87765536643103
1.45169972799361 27.5791294695234 -3.27278674372765
0.53920544031176 27.8744568934068 -2.64501676043272
-0.384350409357263 28.0831033711075 -1.99923891821829
-1.31388826270447 28.2045118851151 -1.34014159005028
-2.24434339923164 28.2384697108753 -0.672254596392979
-3.17067351933954 28.1850734239159 1.40628928991006e-11
-4.08786281611481 28.0447080123588 0.672254596420851
-4.99092504652804 27.8180397458925 1.3401415900774
-5.87490801814281 27.5060225124315 1.99923891824415
-6.73490191467714 27.1099174025905 2.64501676045687
-7.56605398881075 26.6313253612677 3.27278674374967
-8.36359234420679 26.0722326894746 3.87765536645058
-9.12286178908217 25.4350690016625 4.45448395796132
-9.83937502414311 24.7227768266713 4.99785835146879
-10.5088826397693 23.9388912516399 5.5020725753526
-11.1274653913745 23.0876266877527 5.96113223057459
-11.6916517701639 22.1739658218244 6.36878469268839
-12.1985626765066 21.2037429934344 6.71858460406043
-12.6460826545356 20.183710619717 7.0040038748621
-13.0330532716434 19.1215731457016 7.21859495953937
-13.3594785577812 18.025968990065 7.35621370919496
-13.6267250262163 16.9063782782024 7.41130274769344
-13.8376903914908 15.7729345753898 7.37922741152973
-13.996907374373 14.6361245113269 7.25664382036091
-14.110544816252 13.5063720831712 7.04186387073997
-14.1862715437894 12.3935251837692 6.73516799231827
-14.2329627318246 11.3062883630981 6.3390084697596
-14.2602553748045 10.2516718198303 5.85805010804328
-14.2779954670305 9.23454230516464 5.29901557945222
-14.2956547452245 8.25735668430029 4.670339418696
-14.3218149722527 7.32012830836185 3.98167908812766
-14.3638101719989 6.42062575285762 3.24336905227551
-14.4275792814055 5.55474954927863 2.46591932185347
-14.5177244177263 4.71699589802348 1.65964640137438
-14.6377136296663 3.90091076566274 0.834487263219888
-14.7901307923736 3.09946319304413 9.51444704215808e-12
-14.9768688810184 2.30531075843523 -0.834487263199643
-15.1991850086984 1.51097588344795 -1.65964640135069
-15.4575784367309 0.708984510582185 -2.46591932182464
-15.7515060368649 -0.107969995572932 -3.24336905224069
-16.0790021627615 -0.946787455865296 -3.98167908808689
-16.4363087296133 -1.81362850440486 -4.67033941865016
-16.817633375323 -2.71351466515435 -5.29901557940285
-17.2151308390147 -3.64992425867411 -5.85805010799227
-17.6191489615277 -4.62446532931958 -6.33900846970891
-18.0187134934473 -5.63669660530965 -6.73516799226963
-18.4021692975967 -6.68413367026075 -7.04186387069476
-18.7578680388787 -7.76243438090132 -7.25664382032001
-19.0747983966539 -8.86572143226705 -7.37922741149354
-19.3430850322809 -9.98698112294266 -7.41130274766196
-19.5543218027297 -11.1184770636292 -7.35621370916783
-19.70173982172 -12.2521303884847 -7.21859495951602
-19.7802348028843 -13.3798363830353 -7.00400387484183
-19.7862895032645 -14.4937050982665 -6.7185846040425
-19.7178285235991 -15.5862269964281 -6.36878469267209
-19.5740379735083 -16.6503730041008 -5.96113223055928
-19.3551750016867 -17.6796421515444 -5.50207257533775
-19.0623843479164 -18.668070538019 -4.99785835145398
-18.6975322648289 -19.610214006944 -4.45448395794623
-18.2630629318046 -20.5011147049171 -3.87765536643502
-17.7618788664278 -21.3362593490316 -3.27278674373353
-17.1972445847807 -22.1115349389627 -2.64501676044015
-16.5727115296805 -22.8231859933468 -1.99923891822692
-15.8920617434452 -23.4677761860896 -1.34014159005979
-15.1592676346737 -24.0421564513955 -0.672254596403084
-14.3784652751037 -24.5434411311658 3.60575447023344e-12
-13.5539388281088 -24.9689934700017 0.672254596410243
-12.6901138725349 -25.316421651287 1.3401415900668
-11.7915574974709 -25.5835865608745 1.99923891823372
-10.8629830781935 -25.7686225249012 2.64501676044671
-9.90925758155507 -25.8699723616886 3.27278674373991
-8.93540907122865 -25.8864381722189 3.87765536644134
-7.94663176802215 -25.8172493027963 4.45448395795276
-6.94828554837958 -25.662148740911 4.99785835146111
-5.94588612898572 -25.4214986918295 5.50207257534606
-4.94508141405728 -25.0964050116531 5.9611322305695
-3.95160866303181 -24.6888582770198 6.36878469268515
-2.97122645520084 -24.2018862754972 6.71858460405949
-2.0096152015207 -23.6397083935396 7.00400387486397
-1.07224065282307 -23.0078767485053 7.21859495954458
-0.164177083910263 -22.3133823366541 7.35621370920403
0.710108759776577 -21.5646979568851 7.41130274770684
1.54700481832448 -20.771725069593 7.37922741154778
2.34401425358175 -19.945611802839 7.25664382038374
3.1000006912686 -19.0984173014652 7.04186387076742
3.81537989629985 -18.2426163013573 6.73516799234987
4.49221562984399 -17.3904676282575 6.33900846979453
5.13418389278799 -16.5533071352385 5.85805010808035
5.7463896572673 -15.7408594369727 5.29901557948999
6.33505161012541 -14.9606795263184 4.67033941873286
6.90710469576911 -14.2178224382143 3.98167908816204
7.46979386256583 -13.5147937434043 3.24336905230606
8.03033341856289 -12.851767721746 2.46591932187926
8.5956816070664 -12.2269967624795 1.65964640139503
9.17243772408404 -11.6372979107607 0.834487263235593
9.76682486262109 -11.078501764854 2.10059706645714e-11
10.3846902389704 -10.5457808436851 -0.834487263191228
11.0314460892909 -10.0338245718001 -1.65964640134401
11.7118894652455 -9.536879768103 -2.46591932181839
12.4298756993868 -9.04871599759825 -3.24336905223375
13.187870163359 -8.56259581003228 -3.98167908807854
13.9864536325609 -8.0713262008875 -4.67033941864008
14.8238915653473 -7.56744000692374 -5.29901557939116
15.6958815178726 -7.0435118790529 -5.85805010797939
16.5955599141004 -6.49256748525651 -6.33900846969548
17.5137890267091 -5.90851331994401 -6.73516799225638
18.4396793483401 -5.286508600445 -7.04186387068236
19.3612549301657 -4.62321947487452 -7.25664382030904
20.2661528334768 -3.91692849094965 -7.37922741148442
21.1422611912318 -3.16750527389414 -7.41130274765493
21.9782319553263 -2.37626768722426 -7.35621370916299
22.7638403435294 -1.54577301917137 -7.21859495951337
23.490193069784 -0.679577897229006 -7.00400387484125
24.1498070290914 0.218001959304776 -6.71858460404383
24.7365891926378 1.14211109584874 -6.36878469267513
25.2457495235812 2.08754126531422 -5.96113223056384
25.6736748854469 3.04888192449121 -5.50207257534363
26.0177858992714 4.0206353151667 -4.997858351461
26.2763924002002 4.99730006637311 -4.45448395795423
26.4485576177766 5.97342853785868 -3.87765536644386
26.5339768969207 6.94366335002074 -3.27278674374309
26.5328737256878 7.90275818128995 -2.64501676045028
26.4459138651109 8.84558729770864 -1.99923891823749
26.2741372298982 9.76714762437019 -1.34014159007066
26.018906591682 10.6625565903392 -0.672254596414077

18.7550757115979 21.060965644132 1.947902377952e-12
18.0370444520276 21.6486473310679 0.672254596408669
17.2643305248884 22.1680826801018 1.34014159006523
16.4409564705758 22.6162297706484 1.99923891823206
15.5711447704005 22.9902837324713 2.64501676044487
14.6593322800362 23.2877095127406 3.27278674373771
13.710188130691 23.506289996186 3.87765536643853
12.7286328090727 23.6441914305133 4.45448395794894
11.7198556295598 23.7000480385788 4.99785835145571
10.6893270839032 23.6730673286128 5.5020725753383
9.64280157647338 23.5631567257924 5.96113223055838
8.58630485797855 23.3710704645699 6.36878469266941
7.52609918136896 23.0985728921334 6.71858460403771
6.46861808676458 22.7486101673733 7.00400387483454
5.42036223533515 22.3254766870663 7.21859495950588
4.38774852665683 21.8349556763773 7.35621370915453
3.37690769101078 21.2844060946241 7.4113027476453
2.39343148550663 20.6827620420524 7.3792274114735
1.44208001254624 20.0404089115362 7.25664382029675
0.526472051098502 19.3689060611716 7.04186387066869
-0.351205434860237 18.6805420663208 6.73516799224144
-1.19042235517806 17.9877369480445 6.33900846967953
-1.99241752492357 17.3023431273863 5.85805010796283
-2.76016249926338 16.6349340962424 5.29901557937459
-3.49816930047311 15.9941926904449 4.67033941862426
-4.21217032692307 15.3865053363064 3.98167908806437
-4.9087312700251 14.815829161302 3.24336905222225
-5.59487255306536 14.2838345758402 2.46591932181057
-6.27776371374593 13.7902588587804 1.65964640134082
-6.96452161114606 13.3333606812717 0.834487263193392
-7.66210021612277 12.9103556068011 -1.30554940292983e-11
-8.37722265901733 12.5177373509672 -0.834487263221786
-9.11628703636653 12.1514366543046 -1.65964640137569
-9.8851817263563 11.8068234196522 -2.46591932185509
-10.6889731935493 11.4786049306783 -3.24336905227806
-11.5314737299795 11.1607035461698 -3.98167908813143
-12.4147469294423 10.8462041960102 -4.67033941870094
-13.3386486647239 10.5274422609044 -5.29901557945805
-14.3005143275827 10.1962601250815 -5.85805010804954
-15.2950803727481 9.8444088447105 -6.3390084697658
-16.3146756652132 9.46402823157923 -6.73516799232392
-17.3496551147913 9.04811922984503 -7.04186387074468
-18.3889976226515 8.59093090051499 -7.2566438203644
-19.4209674883651 8.08821292226851 -7.37922741153181
-20.4337446246845 7.53731957057538 -7.41130274769406
-21.4159549663518 6.9371805186034 -7.35621370919412
-22.3570654770395 6.28817131993875 -7.21859495953714
-23.2476377458926 5.59192186309006 -7.00400387485857
-24.0794549032146 4.85109773352152 -6.71858460405571
-24.8455475617185 4.06918147055948 -6.36878469268258
-25.5401475029017 3.25027160393899 -5.96113223056778
-26.1585956308033 2.39890923020602 -5.50207257534488
-26.6972258838732 1.51993568532456 -4.99785835146023
-27.1532412320746 0.618380717074691 -4.454483957952
-27.5245927475368 -0.300621843831261 -3.87765536644056
-27.809868570773 -1.23189503074143 -3.27278674373903
-28.0081965345002 -2.17026070102064 -2.64501676044571
-28.1191621512615 -3.1105667107941 -1.99923891823258
-28.1427424133706 -4.04770310392033 -1.34014159006557
-28.0792551690512 -4.97661066919911 -0.672254596408969
-27.9293235286085 -5.89228482416753 -2.36835275053248e-12
-27.6938546657479 -6.78977748124401 0.672254596404186
-27.3740324045842 -7.66419935670682 1.34014159006064
-26.9713230525992 -8.51072509518567 1.9992389182274
-26.4874940075722 -9.32460359674985 2.64501676044012
-25.9246446944777 -10.1011760422467 3.27278674373287
-25.2852493321534 -10.8359043012789 3.8776553664336
-24.5722108254119 -11.5244126475562 4.45448395794397
-23.7889246341115 -12.1625459416975 4.99785835145084
-22.9393506640715 -12.7464475700192 5.50207257533378
-22.0280899121046 -13.2726602838916 5.96113223055463
-21.0604606408255 -13.7382524244042 6.36878469266707
-20.0425661765509 -14.1409705184854 6.71858460403762
-18.9813430713187 -14.4794165187433 7.00400387483781
-17.8845746535823 -14.7532436723844 7.21859495951384
-16.7608515986126 -14.9633589479131 7.35621370916872
-15.6194592591542 -15.1121123156327 7.41130274766736
-14.4701727941037 -15.2034448621073 7.37922741150503
-13.3229475879697 -15.2429606286735 7.25664382033917
-12.1875057146519 -15.2378842675653 7.04186387072296
-11.072839508543 -15.1968719799142 6.73516799230783
-9.98667812679736 -15.1296601946548 6.33900846975732
-8.9349860252657 -15.0465658790637 5.85805010805016
-7.92157410792113 -14.9578898040788 5.29901557946835
-6.94789571491492 -14.8733086316006 4.67033941872022
-6.0130670857492 -14.8013585082734 3.98167908815748
-5.11410240566402 -14.7491000340591 3.24336905230715
-4.24630387551681 -14.7220111006408 2.46591932188225
-3.40371679385261 -14.7240933106804 1.65964640139527
-2.5795599733109 -14.758121084356 0.83448726322816
-1.76657088257033 -14.8259292067245 1.48954688304338e-12
-0.957249452666451 -14.9286327909815 -0.834487263226059
-0.144027664066337 -15.0667004438508 -1.65964640139567
0.680579784080852 -15.2398474398988 -2.46591932188643
1.52378272831255 -15.4467698748154 -3.24336905231584
2.39223772554586 -15.6847916426056 -3.98167908817084
3.29167883446315 -15.9495312840253 -4.67033941873784
4.22649460388464 -16.2347032759568 -5.29901557948939
5.19932424670298 -16.5321417511795 -5.85805010807354
6.21075807287345 -16.8320793396632 -6.33900846978188
7.25921010652045 -17.1236480355404 -6.73516799233251
8.34099124757447 -17.3955162419213 -7.04186387074692
9.45056555691139 -17.6365533120711 -7.25664382036182
10.5809369296332 -17.8364225921733 -7.37922741152607
11.7240978321424 -17.9860359731562 -7.41130274768672
12.871475574677 -18.0778420346064 -7.35621370918653
14.0143280069867 -18.1059534423426 -7.21859495953037
15.1440612698617 -18.0661410451619 -7.00400387485339
16.2524609842523 -17.9557315921774 -6.7185846040526
17.3318418121465 -17.7734460138228 -6.3687846926818
18.3751281114139 -17.519209616538 -5.9611322305694
19.375881404665 -17.1939576767069 -5.50207257534883
20.3282901199222 -16.7994520604869 -4.99785835146635
21.2271350007839 -16.3381178663033 -4.45448395796005
22.0677408398021 -15.8129041208635 -3.87765536645028
22.8459224740086 -15.2271692079833 -3.27278674375014
23.5579306693744 -14.5845896859875 -2.64501676045794
24.2004017443155 -13.8890900972137 -1.99923891824566
24.770313528363 -13.1447909594422 -1.34014159007924
25.2649494363996 -12.3559720870104 -0.672254596422958
25.6818719554862 -11.5270485272287 -1.64161675823659e-11
26.0189065916597 -10.6625565903655 0.672254596390352
26.2741372298814 -9.76714762439778 1.34014159004731
26.4459138650994 -8.84558729773734 1.99923891821487
26.5328737256815 -7.90275818131957 2.64501676042872
26.5339768969194 -6.94366335005111 3.27278674372293
26.4485576177803 -5.97342853788966 3.87765536642547
26.2763924002087 -4.99730006640455 4.45448395793799
26.0177858992845 -4.02063531519849 4.99785835144731
25.6736748854644 -3.04888192452323 5.50207257533293
25.2457495236031 -2.08754126534635 5.96113223055658
24.7365891926636 -1.14211109588089 6.36878469267176
24.1498070291209 -0.218001959336851 6.71858460404473
23.4901930698168 0.679577897197086 7.0040038748467
22.7638403435651 1.54577301913968 7.2185949595235
21.9782319553644 2.37626768719287 7.35621370917769
21.1422611912719 3.16750527386317 7.41130274767376
20.2661528335188 3.91692849091927 7.37922741150657
19.3612549302098 4.62321947484508 7.25664382033331
18.4396793483871 5.28650860041711 7.04186387070715
17.5137890267602 5.90851331991868 6.73516799227985
16.5955599141579 6.49256748523533 6.33900846971576
15.695881517939 7.04351187903819 5.85805010799488
14.823891565426 7.56744000691862 5.29901557940091
13.9864536326551 8.07132620089585 4.67033941864418
13.1878701634712 8.56259581005848 3.98167908807839
12.4298756995186 9.04871599764671 3.24336905223214
11.7118894653964 9.53687976817749 2.46591932181936
11.0314460894584 10.033824571903 1.65964640135241
10.38469023915 10.5457808438167 0.834487263212069
9.76682486280623 11.0785017650119 1.67006184824096e-11
9.17243772426743 11.6372979109402 -0.834487263177901
8.59568160724064 12.2269967626734 -1.65964640131609
8.03033341872141 12.8517677219459 -2.46591932177994
7.4697938627037 13.5147937436011 -3.2433690521893
6.90710469588341 14.2178224383999 -3.9816790880325
6.33505161021529 14.9606795264862 -4.67033941859627
5.74638965733376 15.7408594371183 -5.29901557935246
5.13418389283339 16.5533071353598 -5.85805010794765
4.49221562987151 17.3904676283546 -6.33900846967152
3.81537989631298 18.2426163014319 -6.73516799224019
3.10000069127079 19.0984173015205 -7.0418638706733
2.34401425357607 19.9456118028786 -7.25664382030613
1.54700481831354 20.7717250696206 -7.3792274114865
0.710108759762451 21.5646979569044 -7.41130274766084
-0.16417708392601 22.3133823366682 -7.35621370917169
-1.0722406528393 23.0078767485167 -7.21859495952395
-2.00961520153662 23.6397083935503 -7.004003874853
-2.97122645521594 24.2018862755085 -6.71858460405621
-3.95160866304575 24.6888582770326 -6.36878469268774
-4.94508141406986 25.096405011668 -5.96113223057644
-5.94588612899682 25.4214986918467 -5.50207257535607
-6.94828554838917 25.6621487409307 -4.99785835147321
-7.94663176803021 25.8172493028184 -4.45448395796621
-8.93540907123522 25.8864381722435 -3.87765536645562
-9.90925758156022 25.8699723617157 -3.27278674375465
-10.8629830781974 25.7686225249308 -2.64501676046169
-11.7915574974736 25.5835865609068 -1.99923891824877
-12.6901138725366 25.3164216513221 -1.34014159008181
-13.5539388281097 24.96899347004 -0.672254596425076
-14.3784652751042 24.5434411312075 -1.81227266974341e-11
-15.1592676346741 24.0421564514409 0.672254596389063
-15.8920617434456 23.467776186139 1.3401415900465
-16.5727115296814 22.8231859934006 1.99923891821463
-17.1972445847823 22.111534939021 2.64501676042918
-17.7618788664305 21.3362593490946 3.2727867437242
-18.2630629318084 20.5011147049849 3.87765536642765
-18.6975322648341 19.6102140070165 4.45448395794108
-19.0623843479231 18.6680705380962 4.99785835145117
-19.355175001695 17.6796421516261 5.50207257533725
-19.5740379735183 16.6503730041868 5.96113223056077
-19.717828523611 15.586226996518 6.36878469267494
-19.7862895032786 14.4937050983601 6.71858460404565
-19.7802348029013 13.3798363831322 7.00400387484374
-19.7017398217412 12.2521303885847 7.21859495951464
-19.5543218027569 11.1184770637321 7.35621370916059
-19.3430850323168 9.98698112304821 7.41130274764585
-19.0747983967026 8.8657214323751 7.37922741146528
-18.7578680389455 7.7624343810116 7.25664382027628
-18.4021692976883 6.68413367037274 7.04186387063265
-18.0187134935719 5.63669660542236 6.73516799218713
-17.6191489616945 4.62446532943126 6.33900846960552
-17.2151308392334 3.64992425878193 5.8580501078696
-16.8176333756024 2.71351466525416 5.29901557926506
-16.4363087299602 1.81362850449114 4.67033941850414
-16.0790021631791 0.946787455931378 3.98167908794202
-15.7515060373516 0.107969995611613 3.24336905210809
-15.4575784372791 -0.708984510577688 2.46591932171604
-15.1991850092945 -1.51097588348287 1.65964640127693
-14.9768688816439 -2.30531075851214 0.834487263169244
-14.7901307930066 -3.09946319316221 8.38692505971398e-12
-14.6377136302838 -3.90091076581756 -0.834487263153053
-14.5177244183067 -4.71699589820742 -1.65964640126242
-14.4275792819311 -5.55474954948192 -2.46591932170412
-14.3638101724573 -6.42062575306968 -3.24336905209937
-14.3218149726374 -7.3201283085727 -3.9816790879368
-14.2956547455349 -8.2573566845017 -4.67033941850241
-14.2779954672708 -9.23454230535086 -5.29901557926655
-14.2602553749823 -10.2516718199982 -5.8580501078739
-14.2329627319496 -11.3062883632468 -6.33900846961214
-14.1862715438716 -12.3935251838999 -6.7351679921956
-14.1105448163012 -13.5063720832859 -7.04186387064259
-13.9969073743978 -14.6361245114283 -7.25664382028742
-13.8376903914986 -15.7729345754808 -7.37922741147747
-13.6267250262128 -16.9063782782854 -7.41130274765904
-13.3594785577708 -18.025968990142 -7.35621370917479
-13.0330532716291 -19.1215731457741 -7.21859495952994
-12.6460826545197 -20.183710619786 -7.00400387486022
-12.1985626764905 -21.2037429935004 -6.71858460406342
-11.6916517701483 -22.1739658218877 -6.36878469269406
-11.12746539136 -23.0876266878133 -5.96113223058131
-10.5088826397561 -23.9388912516977 -5.5020725753592
-9.83937502413119 -24.7227768267259 -4.99785835147452
-9.12286178907162 -25.4350690017139 -4.45448395796577
-8.3635923441976 -26.0722326895226 -3.8776553664536
-7.56605398880289 -26.6313253613123 -3.27278674375127
-6.73490191467063 -27.1099174026316 -2.64501676045721
-5.87490801813766 -27.5060225124693 -1.99923891824343
-4.99092504652427 -27.8180397459272 -1.34014159007585
-4.08786281611244 -28.0447080123907 -0.672254596418715
-3.1706735193386 -28.1850734239452 -1.15436912484288e-11
-2.24434339923215 -28.2384697109024 0.672254596395704
-1.31388826270644 -28.2045118851403 1.34014159005307
-0.384350409360669 -28.0831033711311 1.99923891822102
0.539205440306925 -27.874456893429 2.64501676043529
1.45169972798737 -27.5791294695445 3.27278674372996
2.34805185952605 -27.1980718620104 3.87765536643295
3.22320322500077 -26.7326927235781 4.45448395794583
4.07215279722719 -26.184937319789 4.99785835145526
4.8900090404365 -25.5573799857072 5.50207257534054
5.6720621295848 -24.8533281807527 5.96113223056312
6.41388045783331 -24.0769339408151 6.36878469267617
7.11143481337932 -23.2333055126841 6.71858460404557
7.76125206167878 -22.3286079289729 7.00400387484216
8.36059724046371 -21.3701364224202 7.21859495951139
8.907678263389 -20.3663414794036 7.35621370915553
9.40186075322912 -19.3267801759178 7.41130274763893
9.8438722158217 -18.2619671032548 7.37922741145653
10.2359660282004 -17.1831021387352 7.25664382026588
10.5820089568966 -16.1016640644125 7.0418638706209
10.8874547542583 -15.0288800117646 6.73516799217451
11.1591748735581 -13.9751095680738 6.33900846959262
11.4051382155335 -12.9492133861607 5.85805010785707
11.6339637614164 -11.9579989643545 5.29901557925354
11.8544054567562 -11.0058387642492 4.67033941849416
12.0748547564523 -10.0945300940395 3.98167908793388
12.3029493576045 -9.22341512051564 3.24336905210178
12.5453507445579 -8.38971873281017 2.46591932171117
12.8077047715378 -7.58901423652642 1.65964640127278
13.0947455710626 -6.81570968222088 0.834487263164856
13.4104623730112 -6.0634649719208 2.70370302419098e-12
13.7582333618208 -5.3254917050967 -0.834487263161022
14.1408428556191 -4.59473707490268 -1.65964640127342
14.5603331496014 -3.86399415219588 -2.46591932171852
15.0176921190997 -3.12600304637008 -3.24336905211711
15.5124316252882 -2.3736060333658 -3.98167908795735
16.0421565743892 -1.59999575394396 -4.67033941852492
16.6022452148563 -0.799056116690854 -5.29901557928993
17.1857469070987 0.0342463107585787 -5.85805010789698
17.7835547460138 0.903491229864815 -6.33900846963382
18.3848425503048 1.81052868644641 -6.73516799221495
18.9776933362943 2.75535179385685 -7.04186387065892
19.549810530604 3.73613512011916 -7.25664382030032
20.0892014759553 4.74941917577671 -7.37922741148675
20.5847484030283 5.79039672397261 -7.41130274766474
21.0266203774054 6.8532481694867 -7.35621370917713
21.4065167385539 7.93147851967061 -7.21859495952922
21.7177596761192 9.01822140831643 -7.00400387485684
21.9552683947003 10.1064905766561 -6.71858460405776
22.1154515267975 11.1893720881263 -6.36878469268651
22.1960515409489 12.2601596887517 -5.96113223057221
22.1959683389226 13.3124410063586 -5.50207257534885
22.1150816805029 14.3401444609636 -4.99785835146318
21.9540851324241 15.3375568481294 -4.45448395795364
21.7143386671993 16.2993204819782 -3.87765536644084
21.3977430111594 17.2204172383247 -3.27278674373804
21.0066362020258 18.0961452647113 -2.64501676044363
20.5437112665894 18.9220927595715 -1.99923891822963
20.0119531481008 19.6941121579678 -1.34014159006198
19.4145927209063 20.4082972985593 -0.672254596404933
