2.3896306743454527 -0.004580603595848165 0.047820873064430877
2.3627659015577382 0.068088804094410968 0.060317834370122579
2.3519366201211396 0.13516163643858664 0.12262871027268037
2.3337156841422844 0.20196578512100799 0.18400381840868146
2.3075533999862792 0.26819457213861941 0.24402890687257237
2.2725666000328477 0.333967649314173 0.30205830404383965
2.2288816194801635 0.39891142659399231 0.35742147372267186
2.1765795248494628 0.46237769610377294 0.40903194189173314
2.1149609333352708 0.52367221149537779 0.45549966047803725
2.0438889257020172 0.58208290626123338 0.49549016283620884
1.9645669344972814 0.63721390709166181 0.52765701466679749
1.8776709146231405 0.68808175758855827 0.55069682182452417
1.7841287125373151 0.73382935505179314 0.56243683456167481
1.6860410009036872 0.77419361326554492 0.562047999681203
1.5853258702825588 0.80910641901816027 0.54871051850257835
1.4842618902996259 0.83848712817155113 0.52106131951611034
1.3860276615918319 0.86277335465886851 0.47840693745231522
1.2931987747149436 0.88308801164685935 0.42153911986172465
1.2081658778435937 0.9010997905875 0.35051743523536072
1.1352114812301035 0.91922040246657932 0.26617097391281985
1.0754526854986004 0.94016975278180825 0.17303584705351965
1.0279247293762186 0.96651461642327208 0.074946372472743425
0.99036195716771136 1.0000893745695096 -0.024739519636146099
0.96061834545263236 1.0424214704187895 -0.12390828123772603
0.93709444502790995 1.0958549272552309 -0.22027547858010293
0.91783308233339744 1.1626980268010367 -0.31014589837077988
0.89999541842803454 1.2429928193199142 -0.38812974266539951
0.88093367763505936 1.3327252212852922 -0.45235765919624948
0.85861555711512338 1.4291937101356418 -0.50229978677791065
0.83163417540933515 1.5299122815032744 -0.53745085245857638
0.79914712951847067 1.6316753640327748 -0.55724177114110407
0.76120595134537039 1.7316143596129896 -0.56385621979274114
0.71787583575621661 1.827958035170071 -0.5576542084333882
0.6689092772887294 1.9182524655578694 -0.53942306531907225
0.61564071910829232 2.0014847623642069 -0.51135258111081339
0.55853004113243665 2.0765895027302737 -0.47481527605091223
0.49845867933148735 2.142557204543547 -0.43107024131183519
0.43578296429720959 2.1986654254025093 -0.38145422988287425
0.37146075931408257 2.2464170493387314 -0.32784003445605109
0.30637508758502036 2.2850910541892913 -0.27095533325445204
0.24052028047867791 2.3146956272613064 -0.21211212600390475
0.17423975259290292 2.336333221441802 -0.15146598655795418
0.10781914222024613 2.3505433683319046 -0.089759721220532176
0.041724417496905114 2.3572587306707637 -0.028006654723220663
-0.024074040344292807 2.356248892865771 0.033930621425458191
-0.090149167931122293 2.3481195576329332 0.095698085734753899
-0.15591248662995574 2.3328025180183594 0.1568656812810193
-0.22120578945177929 2.3101936828503562 0.21658567259086092
-0.28592255988920323 2.2794404897417841 0.27444170820287606
-0.34994933883627588 2.2402742415874841 0.3304116582104234
-0.41296021592039689 2.1930427876668301 0.38301606641326308
-0.47404655826156983 2.1370390025804653 0.43131861390072468
-0.53287361939159306 2.0717670355881177 0.47413612024250007
-0.58886854059690985 1.9979887557767106 0.51013717423664473
-0.64130855799852771 1.9164873176366799 0.53816122151540702
-0.68918065221010993 1.8277144652956379 0.55581574021879743
-0.73190722635725747 1.7331308402008432 0.56232600142458367
-0.76968785840799725 1.6347891972507167 0.55676227278285439
-0.80187136123545977 1.5344600486970268 0.53766996323402938
-0.82878263773135619 1.4349364955054862 0.50375567342090888
-0.85123819646655929 1.3389931869182072 0.45550773054751648
-0.87044151287058147 1.2486450733035843 0.39281607819986114
-0.88831552308980066 1.1679186399141055 0.3152360036179388
-0.90754115353496034 1.0995843505711931 0.22583375252140739
-0.93107500217784878 1.0442491201089632 0.12849659663146676
-0.96131321368053146 1.0005842145853663 0.027363065009904229
-0.99993344340531876 0.96627507818811798 -0.074233930234610571
-1.0485551988911019 0.93910804181199836 -0.17438218362059851
-1.1103560878796439 0.91754918435343225 -0.27005831307790734
-1.1864559103073302 0.8991162339961134 -0.35553136430024435
-1.2736493224466234 0.88068840268677628 -0.42715185012610613
-1.3685090525481185 0.85989867956119093 -0.48409398174478174
-1.4685020248163478 0.83490692813822243 -0.5259696056677502
-1.5705490226768091 0.80466406085148012 -0.55206283680487389
-1.6714289024749784 0.76926864628246938 -0.56453426495886272
-1.7693240402744281 0.72824618056876034 -0.56374485678606978
-1.8620101916235141 0.68189124361795717 -0.55043128200391789
-1.9476891124815019 0.63079789023450528 -0.52657672843936543
-2.0257276692771566 0.57581328679910482 -0.49398286053360047
-2.094839642683751 0.51772711853821174 -0.45360502878761155
-2.1541657178538549 0.4569197164577346 -0.40681193734334103
-2.2050831990378663 0.39444464480045288 -0.35577459094556246
-2.2471076679488191 0.33084331175930909 -0.30126060562467333
-2.280362548233219 0.26685935241870867 -0.24429138826165184
-2.3052805040869147 0.20243527822494972 -0.18557477842568262
-2.3232101157983083 0.13753598979436052 -0.12566309035599291
-2.3339725346554978 0.0730672631737974 -0.065256006503691857
-2.337435061980881 0.0089251481912374642 -0.004598801852187728
-2.3341091124420044 -0.055502642651845374 0.056298149933229139
-2.3240600373198546 -0.12012591723571922 0.11679244543107814
-2.3074133094010194 -0.18414746016948591 0.17629461169249847
-2.2828104578651152 -0.24794450387525818 0.23471585212045604
-2.2502799868837937 -0.31187525270477828 0.29169465296457964
-2.2100941819492297 -0.37491105028577282 0.34643217310491048
-2.1612045856472579 -0.43687056545994246 0.39767199585822993
-2.1031699779801665 -0.49722409780314464 0.44448951149143906
-2.0359199167612823 -0.5552523548589865 0.48572809610152629
-1.9606339096528287 -0.61064641205522041 0.52015560915215231
-1.8768810666533096 -0.66185443615084427 0.5453390404095293
-1.7860059616883786 -0.70856591013357462 0.56023630621794263
-1.6897940274065131 -0.75036826272869339 0.56385843973650052
-1.5898221047669583 -0.7868904182986336 0.5546974696443886
-1.4884895782708651 -0.8177491770142995 0.53103490012235299
-1.3886827743743464 -0.8435404446300927 0.49264562200767748
-1.2923796733340358 -0.86517334220011932 0.43960655570326879
-1.2033118401582814 -0.88388941728424375 0.37065798061410543
-1.1251391283363381 -0.90218289193101486 0.28773905540098144
-1.0599252183907342 -0.9228103688197733 0.19391895521362204
-1.0079702009688252 -0.94876655515708941 0.093340809681733569
-0.96772075726670403 -0.98241840091380195 -0.009099201730562988
-0.93584894185594913 -1.0244762133444192 -0.11085274224827445
-0.91078289454771599 -1.0778702209298674 -0.2104210112481085
-0.8908908044172329 -1.1453277785157243 -0.30265564253422184
-0.87282610468504307 -1.225409980505505 -0.38241034371732546
-0.85394748755238148 -1.3147369052436617 -0.44821899406633059
-0.83201042206639675 -1.410844500815742 -0.49932499516105056
-0.80542267562567693 -1.5108526166541545 -0.53474012104847846
-0.77391643756203687 -1.6113573982371154 -0.5558581923012782
-0.73704604478053548 -1.7103231549913251 -0.56366627577280626
-0.69483141706687113 -1.8055328400715447 -0.55843943860952272
-0.64734201750750853 -1.8948339752501071 -0.5416074806319886
-0.59583359910937583 -1.977522293438595 -0.51543564368563688
-0.54048859475167932 -2.0520357084818959 -0.48065273465607161
-0.4822195466043615 -2.1175958204093646 -0.43840690708504715
-0.42161387162717168 -2.1744424447336663 -0.39089163016273487
-0.35932791695838551 -2.2230301178648433 -0.33926225997367776
-0.29642152737622418 -2.2626195613880133 -0.28433755585235532
-0.2324213774448057 -2.2936352565852265 -0.2271518198663337
-0.16769165059634775 -2.3176852098058114 -0.16794924814016396
-0.1030733692801826 -2.3343381214093326 -0.1077991323090054
-0.0383450966390457 -2.343589085512523 -0.04720005983244728
0.026704560845826869 -2.34573879328812 0.01418653678585202
0.092173911677158021 -2.3410264312615299 0.075695957231974684
0.15730699627065836 -2.3295307896759003 0.13675338410262719
0.22262796711111962 -2.3101369300172183 0.19679638949732206
0.28807753377035161 -2.2827586446942179 0.25577425642040746
0.35291614958660766 -2.2472074678006559 0.31314217790765186
0.41705878098734162 -2.2033251112517092 0.36757114012533382
0.47968433186944981 -2.1498184857422147 0.4179877220179995
0.54038337194655606 -2.086860634748033 0.46349071136308401
0.59851195694484938 -2.0152215647390368 0.50281884469212701
0.65300527626572868 -1.9346625395408779 0.53369323946037306
0.7031140792835362 -1.8463201535335614 0.5546566840848538
0.74816739891244421 -1.7516238654463967 0.56474329663697687
0.78829790134777245 -1.6522866152647975 0.56290199826472997
0.82227923037581208 -1.5504189558942894 0.54651799496062714
0.85080301059208097 -1.4489318361368284 0.51568052865353908
0.87466275277546668 -1.3501194414941071 0.47034194356650927
0.89462905001119541 -1.2568587742503314 0.40969200428876673
0.91268481435997029 -1.1731959437609807 0.33423273142689014
0.9313688585130252 -1.1017066298912652 0.24681618572395222
0.9535578417637105 -1.0434287260343102 0.15069067056141708
0.98219745737472153 -0.9983257867313784 0.050634631406253031
1.0180222514381922 -0.96262121975257942 -0.04952748161066893
1.0628817185534893 -0.93419766767269707 -0.14889244635086232
1.1199837040274414 -0.91197096950917111 -0.24442619285049647
1.1906985411194779 -0.89352459674612206 -0.33070614043123309
1.2726141166608655 -0.87576732908394228 -0.40483336792969549
1.3635416538262608 -0.85628802230351564 -0.46529472741296979
1.4606338034433166 -0.83295392269952617 -0.51053652404526606
1.5604944481723728 -0.80498830792505283 -0.54133128166000544
1.6607295279084671 -0.7719116511883346 -0.55833828468820401
1.7590225174203098 -0.73310030922571734 -0.56177421780816905
1.8529936677993633 -0.68884765670447701 -0.55232071056357901
1.9410520769141602 -0.6398176085193954 -0.53246673091875019
2.0219948317977554 -0.58644175956727196 -0.50306627417880312
2.0944107032281254 -0.52934462264057758 -0.46505138395752177
2.1580421413327557 -0.46925804168937518 -0.42037614287698888
2.2131820441095433 -0.40700612988311136 -0.37069723928296877
2.2591901699250401 -0.34319675157112522 -0.3170025906103881
2.2961257499700913 -0.27831333403202196 -0.25985584076606993
2.3251698388464925 -0.21241422328391119 -0.20061547080203507
2.3464204046939385 -0.14602021704174101 -0.13992051833671454
2.3585436403093114 -0.087300469415474619 -0.084282961968199316
2.359455834289327 -0.038409412248351635 -0.046740734808730311
2.3314954418561276 0.043052141156445518 -0.037815041777643887
2.2928137738754213 0.1391866652053293 -0.03556666012938757
2.2541321058947137 0.2353211892542168 -0.033318278481131183
2.2154504379140065 0.33145571330310419 -0.031069896832874803
2.1767687699332998 0.42759023735199148 -0.028821515184618424
2.1380871019525927 0.52372476140087865 -0.02657313353636204
2.0994054339718851 0.61985928544976576 -0.024324751888105657
2.0607237659911792 0.71599380949864977 -0.02207637023984935
2.0220420980104725 0.81212833354753688 -0.019827988591592963
1.9833604300297647 0.90826285759642444 -0.017579606943336584
1.9446787620490578 1.0043973816453116 -0.015331225295080204
1.9059970940683502 1.1005319056941989 -0.013082843646823817
1.8673154260876432 1.1966664297430862 -0.010834461998567434
1.8286337581069372 1.29280095379197 -0.0085860803503111267
1.7899520901262302 1.3889354778408571 -0.0063376987020547443
1.7512704221455229 1.4850700018897445 -0.0040893170537983593
1.7125887541648157 1.5812045259386318 -0.0018409354055419773
1.6753596454335373 1.6632825418700405 0.0071489257014650002
1.6403135927633614 1.7037204668393593 0.044954985963722854
1.5933128667538785 1.7385036819522934 0.10126292228930679
1.534734114077124 1.774152311057555 0.1629672493740037
1.4710497333334556 1.804232498370822 0.22337098384049464
1.4023767014537705 1.8282802363456503 0.28168457220039317
1.3281178536150056 1.8452295610832508 0.33772675593063906
1.2481812289993868 1.855234761048109 0.390247126760013
1.16379876233604 1.8580647701160076 0.43852344729329706
1.0746603403120683 1.8523383241889018 0.48080735000743013
0.9814764832099373 1.8382367508146116 0.51568415008274515
0.885562800933965 1.8157980513034508 0.54191117724667959
0.78801970007294331 1.7856868920415605 0.55843090083904245
0.69042317799081521 1.7475605379214096 0.56281198290144407
0.59428268698843112 1.7034041198901892 0.55445204242662138
0.50096350321061256 1.6544566440298771 0.53300966915360171
0.41222628879734946 1.6026923335722798 0.49659558757813749
0.32976551555347933 1.5508657553096572 0.44545498409137813
0.2543380968405885 1.5018241857052934 0.38022590992314631
0.18609574784203251 1.4587050667213075 0.30150237007308273
0.12603121364025446 1.4263090036105661 0.21076544488836635
0.071893114163819744 1.4064477811430036 0.11360780458401591
0.020730815621662013 1.398881082323614 0.013701571504395221
-0.030259796447164089 1.4030770582303398 -0.086804817410622584
-0.083752949037071006 1.4199624086005374 -0.18568473120194987
-0.14268951747808897 1.4496194239946496 -0.27909246128453835
-0.20941519433925745 1.490562981792213 -0.36292067941275669
-0.28466884081372335 1.5396575805306356 -0.43283475937636418
-0.36700243024963852 1.5920536545492727 -0.48788970969587714
-0.45560284221836145 1.6447845723451175 -0.52834270813124695
-0.54945943384631502 1.6953614356405575 -0.55364102140119309
-0.64661117846222715 1.7412009314306585 -0.56437525589287152
-0.74521013022668425 1.7808844377455917 -0.56230357867685909
-0.84390683929328436 1.8131947013658531 -0.54824511875900084
-0.94103125766187568 1.836962452919231 -0.52322192410729029
-1.0353351038710692 1.8521313382190698 -0.48923954980870255
-1.125757269201187 1.8592482402665027 -0.44787378813766687
-1.2111221287855083 1.8576958104677237 -0.40049480130556797
-1.2910678355261975 1.8480514375757422 -0.3483179618233016
-1.3658274133700905 1.8316294274753777 -0.29275770711201138
-1.4349683074141508 1.8087464383862772 -0.23491505251464703
-1.4981005634040441 1.7797574800287201 -0.17546551816459099
-1.5559378978291658 1.7450338770220799 -0.11494047035737139
-1.6089814946017902 1.7052850468570007 -0.053640698336972339
-1.6565570816031052 1.6610320244614432 0.0076370340675386084
-1.698729127586214 1.6116845227752454 0.068669128736617957
-1.7362114657014212 1.5571476744387716 0.12942282520700793
-1.7685728951215056 1.4978968721106876 0.18920227471487683
-1.7953047832908702 1.4340398377295536 0.24754317202616019
-1.8158208838861247 1.364595138965554 0.30394425400635888
-1.830029451127078 1.2897185877853092 0.3578829234655081
-1.837481801987825 1.2099727372256615 0.40822491148145212
-1.8373820857323917 1.1253997775469415 0.45383997200644188
-1.8288640358701991 1.0360677507416673 0.49330284442921929
-1.8123730262914779 0.94301610967788108 0.52525480090245769
-1.787929527113246 0.84748289842272362 0.54867878855973728
-1.7551436666987328 0.75048800800127391 0.56112284821631497
-1.7152586341663958 0.653620451684918 0.56168802082510672
-1.6695155152524643 0.5583442005066841 0.54954495064451703
-1.6193220910567985 0.46607043792986874 0.52345992600605828
-1.5670271430101146 0.37886412275321746 0.48210588408033761
-1.5152471721487264 0.29782902200294015 0.42615900247438093
-1.4666910937626667 0.223317050604769 0.35546612783448911
-1.4263276766319946 0.15686847779995849 0.27030164033263648
-1.3975921004906493 0.09782344043575758 0.17516331218927392
-1.3819400403602324 0.043752343684930681 0.074518180533657621
-1.3790275696213523 -0.0083526761033333452 -0.02799769477789419
-1.3888412099101717 -0.061223614706401752 -0.12996229756304961
-1.4116300287870296 -0.11778457119443492 -0.22852489685225216
-1.4473032298637434 -0.1810336257777852 -0.3194918536865719
-1.4931977250018116 -0.25259675208631721 -0.39742239786361444
-1.5443236758008871 -0.33131398780897975 -0.46050407663198561
-1.5971145426088014 -0.41645557226932134 -0.50875648592200218
-1.649018909618253 -0.50733754247843987 -0.54208624796636895
-1.6972589267346883 -0.60232995932827493 -0.55989022197301752
-1.7400237222120076 -0.69929103633042855 -0.56480329653932315
-1.7762466889970772 -0.79695360849176389 -0.55723592310449954
-1.8041820730575964 -0.89384584778484566 -0.53812342718776551
-1.8240891040200449 -0.98848192769873999 -0.50943221249479487
-1.8358075892355528 -1.0798636479252199 -0.47277074264577007
-1.8393088635467012 -1.1666777999938409 -0.42936280631114726
-1.8343983327079934 -1.2482510777219644 -0.38050234626500262
-1.8227030114940317 -1.3252311615050354 -0.32790765146922585
-1.8045822782004857 -1.3965849696007664 -0.27226113107758149
-1.7800523254016358 -1.4622630395351144 -0.21495320553127242
-1.7498187848772808 -1.5228675860528493 -0.15586252844353013
-1.7145629173586645 -1.5788087611313075 -0.095596501045312629
-1.6745494094404385 -1.6296945020684546 -0.035200398844119261
-1.6296271392558492 -1.675404217797789 0.025481858369580439
-1.5794873339657258 -1.7165989778037503 0.086209604612991167
-1.5243730565260964 -1.7529628489510922 0.14675164108282177
-1.4646036194766581 -1.7843538088007065 0.20617511471576724
-1.3992856987467246 -1.809898649477603 0.26401826823175217
-1.3281403423251086 -1.8291727446766115 0.32043485651585385
-1.2516455310808454 -1.842202222980116 0.3738871646707404
-1.1700427836553888 -1.8479835793252346 0.42353200247111122
-1.0830296710089395 -1.8454415692453034 0.46798361984495462
-0.99146526897418286 -1.8346925662601743 0.50583017967797927
-0.89646400210351473 -1.815750106607483 0.53595282074026662
-0.79902783011497858 -1.7882647911517655 0.55601701704305595
-0.7007346182040417 -1.752491653665921 0.5647672896420991
-0.60291332509336049 -1.7101021402489853 0.56132292461239786
-0.5071550156568887 -1.6619103833163531 0.54443815275591312
-0.41553099094036039 -1.6099835285362265 0.51221587597136498
-0.32955586024829964 -1.5570148575541392 0.46517311700661357
-0.24986590195781613 -1.5053110890498569 0.40326556752336989
-0.17790860908245773 -1.4590176959271799 0.32612377097945949
-0.11433777849685609 -1.4225458009267145 0.23649564596116859
-0.057633053627022174 -1.3986228772397222 0.13893219814214516
-0.0049784865275298573 -1.3876984218767232 0.03769655156709098
0.046494569235409872 -1.3895714934791272 -0.063951694556419303
0.099454219690124801 -1.4035113537364008 -0.16388778054164457
0.15707409237233255 -1.430353320969308 -0.25918525626691075
0.22194370885835163 -1.4692384320516065 -0.34472660735437849
0.29452010908294068 -1.516322511440128 -0.41673753180843065
0.37398988503022851 -1.5674248496222127 -0.47451846601078418
0.45996442732603704 -1.6196049038023355 -0.5178936857756522
0.55140913934566205 -1.6700366328904355 -0.54569760633611797
0.64597586821414932 -1.7164790371758516 -0.56002503661332337
0.74265957793198778 -1.7573224728898671 -0.56133244730987331
0.83982499025330026 -1.7911887677859073 -0.55034832480852591
0.93586405981767673 -1.8170342927689611 -0.52851292787832194
1.0297314629981908 -1.8349728162304324 -0.49782243087407235
1.120024124677599 -1.8447525776036995 -0.45925226157715199
1.2057975941778054 -1.8458830946323068 -0.41401385902597709
1.2870995603239068 -1.8396490059640658 -0.36400214785689616
1.363434778587802 -1.8263239104869426 -0.31016597716133482
1.4342427636645196 -1.806434134773546 -0.25359602476532045
1.4995293238110339 -1.7799694933394858 -0.19477467436750012
1.5603372409619305 -1.7478098358274676 -0.13439613168807504
1.6160038996485255 -1.71044493771322 -0.073138652657254166
1.6663068303431396 -1.667833236134362 -0.011363199849312049
1.7116599389349234 -1.6197157941165938 0.050806936977014064
1.7522348363693581 -1.5661413513970477 0.11279030879303546
1.7875701901851624 -1.5078762652975131 0.17396481082945486
1.8167366100797837 -1.4437967767084152 0.23399586496950978
1.8398641086892298 -1.3736569144525073 0.29237519393907258
1.856491284601284 -1.2983160438828136 0.34838898268042895
1.8658680283408398 -1.2175198341107583 0.40075621183784293
1.8671254245236202 -1.131344593589229 0.44825352939611018
1.8598031799161292 -1.0403716080323984 0.48970627437574593
1.8445183070274465 -0.94564313546544909 0.52383118657612604
1.8202322233273902 -0.84818731770984579 0.54839670676689067
1.7876631495618838 -0.74936662118344977 0.56214258639396975
1.7478340161346697 -0.65075253332622807 0.56408170987936657
1.7018825122189243 -0.55369172425059388 0.55308266676549755
1.6513395757989424 -0.46030887599064979 0.52728155220063255
1.5988634107097794 -0.37225154443467745 0.48678982862539028
1.5466918138186021 -0.29033332781233301 0.43191024467502503
1.4982689409248675 -0.21604119214361422 0.36201034449889724
1.4578461765260846 -0.15010992022661801 0.27910707620587227
1.4283684679520072 -0.09178190533118033 0.18670001922518895
1.4113975418845832 -0.038800896564086765 0.088632683886574304
1.4073978589706706 0.011613859999428863 -0.011069671316984359
1.4145028839480767 0.062161212989868278 -0.1101127739701464
1.4336828697153354 0.11573347130171328 -0.20701468732815476
1.4657599462443405 0.1754056607758378 -0.29752876380580789
1.5082810003140354 0.24303846860875275 -0.37668326723810819
1.5571439972520056 0.31817856797566135 -0.44272610302182769
1.609133907614043 0.40066800912405698 -0.49470650293615803
1.6611466322740611 0.48970096732655577 -0.53145733823269481
1.7104367277405823 0.58321989093859705 -0.5536721299080094
1.7550836630123294 0.67984233113827708 -0.56250267179671065
1.7935522080311985 0.77805404929001853 -0.55821918933714387
1.8239625796983323 0.87624244424659747 -0.54178433318440233
1.8467721066592551 0.97282473513397671 -0.51569177522357801
1.8609683112562463 1.0666315510381372 -0.48068294051495558
1.8665274864406183 1.15633527559445 -0.43793145437163361
1.8637682959807351 1.2414238163682243 -0.38945469746596445
1.8536764757729627 1.3218348517673049 -0.33663895146132816
1.8364199029116719 1.3962685354593602 -0.28031471522508189
1.8117910646967128 1.4650096173790328 -0.22158880937002165
1.7814271571367575 1.528963511724388 -0.16086180916293347
1.7455138005490454 1.5873497424383787 -0.099110262797463586
1.7184926309685702 1.6429168639279821 -0.080347308257756558
1.7254934894337055 1.5929789479410688 -0.040311173963624866
1.7642443720906202 1.4961759557360299 -0.036948149672834232
1.8030494628474172 1.4000956481370381 -0.034501823981379041
1.8418545536042115 1.3040153405380532 -0.032055498289924024
1.8806596443610055 1.2079350329390677 -0.029609172598469007
1.9194647351178025 1.1118547253400752 -0.027162846907013809
1.958269825874597 1.0157744177410903 -0.024716521215558795
1.9970749166313937 0.91969411014209834 -0.022270195524103614
2.035880007388188 0.823613802543113 -0.019823869832648586
2.074685098144982 0.72753349494412789 -0.017377544141193572
2.1134901889017788 0.63145318734513589 -0.014931218449738385
2.1522952796585728 0.53537287974615055 -0.012484892758283364
2.19110037041537 0.43929257214715867 -0.010038567066828173
2.229905461172164 0.34321226454817361 -0.0075922413753731618
2.2687105519289608 0.24713195694918169 -0.0051459156839179744
2.3075156426857548 0.1510516493501961 -0.002699589992462947
2.3463207334425493 0.054971341751210878 -0.00025326430100792866
