2.6880356458664267 0.0097372150636756 -0.098995594229146042
2.7285299192971313 0.097789276825151067 0.08541447142358094
2.7053953000664288 0.19782833874641151 0.16290269988265355
2.6681070397604443 0.29586828939586929 0.23781536937450579
2.6164102994561476 0.39069638918773536 0.30871220232793012
2.551785715352501 0.48043544907541441 0.37325422411532611
2.4761001740204334 0.56445808933929853 0.4306151022854614
2.3894470699306476 0.64262345671020471 0.47980965643871959
2.2933526412713197 0.7136541475833853 0.51916015128227655
2.1909785257215986 0.77699460242064355 0.54773200498923991
2.0838196110626717 0.83307968330003912 0.56523044893225638
1.9728264936275248 0.88142498357979471 0.57075991167752449
1.8612772255263841 0.92219603797963057 0.56370335929064153
1.7515477431505682 0.95626350151723449 0.5450430678772159
1.6451021577234093 0.98423070516407551 0.51434987373253149
1.5444841422904498 1.0068919502555924 0.47160839907879176
1.4521245400746918 1.025681876410123 0.418330212614066
1.3696317998394758 1.0422376953468402 0.35645327935412918
1.2995913421531469 1.0583519792519058 0.28738881621784845
1.2428980994931378 1.0761218064709059 0.21390900783449293
1.1963494388688474 1.0970427964793836 0.13936026139563951
1.1575211697238823 1.1220203844264856 0.064367470324403236
1.1243417304028511 1.1516777061922041 -0.011043790988621802
1.0960910780998385 1.1862012083034001 -0.086348281478817651
1.0724576126380894 1.2263261733798734 -0.16106006694689526
1.053035556862947 1.2741824428299404 -0.23539695731023513
1.0364945442609088 1.3344222230524796 -0.30746379441177663
1.0209528013768114 1.4078503860418701 -0.37450070355081133
1.004452963434284 1.4926204899352324 -0.43411532292681576
0.98535049499352212 1.5869653055517976 -0.48501843934398253
0.96179908693407401 1.6893175108646952 -0.52422900101036951
0.93247905766694805 1.7964793217365025 -0.55152267809041911
0.89726837296299988 1.9073834035447621 -0.56758813239219208
0.85443497160889981 2.0193859257706097 -0.57104168869180005
0.80405970375638747 2.1295040159307077 -0.56208909386788541
0.74595526288253444 2.2360463229537482 -0.5415371397879285
0.680132509595198 2.3383216508173046 -0.50987253730355231
0.60638135556396433 2.4324047281047028 -0.46691601394437771
0.52609693857605544 2.5161789427373931 -0.41518928446856807
0.43949862826101393 2.5900451497372523 -0.35483223194537805
0.34675465922777127 2.6515979846875486 -0.2872423445049529
0.24987909806972811 2.6989587315235921 -0.21445041603092399
0.15022162892689214 2.7322268044825506 -0.13772824258895949
0.047396491000883501 2.7512911290029796 -0.057857209797201686
-0.056477192315325858 2.754394645713762 0.023505277067042439
-0.15939164489066873 2.7422806990787731 0.1037542291103844
-0.26084492458918584 2.7153855497040822 0.182296002716755
-0.36048079903447816 2.6735294695678475 0.25781727228060047
-0.45603741077686755 2.6169607985780532 0.32832918624296087
-0.54586509118278859 2.5479592165761491 0.39221541977952484
-0.63051488650019327 2.4669109049743696 0.44841591040891576
-0.70830116890036265 2.3745427704639304 0.49562048015259175
-0.77831255832343382 2.2741532532049007 0.53204253867520024
-0.84068551290508176 2.1676252394309028 0.55733614667238329
-0.89534715580412072 2.0557469770038876 0.5705570960391928
-0.94166217543713737 1.9414309217515549 0.57062077027476621
-0.98036349124451883 1.8283021533951762 0.55862320849590497
-1.0124694068341038 1.7174690996412223 0.53402633747039541
-1.0380711246604748 1.6113189773087015 0.49659708075394604
-1.0589318214107173 1.5132798681838842 0.44775170431746314
-1.0765037050278106 1.4247565650360707 0.38961152709241104
-1.0923825982665512 1.3484756494982999 0.32341913945539047
-1.1086819388805713 1.2865486332653275 0.25204484723290088
-1.1271754716492 1.2369213484264541 0.1798024776368746
-1.1487887382697406 1.1965024794581245 0.10830706659514268
-1.1739988548365228 1.1622160818184519 0.037223776801469731
-1.2033003203136028 1.1324421004556258 -0.03417555353623411
-1.2362367005768715 1.106806661504274 -0.10548914150531473
-1.2737576723502309 1.0854987484536418 -0.17701863075451596
-1.3210650510035158 1.0680083060402821 -0.24956834711120454
-1.3822394146463539 1.0529025755055532 -0.32088373575747231
-1.4571567649247343 1.0383295558648504 -0.38741829163031261
-1.5440869684426735 1.0224943234955961 -0.44720566070003404
-1.641569713535606 1.0028398933611238 -0.49632977923145477
-1.7468075662484777 0.97827565757156276 -0.53375311232582023
-1.8577255831720616 0.94765021856485521 -0.55987592190753044
-1.9721510707863774 0.90981826777675057 -0.57332037207024211
-2.0869618924141493 0.86399100938164786 -0.57324201693460397
-2.1993031028884622 0.80989729027401025 -0.56062114127446572
-2.3090020030392346 0.74749722378206318 -0.53604867738462159
-2.411735107202726 0.6762948916232161 -0.49884826505609275
-2.5048119867832277 0.59779217117510219 -0.45114905266509342
-2.5877293793317957 0.51195412533630336 -0.39409479047458651
-2.6591854943153828 0.419255805265212 -0.3283833784966354
-2.7161733825901249 0.32113382857292588 -0.25567895888980824
-2.7581056901160128 0.21960706815283892 -0.17869655365742604
-2.7853672536608722 0.11447209127255323 -0.097626151463409472
-2.7961825956690247 0.00735846529269292 -0.014043362278517824
-2.7906767847863505 -0.099184709006280347 0.069219439550316217
-2.7695915550915617 -0.20459257603734954 0.15075698100390925
-2.7325135471290887 -0.30871799430501884 0.23036578097922958
-2.6794382180749716 -0.40868891730914408 0.30503159559356752
-2.6134430319293633 -0.50291528108706807 0.3728489496931312
-2.5341425231390153 -0.59176190335092027 0.43358528385737816
-2.4427413643214804 -0.67378958659455201 0.48480788518447981
-2.3423104901818155 -0.74763753958173251 0.52548990918819272
-2.2352841799290468 -0.81324359579262229 0.55460783863420571
-2.1222665276681933 -0.87098046119703332 0.57136503034718611
-2.0061091605308268 -0.9195018117533682 0.57460000730273797
-1.8912331167323448 -0.96021681864234831 0.56549109853880586
-1.778310461438565 -0.9934822584663292 0.54352084904796427
-1.670040979568673 -1.019985817302 0.50842265192686842
-1.5695510577639096 -1.040904233397435 0.46144023258112798
-1.4788164335393699 -1.0581525905290965 0.40491279500568417
-1.400136936972771 -1.0730782774210121 0.33983023519986155
-1.3362222373040016 -1.0878626453942859 0.26878765221180118
-1.2856543260425224 -1.1047685155540981 0.19656987986951535
-1.2456714420006803 -1.1246826600038211 0.12561955658067078
-1.2126054318504749 -1.1482657316159748 0.056450000010077495
-1.1832999839152119 -1.176327663233834 -0.013123596072464326
-1.1569024681157352 -1.2083278552024044 -0.083357114525078213
-1.1343532906088332 -1.2440959551370665 -0.15313263437051877
-1.1155190199239522 -1.2875916296065044 -0.22418959899147778
-1.0991344506617942 -1.3440454699750695 -0.29569489040717739
-1.0838106168787287 -1.4144890639316179 -0.36418891210916954
-1.0679155796841677 -1.4978667907756975 -0.42697952888278939
-1.0489207652979169 -1.5928375342623684 -0.48013657497669965
-1.0253685754206003 -1.6965872449175077 -0.52161637663877525
-0.99600418125247947 -1.8063923744818013 -0.55157040444787175
-0.9600359727562312 -1.9208816782442473 -0.56926613818179339
-0.91586622444419896 -2.0361692512576997 -0.57313622499004413
-0.8640031300823946 -2.1496346785404303 -0.56426878895243016
-0.80361348539865773 -2.2604928645168316 -0.54336093702769828
-0.73477607858703287 -2.3654533971137779 -0.5098714543912507
-0.65840136821137007 -2.4612529390326738 -0.46513536440331282
-0.57501373664607081 -2.5469493852858363 -0.41128599477601924
-0.48455649033939818 -2.6221406480145544 -0.34804295113608857
-0.38829441118070107 -2.6829599180356176 -0.27771637784736752
-0.28887574788651149 -2.7291445254172588 -0.20283421276448604
-0.18578745688480322 -2.7610235780581291 -0.12343811106114988
-0.080125417706977259 -2.7769939896050886 -0.041403959382440313
0.025220888967579097 -2.7768106766762339 0.04104903506838728
0.1294180923222546 -2.7614097089965366 0.12219022337348552
0.2325039743352755 -2.730473556708108 0.20168261964541401
0.33236448470708835 -2.6838821841996725 0.27675330374708573
0.42687853658839997 -2.6240513434952679 0.34614772795766735
0.5160408962241918 -2.5513946999705031 0.40879584514910611
0.59938776805170657 -2.4664922169888541 0.46304784948938083
0.67479764676875476 -2.3715458930311994 0.50750944364448769
0.74247392959008351 -2.2698707847034312 0.54133699098579435
0.80248119475260316 -2.1614841381968439 0.56356237744007498
0.85402347597536121 -2.0490946623614326 0.57301957382429658
0.89756691895440344 -1.9361124698699583 0.57048587203274603
0.93379393214970863 -1.8243264144649902 0.55588637953501452
0.96334002816640629 -1.715247324995461 0.52831805446437929
0.98643786368348352 -1.6119352827997735 0.48825563539583744
1.0057190590417548 -1.5168335795097905 0.43853758917911062
1.0217873824043702 -1.4313424025206003 0.37911538328670374
1.036498127974979 -1.358380849636488 0.31156952172554614
1.052338172594472 -1.2988043264774043 0.23938067487421524
1.0708862255514753 -1.2508050460082982 0.16592290705784343
1.0932692281303771 -1.2122432894370418 0.093060065819160862
1.120713081124822 -1.1794815751707717 0.019750881082601479
1.1530932850486049 -1.1499206776388691 -0.054591744874900414
1.190206074988249 -1.1245739021754459 -0.12834367141640082
1.2339545412254649 -1.1034123304053174 -0.20162072502819481
1.2888623404721411 -1.0854059217222838 -0.27429111101950182
1.3566361352702705 -1.0689920319243553 -0.34415686678613294
1.4367805959195656 -1.0526914525535307 -0.40841773621660132
1.5283266885581479 -1.0341446973945521 -0.46352809276535484
1.6283123530115877 -1.0116791448116433 -0.50765874247785603
1.7346025429160434 -0.98444316648950347 -0.54066490119543398
1.845428590512497 -0.95104857890002736 -0.5621245152458515
1.9577933270598127 -0.91051111150909914 -0.57031632070118654
2.069025712735443 -0.86273723233370125 -0.56608833956697191
2.1780199302296217 -0.80732183775888178 -0.55041372200281502
2.2825605049066717 -0.7439273343606474 -0.52281868210878091
2.3792398748380004 -0.67312751118089609 -0.48410293257519582
2.4670016350545327 -0.59575835022913504 -0.43595818557698357
2.5453342359879536 -0.51135220519258251 -0.37914700392273126
2.6112122640367699 -0.42120492183426034 -0.31438979054680499
2.6636279483312109 -0.3270528870123654 -0.24423480473400147
2.7026673459565251 -0.22915210499417804 -0.16975774425127274
2.7289972207912188 -0.11319375153499342 -0.081300418287842374
2.7023351334869989 0.043295658520324069 -0.024710210649387731
2.6418796722089337 0.16791903650391465 -0.036997114110120403
2.603199868966664 0.26405797308344037 -0.03492705237018795
2.5645200657243934 0.3601969096629688 -0.032856990630255455
2.5258402624821232 0.45633584624249707 -0.030786928890322956
2.4871604592398526 0.55247478282202578 -0.028716867150390447
2.448480655997582 0.64861371940155488 -0.026646805410457924
2.409800852755311 0.74475265598108353 -0.024576743670525408
2.3711210495130426 0.84089159256060841 -0.022506681930592982
2.332441246270772 0.93703052914013751 -0.020436620190660459
2.2937614430285009 1.0331694657196662 -0.01836655845072795
2.2550816397862303 1.1293084022991948 -0.016296496710795444
2.2164018365439597 1.2254473388787237 -0.014226434970862926
2.1777220333016891 1.3215862754582524 -0.01215637323093042
2.1390422300594198 1.4177252120377777 -0.010086311490997979
2.1003624268171497 1.5138641486173059 -0.0080162497510654698
2.0616826235748791 1.610003085196835 -0.0059461880111329503
2.0230028203326085 1.7061420217763634 -0.0038761262712004438
1.98145676431561 1.8312278514420235 -0.015898086584141213
1.9018080883027544 1.966497412617235 0.03085700679027335
1.8067500404479528 2.0403294724692529 0.12037530400164746
1.7155795936675704 2.0894975244535687 0.19704413539579682
1.616293447534412 2.1271003764139396 0.27023438187305865
1.5093646536350669 2.152364696450535 0.33889027112771486
1.3972788328536725 2.1644457659260397 0.40087768958758824
1.2822093416466331 2.1649531735190384 0.4545331554424818
1.163994072650413 2.1536698090371917 0.49992252628888034
1.0447816155885428 2.1308020469857483 0.53445594466876145
0.92724273548689007 2.0987526701054406 0.55781220726135261
0.81231245537127883 2.0584245646593575 0.56971366047769834
0.70062236360751495 2.0109694669135094 0.56934407503143059
0.5946722479622647 1.9580836454721191 0.5558631190166442
0.49546724561695143 1.9032093757112749 0.53088328378848315
0.40344410052615498 1.8471535124013101 0.49387466113761758
0.32008946972489188 1.7930496433469851 0.4447968811735834
0.24573346171250271 1.7435203409517053 0.38622164727382979
0.18033643961293616 1.70109451847098 0.32005742175157736
0.12396384497132219 1.6684345384128636 0.24884552927230211
0.075277050036261284 1.6467206153491307 0.17532353824928285
0.029952946549686832 1.6334868985195938 0.10180219226820617
-0.013970090892752196 1.6273291786680908 0.027930266155436135
-0.057088745834613458 1.6275058276140366 -0.045685134499305072
-0.099802351327762245 1.6343472322809418 -0.11876982761226101
-0.14411456910762707 1.6489317332854527 -0.1920780686866545
-0.19255530465979095 1.6727170798565318 -0.26549381836922192
-0.24881760488618868 1.7075483854034677 -0.33613644684569616
-0.31461358089521019 1.7520669201535184 -0.40058031946323486
-0.3894606244674127 1.8030254084032376 -0.45708800581126374
-0.47335292014024122 1.8581847610599762 -0.50397577354681089
-0.56607123241889257 1.9147373165218184 -0.53892763490801776
-0.66631817682194916 1.9700510476320729 -0.56164159804055414
-0.7733898212903505 2.0224965978303686 -0.57256418987028546
-0.88642135083689977 2.0699733163973559 -0.57078687136812334
-1.003269599859117 2.1093983840109343 -0.55631633617980913
-1.1223878568622319 2.1401441558323109 -0.53006986187245819
-1.2434451805112325 2.1612994497031908 -0.49244549822436118
-1.3636468318503165 2.1702638358543123 -0.44412966037021245
-1.4803791762022929 2.166710385193324 -0.38683241858697898
-1.5934393622279666 2.1506775409020089 -0.32177165521698625
-1.7014217769447135 2.1214218346767879 -0.2496765689201165
-1.8013867495876617 2.0786929057153469 -0.17285897640967582
-1.8922734566904387 2.0237531126097177 -0.093248422823474258
-1.9742744750951338 1.9565637458072216 -0.010850689742394599
-2.0448539563397383 1.8773169144510755 0.072002045532907122
-2.1031376265803199 1.7884090432072408 0.15261412439732377
-2.1493653141426674 1.6902850027072633 0.23055690436706294
-2.1826401016906729 1.5832986006137373 0.30472091414525015
-2.202086896433423 1.4699499193230505 0.37226547957572986
-2.2087523539855276 1.3526155886433189 0.43203268813271545
-2.2027178232153211 1.2314615714922255 0.48310716865981496
-2.1841829625572307 1.1084123630043425 0.52379632765595174
-2.1548619733634586 0.98651790193689082 0.55267438383812806
-2.1166938207170092 0.86710920222363441 0.56966250014930042
-2.0699381567010011 0.75074626511366516 0.57388416887275051
-2.0171661611956004 0.64019338329355979 0.56440554212826843
-1.9613871795927573 0.53681293839380784 0.54274101330915403
-1.90411377841078 0.44115202084102301 0.50861646607591549
-1.8480389445119805 0.35447298839096547 0.46218599460939919
-1.7961455524556034 0.27768678816743209 0.40520896276580948
-1.7510143299913823 0.21053356436757936 0.34062561166490801
-1.7158701474808979 0.15363851910279258 0.27045196173738439
-1.6922886051953683 0.10572191201255829 0.19833034008548053
-1.6778214725147027 0.062611490212015494 0.12758224213744992
-1.67028861299592 0.021487327819795565 0.057842753105773317
-1.6682741305017526 -0.019181603231472888 -0.011683238549191788
-1.6717091661381391 -0.059663004345698101 -0.081186434944278782
-1.6808929004304873 -0.10060250432825812 -0.15117909177513258
-1.6976739645158907 -0.14382997649461882 -0.22276093283857892
-1.7254599016033088 -0.19404556634924064 -0.29471948177107382
-1.7646029642178189 -0.25396420328251207 -0.36346441722664524
-1.8124105678658378 -0.32382171199854187 -0.42564005348631817
-1.8662136477053224 -0.40329947591025744 -0.4798594980681124
-1.9234697260830882 -0.49289933562367177 -0.52225803682543526
-1.9804551137907103 -0.59102912780783279 -0.55204437240596571
-2.0361375621695941 -0.6969159477427711 -0.56995125019046367
-2.0874155463647193 -0.80992882779278053 -0.574702068454225
-2.1316217680694489 -0.92761049908284576 -0.56607777587267094
-2.167169049234885 -1.0484340689403711 -0.5449302398049245
-2.1935705393884048 -1.1720027382212055 -0.5118689823282776
-2.2079088297952301 -1.2955417787700245 -0.466720462248566
-2.2093329308463061 -1.4159753240883761 -0.41229884295712715
-2.1982989200155822 -1.5331864046752191 -0.34888390103491995
-2.1734384904159478 -1.6458141181794326 -0.27789717156759336
-2.1347013883154258 -1.7504908155637158 -0.20158590673269386
-2.0834863178799217 -1.8460450742587708 -0.12164025268271204
-2.0194161084632145 -1.9327635143038011 -0.038835672665710662
-1.9429413377134104 -2.0081898216564311 0.045144508482901469
-1.8560938484757528 -2.0711968708154989 0.12745463714091457
-1.7601474745216903 -2.1216502831880262 0.20714027831976287
-1.654869623886668 -2.1595196786290947 0.28317395583064475
-1.5422879511797345 -2.1831546108905111 0.35340391908876118
-1.4258232168835452 -2.1935306038968441 0.41599619620475775
-1.3053603382321244 -2.1913399736130517 0.46989333551351586
-1.1824923458909866 -2.1760679920801165 0.51406690980064673
-1.060264873902397 -2.1496187633560444 0.5465283298176894
-0.94036884504333795 -2.1138920959433749 0.5672502036485515
-0.82340318753549624 -2.0693988138301873 0.57531951999555908
-0.71160512522938313 -2.0180237294840309 0.56998510607779951
-0.60691568515156835 -1.9629399115584609 0.55243758343397409
-0.50955763919987818 -1.9060522327068536 0.52257295756137889
-0.42089601079551053 -1.848974259592707 0.48008719167159214
-0.34189117390428392 -1.7954666904471124 0.42660164475752738
-0.27216071923273943 -1.7475523619816675 0.36492472081970168
-0.21237802167409273 -1.7082339022970234 0.29619416279734673
-0.16203782462523161 -1.6801899953481707 0.22359834619944069
-0.11791837523386764 -1.6626837199647875 0.1510951812895093
-0.076395248043213376 -1.6533533295763003 0.079741551144148451
-0.035246159845064684 -1.6503199551495611 0.0088154408169065241
0.0066540558060943222 -1.6533168706829249 -0.062547405049944257
0.049516562588805352 -1.6621159291486001 -0.13417400373779614
0.094318866473080964 -1.6779856750644482 -0.20596935168265232
0.14460955372231599 -1.7035496462181474 -0.27803557562946185
0.20371770552381838 -1.74008214943455 -0.34754780602666557
0.27242138515300518 -1.7857614176563563 -0.41104009075219899
0.35044224694758452 -1.8379242487731409 -0.46687395175493135
0.43817396636602135 -1.8936423717608626 -0.51124813734058328
0.53406935236684072 -1.9500921984740625 -0.54353146818801401
0.63745022783876604 -2.0050793586797648 -0.56397681465116301
0.74749296383684793 -2.0565328179966764 -0.57186667070155062
0.86251132513697626 -2.1017418785180482 -0.56648240329131683
0.98038613862571045 -2.1387396784783141 -0.54896006619954252
1.1009465220945729 -2.1672709286244709 -0.51988890413249111
1.2219121548307954 -2.1846430631179827 -0.47911368896669493
1.3404878033499759 -2.1901384991586541 -0.4286790038751328
1.4558310016115956 -2.1834609258177204 -0.36980774295710528
1.5673851278738073 -2.1643031052576598 -0.30325009604223213
1.6721667566188001 -2.1316052877458045 -0.23046201460574831
1.7684135791347422 -2.0867716586540856 -0.15425726118108626
1.8563775895938057 -2.029951095194503 -0.074872599691567329
1.9343706221707941 -1.9611165033635223 0.006425350195266106
2.0008542939353116 -1.8818305310039649 0.087046646471377401
2.0558466841232415 -1.7935118263718883 0.16542083623605261
2.0991027576726542 -1.6959176384915424 0.24155008934103597
2.1289547565961815 -1.5905615260301893 0.31277750182487973
2.1464460081248098 -1.4807067320649498 0.37736430181862657
2.1516312371690849 -1.3662408164647333 0.4350482571577155
2.1444474852481132 -1.2483280549536924 0.48385917299961634
2.1257853234698754 -1.1297049618320063 0.52269041407859207
2.0974434019521344 -1.0122089124333673 0.55075963920743787
2.0601252201141631 -0.89608916144154405 0.5673375234297684
2.014603951596762 -0.78359644259034344 0.57140802971904159
1.9642664182251919 -0.67654346562808443 0.563697473059246
1.9102054217450302 -0.57545921993040983 0.5440648573214687
1.8543323859339995 -0.48131725124273811 0.51202733221287489
1.7991979820271635 -0.39550394174706749 0.46811036431561892
1.7474817214022782 -0.31805126606271478 0.41457430167680054
1.7013857116847693 -0.2494637783018348 0.35206356651192161
1.6641832950451105 -0.19019145103609525 0.28227894324259134
1.6371997294202463 -0.13838005517672614 0.20894094328894861
1.6197720232282189 -0.091594313407046962 0.13445950625543909
1.6108201816339471 -0.047304505947915826 0.059906663833483823
1.6095252641355349 -0.0030333913971675869 -0.015476011960181514
1.6146282070724896 0.041916994374927505 -0.091249787987169012
1.6268527580438847 0.087510095485659176 -0.16607213569310628
1.6480967897290593 0.13628543914757402 -0.240252737732257
1.6799778105194152 0.1921210580164899 -0.31206634599303879
1.721387391302579 0.25631553452685002 -0.37878408888466819
1.7700840269916127 0.32905909537556094 -0.43831157666493492
1.8234974989982882 0.4108358437771657 -0.48789610274353107
1.8789451841890528 0.50088447067566699 -0.52586853692625435
1.9337487043736439 0.59816857803122114 -0.55242521892314511
1.9869018955670781 0.70227062974774146 -0.56749798537183527
2.0347311536941324 0.81200822693288655 -0.56951027690129175
2.0759559300908883 0.92517442418146523 -0.55958700507571546
2.1095916025494041 1.0417054416805704 -0.53847013466799676
2.1339224682261073 1.1598410613526617 -0.50585502823161932
2.1471680594035751 1.2770070945248022 -0.46263795451893647
2.1490306357420339 1.3919142532236091 -0.41094253559870886
2.1396104045285091 1.504690577333921 -0.35055185062584726
2.1167173045998302 1.6121240321267072 -0.28323918503111323
2.0818478904453692 1.7121929836661627 -0.21141770649985189
2.0351545436491723 1.8052554171534116 -0.13526922563925234
1.9475728293588728 1.8768937629391169 0.039724751504186778
2.0384505720066297 1.7170685016653058 -0.034259740752954328
2.0772976217300689 1.6226622134030368 -0.034210221890168896
2.1161022291899676 1.526571433632548 -0.032242496308197782
2.1549068366498636 1.4304806538620658 -0.030274770726226814
2.1937114441097592 1.3343898740915838 -0.02830704514425585
2.2325160515696574 1.2382990943210956 -0.026339319562284757
2.2713206590295538 1.1422083145506137 -0.024371593980313785
2.3101252664894525 1.0461175347801244 -0.022403868398342675
2.348929873949348 0.95002675500964262 -0.020436142816371704
2.3877344814092436 0.85393597523916065 -0.018468417234400739
2.4265390888691423 0.75784519546867202 -0.016500691652429636
2.4653436963290378 0.66175441569819049 -0.014532966070458678
2.5041483037889365 0.56566363592770186 -0.012565240488487573
2.5429529112488325 0.46957285615721955 -0.010597514906516598
2.5817575187087312 0.37348207638673087 -0.0086297893245454952
2.6205621261686263 0.27739129661624917 -0.006662063742574535
2.6593667336285227 0.1813005168457674 -0.0046943381606035705
