4.3217045662029845 0.029064235020952359 -0.062612298593220664
4.1847528839200274 0.71292780978396986 0.42671282521869569
3.7538616322511764 1.3107018477663104 0.82569363839147791
3.0964477943817115 1.7246755804564233 1.1168873085490199
2.3077142753810973 1.8921569659533599 1.2305101453457858
1.5270839296894523 1.8208899376945098 1.085596063816771
0.89154366333767565 1.657609853352676 0.64171508548633294
0.43690194805668686 1.6533250411866001 -0.013866921672604053
0.080358995192847796 1.9390339930771381 -0.66674172008746524
-0.34859661234269418 2.4414845716346449 -1.1006533332441808
-0.95688525459129159 2.9375276810532838 -1.2308046731637592
-1.701717213553068 3.2396754490889572 -1.0989601894124603
-2.4718512739202647 3.2597378735688651 -0.78599597839822188
-3.1561827815693291 2.9937172995619923 -0.37634994637360258
-3.6536360847085967 2.4902164998720102 0.084079812654960562
-3.894570345278666 1.8191975173189596 0.53583930536948488
-3.8450795132784861 1.0721728386379501 0.914632726382686
-3.511036929468947 0.35456083681310102 1.1579802630328848
-2.9588268851695463 -0.23690546460887035 1.2015238504757644
-2.3370737856100936 -0.67911546469765105 0.97425727317833455
-1.8169558197111699 -1.0389955653591647 0.48829247330873699
-1.4637077132714953 -1.4029955204072375 -0.13783527218206995
-1.1995751096911524 -1.9366855688827158 -0.68088617304844656
-1.0018162027358108 -2.5654748187714995 -1.1319736344817262
-0.77504325908241278 -3.2982474987207087 -1.3223859949567376
-0.36477624872468134 -3.9819103019810824 -1.1793034975412937
0.23333057430555451 -4.3865626306378624 -0.75356143709268919
0.88351266117752836 -4.3672433477121722 -0.20581588104724621
1.4533854173347933 -3.9669163550009734 0.27058518671586157
1.9045333634211503 -3.3425762221862398 0.58523200166026068
2.24800128525892 -2.6162637628093575 0.76956361967713782
2.4628713087896248 -1.829071045166663 0.81929434701687165
2.5189494139577664 -1.033524387353822 0.6658072830427556
2.4762810638150032 -0.30367576579871497 0.3097762464021433
2.4187411869448718 0.36597632090866483 -0.14869510504131234
2.4577311780455622 1.0956019455452202 -0.49781181606534614
2.4301485332035386 1.9010054533543868 -0.60699622056516633
2.1583588945841083 2.6706679279529371 -0.47763375784337136
1.608408256901706 3.2433899230814842 -0.21595221214535543
0.88829046017399693 3.5678256688131977 0.068775517114352855
0.10699415465779655 3.611459174535157 0.37173698163556085
-0.63244247635514794 3.297520041893196 0.59582032674942931
-1.2195612032165744 2.7239893740635299 0.61162119728108399
-1.6579768741763616 2.0790528484470592 0.38244415724667119
-2.0739048978203276 1.4909845941418169 0.0025887134797517386
-2.5247503944531235 0.9216388735351152 -0.36581940230649096
-3.0104169482503806 0.30613712326485976 -0.58130769461901455
-3.3865801504842459 -0.42320345920149199 -0.56466087618700012
-3.5362851056255562 -1.2207957978882547 -0.38362964479572559
-3.4901708999714418 -1.9955218291078685 -0.064724788488923643
-3.1142378199325327 -2.6130082464647155 0.37715177451300924
-2.4367265515601138 -2.920993054533743 0.77007405926980121
-1.6472730166397578 -2.9570063511634412 1.0294794979191764
-0.86355357545269951 -2.7761077298457533 1.1552921680696577
-0.16799194075056911 -2.4220650436478532 0.99448754618107826
0.37110507634578477 -2.0480745977168047 0.53849346145340882
0.81249065669972187 -1.7630371222919132 -0.078327290010968206
1.3503759266044322 -1.5793816812605699 -0.65013677645999335
2.023829643657308 -1.509034255115397 -1.0685067215582502
2.8008575753726133 -1.4745891493507941 -1.2215824591260835
3.5605966738369346 -1.247546177620015 -1.0487685100738644
4.1056085910305331 -0.76439627624067019 -0.64055992571319509
4.3255800056068239 -0.10486714653255708 -0.12978782617664
3.8733929251311716 0.60627614369059013 -0.070079644839908084
3.4297524037191738 1.2906637006372703 -0.019900085293811123
3.0227371541488171 1.9716642157600723 0.17909089046349666
2.4204220997225336 2.4822353308361516 0.45171042254303723
1.6344661796955007 2.6981920622984683 0.60109699624301549
0.82429760156245391 2.667901555681865 0.51656636868097094
0.075538267118116023 2.5879308799190697 0.20705433852506575
-0.64916610792256124 2.5139813513961484 -0.16437784730585478
-1.3932892179159657 2.4323797282525281 -0.48547125956287412
-2.1892022619854981 2.3000037206865724 -0.59583075030151167
-2.928507968709273 1.9493989993590521 -0.47121891215007267
-3.4553453491702899 1.3491946891157762 -0.21502687601723194
-3.7051305275192705 0.59698110372309621 0.069271568998309968
-3.6486036967304996 -0.19753732576549121 0.33831057659462282
-3.2845324246828937 -0.92571766560048685 0.5052067489851686
-2.7465810404203665 -1.539452594596654 0.43844292285530867
-2.1851563066213742 -2.0955717228629718 0.2150577721368683
-1.5649003831386485 -2.6007249483354431 0.010850806581584512
-0.87457703245259055 -2.9701753184021493 -0.25594223892236134
-0.14596271771336081 -3.2498734484576093 -0.51802380663002612
0.64290471777669578 -3.4283962623963435 -0.65332157211718112
1.4625697416260772 -3.4694114727257865 -0.5820411823060494
2.2409937888408211 -3.3200360765148389 -0.33043411229797442
2.8868737216911708 -2.9588790222846173 0.06354947110241374
3.3329589181674657 -2.4063549732018386 0.51640730106845134
3.4959004375757226 -1.7056018375163984 0.94799589144319818
3.3330443038923208 -0.95275420372470077 1.2507271284515786
2.8818000692046741 -0.2877807359178377 1.3350897077055133
2.270701725687287 0.17418629397538485 1.1382864318025612
1.7273571493069997 0.47002802239948716 0.64403365626542786
1.4478359426924743 0.76077783642174079 -0.04578912248367286
1.4574892194073914 1.2073717767781067 -0.70592814211767885
1.5601569434832367 1.8748556675802559 -1.1169875615172626
1.5228272204199347 2.6627382354953713 -1.232909299233542
1.2422493321791226 3.4167816831420446 -1.098036746193896
0.73217930853463442 3.9985859433902307 -0.7944328641214623
0.07669543864155956 4.3232733254351263 -0.38255622535654166
-0.6281417715685087 4.3519257943864051 0.079503190108609761
-1.2859674330952402 4.0809937775057357 0.53174521374730588
-1.8062549786180035 3.5458126707441289 0.91370351855783027
-2.1105855475118047 2.8166465416818816 1.1652958563610758
-2.1510128231331387 2.0067599422665179 1.2225639091643494
-1.9778769160106302 1.2566218208763875 1.0188263117956775
-1.7670869081366369 0.67902872690188942 0.5196442709448017
-1.7626124972199406 0.27250095880062297 -0.16397213020120363
-2.075354472247148 -0.085877867537758001 -0.79819057377665603
-2.5816188521446253 -0.54636479731447429 -1.1900087616635364
-3.0279952824446048 -1.2034707636002175 -1.2710483950854401
-3.2128913723979964 -1.9814693826987206 -1.08461087928612
-3.0760122129968552 -2.7180790193401876 -0.70899507463054268
-2.6296244727792573 -3.2762109255270331 -0.25700509774812963
-1.9532992197543493 -3.5857968832232654 0.1411238636139788
-1.1740072710504388 -3.6458094458712775 0.44281300069578677
-0.3888299211923899 -3.421479244225194 0.52451394997368606
0.33228464853047179 -3.0966040955995999 0.33255324627882138
1.0550783121298053 -2.7899974906169307 0.087817102517360815
1.7336438314762854 -2.3280426510023333 -0.017819062170687391
2.2862008858709202 -1.7236993684565296 -0.13325742110826838
2.7590586745406536 -1.0809912960748984 -0.33434364833652447
3.1778141126783157 -0.38514804180906348 -0.45278424327133049
3.4301762725518228 0.39470366230061726 -0.34259628567149536
3.3872286344166733 1.1925774686841573 -0.11460955504984079
3.1813713981724301 1.9796135561431791 -0.035564940223085491
2.9817520694339832 2.7817851917023408 -0.019798460268341634
2.6243489649789313 3.4494161802054948 0.18237009879970323
1.9371514741512759 3.6891036236125823 0.62907988931859316
1.1858741880966976 3.6327834311972178 0.99172114431034386
0.47401499450760676 3.2816035634567466 1.211443151682785
-0.095127319593402426 2.7135511727474131 1.1979561452921488
-0.47495730637574435 2.0901156626995787 0.88978094888716186
-0.74377264470564763 1.6250737998926883 0.30367436703770856
-1.1056195276645779 1.4354777654521065 -0.38188014194619818
-1.677429785355909 1.4371471477282316 -0.93041896616422681
-2.4212414688361745 1.4146225068243607 -1.2000236517419944
-3.1956326414976735 1.1889515415285845 -1.1948129998569945
-3.8492222740618107 0.73374386552936122 -0.97993302876474286
-4.2768468887792483 0.1105063774935732 -0.620128379033832
-4.4188904315759974 -0.58931073600642414 -0.1731457000450099
-4.2808396649380551 -1.2500203051375829 0.33651345426680007
-3.8408592780296211 -1.771481198928452 0.83484571131160246
-3.142387267647802 -2.0483795651860945 1.1899663459894558
-2.3442765488787267 -2.0384001346125542 1.2619771235715607
-1.6125137722890317 -1.9280971276474628 0.99710835347156868
-0.97367394095148119 -1.9673847607016763 0.51835489812303159
-0.42287569448719992 -2.0749268605362325 -0.066219016744276868
0.13430459968901939 -2.2737734555760971 -0.61726949209730231
0.84854587168705331 -2.4703657768454352 -0.93092979926503594
1.653112788629413 -2.5440747878499224 -0.9758051234926578
2.4595060773051327 -2.4553805680625866 -0.84290749817385446
3.1674127665374257 -2.1503617979418985 -0.52591874034165498
3.6103912525114574 -1.580192568770918 -0.089373451769067302
3.6653300188432465 -0.83797899200294823 0.30121222738028275
3.4433755472735923 -0.071751350654181367 0.53888072311046564
3.0228509036776781 0.62730120382695131 0.63115188046607296
2.4443260568429297 1.1871430403703693 0.50668975680196604
1.8720924155375571 1.6678075356034274 0.18342084810546777
1.3310849698589458 2.1409206806290069 -0.20313700746764712
0.79301396859981965 2.6574740423975491 -0.52510785798449255
0.16606691605003257 3.1665600360878319 -0.62774240411825855
-0.59012194208214708 3.4726377881042367 -0.49036693404563519
-1.3779171526584872 3.4325067541567753 -0.20673156548354074
-2.0746797336529581 3.0673667348738891 0.089454210441851909
-2.6136954232246778 2.4818619196528817 0.35632056088172054
-2.8787039462085855 1.7155114804116869 0.55496451023811733
-2.8530500292198604 0.89397035702096728 0.56738893229828169
-2.6805194506469303 0.13326183045286563 0.33750303274151627
-2.5272390629136146 -0.56190501046781183 -0.056558022457909918
-2.4206867920503941 -1.2550646457688115 -0.47355272408381388
-2.2401540518652876 -1.9979993164098129 -0.75217414459765897
-1.9794561491690135 -2.7632863327403858 -0.85409924635756385
-1.5987067578922447 -3.4861882085940525 -0.76546232619762777
-1.0448008796333754 -4.0264116375126413 -0.46026981975630465
-0.40484917858526287 -4.336108185977495 -0.0053402638733890733
0.24210079726867412 -4.2553476799477776 0.53823316594604009
0.7652581260785456 -3.7528464422875145 0.95329564731425409
1.0924014904771553 -3.0220505246981162 1.0807761070676911
1.3052831201004504 -2.2620696204743309 0.92736935077133398
1.4903638018298826 -1.5422314335885232 0.62075344206955629
1.6401283474538892 -0.95736381697233897 0.091591610183627797
1.9149488006362094 -0.55092963130177208 -0.54507425552300426
2.3860129220761084 -0.10300670189676994 -1.0051193573609853
2.9051449023017377 0.47532021324812668 -1.1856631803676243
3.2865346682749625 1.1890508112063074 -1.1163164256612603
3.4172684623118448 1.9644620491175662 -0.85961321661285306
3.2709455057084718 2.6903222095698145 -0.47447808630159671
2.9935462504126282 3.0579491817700424 -0.05853859465052208
3.3321510727488772 2.301756489406797 -0.069425457019034353
3.6613113971771178 1.5528004807175084 -0.057575653592159923
3.9904717216053704 0.80384447202819298 -0.045725850165285083
