24.2202248447602 -0.00314431597443782 -9.72115545788666e-07
24.161554407425 0.851892039379431 0.787428599302201
23.9857964340705 1.698689173707 1.56641263523732
23.6937081968458 2.52900392763222 2.32827660766455
23.2865526715356 3.33458547340602 3.06384385140903
22.7661494254321 4.10717993799256 3.76308439955248
22.1350442817671 4.83856725850589 4.41467617904392
21.3968885427595 5.52067718650417 5.00551366038678
20.5571184045814 6.14585750729211 5.52027011168356
19.6239800447181 6.70738599558572 5.94121538383236
18.6098254089671 7.20030719006187 6.24858988887571
17.5323898127683 7.62260428320745 6.42187934988603
16.4154896360212 7.97655611346708 6.44222474510609
15.2883868199438 8.26988862175096 6.29583370147903
14.1832096262369 8.51611280302124 5.97763851427128
13.130515295906 8.73346613006763 5.49384315994568
12.1541864185726 8.9423516151042 4.86195752231765
11.267653915238 9.16200503248867 4.10783904534959
10.473088047985 9.40775203228535 3.26079611585739
9.76369310444782 9.69001943800714 2.34882641663778
9.12770666906366 10.0153082868996 1.39573630847797
8.55225827098067 10.3883966458738 0.420638820099483
8.02586740875383 10.8147096945697 -0.560725368048307
7.53925480515259 11.3019659470637 -1.53370519232076
7.08472797706366 11.8604851594192 -2.48220159030173
6.6546651748064 12.5017676035999 -3.38647488622353
6.23977682361079 13.2352943504023 -4.2220328756823
5.82795257669395 14.0641871560355 -4.96045701046364
5.40442145204394 14.9812744453503 -5.57261443721835
4.95342309089621 15.9675158142867 -6.03356726123012
4.46076229579351 16.9939024260096 -6.32730758908121
3.9161143671675 18.0261790186413 -6.44931622621251
3.31419660010446 19.0303639147004 -6.40610752200927
2.65464438459886 19.9770465185373 -6.21242881581967
1.94102013429635 20.8435034891545 -5.88756568724085
1.17954051257279 21.6138172530126 -5.45204417791382
0.377945454934888 22.2777722500683 -4.92538688187493
-0.455310784616391 22.8293285745307 -4.32498629604856
-1.31154476100558 23.265209858776 -3.66583152980408
-2.1820861588119 23.5838464125108 -2.96074334972988
-3.05837221521317 23.7847054318848 -2.22082948872281
-3.93196959660482 23.8679338102137 -1.45597299697378
-4.79457080334215 23.8342076864764 -0.675259342481775
-5.63798757374657 23.6846926619635 0.112684930412136
-6.45414715161807 23.4210452989881 0.899427819143191
-7.2350891671893 23.0454169517764 1.67650567577797
-7.97296067193802 22.560450158933 2.43519049022442
-8.66001423110153 21.9692851000074 3.16620729209952
-9.28862904867411 21.2756193581349 3.85937026646785
-9.85139763908026 20.4838868514701 4.50313294107366
-10.341347978629 19.5996348405725 5.0840959876336
-10.7523952574104 18.6301674039928 5.58659117342871
-11.0801208255371 17.5854675428374 5.9925582007533
-11.322929709765 16.479283822573 6.28202662835701
-11.4835076057156 15.3300650637176 6.4345438577977
-11.5702679934846 14.1611993185918 6.4317486057602
-11.5982038502118 12.9999111732727 6.26088008070755
-11.5884125290054 11.8744229335463 5.91837031450547
-11.5658132622871 10.80972446307 5.41210756865202
-11.5553571253727 9.82326527925811 4.7610391441996
-11.5780099356405 8.92235565799573 3.99183627366127
-11.6481955367351 8.10441007783489 3.13388181959482
-11.7737077703236 7.35968434305238 2.21469462661764
-11.957798227496 6.67499023508493 1.25738968962259
-12.2022372304686 6.03680950605094 0.280485901027257
-12.5100727963389 5.43298110960846 -0.700584065401423
-12.8872101169732 4.85293857656578 -1.67111624006682
-13.3423156877754 4.28693269886354 -2.61460954446453
-13.8848216175022 3.72485305993301 -3.51067732030756
-14.5212091403808 3.15532626258966 -4.33416120601931
-15.2504994767571 2.56571630626231 -5.0562903709476
-16.0607195865759 1.94332321659051 -5.64821062024723
-16.9282314297109 1.27743825566087 -6.08600200624484
-17.8206354797176 0.561338825013752 -6.35521000790181
-18.702107817471 -0.206690618673487 -6.45298739376217
-19.5389327123871 -1.02361753830917 -6.38723374754991
-20.3033535121642 -1.88283003642378 -6.17357314907638
-20.9750889406998 -2.77557603587664 -5.83164959990945
-21.5409434207658 -3.69217974036849 -5.38195563309505
-21.9933860341854 -4.62283613796563 -4.84375493699862
-22.3288844207565 -5.55801016246662 -4.23409787892982
-22.5464701359386 -6.4885652662067 -3.56764160049678
-22.6467157393391 -7.40575111334473 -2.8569319541805
-22.6311132980271 -8.30114387933539 -2.11287260044493
-22.5017577806807 -9.16659040158187 -1.34520851213188
-22.2612221104404 -9.99417461606051 -0.562940885920083
-21.9125289758555 -10.7762046951922 0.225346366128577
-21.4591550169986 -11.5052104959373 1.01123022243296
-20.9050342089144 -12.1739409246024 1.7862242404652
-20.2545552337369 -12.7753581104518 2.54154121625441
-19.5125721196732 -13.3026395374107 3.26780046048546
-18.6844686588475 -13.7492207260343 3.95465106401602
-17.7763331418379 -14.1089388037529 4.59031191892764
-16.795304264819 -14.3763666281902 5.16108104708709
-15.7501289075737 -14.5474456699966 5.65094566833122
-14.651909598583 -14.6205098709438 6.0415245661203
-13.5148978509789 -14.5977072868175 6.31266519287788
-12.3570160189245 -14.4866382598874 6.44402943526874
-11.199628676886 -14.3017432122448 6.41782679118734
-10.0660803796397 -14.0646937114668 6.22240386326574
-8.9788510427412 -13.8030081880376 5.85574108017976
-7.95588783584258 -13.5466094935134 5.32740348496211
-7.00741075832533 -13.3230744305314 4.6577054613507
-6.13460589062764 -13.1533269940643 3.87402585498163
-5.33076431082617 -13.0496032537261 3.00572576753559
-4.58413109879144 -13.0163790138438 2.07979296062289
-3.88101119409413 -13.0534489099185 1.11864841326169
-3.20794777897063 -13.1595919742375 0.14024920559919
-2.55256614810529 -13.3354656078783 -0.840230788513007
-1.90332829630337 -13.5849482734805 -1.80798220625663
-1.24876052443967 -13.9145939334007 -2.74605804910917
-0.576806224420317 -14.3311600988987 -3.63340504112142
0.125091598265785 -14.8376181767629 -4.44422158804177
0.868828966374114 -15.428809867086 -5.14945807673501
1.66359805120876 -16.088602726041 -5.72064496473364
2.51379348111049 -16.7902023738575 -6.13497621428682
3.41790557167598 -17.4998526393617 -6.37959543850535
4.3689285381744 -18.1823931890532 -6.453308187266
5.35597111170823 -18.8064133853693 -6.36533491113178
6.36625660420385 -19.347413146517 -6.13209872012352
7.38678500628436 -19.7886544101807 -5.77353641474685
8.40533370155693 -20.1203245813893 -5.31006469476581
9.41083854087499 -20.3379130888775 -4.760668785152
10.3933688716637 -20.4405201018194 -4.14205384887725
11.3439187878108 -20.4294875173696 -3.46855127701233
12.2541699045411 -20.3074664387774 -2.75244186532387
13.1163044360364 -20.0778740838984 -2.00443520115546
13.9228904813857 -19.7446302273241 -1.23414667493895
14.6668290070612 -19.3120606066964 -0.450499840566659
15.3413389133777 -18.7848794338782 0.337958855640262
15.939956266593 -18.1681951189526 1.12281087249095
16.4565317190825 -17.4675131541839 1.89554220203117
16.8852243165411 -16.6887350194271 2.64730052352173
17.220510129603 -15.838172001142 3.36859174397229
17.4572506402438 -14.9226079936005 4.04889039147894
17.5908968074138 -13.9494535436166 4.67617049534095
17.6179331804535 -12.927028712326 5.23641908346175
17.5366758249816 -11.8649844728502 5.71327709894086
17.348499137666 -10.7748088488771 6.08805399460126
17.0594416825771 -9.67025878046998 6.340447148747
16.6819028910916 -8.56743099326572 6.45028913934712
16.235822259779 -7.48410445084391 6.40043510505889
15.7484849504309 -6.43807828470891 6.18041299365164
15.2522123092067 -5.44460529093012 5.78979375889019
14.7799300035421 -4.51361607195545 5.23980238843298
14.3598108071788 -3.64786299908753 4.55204251271141
14.011083764823 -2.8428906268992 3.7544929739865
13.7427815922553 -2.08881444449443 2.87640168476012
13.555684484763 -1.37293218392261 1.94418047365904
13.4461749495705 -0.68195162440087 0.97955979093569
13.4102162887382 -0.00312781550623108 -2.93309327419235e-05
13.4461392757031 0.675693551363488 -0.979621415057312
13.5556211720594 1.36666776879747 -1.94424967769981
13.7427038308116 2.08254224402707 -2.87647967680299
14.0110054048968 2.83661184266169 -3.75457689309212
14.3597423631927 3.64158026262866 -4.55212662900554
14.7798769415719 4.50733170723214 -5.23988045400186
15.2521756241725 5.43832038050242 -5.78986097061158
15.7484625405005 6.43179294460162 -6.18046677389313
16.2358102985119 7.4778184797471 -6.40047518010304
16.6818973726778 8.5611441976639 -6.45031717811215
17.0594396095831 9.6639710686117 -6.34046584305929
17.3484987348542 10.7685202816382 -6.08806608327654
17.5366761751278 11.8586952572385 -5.71328484900995
17.6179338566263 12.9207391311484 -5.23642416717632
17.5908976445487 13.9431638737828 -4.67617404361359
17.4572515999963 14.9163184540187 -4.04889310990273
17.220511222789 15.8318827359064 -3.36859404014117
16.8852255659615 16.6824461044632 -2.64730261646445
16.4565331476543 17.4612246144502 -1.89554420200728
15.9399578974291 18.1619069475747 -1.12281283239615
15.3413407727546 18.7785916086039 -0.337960801145632
14.6668311254912 19.3057731015874 0.450497894054807
13.9228928908111 19.7383430189222 1.23414471128844
13.1163071625434 20.0715871518133 2.00443319206856
12.2541729565679 20.3011797614445 2.75243975196159
11.343922140218 20.4232010654046 3.46854893732203
10.3933724467844 20.4342338346784 4.14205104249973
9.41084218934687 20.331626965445 4.76066506924374
8.40533718891652 20.1140386000219 5.31005931090407
7.38678801491641 19.7823686958986 5.77352816102121
6.36625875689561 19.3411281056663 6.13208584018792
5.35597199815792 18.800129964417 6.36531505654576
4.36892769155291 18.1761132641094 6.45327858202878
3.4179023923151 17.4935793323587 6.37955347022069
2.51378726034295 16.7839396998534 6.13492044605647
1.66358815249674 16.0823543053733 5.72057599019426
0.868814796010533 15.4225773509703 5.14937880536565
0.125072267415216 14.8313997708028 4.4441371030447
-0.57683173174406 14.3249492200786 3.63332166154375
-1.24879219792614 13.9083791374572 2.74598122761569
-1.90336386093051 13.5787156819527 1.80791425412761
-2.55260098012951 13.3292032373329 0.840169928149095
-3.20797627110212 13.1532939198618 -0.140307930208625
-3.88102887689141 13.0471174444053 -1.11871089910106
-4.58413645073945 13.0100237206438 -2.07986344245196
-5.33075933714639 13.0432375970226 -3.00580486958639
-6.13459508163618 13.1469638770183 -3.87411019235242
-7.00739892344537 13.3167228426059 -4.65778907795959
-7.95587815142649 13.5402735872497 -5.32748024561432
-8.97884449685438 13.7966882176373 -5.85580647641458
-10.0660764648683 14.058387295431 -6.22245565043777
-11.1996263084207 14.2954465476618 -6.41786500874457
-12.3570141474914 14.4803475717035 -6.44405596426007
-13.5148957798252 14.5914198472698 -6.3126827836298
-14.651907047754 14.6142240760664 -6.04153590994669
-15.7501259102829 14.5411606628641 -5.65095294875697
-16.7953010162398 14.3700819762142 -5.1610858535266
-17.7763298748843 14.1026543098933 -4.59031531374187
-18.6844655706784 13.7429363169028 -3.95465370261596
-19.512569343646 13.2963551969816 -3.2678027174673
-20.2545528407831 12.769073846268 -2.54154329094108
-20.9050322228909 12.167656754602 -1.7862262323593
-21.4591534333792 11.4989264451473 -1.01123217908814
-21.9125277778407 10.7699207950327 -0.22534831092341
-22.2612212797446 9.9878909024923 0.562938938091355
-22.5017573019935 9.16030691057201 1.34520654418836
-22.6311131570775 8.29486063915803 2.11287058109942
-22.646715915462 7.39946813354187 2.8569298179979
-22.5464705919566 6.48228252301891 3.56763921251925
-22.3288850966309 5.5517275805789 4.23409497575125
-21.9933868562421 4.61655356911399 4.84375103819515
-21.5409443435986 3.68589694161505 5.38194992475056
-20.9750900412894 2.7692926531877 5.83164080676737
-20.3033551582061 1.87654559296291 6.17355942973518
-19.5389358380813 1.01733139506217 6.38721267507323
-18.7021143072058 0.200401852019404 6.45295616688228
-17.8206484072646 -0.567631554178627 6.35516611549587
-16.9282545892816 -1.28373654171994 6.08594426177533
-16.0607561871105 -1.94962842589273 5.64813994239561
-15.2505505995443 -2.57202931668118 5.05620999892021
-14.5212722287331 -3.16164745613209 4.33407648506549
-13.8848893180516 -3.73118174006681 3.51059459574169
-13.3423763609887 -4.29326592769416 2.61453394239434
-12.887250804684 -4.85927068684651 1.67104950192038
-12.5100835280959 -5.43930482408395 0.700523863706925
-12.2022145685306 -6.04311831744893 -0.280544813293675
-11.9577464467731 -6.6812808739548 -1.25745312707451
-11.7736372291502 -7.36595813132672 -2.21476639974785
-11.6481189986689 -8.11067245236726 -3.13396195998925
-11.5779385454547 -8.9286139634175 -3.9919209033558
-11.555297931593 -9.8295259159062 -4.76112213277711
-11.5657690560203 -10.8159910012848 -5.41218293154731
-11.5883829614065 -11.8806960277159 -5.91843384942911
-11.5981864662888 -13.0061896059012 -6.26092987627965
-11.5702592486848 -14.1674811425599 -6.43178500602555
-11.4835041512725 -15.3363484766034 -6.43456893479953
-11.3229291979033 -16.4855676362545 -6.28204317116664
-11.0801218713233 -17.5917512088155 -5.9925688443864
-10.7523970856557 -18.6364508125237 -5.58659801651881
-10.3413501632809 -19.6059181067999 -5.08410053827032
-9.85139995929423 -20.4901701620353 -4.50313619559063
-9.28863140195772 -21.2819028833894 -3.85937283271273
-8.6600165789677 -21.9755689582335 -3.16620951383892
-7.97296300960907 -22.5667344137613 -2.43519254860929
-7.2350915090652 -23.0517016256461 -1.67650766051739
-6.4541495246234 -23.4273303906998 -0.899429773001916
-5.63799001320915 -23.6909781615995 -0.11268687478475
-4.79457334866338 -23.8404935845856 0.675257393005686
-3.93197228562803 -23.8742201001507 1.45597102413003
-3.0583750768856 -23.790992105257 2.22082745784026
-2.18208920373558 -23.590133448761 2.96074118806936
-1.31154796896832 -23.2714972119931 3.66582908831143
-0.455314087403516 -22.8356161644135 4.324983286462
0.377942197522963 -22.2840599695293 4.92538278378624
1.17953754424346 -21.6201050103735 5.45203811924696
1.94101784015459 -20.8497913053766 5.88755631716308
2.65464334378094 -19.9833347012059 6.212414207255
3.31419769835317 -19.036653333681 6.40608517337053
3.91611901399138 -18.0324714545534 6.44928332453198
4.4607725703534 -17.0002007154475 6.32726174695145
4.95344139293124 -15.9738233109811 6.03350755902526
5.4044497170654 -14.9875937827959 5.57254212236974
5.8279917411806 -14.0705187912452 4.96037564859873
6.23982645499711 -13.2416351074509 4.22194805230196
6.65472255956358 -12.5081098407231 3.38639292527901
7.08478718392548 -11.8668178589228 2.48212724441074
7.53930713164725 -11.308277965734 1.53363961858452
8.02590365945339 -10.8209936826582 0.56066571380177
8.5522718983801 -10.3946516959524 -0.420698043201213
9.12769626193521 -10.0215401625058 -1.3958007784781
9.76366303604662 -9.69623837962363 -2.34889948200033
10.4730468863748 -9.4139691735881 -3.26087721244741
11.2676112258839 -9.16822912128364 -4.10792383785497
12.1541495452005 -8.94858754187617 -4.8620397579351
13.1304877842536 -8.73971541007095 -5.49391703870374
14.1831916238316 -8.52237467934378 -5.97770014890314
15.2883763782267 -8.27616078888582 -6.29588151330897
16.4154840321812 -7.9828355055532 -6.44225937224923
17.5323866385963 -7.62888813327395 -6.42190303334482
18.6098231138215 -7.20659360239038 -6.24860543809191
19.6239778847935 -6.71367383081079 -5.94122537014539
20.5571161572636 -6.1521460850838 -5.52027654806652
21.3968862511196 -5.52696609725505 -5.0055179753384
22.1350420849779 -4.84485626581858 -4.41467930545522
22.7661474633246 -4.11346891695696 -3.76308690028685
23.2865510442604 -3.3408743680542 -3.06384604148482
23.693706959391 -2.53529272396899 -2.3282786515055
23.9857956076521 -1.70497788380735 -1.56641461365329
24.1615539951896 -0.858180691617126 -0.787430550777525

23.1394791040618 7.16710942733212 -1.23899664129304e-12
22.8313885232578 7.96686590240211 0.787429619379295
22.4138408707733 8.72423709434237 1.56641372775348
21.8899895146897 9.4315692939696 2.32827783505973
21.2634733352208 10.0813505206559 3.06384535200033
20.5384639770531 10.6662299267652 3.7630864421647
19.7198170945353 11.1791030026923 4.41467922974355
18.8134005109218 11.6133341736987 5.00551844895026
17.8266643658953 11.9632133306299 5.52027767379203
16.7694697438835 12.2247471706469 5.94122704472387
15.6550802546634 12.3968407373375 6.24860715617175
14.501037491681 12.4827938293825 6.42190368613202
13.3294278369494 12.4918034034092 6.44225714680654
12.1659359652159 12.4398769420551 6.29587404375719
11.0372807734028 12.3493959625358 5.97768504544881
9.96728720755029 12.2467968303979 5.49389276169275
8.97276408311019 12.1586183792659 4.86200652619176
8.06087701267262 12.1072030026827 4.10788403747884
7.22918318070895 12.1078368468333 3.26083487133762
6.46811463382265 12.1684807343649 2.34885887419519
5.76451298186916 12.2918778749222 1.39576478866847
5.10466831083645 12.4787961925007 0.420667082956508
4.47600895851161 12.7310307459943 -0.56069376630372
3.86739234995053 13.0532178667571 -1.5336684540502
3.26842714422474 13.4529498216045 -2.48216051001662
2.66844260722161 13.9389707955415 -3.38643263364327
2.05576941157818 14.517606076904 -4.22199379332002
1.41791637515637 15.1882732828541 -4.96042496154759
0.742882830732569 15.9397687052773 -5.57259150632861
0.0212203480435782 16.7492536297733 -6.03355337314292
-0.752085847103592 17.5848234875245 -6.3273010226774
-1.57680541302491 18.4107003861742 -6.44931454770875
-2.44797037193845 19.1928539723077 -6.40610842166343
-3.35726027462747 19.9030719246288 -6.21243057962988
-4.29457310927002 20.5206900713934 -5.88756730264339
-5.24927655160745 21.0323303578413 -5.45204521006732
-6.2109634013327 21.430512591349 -4.92538726798493
-7.16977469993599 21.7119573109953 -4.32498615525822
-8.11644706620801 21.8760933361127 -3.66583103031941
-9.0422327233712 21.9239764078084 -2.96074263690268
-9.9387922943994 21.8576213294682 -2.22082865978793
-10.7981104206558 21.6796542180404 -1.4559721036904
-11.6124479817109 21.3931698182418 -0.675258405282533
-12.3743240701082 21.0016954486362 0.112685908659049
-13.0765128708341 20.5091935454827 0.899428847489941
-13.7120418127218 19.9200662480741 1.67650678246486
-14.27418575939 19.2391534147006 2.43519174580162
-14.7564670821478 18.4717393494413 3.1662088498246
-15.1526934452752 17.6236036735154 3.85937241908275
-15.4570933405094 16.7011667471533 4.50313618849404
-15.6646394567937 15.7117844315699 5.08410110171933
-15.7716699929243 14.6642298049341 5.58659923404574
-15.7769047730219 13.5693446925654 5.99257056818648
-15.6828716363251 12.4407368567975 6.28204482109037
-15.4975742163976 11.2952437476989 6.43456930349951
-15.235945298419 10.1527343962683 6.43178218447154
-14.9203361560433 9.03480473588905 6.2609214532716
-14.579226624828 7.96220494654307 5.918417497524
-14.2437972578038 6.95146995487135 5.41215731205977
-13.9430368913144 6.01192013331982 4.76108776775409
-13.6991371367798 5.14436186378281 3.99188046961128
-13.5251205392571 4.34207312974886 3.13391962045638
-13.425562324163 3.59344435023151 2.21472632517395
-13.3996795041423 2.8849128906502 1.25741789419547
-13.4451741876701 2.20303748628329 0.280514449540298
-13.5613690153415 1.53529823415578 -0.700551784015627
-13.7507884869473 0.869858161218053 -1.67107876993486
-14.0188395963013 0.194848306417625 -2.61456805853636
-14.3715575410099 -0.502170958283472 -3.51063524785659
-14.8117873809785 -1.23397696032268 -4.33412292284545
-15.3348735188898 -2.01235561714342 -5.05625954805174
-15.9256342446238 -2.84591410896181 -5.6481890329884
-16.5583260394109 -3.73791875874482 -6.08598929673904
-17.2000065500808 -4.68524415203859 -6.35520429353755
-17.8159363765462 -5.67897056363127 -6.4529862142883
-18.3747902721627 -6.70626226481455 -6.38723485895574
-18.8519928219148 -7.75261954897829 -6.17357493819622
-19.230743186178 -8.80370103197712 -5.83165114762767
-19.5012840233732 -9.84637125943513 -5.38195657072121
-19.659309220708 -10.8690410499757 -4.84375523826037
-19.7042540297981 -11.8615578042722 -4.23409767661028
-19.6378861989084 -12.8149054707759 -3.56764106265409
-19.4633321173604 -13.7208912607952 -2.85693121998721
-19.1845005377417 -14.5719054056065 -2.11287176005131
-18.8057965185014 -15.3607744698468 -1.34520761185744
-18.3320119413337 -16.0806924573548 -0.56293994296794
-17.7683023812366 -16.7252002194987 0.225347350678977
-17.1201918682516 -17.2881842570466 1.01123125958524
-16.3935769011542 -17.7638752025641 1.78622536269304
-15.594725653095 -18.1468414762473 2.54154250304365
-14.7302875058313 -18.4319944491448 3.26780208120105
-13.8073420191251 -18.6146481965511 3.95465333672046
-12.8335235774016 -18.6907081622707 4.59031537875078
-11.8172534375111 -18.6570923552729 5.16108650876998
-10.7680861738457 -18.5125004852057 5.65095425541505
-9.69712214415871 -18.2586126354748 6.0415376714787
-8.61734655365462 -17.9016815962773 6.31268434091883
-7.54364530997647 -17.4542521016816 6.44405600961188
-6.49217755169318 -16.9364197220877 6.41786154088682
-5.47886304459174 -16.3757741207317 6.22244622488942
-4.51707176230979 -15.8052385973519 5.85578884715543
-3.61513339989416 -15.2586993078328 5.32745329371783
-2.77468542379302 -14.7655232534459 4.6577536354391
-1.99069385232434 -14.3460569303553 3.87406921283833
-1.25314086096151 -14.0100166852996 3.00576261961188
-0.54947346774652 -13.7582138511305 2.0798239553843
0.133335621942427 -13.5864119443196 1.11867642353773
0.807785973432234 -13.4894723530069 0.140278111539224
1.48589561915089 -13.4643704605771 -0.840197796552104
2.17983159284609 -13.5114083504764 -1.80794402885381
2.90248793337875 -13.6334668853163 -2.74601622985696
3.6673763129308 -13.8334525275407 -3.63336324106371
4.4873716366407 -14.1105078199317 -4.44418418108905
5.37232182760594 -14.4562012240549 -5.14942851645938
6.32625670847652 -14.8524098843714 -5.72062471266049
7.34547875704149 -15.2722348373647 -6.13496464324547
8.41859587987933 -15.6838636196717 -6.37959052459837
9.52854972153798 -16.0557615625552 -6.45330746034451
10.6556741073012 -16.3611226024812 -6.36533620129608
11.7805381526047 -16.5803004424855 -6.13210051606594
12.8857855968741 -16.7011322325479 -5.77353788762113
13.9568444837129 -16.7178440474107 -5.31006553764012
14.981812739196 -16.629387076806 -4.7606690044806
15.9509357423394 -16.4378287311946 -4.14205358856134
16.8560032880525 -16.1471059310836 -3.46855070368137
17.689848018607 -15.7622039298994 -2.75244111159247
18.4460067256821 -15.2886924602611 -2.00443435022181
19.1185330558522 -14.7325077176012 -1.23414576800169
19.701918388483 -14.0998757029323 -0.450498891876235
20.1910724216297 -13.397299925335 0.337959846703493
20.5813241333472 -12.6315671049679 1.12281191906914
20.8684201697718 -11.8097506917786 1.89554334135049
21.04851860166 -10.9392116444817 2.64730184488022
21.1182012341434 -10.0276090898426 3.36859343405234
21.0745574436402 -9.08294017546557 4.04889279508347
20.9154245491329 -8.11362712196065 4.67617418413678
20.6398955282646 -7.12865661542556 5.23642491572959
20.2492056659289 -6.13774729227904 5.71328624114101
19.7480540388237 -5.15147178150048 6.08806786942449
19.1462653189097 -4.18119606629689 6.34046728113573
18.4604320215317 -3.23864713385496 6.45031685888012
17.7148476878943 -2.33493706885863 6.40047101496228
16.9408318219737 -1.4790319012943 6.18045629832394
16.1737671989692 -0.675979493395032 5.78984203964677
15.448046449551 0.0744365860272694 5.23985218629528
14.7914048301025 0.777891009501923 4.55209017065915
14.2209061665577 1.44430960009827 3.75453545762902
13.7422693826743 2.08580082920579 2.87643760145589
13.3524945480288 2.71473342152602 1.94421082545793
13.0442028673538 3.34274303588625 0.979587689116857
12.8097748683714 3.98081765012211 -6.99955815388482e-13
12.6440281421777 4.64007763130981 -0.979587689118052
12.5449802701262 5.33263041279679 -1.94421082545858
12.5127370073398 6.07184688948791 -2.8764376014558
12.5468404005701 6.87149751724942 -3.75453545762823
12.6428015579363 7.7434917369988 -4.55209017065787
12.7890743380766 8.69461245283259 -5.23985218629379
12.9659685311385 9.72344836922173 -5.78984203964529
13.1473715360242 10.8190642944054 -6.18045629832261
13.3047449076936 11.962264993517 -6.40047101496108
13.4116975873804 13.1289479000725 -6.45031685887897
13.4474029310397 14.294062027647 -6.34046728113452
13.3980483331521 15.4347411019693 -6.08806786942312
13.2565304612792 16.5319489348123 -5.71328624113939
13.0211344768222 17.5707600753628 -5.2364249157277
12.6939335943803 18.5397919234532 -4.67617418413459
12.2793818765088 19.430318704083 -4.048892795081
11.7832911207825 20.2354262126323 -3.36859343404959
11.2121926239177 20.9493739654636 -2.64730184487721
10.5729962096278 21.5671940217874 -1.89554334134724
9.87284066278548 22.0844836518247 -1.12281191906568
9.11904690999042 22.4973251818735 -0.337959846699855
8.31911385336088 22.8022702528646 0.450498891879995
7.48072396793738 22.9963426938056 1.23414576800551
6.6117466156725 23.0770365225124 2.00443435022558
5.72024046377932 23.0423106920349 2.75244111159608
4.81446259797963 22.8906101876918 3.46855070368466
3.90289071369674 22.6209739353172 4.14205358856414
2.99425505304495 22.2333204416021 4.76066900448272
2.09755695210374 21.7290218433807 5.31006553764143
1.22202067073987 21.1118649396268 5.77353788762162
0.376889348063772 20.3894209750252 6.13210051606584
-0.429049668443115 19.5746692658271 6.365336201296
-1.18830754069659 18.6874363600394 6.45330746034556
-1.89589687159655 17.7549005970059 6.37959052460225
-2.5506690983159 16.8102885364873 6.13496464325419
-3.15629405757738 15.8892646583119 5.72062471267585
-3.7212797587836 15.0245310479436 5.14942851648208
-4.25772389140457 14.2403955604558 4.44418418111791
-4.77916501920197 13.5495619218688 3.63336324109543
-5.29848953280706 12.9534490635568 2.74601622988681
-5.82681820091289 12.4455127576147 1.80794402887697
-6.37367762239199 12.0157401761202 0.840197796565175
-6.9480985044175 11.6544875679617 -0.140278111537237
-7.55996355237677 11.3546514059241 -1.1186764235452
-8.22090635785968 11.1119607468041 -2.07982395539754
-8.94414922953075 10.9236200550965 -3.00576261962628
-9.74284231947559 10.7857911413929 -3.87406921284981
-10.6269003480496 10.6907323045043 -4.65775363544521
-11.5991270173007 10.6247722805164 -5.32745329371819
-12.6522200086828 10.5682642625241 -5.85578884715129
-13.7682833630642 10.4978665130877 -6.22244622488279
-14.9213460121193 10.3902732606015 -6.41786154087961
-16.0818148100977 10.2258135725703 -6.44405600960539
-17.2209944185322 9.99065972284586 -6.31268434091368
-18.3142132926935 9.6773107388491 -6.041537671475
-19.342105418172 9.28378720523702 -5.6509542554126
-20.2904195927985 8.81223765085076 -5.16108650876847
-21.1490378459065 8.26752697981066 -4.59031537874988
-21.9107982972979 7.65611182582472 -3.95465333671989
-22.5704791254008 6.98528251228245 -3.2678020812006
-23.1240790514189 6.2627227221538 -2.54154250304316
-23.5683883439488 5.49629220614029 -1.78622536269241
-23.9007795527138 4.6939411169071 -1.0112312595844
-24.1191333878633 3.86368822395734 -0.225347350677927
-24.2218279338744 3.01362201840108 0.562939942969195
-24.2077428796787 2.15190550727417 1.34520761185885
-24.0762570572911 1.28677972843264 2.1128717600528
-23.8272451824068 0.426567422876894 2.85693121998867
-23.4611085649572 -0.420322981169782 3.56764106265537
-22.9789043773546 -1.24540211898979 4.23409767661122
-22.3826646377193 -2.04013963308222 4.84375523826084
-21.6760076865737 -2.79609030401101 5.38195657072114
-20.8651193037728 -3.50518379464516 5.83165114762715
-19.9600857849981 -4.16027039367668 6.17357493819566
-18.9763684891181 -4.75599358560673 6.38723485895599
-17.9359277106207 -5.28996821272935 6.45298621429078
-16.8672365858554 -5.76405787943984 6.35520429354422
-15.8034078716549 -6.18530334874047 6.0859892967521
-14.7781692674911 -6.56590419867822 5.64818903300958
-13.8204996315217 -6.92183517894522 5.05625954808135
-12.9498292718988 -7.27029689271408 4.33412292288159
-12.1738533089277 -7.62695308784431 3.51063524789512
-11.4897791339345 -8.00416433767211 2.61456805857183
-10.8880583232802 -8.41088508625091 1.67107876996213
-10.3566968707053 -8.85399368874115 0.700551784031398
-9.88454128443927 -9.34025087290844 -0.280514449536535
-9.46283772052129 -9.87801470348845 -1.25741789420141
-9.08509312708139 -10.4780111799073 -2.21472632518528
-8.74563437716919 -11.1526404446378 -3.13391962046813
-8.43746830119474 -11.9135495447309 -3.99188046961937
-8.15027476068083 -12.7677534499009 -4.76108776775642
-7.86950737722952 -13.7134702899924 -5.41215731205647
-7.57728483211766 -14.7375328211839 -5.91841749751678
-7.25490577748467 -15.8159101973984 -6.26092145326273
-6.88592208724849 -16.9173759901722 -6.43178218446298
-6.4584916095784 -18.0087423336111 -6.43456930349248
-5.96631227797391 -19.0595749094143 -6.28204482108534
-5.40823867000712 -20.045045216348 -5.99257056818341
-4.7871427466426 -20.9467328929815 -5.5865992340443
-4.10860143455411 -21.751970695896 -5.0841011017191
-3.37977988235944 -22.4525218373787 -4.50313618849462
-2.60864566310062 -23.0432004261433 -3.85937241908381
-1.8034962402699 -23.5207607495916 -3.16620884982588
-0.972716975478029 -23.8831492635261 -2.43519174580295
-0.124679993161145 -24.129078887712 -1.67650678246612
0.732285884209805 -24.257832503394 -0.899428847491058
1.58989769894122 -24.2691996362075 -0.112685908659979
2.43991462901624 -24.1634708571732 0.675258405281792
3.27413430607112 -23.9414426943462 1.45597210368983
4.08438870499994 -23.6044148855826 2.22082865978748
4.86254013265127 -23.1541900345703 2.96074263690228
5.60048664457757 -22.5931135539535 3.66583103031899
6.29020294496593 -21.924218473403 4.32498615525769
6.92386656131187 -21.1515602968026 4.92538726798426
7.49414548640571 -20.2808292042076 5.45204521006657
7.99474125256885 -19.3202885624701 5.88756730264281
8.42126876991837 -18.2819813814562 6.21243057963001
8.77247932647472 -17.1829505302523 6.40610842166519
9.05166679079823 -16.0459602146783 6.44931454771352
9.26784905159618 -14.8990076244378 6.32730102268688
9.43609135365583 -13.7730085185576 6.03355337315879
9.57635778414533 -12.6976537350567 5.57259150635184
9.71076422750568 -11.6964791428803 4.96042496157778
9.8599828490994 -10.7830324831384 4.22199379335487
10.0402403390117 -9.95981047733618 3.38643263367893
10.2621854641991 -9.22025777931084 2.48216051004866
10.5318967136099 -8.55257462441505 1.53366845407499
10.8532648867162 -7.94352518938828 0.560693766319503
11.2305988361277 -7.38098279822653 -0.420667082949184
11.6704932508605 -6.85483989822778 -1.39576478866705
12.1823241330091 -6.35653147264122 -2.34885887419604
12.7769865581296 -5.87769996332654 -3.2608348713372
13.4638071933477 -5.40866643900778 -4.10788403747481
14.2462069616729 -4.9374635392755 -4.86200652618355
15.1175932192568 -4.45008517045697 -5.49389276168138
16.0594595407089 -3.9321077139974 -5.97768504543614
17.0429679736556 -3.37107249942833 -6.29587404374508
18.0335412889089 -2.75855784647015 -6.44225714679629
18.996495340248 -2.09112256833744 -6.42190368612423
19.9015911174421 -1.37000935466591 -6.24860715616642
20.7253991651466 -0.600061025282435 -5.94122704472067
21.4515670959082 0.211567309991957 -5.52027767379053
22.0697528119517 1.05649929828358 -5.00551844895003
22.574058210553 1.92588057129704 -4.41467922974423
22.9615443164527 2.81079640232447 -3.76308644216604
23.2311008589041 3.70245875969079 -3.06384535200212
23.3827180207729 4.5922623345981 -2.32827783506183
23.4170899073837 5.47178360057832 -1.56641372775579
23.3354415841724 6.33276601375143 -0.787429619381733

19.9932853851891 13.7002568451305 9.72108385749322e-07
19.4631501135787 14.3736705857512 0.787430550770142
18.8409138754116 14.9743190348487 1.56641461364576
18.13184590471 15.495817956383 2.32827865149788
17.3416376019158 15.9320616528519 3.06384604147711
16.4764419789059 16.2772554505521 3.76308690027903
15.5429930808082 16.5260417188518 4.41467930544716
14.5488539595355 16.6738093227383 5.0055179753299
13.5028269194357 16.7172979315783 5.52027654805731
12.415512054594 16.6555984221233 5.94122537013518
11.2999064653109 16.4915741255603 6.24860543808058
10.1717996929586 16.2335486633745 6.42190303333257
9.04958579809825 15.8968200653214 6.44225937223693
7.95308973593228 15.5042544388269 6.29588151329832
6.90124601599695 15.0851131618775 5.97770014889661
5.90902889281026 14.6716793127987 5.49391703870402
4.98467852143689 14.2942666534416 4.86203975794401
4.12845767983166 13.9763382252638 4.10792383787227
3.33352751330503 13.731784154983 3.26087721247012
2.58839916475686 13.5653957660163 2.34889948202316
1.87968973759196 13.4759198722395 1.3958007784949
1.19407060605921 13.4600510024084 0.420698043206819
0.518997764794142 13.5157974960223 -0.560665713809938
-0.157544164551201 13.6443010805256 -1.53363961860566
-0.84772289411089 13.84974819396 -2.48212724444086
-1.56431159863657 14.1373444658436 -3.38639292531217
-2.32032434338208 14.50969218547 -4.22194805233214
-3.12752495742795 14.9625532695456 -4.96037564862165
-3.99407853779314 15.4816864689235 -5.57254212238385
-4.92228197781403 16.0424855101604 -6.0335075590315
-5.90752304100458 16.6129880890797 -6.32726174695224
-6.93903574053175 17.1590759263311 -6.44928332453002
-8.00204226505734 17.6496955808594 -6.40608517336801
-9.08027624949744 18.060340236319 -6.21241420725331
-10.1579936955072 18.3742407188101 -5.88755631716286
-11.2210914028946 18.5817466457601 -5.45203811924834
-12.2574197058115 18.6787772401574 -4.92538278378903
-13.2565910250897 18.6651043757797 -4.32498328646588
-14.2095851949547 18.5429124784017 -3.66582908831606
-15.1083543011592 18.3157887532067 -2.96074118807444
-15.9455233769824 17.9881165544184 -2.22082745784553
-16.714207262897 17.5647679205559 -1.45597102413529
-17.4079228852377 17.0509812847591 -0.675257393010793
-18.0205613996327 16.4523323204862 0.112686874779892
-18.5463859563792 15.7747372860479 0.899429772997354
-18.9800312866764 15.0244579515917 1.67650766051312
-19.3164975729309 14.2081014203303 2.43519254860526
-19.5511525132342 13.3326265423524 3.16620951383502
-19.6797824405403 12.4053813963013 3.85937283270877
-19.6987647210133 11.4342023066274 4.50313619558633
-19.6054636579325 10.4276001949638 5.08410053826534
-19.3989661907588 9.3950377498208 5.58659801651279
-19.0812448745613 8.34725248443148 5.99256884437907
-18.6587263081449 7.29650248796093 6.28204317115801
-18.1440213570591 6.25651796601284 6.43456893479015
-17.5572553679269 5.24188356608125 6.43178500601682
-16.926151102107 4.2666475083649 6.26092987627397
-16.2840379584279 3.34224358476262 5.91843384942961
-15.6655837756355 2.47528187521048 5.41218293155698
-15.1012365574276 1.66612476658244 4.76112213279748
-14.6124413370577 0.90900246727895 3.99192090338557
-14.2096642891683 0.193653418753129 3.1339619600239
-13.8938598034694 -0.492365365951834 2.21476639978049
-13.660285545371 -1.1617846790329 1.25745312709787
-13.5027848182502 -1.82677312406319 0.28054481330229
-13.4170178379104 -2.49909600490138 -0.700523863715071
-13.4019032023812 -3.19080859165153 -1.67104950194323
-13.459103750423 -3.91484502490985 -2.61453394242641
-13.5907156939429 -4.68486920563088 -3.51059459577573
-13.7956898442002 -5.51392777251977 -4.33407648509481
-14.0661041869129 -6.41191027556937 -5.0562099989406
-14.3849165526109 -7.3825670833439 -5.64813994240614
-14.726567114299 -8.42143202783485 -6.08594426177776
-15.0605011855227 -9.51580907238736 -6.35516611549332
-15.3561538673214 -10.6469354744966 -6.45295616687785
-15.5873754656949 -11.7933126922068 -6.38721267506923
-15.7349557559693 -12.9338415137554 -6.17355942973295
-15.7870668366329 -14.0498654839142 -5.83164080676739
-15.7382560208374 -15.1259565661522 -5.38194992475277
-15.5878240224938 -16.1497710998615 -4.8437510381992
-15.3382233989812 -17.111441017125 -4.23409497575669
-14.9938007077425 -18.0028718660635 -3.56763921252565
-14.5599582295927 -18.8171563821821 -2.85692981800486
-14.0426740673765 -19.548175041797 -2.11287058110665
-13.4482720003581 -20.1903715605314 -1.34520654419562
-12.7833371497757 -20.7386547776411 -0.56293893809847
-12.0546999336774 -21.1883721537945 0.225348310916553
-11.269440965852 -21.5353100265691 1.01123217908161
-10.4348953393244 -21.7756933453352 1.78622623235312
-9.55865374093572 -21.9061793827084 2.54154329093522
-8.64857004459802 -21.9238654929526 3.26780271746167
-7.71279049580988 -21.8263606646382 3.95465370261041
-6.75981721090541 -21.6120025653815 4.59031531373619
-5.79860576064936 -21.2803284390065 5.16108585352054
-4.83866950645946 -20.832912182001 5.6509529487503
-3.89012041338388 -20.2746312935657 6.0415359099393
-2.96352369647508 -19.6152883020461 6.31268278362189
-2.06940623649227 -18.8712581328636 6.44405596425237
-1.21728598252821 -18.0665059526801 6.4178650087386
-0.414243380895884 -17.2320870429846 6.22245565043587
0.336649488054631 -16.4034015423503 5.85580647641958
1.03742044298678 -15.6152843713048 5.32748024562864
1.69516013931976 -14.8962807042534 4.65778907798401
2.32067588543373 -14.2643513537237 3.87411019238503
2.92640505162919 -13.7258318809852 3.00580486962248
3.52458378738377 -13.2778016407245 2.07986344248508
4.1264141660182 -12.9123753142343 1.11871089912488
4.74232766437992 -12.6209584021959 0.140307930218843
5.38291738843191 -12.3971154540969 -0.840169928153504
6.059897634827 -12.2375440188521 -1.80791425414412
6.78643616026946 -12.1411914010833 -2.74598122763902
7.57629823537475 -12.1068489467704 -3.63332166156756
8.44153228897824 -12.1299014275195 -4.4441371030636
9.38906339300711 -12.1993901823898 -5.14937880537674
10.4174015492002 -12.2968117112098 -5.72057599019752
11.5150861431519 -12.3975545568348 -6.13492044605398
12.6618553606237 -12.4745801483684 -6.3795534702154
13.8321143922762 -12.5027845207832 -6.45327858202333
14.9991697942135 -12.4623494582916 -6.36531505654196
16.1386629918039 -12.3402283038327 -6.13208584018665
17.230423510017 -12.1299137874019 -5.77352816102267
18.2588246407749 -11.8301831426249 -5.31005931090801
19.212183750546 -11.4435419517529 -4.76066506924972
20.0817888537165 -10.9748407239568 -4.14205104250728
20.8609548871202 -10.4302613136983 -3.46854893733072
21.5443023579119 -9.816680038356 -2.75243975197105
22.1272969453668 -9.14132423101423 -2.00443319207852
22.6060062445839 -8.41161908782575 -1.23414471129869
22.9770015488251 -7.63513771996573 -0.450497894065191
23.2373356638087 -6.81959511570037 0.337960801135233
23.3845455041281 -5.97285330380275 1.12281283238583
23.4166515931379 -5.102925191746 1.89554420199711
23.3321523359355 -4.21797715221845 2.64730261645452
23.1300389399176 -3.32633558143182 3.36859404013155
22.8098872945799 -2.43650026832279 4.04889310989351
22.372113343981 -1.55715672315114 4.67617404360487
21.818499345325 -0.697159716408717 5.23642416716822
21.1530904814441 0.134568030381041 5.71328484900262
20.383493553285 0.929308739430404 6.08806608327018
19.5224469691009 1.67909732414227 6.34046584305414
18.589262437052 2.37761853146264 6.45031717810853
17.6104288933366 3.02141444829931 6.40047518010129
16.6185161138973 3.61114853702157 6.18046677389363
15.6488215979476 4.15242571617769 5.78986097061463
14.7341455198398 4.65558933517656 5.23988045400756
13.8993188867069 5.13423651254032 4.5521266290137
13.1577240326479 5.60288210961956 3.75457689310223
12.511260338839 6.07478399225056 2.8764796768143
11.953418941221 6.56087982703572 1.94424967771154
11.4737211170793 7.0701161693185 0.979621415068835
11.0616464605598 7.61074856435668 2.93309437509602e-05
10.7089618329713 8.19187535110192 -0.979559790925184
10.4101996481957 8.82447919940078 -1.94418047364881
10.1615156963775 9.5213644343867 -2.87640168474988
9.95841111573073 10.2955514105075 -3.75449297397615
9.7930858363374 11.1570957344106 -4.55204251270115
9.65250853493074 12.1090760622858 -5.23980238842331
9.51828158740475 13.1443415493214 -5.78979375888179
9.36867802167638 14.2447477910862 -6.18041299364514
9.18208748218776 15.3835420498941 -6.40043510505475
8.94039702547129 16.5299146116206 -6.45028913934551
8.63108920068388 17.6537888647431 -6.34044714874784
8.24770446941524 18.7292428218196 -6.08805399460431
7.78906554910275 19.7359918955863 -5.71327709894576
7.25793270424546 20.6592679244839 -5.23641908346815
6.65964178919585 21.4888048326905 -4.67617049534853
6.00102072257233 22.2175772060166 -4.04889039148742
5.28966096334103 22.8406910112168 -3.36859174398147
4.53349561526474 23.3545859332428 -2.64730052353144
3.74059182489296 23.7565514858781 -1.89554220204128
2.9190689511091 24.0444847797449 -1.12281087250133
2.07707743881378 24.2168001100796 -0.337958855650791
1.22279947167315 24.2724126765624 0.450499840556094
0.364453472244145 24.2107429762387 1.23414667492847
-0.489702141880306 24.0317158739454 2.00443520114522
-1.33136509915982 23.7357563054944 2.75244186531402
-2.15218678724446 23.3238121399841 3.46855127700305
-2.94378286100102 22.7974638550831 4.14205384886872
-3.69778692875212 22.1592069194866 4.7606687851444
-4.40600204408707 21.4130058132884 5.31006469475932
-5.06073000954732 20.5651981473921 5.77353641474157
-5.65537009137028 19.6257433878113 6.13209872011946
-6.18535112153752 18.6096343259637 6.36533491112876
-6.64936087447111 17.5380237639787 6.45330818726363
-7.05064414257576 16.4383519840751 6.37959543850294
-7.39789637936292 15.3427069431616 6.13497621428352
-7.7051356549529 14.2840859711557 5.72064496472867
-7.99013013786072 13.2912301610598 5.14945807672807
-8.27160465198834 12.3838024860815 4.44422158803342
-8.56624185488019 11.5699540623615 3.63340504111323
-8.88677647559911 10.8472456090618 2.74605804910338
-9.2419097368527 10.206148427801 1.80798220625549
-9.63779663409796 9.6342874715857 0.840230788518042
-10.0802252039804 9.11978423773383 -0.140249205587657
-10.5765437779704 8.65293460027243 -1.11864841324468
-11.1366064902082 8.22622446922562 -2.07979296060249
-11.7722196809133 7.83308216009754 -3.00572576751446
-12.4948144259722 7.46596265076538 -3.87402585496229
-13.3115817858333 7.1145460758588 -4.65770546133496
-14.2211721084788 6.76494324993027 -5.3274034849508
-15.2108185021986 6.40053409992083 -5.85574108017283
-16.2565422411672 6.00429073286435 -6.22240386326264
-17.3266585354524 5.56159972921706 -6.41782679118732
-18.38709192332 5.06238768204006 -6.44402943527113
-19.4063461997386 4.50189915785274 -6.31266519288217
-20.3586345454763 3.88023801333437 -6.04152456612608
-21.2248673913477 3.20122057259134 -5.65094566833822
-21.9920595417004 2.47110019184906 -5.1610810470951
-22.6519761810283 1.69750771000461 -4.5903119189365
-23.1996765490894 0.888723734200264 -3.95465106402559
-23.6323195964646 0.0532537506449102 -3.26780046049564
-23.9483466111428 -0.800380580181281 -2.5415412162651
-24.1470071982602 -1.66372263273586 -1.7862242404763
-24.2281340316518 -2.52840100824803 -1.01123022244437
-24.1920655857218 -3.38612851235259 -0.225346366140184
-24.0396361442715 -4.22869792323341 0.562940885908403
-23.7721812538795 -5.04797865797384 1.34520851212027
-23.391536412822 -5.83591268929356 2.11287260043355
-22.9000350498825 -6.58451007894336 2.85693195416953
-22.3005390607355 -7.285854229975 3.5676416004864
-21.5965609510467 -7.93214454061315 4.23409787892026
-20.7925568895618 -8.51582860978618 4.84375493699007
-19.894473843272 -9.02990301178493 5.38195563308768
-18.9106016791873 -9.4684793545522 5.83164959990336
-17.8526860938034 -9.82769867431051 6.17357314907153
-16.7370803548088 -10.1069997863154 6.38723374754608
-15.5854718595152 -10.3105762347093 6.45298739375885
-14.424518844766 -10.448600892418 6.35521000789824
-13.2837868434451 -10.5375609070223 6.08600200624011
-12.1919085666176 -10.5990540591366 5.64821062024061
-11.1718667847471 -10.6568861233909 5.05629037093896
-10.237159716271 -10.7332208564093 4.33416120600952
-9.3905258008342 -10.8452961230594 3.51067732029852
-8.62565563156188 -11.0041036431753 2.61460954445869
-7.93078729866634 -11.215389549263 1.67111624006643
-7.29243222772038 -11.4821941634619 0.700584065407813
-6.69793789973393 -11.8076906487941 -0.280485901014135
-6.13647291217992 -12.1972829187888 -1.25738968960417
-5.59866831381753 -12.6593018923029 -2.21469462659636
-5.0754462956085 -13.2039196118855 -3.1338818195735
-4.55669107887014 -13.8402010085984 -3.9918362736424
-4.03047398851602 -14.5718066874338 -4.76103914418481
-3.48342100955978 -15.3927476660252 -5.4121075686419
-2.90232739578393 -16.2851734455224 -5.91837031449977
-2.27640726446419 -17.2206111168487 -6.2608800807056
-1.59914867099369 -18.1643755822298 -6.43174860576125
-0.86901835513274 -19.0812639161465 -6.43454385780111
-0.0889646932353467 -19.9403362652139 -6.28202662836228
0.734788899189344 -20.7175290316527 -5.99255820076008
1.59406885735442 -21.3960861783969 -5.58659117343674
2.47981250982472 -21.9655465879871 -5.08409598764268
3.38274537197026 -22.420151031936 -4.50313294108362
4.29372540395583 -22.7572922928064 -3.85937026647856
5.20386716633197 -22.9763144896231 -3.16620729211085
6.1045525922638 -23.0777269324891 -2.43519049023627
6.9874021618536 -23.0627674820951 -1.67650567579022
7.84424571797294 -22.9332058857395 -0.899427819155716
8.66710625505982 -22.6912824989821 -0.112684930424815
9.44819470596684 -22.3397040255032 0.675259342469079
10.1799078717277 -21.8816492947792 1.45597299696121
10.8548236864625 -21.3207678538726 2.22082948871053
11.4656972891983 -20.6611808317243 2.96074334971806
12.0054779847631 -19.9075175253569 3.66583152979288
12.4673910255939 -19.0650417340209 4.32498629603816
12.8451568989316 -18.1399345592866 4.92538688186548
13.1334466493603 -17.1397946219077 5.45204417790542
13.3286774444973 -16.0743747770965 5.88756568723353
13.4302088793932 -14.9564755775814 6.21242881581335
13.4418711941704 -13.8027507109873 6.40610752200374
13.373521498315 -12.6339818617902 6.44931622620741
13.2420286252006 -11.4742638123621 6.32730758907616
13.0708999109921 -10.3486976886157 6.0335672612248
12.8879626989163 -9.27977040577844 5.57261443721276
12.7212868711714 -8.2834537501852 4.96045701045829
12.5946200887858 -7.36660151573433 4.22203287567823
12.5242066019606 -6.52681834544194 3.38647488622205
12.5182939008879 -5.75470292203089 2.48220159030394
12.5792165150871 -5.03718861338844 1.53370519232709
12.706793495802 -4.36047996443089 0.56072536805831
12.9015673452673 -3.71171706252371 -0.420638820087036
13.1668569683325 -3.07929536906948 -1.39573630846472
13.5090918879318 -2.45226519355168 -2.34882641662532
13.9362146051984 -1.81942851743474 -3.26079611584684
14.4542815192717 -1.16878792705495 -4.10783904534144
15.0630338723807 -0.487900215448247 -4.86195752231178
15.7520452637576 0.234674711548148 -5.49384315994164
16.4993826481676 1.00726428936442 -5.97763851426861
17.2738198780086 1.83327273603257 -6.29583370147742
18.0398358416947 2.71055505193951 -6.44222474510541
18.7632739091906 3.63217605075589 -6.42187934988625
19.4156045525683 4.5880353660038 -6.24858988887684
19.9758660398858 5.56659961785868 -5.94121538383438
20.4305408739773 6.5562117828294 -5.52027011168643
20.772214909047 7.54581936780241 -5.00551366039042
20.997861597854 8.52522297241848 -4.41467617904827
21.1072999903624 9.48503772184363 -3.76308439955747
21.1020593719233 10.4165388121189 -3.06384385141457
20.9846668109719 11.3115003952699 -2.3282766076706
20.7582684826969 12.1620778026032 -1.56641263524381
20.4264687243006 12.9607424207202 -0.787428599309063
