1 0.4999933 
2 0.4999932 
3 0.4999932 
4 0.4999636 
5 0.503465 
6 0.503491 
7 0.5035007 
8 0.5052121 
9 0.5052337 
10 0.5062528 
11 0.5066763 
12 0.5069873 
13 0.5073895 
14 0.5075564 
15 0.5076097 
16 0.5077621 
17 0.5079775 
18 0.5079989 
19 0.5080239 
20 0.5081161 
21 0.5081612 
22 0.5082038 
23 0.5082274 
24 0.5082533 
25 0.5082815 
26 0.5083351 
27 0.5083743 
28 0.5084666 
29 0.5085512 
30 0.5085725 
31 0.5086105 
32 0.5086353 
33 0.5086623 
34 0.5087014 
35 0.5087294 
36 0.5087732 
37 0.5088414 
38 0.5088864 
39 0.508919 
40 0.5089686 
41 0.5090332 
42 0.5090566 
43 0.5091537 
44 0.5091886 
45 0.509221 
46 0.5092608 
47 0.5093359 
48 0.5093891 
49 0.5094219 
50 0.5096287 
51 0.509706 
52 0.5097683 
53 0.5098223 
54 0.5098802 
55 0.509986 
56 0.5100954 
57 0.5101676 
58 0.5102925 
59 0.510355 
60 0.5104306 
61 0.5105042 
62 0.5106699 
63 0.5107286 
64 0.5108168 
65 0.5108365 
66 0.5108384 
67 0.5108431 
68 0.5108501 
69 0.5108735 
70 0.5108772 
71 0.5108882 
72 0.510897 
73 0.5109008 
74 0.5109006 
75 0.5109005 
76 0.510898 
77 0.5108858 
78 0.5108668 
79 0.5108398 
80 0.5107767 
81 0.510562 
82 0.5104747 
83 0.5104323 
84 0.5104029 
85 0.5103729 
86 0.5102925 
87 0.510153 
88 0.5097859 
89 0.5096419 
90 0.5094191 
91 0.5093418 
92 0.5091812 
93 0.5088533 
94 0.5085366 
95 0.508332 
96 0.5082399 
97 0.5078869 
98 0.5077132 
99 0.5072567 
100 0.5047251 
101 0.5037981 
102 0.5000048 
103 0.4999962 
104 0.4999962 
105 0.4999961 
106 0.4999949 
107 0.4999949 
108 0.4999942 
109 0.4999942 
110 0.4999569 
111 0.5091696 
112 0.5092833 
113 0.5094929 
114 0.509538 
115 0.5095605 
116 0.5095721 
117 0.5096387 
118 0.5096798 
119 0.5097424 
120 0.5097946 
121 0.5098851 
122 0.5099336 
123 0.5099645 
124 0.5099929 
125 0.5100212 
126 0.5100754 
127 0.5101164 
128 0.5101388 
129 0.5101724 
130 0.5102034 
131 0.510224 
132 0.5102973 
133 0.5103383 
134 0.5103877 
135 0.5104337 
136 0.5104833 
137 0.510526 
138 0.5105571 
139 0.5105948 
140 0.5106245 
141 0.5106979 
142 0.510728 
143 0.5107995 
144 0.5108305 
145 0.5108788 
146 0.5109214 
147 0.5110089 
148 0.5110597 
149 0.5111175 
150 0.511273 
151 0.5113328 
152 0.5114714 
153 0.5115844 
154 0.5116636 
155 0.511702 
156 0.5117865 
157 0.5118175 
158 0.5118702 
159 0.5120429 
160 0.5121074 
161 0.5121403 
162 0.5122175 
163 0.5122518 
164 0.5122759 
165 0.512326 
166 0.5123454 
167 0.5123609 
168 0.5123952 
169 0.5124212 
170 0.5124354 
171 0.5124377 
172 0.5124405 
173 0.5124418 
174 0.5124452 
175 0.5124493 
176 0.5124503 
177 0.5124329 
178 0.5124213 
179 0.5123544 
180 0.5123261 
181 0.5123168 
182 0.5123032 
183 0.512265 
184 0.5122023 
185 0.5121669 
186 0.5120542 
187 0.5118883 
188 0.5118301 
189 0.511747 
190 0.5117152 
191 0.5116882 
192 0.5116184 
193 0.5115312 
194 0.5114556 
195 0.5112438 
196 0.5111564 
197 0.5107671 
198 0.5105781 
199 0.5101147 
200 0.5098254 
201 0.5096271 
202 0.5093369 
203 0.5054957 
204 0.5008028 
205 0.4999993 
206 0.4999907 
207 0.4999903 
208 0.4999883 
209 0.4999643 
210 0.506314 
211 0.506324 
212 0.5074742 
213 0.5077101 
214 0.5079467 
215 0.5079883 
216 0.5079997 
217 0.5080131 
218 0.5080276 
219 0.5080813 
220 0.5080913 
221 0.5082267 
222 0.5082583 
223 0.5082947 
224 0.5083119 
225 0.5083582 
226 0.5083713 
227 0.5083812 
228 0.5083911 
229 0.5084617 
230 0.5084716 
231 0.5084882 
232 0.5084988 
233 0.5085431 
234 0.508577 
235 0.5085965 
236 0.5086216 
237 0.5086494 
238 0.5086647 
239 0.5086806 
240 0.5087034 
241 0.5087236 
242 0.5087586 
243 0.5087797 
244 0.5088153 
245 0.5088285 
246 0.5088447 
247 0.5088657 
248 0.5088792 
249 0.5088949 
250 0.5089069 
251 0.5089213 
252 0.5089607 
253 0.508985 
254 0.5090098 
255 0.5090348 
256 0.509068 
257 0.5091011 
258 0.5091254 
259 0.5091481 
260 0.5091699 
261 0.5092202 
262 0.5092593 
263 0.5092966 
264 0.5093147 
265 0.5094219 
266 0.5094955 
267 0.5095936 
268 0.5096633 
269 0.5097091 
270 0.5097671 
271 0.5097864 
272 0.5098167 
273 0.5098293 
274 0.509853 
275 0.5098941 
276 0.5099461 
277 0.5099912 
278 0.5100039 
279 0.5100226 
280 0.5100518 
281 0.5100732 
282 0.5100928 
283 0.5100984 
284 0.5101229 
285 0.5101491 
286 0.5101749 
287 0.5101894 
288 0.5102011 
289 0.5102068 
290 0.5102089 
291 0.510212 
292 0.5102151 
293 0.5102256 
294 0.510226 
295 0.5102274 
296 0.5102211 
297 0.5101813 
298 0.5101568 
299 0.5101346 
300 0.5101303 
301 0.5101256 
302 0.5101174 
303 0.5101083 
304 0.510084 
305 0.5100678 
306 0.5100615 
307 0.5100033 
308 0.5099036 
309 0.5098102 
310 0.509767 
311 0.5097152 
312 0.5096999 
313 0.5096771 
314 0.5096659 
315 0.509631 
316 0.5095943 
317 0.5095411 
318 0.5095223 
319 0.5094435 
320 0.5094247 
321 0.5093581 
322 0.5092932 
323 0.5091851 
324 0.5088867 
325 0.5082464 
326 0.5080204 
327 0.5076643 
328 0.5072411 
329 0.5069482 
330 0.5063847 
331 0.5059916 
332 0.5054996 
333 0.5036475 
334 0.500034 
335 0.4999987 
336 0.4999925 
337 0.4999877 
338 0.4999876 
339 0.4999876 
340 0.4999646 
341 0.5077889 
342 0.5078023 
343 0.5079289 
344 0.5079595 
345 0.5080214 
346 0.5080371 
347 0.508113 
348 0.5081315 
349 0.5081759 
350 0.5082018 
351 0.5082443 
352 0.5083232 
353 0.5084254 
354 0.5084485 
355 0.508489 
356 0.5085251 
357 0.5085814 
358 0.5086104 
359 0.5086334 
360 0.5086673 
361 0.5087017 
362 0.5087524 
363 0.508778 
364 0.5088159 
365 0.5088339 
366 0.5088609 
367 0.5088985 
368 0.5089335 
369 0.508981 
370 0.509003 
371 0.509052 
372 0.5090931 
373 0.5091934 
374 0.5092423 
375 0.509299 
376 0.5093729 
377 0.5094033 
378 0.5094964 
379 0.5096306 
380 0.5096753 
381 0.5097042 
382 0.5097468 
383 0.5097896 
384 0.5098655 
385 0.5099133 
386 0.509992 
387 0.5100297 
388 0.5101012 
389 0.5101362 
390 0.5101923 
391 0.5102522 
392 0.5102698 
393 0.5103559 
394 0.5103921 
395 0.5104432 
396 0.5104637 
397 0.5105222 
398 0.5105227 
399 0.5105236 
400 0.5105259 
401 0.5105268 
402 0.5105223 
403 0.5105112 
404 0.5105082 
405 0.510477 
406 0.5104581 
407 0.5104355 
408 0.5104178 
409 0.5104036 
410 0.5103882 
411 0.510349 
412 0.5103159 
413 0.5102322 
414 0.5100992 
415 0.5100554 
416 0.5099326 
417 0.5099004 
418 0.5098744 
419 0.509829 
420 0.5098012 
421 0.5097514 
422 0.5097259 
423 0.5096715 
424 0.509602 
425 0.5095539 
426 0.5095051 
427 0.5092343 
428 0.5090049 
429 0.5087082 
430 0.5085147 
431 0.5078731 
432 0.5074758 
433 0.5067836 
434 0.5060925 
435 0.5052736 
436 0.5045126 
437 0.5000553 
438 0.4999994 
439 0.4999974 
440 0.4999874 
441 0.4999865 
442 0.4999726 
443 0.5047353 
444 0.5047633 
445 0.5047734 
446 0.5052468 
447 0.5059633 
448 0.5059789 
449 0.5060786 
450 0.5061525 
451 0.5061681 
452 0.5062342 
453 0.5062659 
454 0.5062911 
455 0.5063651 
456 0.5063974 
457 0.506437 
458 0.5064856 
459 0.5065161 
460 0.5065743 
461 0.5065878 
462 0.5066054 
463 0.5066462 
464 0.5066792 
465 0.5067025 
466 0.5067236 
467 0.5067433 
468 0.5067636 
469 0.5067807 
470 0.5067961 
471 0.5068274 
472 0.5068481 
473 0.5068733 
474 0.5068878 
475 0.5069148 
476 0.5069288 
477 0.506949 
478 0.5069775 
479 0.5070081 
480 0.5070589 
481 0.5070761 
482 0.5071009 
483 0.5071437 
484 0.5071862 
485 0.5072256 
486 0.5072485 
487 0.5072904 
488 0.5073157 
489 0.5073449 
490 0.5074323 
491 0.5074835 
492 0.5075144 
493 0.5075648 
494 0.5075752 
495 0.507584 
496 0.5075984 
497 0.5076087 
498 0.507617 
499 0.5076241 
500 0.5076534 
501 0.5076658 
502 0.5076847 
503 0.5076939 
504 0.5077076 
505 0.5077192 
506 0.5077309 
507 0.5077417 
508 0.507747 
509 0.5077505 
510 0.5077433 
511 0.5077389 
512 0.507724 
513 0.5077145 
514 0.5076992 
515 0.507682 
516 0.5076547 
517 0.5075885 
518 0.5075258 
519 0.5074662 
520 0.5073876 
521 0.5073693 
522 0.5073213 
523 0.5072887 
524 0.507268 
525 0.5072189 
526 0.5071383 
527 0.5070784 
528 0.5070394 
529 0.5069799 
530 0.5068041 
531 0.5065867 
532 0.5062616 
533 0.5061421 
534 0.5060087 
535 0.5055878 
536 0.5047841 
537 0.5021605 
538 0.5000068 
539 0.4999989 
540 0.4999962 
541 0.4999928 
542 0.4999927 
543 0.4999199 
544 0.515478 
545 0.5155277 
546 0.5155371 
547 0.5163919 
548 0.5172977 
549 0.5174017 
550 0.5174399 
551 0.5174651 
552 0.5175377 
553 0.518029 
554 0.5182031 
555 0.5184187 
556 0.5185309 
557 0.5187242 
558 0.518854 
559 0.5190528 
560 0.5191624 
561 0.5193276 
562 0.519471 
563 0.5197041 
564 0.519944 
565 0.5201758 
566 0.5204291 
567 0.5206088 
568 0.5206135 
569 0.5206293 
570 0.520651 
571 0.5206531 
572 0.5206587 
573 0.5206671 
574 0.5206527 
575 0.5206343 
576 0.5205172 
577 0.520482 
578 0.5204112 
579 0.5202652 
580 0.52015 
581 0.5194658 
582 0.51921 
583 0.5190803 
584 0.5188861 
585 0.5183596 
586 0.517809 
587 0.5171786 
588 0.5154046 
589 0.5143209 
590 0.512969 
591 0.5056068 
592 0.5020088 
593 0.4999985 
594 0.4999984 
595 0.4999879 
596 0.4999816 
597 0.4999816 
598 0.4998147 
599 0.5486714 
600 0.5523879 
601 0.5566177 
602 0.5617498 
603 0.5588203 
604 0.5508837 
605 0.5337208 
606 0.5070475 
607 0.5000286 
608 0.4999849 
609 0.4999833 
610 0.4999818 
611 0.4999783 
612 0.4999688 
613 0.5041974 
614 0.5042084 
615 0.5043927 
616 0.5044322 
617 0.5046537 
618 0.5048847 
619 0.5049116 
620 0.5049536 
621 0.5049625 
622 0.505027 
623 0.50504 
624 0.5050843 
625 0.5051539 
626 0.5051632 
627 0.5051905 
628 0.5051968 
629 0.505207 
630 0.5052166 
631 0.5052284 
632 0.5052446 
633 0.5052802 
634 0.5053117 
635 0.5053439 
636 0.5053552 
637 0.5054011 
638 0.5054107 
639 0.5054314 
640 0.5054705 
641 0.5054771 
642 0.5054993 
643 0.5055375 
644 0.5055469 
645 0.5055563 
646 0.5055648 
647 0.5055822 
648 0.5055984 
649 0.5056379 
650 0.5056464 
651 0.505656 
652 0.5056676 
653 0.5057112 
654 0.5057333 
655 0.5057566 
656 0.5057643 
657 0.5057738 
658 0.5057834 
659 0.5058114 
660 0.5058296 
661 0.5058613 
662 0.5059023 
663 0.5059092 
664 0.5059388 
665 0.5059694 
666 0.5059921 
667 0.5060211 
668 0.5060314 
669 0.5060345 
670 0.5060391 
671 0.5060471 
672 0.5060531 
673 0.5060222 
674 0.5060151 
675 0.505999 
676 0.5059928 
677 0.5059865 
678 0.5059754 
679 0.5059654 
680 0.5059522 
681 0.5059409 
682 0.5059191 
683 0.5059058 
684 0.505899 
685 0.5058676 
686 0.505852 
687 0.5058429 
688 0.5058316 
689 0.5058208 
690 0.5058167 
691 0.5057904 
692 0.5057827 
693 0.5057573 
694 0.5057529 
695 0.5057404 
696 0.5057336 
697 0.5057289 
698 0.50572 
699 0.5057108 
700 0.5056985 
701 0.505664 
702 0.5056389 
703 0.5056248 
704 0.5055946 
705 0.5055623 
706 0.5055481 
707 0.5055308 
708 0.5054828 
709 0.5054492 
710 0.5054203 
711 0.5053641 
712 0.5053377 
713 0.5052913 
714 0.5052646 
715 0.5052263 
716 0.5051883 
717 0.5051599 
718 0.50501 
719 0.5049661 
720 0.5049267 
721 0.5048676 
722 0.5048308 
723 0.5047706 
724 0.5046952 
725 0.5045149 
726 0.5043786 
727 0.5042928 
728 0.5041643 
729 0.5040476 
730 0.503873 
731 0.5037804 
732 0.5037122 
733 0.5036284 
734 0.5035342 
735 0.5034456 
736 0.5033099 
737 0.5032116 
738 0.5030931 
739 0.5029769 
740 0.5027953 
741 0.5026295 
742 0.5022875 
743 0.5006533 
744 0.5000042 
745 0.4999973 
746 0.4999974 
747 0.499998 
748 0.4999936 
749 0.4999912 
750 0.4999912 
751 0.4999912 
752 0.4999483 
753 0.5088272 
754 0.5089083 
755 0.5089183 
756 0.5100545 
757 0.5100802 
758 0.5108059 
759 0.5112226 
760 0.5112566 
761 0.511352 
762 0.5113684 
763 0.5114102 
764 0.511697 
765 0.5117803 
766 0.5117912 
767 0.5118232 
768 0.5119208 
769 0.5119831 
770 0.5120317 
771 0.5120769 
772 0.5120957 
773 0.5121377 
774 0.5121635 
775 0.5121982 
776 0.5122091 
777 0.5122898 
778 0.5123822 
779 0.5124198 
780 0.5124339 
781 0.5124465 
782 0.5124566 
783 0.5125088 
784 0.512524 
785 0.5125618 
786 0.5125893 
787 0.5125998 
788 0.5126494 
789 0.5126741 
790 0.5127016 
791 0.5127189 
792 0.5128185 
793 0.5128316 
794 0.5128452 
795 0.512877 
796 0.512903 
797 0.5129297 
798 0.5129704 
799 0.5129858 
800 0.5130091 
801 0.5130376 
802 0.5130754 
803 0.5130977 
804 0.5131248 
805 0.5131473 
806 0.5131691 
807 0.5132719 
808 0.5133103 
809 0.51336 
810 0.5133888 
811 0.5134315 
812 0.5135089 
813 0.513544 
814 0.5136798 
815 0.5137497 
816 0.5138379 
817 0.513887 
818 0.5139016 
819 0.5139768 
820 0.5140305 
821 0.5140833 
822 0.5141131 
823 0.5142015 
824 0.5143558 
825 0.5144103 
826 0.5144962 
827 0.5145431 
828 0.51459 
829 0.5145994 
830 0.5146067 
831 0.514618 
832 0.5146335 
833 0.5146587 
834 0.5146634 
835 0.5146645 
836 0.5146661 
837 0.51467 
838 0.5145896 
839 0.5145289 
840 0.514505 
841 0.5144594 
842 0.5143813 
843 0.5142664 
844 0.5141972 
845 0.5141245 
846 0.5140851 
847 0.5139829 
848 0.5139073 
849 0.5138066 
850 0.5137045 
851 0.5135663 
852 0.5133032 
853 0.5131899 
854 0.5131177 
855 0.5130556 
856 0.5129518 
857 0.5129086 
858 0.5127942 
859 0.5126477 
860 0.5124196 
861 0.5122243 
862 0.5120332 
863 0.5116133 
864 0.510928 
865 0.5103225 
866 0.5086653 
867 0.5071197 
868 0.5065409 
869 0.5059577 
870 0.504002 
871 0.5025712 
872 0.5000342 
873 0.4999995 
874 0.4999989 
875 0.4999952 
876 0.4999949 
877 0.4999949 
878 0.499971 
879 0.5054915 
880 0.5055376 
881 0.505548 
882 0.5059785 
883 0.5061534 
884 0.5062331 
885 0.506273 
886 0.5063538 
887 0.5063885 
888 0.5064572 
889 0.506609 
890 0.5066194 
891 0.5067398 
892 0.5067554 
893 0.5067816 
894 0.506844 
895 0.5069493 
896 0.5069759 
897 0.5070069 
898 0.5070376 
899 0.5070843 
900 0.5071084 
901 0.5071231 
902 0.5071442 
903 0.5071992 
904 0.5072245 
905 0.5072365 
906 0.5072487 
907 0.507294 
908 0.5073068 
909 0.5073272 
910 0.5073429 
911 0.5073606 
912 0.5073745 
913 0.5073902 
914 0.5074116 
915 0.5074354 
916 0.5074617 
917 0.507474 
918 0.5074997 
919 0.5075223 
920 0.5075484 
921 0.5075776 
922 0.5076037 
923 0.5076266 
924 0.5076857 
925 0.5077273 
926 0.5077617 
927 0.5077956 
928 0.5078262 
929 0.5078706 
930 0.5078885 
931 0.5079207 
932 0.5079416 
933 0.5079603 
934 0.5080614 
935 0.5081221 
936 0.508147 
937 0.5081653 
938 0.5081854 
939 0.5082203 
940 0.508307 
941 0.5083307 
942 0.5083534 
943 0.5083717 
944 0.5083858 
945 0.5083985 
946 0.508411 
947 0.5084169 
948 0.5084273 
949 0.5084453 
950 0.5084795 
951 0.5084993 
952 0.5085075 
953 0.5085381 
954 0.5085294 
955 0.5085208 
956 0.5085178 
957 0.5084807 
958 0.5084327 
959 0.5083649 
960 0.5083502 
961 0.5083361 
962 0.5083166 
963 0.5082984 
964 0.5082699 
965 0.5082574 
966 0.5082284 
967 0.5081567 
968 0.508085 
969 0.5080305 
970 0.5079891 
971 0.5079586 
972 0.5079362 
973 0.5079195 
974 0.5078844 
975 0.5078592 
976 0.5078161 
977 0.5077895 
978 0.5077179 
979 0.5076456 
980 0.5075663 
981 0.5075389 
982 0.5074984 
983 0.5074441 
984 0.5073296 
985 0.5072512 
986 0.5067251 
987 0.5065969 
988 0.506255 
989 0.506119 
990 0.5059627 
991 0.5055352 
992 0.5052156 
993 0.50506 
994 0.5045726 
995 0.5023826 
996 0.5000139 
997 0.4999993 
998 0.4999963 
999 0.4999947 
1000 0.4999947 
1001 0.4999947 
1002 0.4999198 
1003 0.5048849 
1004 0.5049052 
1005 0.5049149 
1006 0.5105114 
1007 0.512382 
1008 0.513049 
1009 0.5151842 
1010 0.5154191 
1011 0.5163153 
1012 0.5164058 
1013 0.5166229 
1014 0.5170574 
1015 0.5172136 
1016 0.5176182 
1017 0.5176727 
1018 0.517723 
1019 0.5177714 
1020 0.5178641 
1021 0.517928 
1022 0.5179871 
1023 0.5180354 
1024 0.5181154 
1025 0.5182264 
1026 0.5182858 
1027 0.5183169 
1028 0.5183689 
1029 0.5184155 
1030 0.5184894 
1031 0.5185797 
1032 0.518628 
1033 0.5187242 
1034 0.5187584 
1035 0.5188046 
1036 0.518839 
1037 0.5189258 
1038 0.5190227 
1039 0.5191165 
1040 0.5192815 
1041 0.5193456 
1042 0.5194886 
1043 0.519558 
1044 0.519758 
1045 0.5199178 
1046 0.5200324 
1047 0.5201101 
1048 0.5202169 
1049 0.5204148 
1050 0.5205576 
1051 0.5208218 
1052 0.5208599 
1053 0.5208794 
1054 0.5208927 
1055 0.5208861 
1056 0.5208602 
1057 0.5208416 
1058 0.5208063 
1059 0.5207819 
1060 0.520677 
1061 0.5206155 
1062 0.5203852 
1063 0.5202849 
1064 0.5201659 
1065 0.5200437 
1066 0.5199121 
1067 0.5196793 
1068 0.5195194 
1069 0.5193577 
1070 0.5192763 
1071 0.5192242 
1072 0.5191331 
1073 0.5190917 
1074 0.5188563 
1075 0.5187241 
1076 0.5186765 
1077 0.5181235 
1078 0.5179082 
1079 0.5178454 
1080 0.5177139 
1081 0.5175673 
1082 0.5174675 
1083 0.5173347 
1084 0.5172619 
1085 0.5170197 
1086 0.5165765 
1087 0.5163392 
1088 0.5161805 
1089 0.5159621 
1090 0.5157125 
1091 0.515305 
1092 0.5150398 
1093 0.5145912 
1094 0.5143119 
1095 0.513629 
1096 0.512693 
1097 0.5118655 
1098 0.5116683 
1099 0.5104022 
1100 0.5092947 
1101 0.5075015 
1102 0.50583 
1103 0.5050282 
1104 0.5042189 
1105 0.5030303 
1106 0.5024297 
1107 0.5000044 
1108 0.4999953 
1109 0.4999937 
1110 0.4999918 
1111 0.4999905 
1112 0.4999905 
1113 0.4999871 
1114 0.499987 
1115 0.499987 
1116 0.4999688 
1117 0.504695 
1118 0.5047242 
1119 0.5047346 
1120 0.5056798 
1121 0.5066594 
1122 0.5067211 
1123 0.5068422 
1124 0.5072238 
1125 0.5072982 
1126 0.5073288 
1127 0.5073622 
1128 0.507414 
1129 0.5074651 
1130 0.507493 
1131 0.507509 
1132 0.5075899 
1133 0.5076164 
1134 0.5076358 
1135 0.5076891 
1136 0.5077139 
1137 0.5077496 
1138 0.5077692 
1139 0.5078105 
1140 0.5078263 
1141 0.5078534 
1142 0.5078707 
1143 0.5078875 
1144 0.5079173 
1145 0.5079445 
1146 0.5079982 
1147 0.5080239 
1148 0.5080683 
1149 0.5080843 
1150 0.5081083 
1151 0.5081533 
1152 0.5081832 
1153 0.5082399 
1154 0.5082755 
1155 0.5083525 
1156 0.508404 
1157 0.5084571 
1158 0.5085025 
1159 0.5085564 
1160 0.5085884 
1161 0.5087379 
1162 0.5087845 
1163 0.5088164 
1164 0.5088955 
1165 0.5090108 
1166 0.5090529 
1167 0.509133 
1168 0.5091883 
1169 0.5092224 
1170 0.509286 
1171 0.5093243 
1172 0.5094005 
1173 0.5094305 
1174 0.5095161 
1175 0.5095894 
1176 0.5096263 
1177 0.5096557 
1178 0.5096678 
1179 0.5096943 
1180 0.5097177 
1181 0.5097421 
1182 0.5097691 
1183 0.5097904 
1184 0.5098028 
1185 0.5098301 
1186 0.5098665 
1187 0.5098722 
1188 0.5098799 
1189 0.5098806 
1190 0.5098818 
1191 0.509883 
1192 0.5098582 
1193 0.509815 
1194 0.5098026 
1195 0.5097849 
1196 0.5097712 
1197 0.5097509 
1198 0.5097159 
1199 0.5096638 
1200 0.5096263 
1201 0.5095852 
1202 0.5094877 
1203 0.5094223 
1204 0.5093282 
1205 0.5091836 
1206 0.5091064 
1207 0.5089568 
1208 0.5085244 
1209 0.5084625 
1210 0.5081705 
1211 0.508106 
1212 0.5076253 
1213 0.507435 
1214 0.5061853 
1215 0.5058835 
1216 0.5052653 
1217 0.5045746 
1218 0.500727 
1219 0.5000059 
1220 0.4999983 
1221 0.4999945 
1222 0.4999945 
1223 0.4999945 
1224 0.4999945 
1225 0.4998912 
1226 0.5150734 
1227 0.5152168 
1228 0.5162572 
1229 0.516267 
1230 0.5223661 
1231 0.522457 
1232 0.5231133 
1233 0.5242149 
1234 0.5243662 
1235 0.5244446 
1236 0.5249537 
1237 0.525071 
1238 0.5252 
1239 0.5253783 
1240 0.5254141 
1241 0.5255407 
1242 0.5255944 
1243 0.5257606 
1244 0.5258289 
1245 0.5259068 
1246 0.5259944 
1247 0.5260453 
1248 0.5261159 
1249 0.5262052 
1250 0.5262472 
1251 0.5263247 
1252 0.5263746 
1253 0.5264308 
1254 0.5265296 
1255 0.526611 
1256 0.5267287 
1257 0.5268199 
1258 0.5268621 
1259 0.5269809 
1260 0.5271775 
1261 0.527311 
1262 0.5274376 
1263 0.5275125 
1264 0.5277722 
1265 0.5279055 
1266 0.5280171 
1267 0.5281676 
1268 0.5283255 
1269 0.5284354 
1270 0.5285521 
1271 0.5287442 
1272 0.5289941 
1273 0.5291682 
1274 0.5293035 
1275 0.5294124 
1276 0.5300925 
1277 0.5306159 
1278 0.5308362 
1279 0.531024 
1280 0.5312617 
1281 0.5315073 
1282 0.5317178 
1283 0.5320421 
1284 0.5323149 
1285 0.532298 
1286 0.5322228 
1287 0.5321564 
1288 0.5320688 
1289 0.5319785 
1290 0.5317946 
1291 0.5317542 
1292 0.5316555 
1293 0.5314038 
1294 0.5311316 
1295 0.53095 
1296 0.5305918 
1297 0.5303276 
1298 0.5301947 
1299 0.5299603 
1300 0.529607 
1301 0.5289677 
1302 0.5279276 
1303 0.5274394 
1304 0.5267315 
1305 0.5257905 
1306 0.52416 
1307 0.5212987 
1308 0.5178145 
1309 0.5147452 
1310 0.5000638 
1311 0.4999959 
1312 0.4999943 
1313 0.4999943 
1314 0.4999938 
1315 0.4999912 
1316 0.4999506 
1317 0.5045021 
1318 0.5045124 
1319 0.5051792 
1320 0.5082846 
1321 0.5097253 
1322 0.5098367 
1323 0.5099883 
1324 0.5103521 
1325 0.5112905 
1326 0.5113468 
1327 0.5114626 
1328 0.5114843 
1329 0.5114981 
1330 0.5116138 
1331 0.5116663 
1332 0.5117353 
1333 0.5118164 
1334 0.5118814 
1335 0.5120254 
1336 0.5120507 
1337 0.5120767 
1338 0.5121194 
1339 0.5121599 
1340 0.5122196 
1341 0.5122748 
1342 0.5123418 
1343 0.5123934 
1344 0.5124459 
1345 0.5125021 
1346 0.5125679 
1347 0.5126054 
1348 0.5126648 
1349 0.5127001 
1350 0.5127462 
1351 0.5128087 
1352 0.512849 
1353 0.5128952 
1354 0.5129631 
1355 0.513018 
1356 0.5131551 
1357 0.5132621 
1358 0.5133397 
1359 0.513472 
1360 0.5135496 
1361 0.5136419 
1362 0.5138435 
1363 0.5138981 
1364 0.5139899 
1365 0.5141311 
1366 0.5142123 
1367 0.514332 
1368 0.5144358 
1369 0.5145072 
1370 0.5146967 
1371 0.5147636 
1372 0.5148197 
1373 0.5148848 
1374 0.5150234 
1375 0.5150443 
1376 0.5150957 
1377 0.5151261 
1378 0.5151553 
1379 0.5151741 
1380 0.5152037 
1381 0.5152377 
1382 0.515247 
1383 0.5152668 
1384 0.5152555 
1385 0.5152497 
1386 0.5152445 
1387 0.515236 
1388 0.5152206 
1389 0.515185 
1390 0.5151535 
1391 0.5151075 
1392 0.5150532 
1393 0.5150361 
1394 0.5149055 
1395 0.5148304 
1396 0.5147029 
1397 0.514606 
1398 0.5145006 
1399 0.5143736 
1400 0.514126 
1401 0.5140282 
1402 0.5137192 
1403 0.5135339 
1404 0.5124356 
1405 0.5113386 
1406 0.5107337 
1407 0.5096099 
1408 0.5080961 
1409 0.5069548 
1410 0.5027939 
1411 0.5000149 
1412 0.4999985 
1413 0.4999968 
1414 0.4999968 
1415 0.4999966 
1416 0.4999966 
1417 0.4999114 
1418 0.503216 
1419 0.503226 
1420 0.5109178 
1421 0.5109285 
1422 0.5114589 
1423 0.5133179 
1424 0.5134536 
1425 0.5149394 
1426 0.5150212 
1427 0.5152107 
1428 0.5163319 
1429 0.5169301 
1430 0.5180658 
1431 0.5183047 
1432 0.5184238 
1433 0.518934 
1434 0.5189935 
1435 0.5198783 
1436 0.5201055 
1437 0.5201585 
1438 0.5202203 
1439 0.5203822 
1440 0.5206752 
1441 0.5208084 
1442 0.5208707 
1443 0.5210581 
1444 0.5211135 
1445 0.5212359 
1446 0.5212747 
1447 0.5213384 
1448 0.5216144 
1449 0.5216185 
1450 0.5216221 
1451 0.5216263 
1452 0.5216284 
1453 0.5216309 
1454 0.5216349 
1455 0.5216309 
1456 0.5216108 
1457 0.5215949 
1458 0.5215828 
1459 0.5215733 
1460 0.5215494 
1461 0.5215319 
1462 0.5214992 
1463 0.5214825 
1464 0.521455 
1465 0.521412 
1466 0.5213825 
1467 0.5213561 
1468 0.5213184 
1469 0.5212515 
1470 0.5211997 
1471 0.5211662 
1472 0.5211458 
1473 0.5211308 
1474 0.5211131 
1475 0.5210993 
1476 0.5210602 
1477 0.5210044 
1478 0.5209862 
1479 0.5209684 
1480 0.5209588 
1481 0.5209349 
1482 0.5209002 
1483 0.5208924 
1484 0.520879 
1485 0.5208599 
1486 0.5208447 
1487 0.5208184 
1488 0.5208023 
1489 0.520782 
1490 0.520761 
1491 0.5207423 
1492 0.5207315 
1493 0.5207225 
1494 0.5207119 
1495 0.5207056 
1496 0.5206944 
1497 0.5206683 
1498 0.5206553 
1499 0.5206425 
1500 0.5206221 
1501 0.520575 
1502 0.5205387 
1503 0.5204895 
1504 0.5204554 
1505 0.5203384 
1506 0.5202764 
1507 0.5201234 
1508 0.5199844 
1509 0.5198803 
1510 0.5198254 
1511 0.5197979 
1512 0.5197553 
1513 0.519672 
1514 0.5195859 
1515 0.5195431 
1516 0.5194812 
1517 0.5193752 
1518 0.519263 
1519 0.5191298 
1520 0.5190245 
1521 0.5188844 
1522 0.5187331 
1523 0.5184947 
1524 0.5183834 
1525 0.5182656 
1526 0.518109 
1527 0.5175113 
1528 0.5165022 
1529 0.5160508 
1530 0.5157179 
1531 0.5149826 
1532 0.5129475 
1533 0.5041107 
1534 0.500001 
1535 0.4999935 
1536 0.4999925 
1537 0.4999925 
1538 0.4999909 
1539 0.4999909 
1540 0.4999786 
1541 0.4999566 
1542 0.5081495 
1543 0.5085806 
1544 0.508591 
1545 0.508969 
1546 0.5091798 
1547 0.509687 
1548 0.5097804 
1549 0.5098463 
1550 0.5098956 
1551 0.5102394 
1552 0.5102624 
1553 0.5103807 
1554 0.5104309 
1555 0.5105823 
1556 0.5106068 
1557 0.5106441 
1558 0.5106572 
1559 0.5106794 
1560 0.5107518 
1561 0.5107949 
1562 0.5108197 
1563 0.5108763 
1564 0.5109145 
1565 0.5109559 
1566 0.5109989 
1567 0.5110276 
1568 0.5110837 
1569 0.5111233 
1570 0.5111417 
1571 0.5111736 
1572 0.5111893 
1573 0.5112289 
1574 0.5112469 
1575 0.5112634 
1576 0.5112798 
1577 0.5113179 
1578 0.5113438 
1579 0.5113694 
1580 0.5113848 
1581 0.5114099 
1582 0.5114538 
1583 0.5114833 
1584 0.511511 
1585 0.5115313 
1586 0.5115631 
1587 0.5116039 
1588 0.5116342 
1589 0.5116627 
1590 0.511691 
1591 0.5117881 
1592 0.5118533 
1593 0.5118847 
1594 0.5119205 
1595 0.5119606 
1596 0.5119963 
1597 0.5120705 
1598 0.5121692 
1599 0.5122321 
1600 0.5123261 
1601 0.5124324 
1602 0.5126814 
1603 0.5127504 
1604 0.5127879 
1605 0.5128475 
1606 0.5129335 
1607 0.5130327 
1608 0.5130695 
1609 0.5131527 
1610 0.5132563 
1611 0.5133051 
1612 0.5133486 
1613 0.5134014 
1614 0.513444 
1615 0.5134704 
1616 0.5135207 
1617 0.5135458 
1618 0.5135643 
1619 0.5136174 
1620 0.5136327 
1621 0.5136553 
1622 0.5136684 
1623 0.5136839 
1624 0.513697 
1625 0.513714 
1626 0.513738 
1627 0.5137739 
1628 0.5138186 
1629 0.5138225 
1630 0.5138246 
1631 0.5138261 
1632 0.5138343 
1633 0.5138379 
1634 0.5138349 
1635 0.5138281 
1636 0.5138244 
1637 0.513822 
1638 0.5138181 
1639 0.5138117 
1640 0.513806 
1641 0.5138021 
1642 0.5137876 
1643 0.5137701 
1644 0.5137442 
1645 0.5137363 
1646 0.5137198 
1647 0.5136913 
1648 0.513656 
1649 0.5136286 
1650 0.5135579 
1651 0.5135328 
1652 0.5134952 
1653 0.5134766 
1654 0.513443 
1655 0.513399 
1656 0.5133568 
1657 0.5132901 
1658 0.5132217 
1659 0.5131524 
1660 0.513051 
1661 0.5129491 
1662 0.5128367 
1663 0.5127582 
1664 0.5127008 
1665 0.5124923 
1666 0.5120724 
1667 0.5118977 
1668 0.5110015 
1669 0.5106668 
1670 0.5103864 
1671 0.5101577 
1672 0.509895 
1673 0.504664 
1674 0.5020924 
1675 0.500558 
1676 0.5000046 
1677 0.4999969 
1678 0.4999967 
1679 0.4999932 
1680 0.4999931 
1681 0.4999917 
1682 0.4999562 
1683 0.5000555 
1684 0.5003678 
1685 0.5003779 
1686 0.5032601 
1687 0.5071465 
1688 0.5078826 
1689 0.5081547 
1690 0.5080826 
1691 0.5079797 
1692 0.5078476 
1693 0.5078889 
1694 0.5079245 
1695 0.5079765 
1696 0.5079798 
1697 0.5077114 
1698 0.5070228 
1699 0.5057952 
1700 0.5005633 
1701 0.4999987 
1702 0.4999987 
1703 0.4999982 
1704 0.4999984 
1705 0.4999932 
1706 0.499966 
1707 0.5041341 
1708 0.5041521 
1709 0.5049077 
1710 0.5055999 
1711 0.5062157 
1712 0.5064242 
1713 0.5067972 
1714 0.5071269 
1715 0.5071985 
1716 0.50726 
1717 0.507264 
1718 0.5072991 
1719 0.5073146 
1720 0.5073219 
1721 0.5073237 
1722 0.5073307 
1723 0.5073323 
1724 0.5073341 
1725 0.5073352 
1726 0.5073426 
1727 0.507352 
1728 0.5073536 
1729 0.5073556 
1730 0.5073598 
1731 0.5073644 
1732 0.5073655 
1733 0.5073669 
1734 0.507373 
1735 0.5073741 
1736 0.507376 
1737 0.5073774 
1738 0.5073807 
1739 0.5073829 
1740 0.507386 
1741 0.5073879 
1742 0.5073904 
1743 0.5073914 
1744 0.507393 
1745 0.5073943 
1746 0.507396 
1747 0.5073984 
1748 0.5073999 
1749 0.5074031 
1750 0.507408 
1751 0.5074116 
1752 0.5074154 
1753 0.5074193 
1754 0.5074223 
1755 0.5074262 
1756 0.5074295 
1757 0.5074342 
1758 0.5074369 
1759 0.5074418 
1760 0.5074457 
1761 0.5074758 
1762 0.507486 
1763 0.5074915 
1764 0.5074851 
1765 0.507472 
1766 0.5074594 
1767 0.5074549 
1768 0.5074419 
1769 0.5074336 
1770 0.5074187 
1771 0.5074033 
1772 0.5073997 
1773 0.507393 
1774 0.5073842 
1775 0.5073662 
1776 0.507335 
1777 0.5073105 
1778 0.5072814 
1779 0.5072688 
1780 0.5072525 
1781 0.5072251 
1782 0.5072099 
1783 0.5071678 
1784 0.5071556 
1785 0.5071405 
1786 0.507129 
1787 0.5070969 
1788 0.5070712 
1789 0.5070541 
1790 0.5069786 
1791 0.5069531 
1792 0.5069341 
1793 0.5069182 
1794 0.5068788 
1795 0.5068468 
1796 0.5068303 
1797 0.5067975 
1798 0.5067636 
1799 0.506717 
1800 0.5066867 
1801 0.5066159 
1802 0.5065808 
1803 0.5065326 
1804 0.5064856 
1805 0.5064339 
1806 0.5063133 
1807 0.5061685 
1808 0.5061408 
1809 0.5060787 
1810 0.5059584 
1811 0.5058361 
1812 0.5054063 
1813 0.5053332 
1814 0.5052377 
1815 0.5051176 
1816 0.5049226 
1817 0.504791 
1818 0.5047405 
1819 0.5043084 
1820 0.500008 
1821 0.4999986 
1822 0.4999986 
1823 0.4999986 
1824 0.4999985 
1825 0.4999975 
1826 0.4999974 
1827 0.499997 
1828 0.499988 
1829 0.4999827 
1830 0.4999754 
1831 0.4999446 
1832 0.5150097 
1833 0.5178243 
1834 0.516918 
1835 0.5141455 
1836 0.5013939 
1837 0.4999896 
1838 0.4999896 
1839 0.4999887 
1840 0.4999887 
1841 0.4999887 
1842 0.4999596 
1843 0.5076597 
1844 0.5076719 
1845 0.5076825 
1846 0.5078081 
1847 0.5078975 
1848 0.5079289 
1849 0.5079468 
1850 0.507984 
1851 0.5080211 
1852 0.5080905 
1853 0.5081214 
1854 0.5081714 
1855 0.508224 
1856 0.5083201 
1857 0.508489 
1858 0.5085094 
1859 0.5085273 
1860 0.5086031 
1861 0.5086169 
1862 0.5086713 
1863 0.508727 
1864 0.5087518 
1865 0.5087956 
1866 0.5088877 
1867 0.5089792 
1868 0.5090252 
1869 0.5090473 
1870 0.5091587 
1871 0.5093261 
1872 0.509357 
1873 0.5093826 
1874 0.5094083 
1875 0.5094905 
1876 0.5095077 
1877 0.5095352 
1878 0.5095644 
1879 0.5095999 
1880 0.5096321 
1881 0.5096895 
1882 0.5097234 
1883 0.509766 
1884 0.5098529 
1885 0.509883 
1886 0.5099296 
1887 0.5099629 
1888 0.5100141 
1889 0.5100506 
1890 0.5100744 
1891 0.510109 
1892 0.510141 
1893 0.5101721 
1894 0.5102075 
1895 0.510239 
1896 0.5102573 
1897 0.5102684 
1898 0.5103009 
1899 0.5103503 
1900 0.510383 
1901 0.5103941 
1902 0.5104226 
1903 0.5105107 
1904 0.5105643 
1905 0.5105898 
1906 0.5106357 
1907 0.510703 
1908 0.5107467 
1909 0.5107897 
1910 0.5107905 
1911 0.5107919 
1912 0.510793 
1913 0.5107938 
1914 0.5107949 
1915 0.5107965 
1916 0.510797 
1917 0.5107983 
1918 0.5108 
1919 0.5108012 
1920 0.5108046 
1921 0.5108087 
1922 0.5108117 
1923 0.5108134 
1924 0.5108144 
1925 0.5108152 
1926 0.5108179 
1927 0.5108201 
1928 0.5108209 
1929 0.5108241 
1930 0.5108277 
1931 0.5108288 
1932 0.510831 
1933 0.5108335 
1934 0.5108366 
1935 0.5108384 
1936 0.5108407 
1937 0.5108463 
1938 0.5108509 
1939 0.5108508 
1940 0.5108308 
1941 0.5107975 
1942 0.5107677 
1943 0.510749 
1944 0.5107328 
1945 0.5107173 
1946 0.5106977 
1947 0.5106286 
1948 0.5105792 
1949 0.5105655 
1950 0.5105054 
1951 0.5104261 
1952 0.5103807 
1953 0.5103489 
1954 0.5103133 
1955 0.5101801 
1956 0.5101432 
1957 0.5099731 
1958 0.5098427 
1959 0.5097972 
1960 0.5097386 
1961 0.5096835 
1962 0.5094829 
1963 0.5092968 
1964 0.5087452 
1965 0.5085097 
1966 0.5082129 
1967 0.5079563 
1968 0.5077687 
1969 0.5075135 
1970 0.5073886 
1971 0.5072645 
1972 0.5069393 
1973 0.5067249 
1974 0.5063737 
1975 0.5061751 
1976 0.5043141 
1977 0.5000031 
1978 0.4999953 
1979 0.4999953 
1980 0.4999953 
1981 0.4999953 
1982 0.4999952 
1983 0.4999952 
1984 0.4998968 
1985 0.5004776 
1986 0.5043036 
1987 0.5086623 
1988 0.5137509 
1989 0.5145632 
1990 0.5165656 
1991 0.516558 
1992 0.5165547 
1993 0.5165457 
1994 0.5165015 
1995 0.5164842 
1996 0.51647 
1997 0.5164523 
1998 0.5164212 
1999 0.5163952 
2000 0.5163531 
2001 0.5163032 
2002 0.5162615 
2003 0.5162065 
2004 0.5161637 
2005 0.5161197 
2006 0.5160815 
2007 0.516038 
2008 0.5159963 
2009 0.5159507 
2010 0.5159118 
2011 0.515874 
2012 0.5158052 
2013 0.5157703 
2014 0.5157256 
2015 0.5156057 
2016 0.5154583 
2017 0.5153315 
2018 0.5151223 
2019 0.5149859 
2020 0.514856 
2021 0.5147172 
2022 0.5144834 
2023 0.5143542 
2024 0.5142814 
2025 0.5141787 
2026 0.5139928 
2027 0.5137558 
2028 0.5135895 
2029 0.5134092 
2030 0.5132476 
2031 0.513165 
2032 0.5130272 
2033 0.5128619 
2034 0.5125283 
2035 0.512439 
2036 0.5119252 
2037 0.5117235 
2038 0.5116027 
2039 0.5114256 
2040 0.5113014 
2041 0.5110701 
2042 0.5107743 
2043 0.5103144 
2044 0.5100314 
2045 0.5095919 
2046 0.5090891 
2047 0.5082408 
2048 0.5073902 
2049 0.5060061 
2050 0.5042758 
2051 0.5031232 
2052 0.5000325 
2053 0.499999 
2054 0.499997 
2055 0.499997 
2056 0.5000082 
2057 0.4999987 
2058 0.499997 
2059 0.4999964 
2060 0.4999964 
2061 0.4999952 
2062 0.4999922 
2063 0.4999564 
2064 0.5085666 
2065 0.5086091 
2066 0.5095897 
2067 0.5103186 
2068 0.5103669 
2069 0.5104377 
2070 0.5104732 
2071 0.5106213 
2072 0.5106742 
2073 0.510755 
2074 0.5108622 
2075 0.5109292 
2076 0.5109687 
2077 0.5109841 
2078 0.5109983 
2079 0.5109941 
2080 0.5109881 
2081 0.5109876 
2082 0.5109829 
2083 0.5109758 
2084 0.5109714 
2085 0.510966 
2086 0.5109543 
2087 0.5109474 
2088 0.510932 
2089 0.5109259 
2090 0.5109174 
2091 0.5109104 
2092 0.5109035 
2093 0.5108929 
2094 0.5108889 
2095 0.5108779 
2096 0.5108719 
2097 0.5108683 
2098 0.5108626 
2099 0.5108576 
2100 0.510854 
2101 0.5108501 
2102 0.5108434 
2103 0.5108364 
2104 0.5108326 
2105 0.5108281 
2106 0.5108157 
2107 0.5108019 
2108 0.510779 
2109 0.5107686 
2110 0.5107658 
2111 0.5107602 
2112 0.5107534 
2113 0.5107465 
2114 0.5107265 
2115 0.5106923 
2116 0.5106455 
2117 0.5106144 
2118 0.5105715 
2119 0.5105542 
2120 0.5105404 
2121 0.5105084 
2122 0.5104626 
2123 0.5104386 
2124 0.5103264 
2125 0.5102193 
2126 0.5101491 
2127 0.5101041 
2128 0.5100705 
2129 0.5100324 
2130 0.5099829 
2131 0.5099382 
2132 0.5098336 
2133 0.5096471 
2134 0.5095414 
2135 0.5094172 
2136 0.5092929 
2137 0.5091445 
2138 0.5089429 
2139 0.5087339 
2140 0.508591 
2141 0.5083518 
2142 0.5079206 
2143 0.5071587 
2144 0.5068953 
2145 0.5057141 
2146 0.5047011 
2147 0.5000221 
2148 0.4999989 
2149 0.4999989 
2150 0.4999989 
2151 0.4999989 
2152 0.4999989 
2153 0.4999971 
2154 0.4999854 
2155 0.4999738 
2156 0.5062715 
2157 0.5063074 
2158 0.5063181 
2159 0.5063551 
2160 0.5063823 
2161 0.5063983 
2162 0.5064201 
2163 0.5064379 
2164 0.5064628 
2165 0.5065238 
2166 0.5065381 
2167 0.5065706 
2168 0.5066094 
2169 0.5066566 
2170 0.5066813 
2171 0.5067111 
2172 0.5067415 
2173 0.5067652 
2174 0.5067904 
2175 0.5068143 
2176 0.5068323 
2177 0.5068593 
2178 0.5068776 
2179 0.5069097 
2180 0.5069277 
2181 0.5069521 
2182 0.5069726 
2183 0.5069942 
2184 0.5070191 
2185 0.5070394 
2186 0.5070738 
2187 0.507087 
2188 0.5071139 
2189 0.5071424 
2190 0.5071912 
2191 0.5072343 
2192 0.5072796 
2193 0.5073349 
2194 0.507362 
2195 0.5075073 
2196 0.5075327 
2197 0.5075616 
2198 0.5075771 
2199 0.5076531 
2200 0.5076997 
2201 0.507712 
2202 0.5077283 
2203 0.5077346 
2204 0.5077397 
2205 0.5077449 
2206 0.5077507 
2207 0.507753 
2208 0.5077538 
2209 0.5077546 
2210 0.5077551 
2211 0.5077452 
2212 0.5077401 
2213 0.5077319 
2214 0.5077248 
2215 0.5077147 
2216 0.5077009 
2217 0.5076931 
2218 0.5076843 
2219 0.5076813 
2220 0.5076744 
2221 0.5076668 
2222 0.5076576 
2223 0.507654 
2224 0.5076506 
2225 0.5076408 
2226 0.5076282 
2227 0.5075622 
2228 0.5075255 
2229 0.5075145 
2230 0.5075004 
2231 0.5074877 
2232 0.5074679 
2233 0.5074576 
2234 0.5074334 
2235 0.5074161 
2236 0.5074056 
2237 0.5073929 
2238 0.5073373 
2239 0.5073087 
2240 0.5072713 
2241 0.5072516 
2242 0.5072042 
2243 0.5070887 
2244 0.5070376 
2245 0.5068935 
2246 0.5067794 
2247 0.5067209 
2248 0.5066597 
2249 0.5065244 
2250 0.5062939 
2251 0.506196 
2252 0.5061509 
2253 0.5059307 
2254 0.5055898 
2255 0.5054346 
2256 0.5022319 
2257 0.500032 
2258 0.4999993 
2259 0.4999993 
2260 0.4999993 
2261 0.4999993 
2262 0.4999975 
2263 0.4999975 
2264 0.4999975 
2265 0.4998938 
2266 0.5001961 
2267 0.5002091 
2268 0.5120875 
2269 0.5128235 
2270 0.5158398 
2271 0.5161803 
2272 0.5165232 
2273 0.5165937 
2274 0.5167013 
2275 0.5167823 
2276 0.5168427 
2277 0.5169127 
2278 0.516991 
2279 0.5170706 
2280 0.5169755 
2281 0.5168563 
2282 0.516732 
2283 0.5165717 
2284 0.5163109 
2285 0.5161647 
2286 0.5158299 
2287 0.5155088 
2288 0.5152114 
2289 0.5149272 
2290 0.5145043 
2291 0.5141552 
2292 0.5135962 
2293 0.5134026 
2294 0.5131295 
2295 0.5124041 
2296 0.512218 
2297 0.5119652 
2298 0.5115158 
2299 0.5105631 
2300 0.5098407 
2301 0.5089794 
2302 0.5074473 
2303 0.5058537 
2304 0.5040231 
2305 0.5014727 
2306 0.5000067 
2307 0.499999 
2308 0.499999 
2309 0.499999 
2310 0.499999 
2311 0.4999988 
2312 0.4999987 
2313 0.4999986 
2314 0.4999971 
2315 0.4999962 
2316 0.499986 
2317 0.4999422 
2318 0.5027012 
2319 0.5027117 
2320 0.5110525 
2321 0.511122 
2322 0.513121 
2323 0.5132257 
2324 0.5132983 
2325 0.5134278 
2326 0.5135497 
2327 0.5135888 
2328 0.513652 
2329 0.5137133 
2330 0.513804 
2331 0.5138816 
2332 0.5139672 
2333 0.514046 
2334 0.5141108 
2335 0.5141236 
2336 0.5141384 
2337 0.5141537 
2338 0.5141785 
2339 0.5141878 
2340 0.5141951 
2341 0.5142046 
2342 0.5142131 
2343 0.5142246 
2344 0.5142367 
2345 0.5142616 
2346 0.5142617 
2347 0.5142618 
2348 0.514262 
2349 0.514262 
2350 0.5142684 
2351 0.5142788 
2352 0.5142852 
2353 0.5143015 
2354 0.514317 
2355 0.5143613 
2356 0.5143646 
2357 0.5143642 
2358 0.5143629 
2359 0.5143614 
2360 0.5143596 
2361 0.5143581 
2362 0.5143585 
2363 0.5143588 
2364 0.5143617 
2365 0.5143438 
2366 0.5143239 
2367 0.5142729 
2368 0.514229 
2369 0.5141829 
2370 0.514131 
2371 0.5140882 
2372 0.51407 
2373 0.5140377 
2374 0.5140166 
2375 0.5139706 
2376 0.5139416 
2377 0.5138864 
2378 0.5138373 
2379 0.5137774 
2380 0.5137307 
2381 0.5136856 
2382 0.5136471 
2383 0.5136127 
2384 0.5135793 
2385 0.5135227 
2386 0.5134573 
2387 0.5133018 
2388 0.5131304 
2389 0.5128959 
2390 0.5125978 
2391 0.512416 
2392 0.5117617 
2393 0.51149 
2394 0.5112855 
2395 0.5111488 
2396 0.5106908 
2397 0.5100548 
2398 0.5097653 
2399 0.5093156 
2400 0.5091491 
2401 0.5071012 
2402 0.5043833 
2403 0.5037811 
2404 0.5000288 
2405 0.4999991 
2406 0.4999991 
2407 0.4999989 
2408 0.4999967 
2409 0.4999967 
2410 0.4999787 
2411 0.4999775 
2412 0.4999752 
2413 0.4999704 
2414 0.5057529 
2415 0.5057635 
2416 0.5068778 
2417 0.5068978 
2418 0.5069624 
2419 0.5070656 
2420 0.5070771 
2421 0.5071138 
2422 0.5071289 
2423 0.5071492 
2424 0.5071599 
2425 0.5071755 
2426 0.5071964 
2427 0.5072108 
2428 0.507232 
2429 0.5072365 
2430 0.5072504 
2431 0.5072752 
2432 0.5072907 
2433 0.5073077 
2434 0.5073428 
2435 0.507344 
2436 0.5073448 
2437 0.5073464 
2438 0.5073486 
2439 0.5073496 
2440 0.5073502 
2441 0.5073511 
2442 0.5073522 
2443 0.5073541 
2444 0.5073549 
2445 0.507356 
2446 0.5073576 
2447 0.5073584 
2448 0.5073599 
2449 0.5073615 
2450 0.5073624 
2451 0.5073637 
2452 0.5073647 
2453 0.507366 
2454 0.5073673 
2455 0.5073734 
2456 0.5073759 
2457 0.5073833 
2458 0.5073864 
2459 0.5073901 
2460 0.5074023 
2461 0.5074041 
2462 0.5073711 
2463 0.5073489 
2464 0.5073063 
2465 0.5072985 
2466 0.5072884 
2467 0.5072723 
2468 0.5072658 
2469 0.507254 
2470 0.5072458 
2471 0.5072397 
2472 0.5072255 
2473 0.5072143 
2474 0.5072023 
2475 0.507192 
2476 0.5071848 
2477 0.5071591 
2478 0.5071462 
2479 0.5070906 
2480 0.5070738 
2481 0.5070591 
2482 0.5070394 
2483 0.5070281 
2484 0.5070054 
2485 0.5069902 
2486 0.5069711 
2487 0.5069501 
2488 0.5069367 
2489 0.5069053 
2490 0.5068645 
2491 0.5067938 
2492 0.5067769 
2493 0.5067572 
2494 0.5067283 
2495 0.506715 
2496 0.5066843 
2497 0.5066664 
2498 0.5065757 
2499 0.5065132 
2500 0.506471 
2501 0.5064425 
2502 0.5063223 
2503 0.5062893 
2504 0.5062437 
2505 0.5061136 
2506 0.5060483 
2507 0.5058443 
2508 0.505764 
2509 0.5055975 
2510 0.5053986 
2511 0.5053266 
2512 0.5047661 
2513 0.5045105 
2514 0.5042903 
2515 0.5036469 
2516 0.5031742 
2517 0.5026996 
2518 0.5000002 
2519 0.4999922 
