1 99.244158 
2 99.24417 
3 99.244175 
4 99.1802 
5 99.18013 
6 99.124073 
7 99.120124 
8 99.114804 
9 99.074454 
10 99.073506 
11 99.069082 
12 99.056908 
13 99.056916 
14 99.056899 
15 99.052567 
16 99.05181 
17 99.050368 
18 99.048579 
19 99.046276 
20 99.046085 
21 99.045078 
22 99.043975 
23 99.024105 
24 98.954969 
25 98.954757 
26 98.947901 
27 98.946884 
28 98.945829 
29 98.945779 
30 98.943938 
31 98.942451 
32 98.919788 
33 98.919679 
34 98.919684 
35 98.918141 
36 98.918095 
37 98.916484 
38 98.915769 
39 98.915386 
40 98.913236 
41 98.907407 
42 98.905248 
43 98.90389 
44 98.900599 
45 98.889691 
46 98.866019 
47 98.865134 
48 98.863492 
49 98.861885 
50 98.858313 
51 98.85062 
52 98.790056 
53 98.78988 
54 98.789873 
55 98.789162 
56 98.788403 
57 98.784404 
58 98.783549 
59 98.780215 
60 98.778341 
61 98.778267 
62 98.778004 
63 98.77741 
64 98.774989 
65 98.760598 
66 98.731952 
67 98.731788 
68 98.731792 
69 98.730559 
70 98.730104 
71 98.728371 
72 98.727247 
73 98.724272 
74 98.721546 
75 98.715555 
76 98.715529 
77 98.715534 
78 98.712243 
79 98.712209 
80 98.710724 
81 98.710486 
82 98.709487 
83 98.708885 
84 98.708779 
85 98.708576 
86 98.708265 
87 98.708183 
88 98.708014 
89 98.707798 
90 98.707743 
91 98.707383 
92 98.707205 
93 98.706791 
94 98.705813 
95 98.705152 
96 98.70272 
97 98.697514 
98 98.618895 
99 98.618902 
100 98.618432 
101 98.616754 
102 98.616162 
103 98.614222 
104 98.606174 
105 98.60441 
106 98.603824 
107 98.6033 
108 98.601527 
109 98.599768 
110 98.598221 
111 98.59341 
112 98.589431 
113 98.589439 
114 98.589414 
115 98.587383 
116 98.586698 
117 98.585861 
118 98.58565 
119 98.585504 
120 98.585468 
121 98.585326 
122 98.585215 
123 98.585117 
124 98.585049 
125 98.584988 
126 98.584732 
127 98.584516 
128 98.584098 
129 98.583796 
130 98.583571 
131 98.583292 
132 98.582163 
133 98.580664 
134 98.573148 
135 98.573127 
136 98.573135 
137 98.571229 
138 98.567619 
139 98.565879 
140 98.562121 
141 98.554625 
142 98.481509 
143 98.475572 
144 98.466396 
145 98.459341 
146 98.459309 
147 98.458789 
148 98.4583 
149 98.458034 
150 98.457994 
151 98.45771 
152 98.456439 
153 98.455967 
154 98.455627 
155 98.454439 
156 98.453271 
157 98.452027 
158 98.450835 
159 98.448208 
160 98.44588 
161 98.44027 
162 98.427606 
163 98.326881 
164 98.318832 
165 98.318814 
166 98.318821 
167 98.317774 
168 98.314799 
169 98.314346 
170 98.314216 
171 98.313163 
172 98.312666 
173 98.312593 
174 98.311907 
175 98.311739 
176 98.310713 
177 98.310318 
178 98.309782 
179 98.309333 
180 98.308612 
181 98.308064 
182 98.306702 
183 98.305383 
184 98.304728 
185 98.295048 
186 98.292077 
187 98.292069 
188 98.291953 
189 98.291762 
190 98.291479 
191 98.291172 
192 98.289804 
193 98.289798 
194 98.289268 
195 98.288953 
196 98.288715 
197 98.288541 
198 98.288163 
199 98.288087 
200 98.288008 
201 98.288 
202 98.287749 
203 98.287727 
204 98.287474 
205 98.286625 
206 98.285944 
207 98.28543 
208 98.284922 
209 98.283884 
210 98.262679 
211 98.262167 
212 98.250135 
213 98.247291 
214 98.245042 
215 98.238211 
216 98.237138 
217 98.23653 
218 98.235419 
219 98.234616 
220 98.232332 
221 98.229651 
222 98.229032 
223 98.228845 
224 98.227558 
225 98.227186 
226 98.226889 
227 98.226371 
228 98.225505 
229 98.224728 
230 98.223707 
231 98.222534 
232 98.221586 
233 98.216113 
234 98.216121 
235 98.216114 
236 98.215815 
237 98.215614 
238 98.212881 
239 98.211983 
240 98.211026 
241 98.210004 
242 98.209209 
243 98.208095 
244 98.206398 
245 98.204434 
246 98.20084 
247 98.180513 
248 98.180362 
249 98.180367 
250 98.180037 
251 98.178831 
252 98.177783 
253 98.177365 
254 98.176896 
255 98.176636 
256 98.176432 
257 98.176225 
258 98.176005 
259 98.175829 
260 98.175503 
261 98.175261 
262 98.174414 
263 98.173453 
264 98.147135 
265 98.147023 
266 98.147027 
267 98.139646 
268 98.13957 
269 98.135352 
270 98.133633 
271 98.132961 
272 98.132297 
273 98.12772 
274 98.127346 
275 98.121202 
276 98.118075 
277 98.116545 
278 98.115845 
279 98.115305 
280 98.113457 
281 98.113168 
282 98.112206 
283 98.110904 
284 98.110185 
285 98.108987 
286 98.107313 
287 98.100546 
288 98.10054 
289 98.099516 
290 98.099517 
291 98.098864 
292 98.098836 
293 98.098522 
294 98.098402 
295 98.098042 
296 98.097996 
297 98.09788 
298 98.09747 
299 98.096957 
300 98.096901 
301 98.096667 
302 98.096535 
303 98.096408 
304 98.096382 
305 98.096369 
306 98.096229 
307 98.096163 
308 98.096078 
309 98.0959 
310 98.09577 
311 98.095698 
312 98.095453 
313 98.095173 
314 98.094351 
315 98.09387 
316 98.092915 
317 98.090819 
318 98.032283 
319 98.032059 
320 98.032063 
321 98.024045 
322 98.021376 
323 98.019939 
324 98.019866 
325 98.018892 
326 98.018311 
327 98.018115 
328 98.017808 
329 98.017661 
330 98.017373 
331 98.017222 
332 98.016981 
333 98.016743 
334 98.016478 
335 98.015578 
336 98.015396 
337 98.015214 
338 98.013838 
339 98.013453 
340 98.013137 
341 98.01212 
342 98.006117 
343 98.006102 
344 98.005166 
345 98.005157 
346 98.005129 
347 98.004296 
348 98.002771 
349 98.002321 
350 98.002289 
351 98.002214 
352 98.002043 
353 98.001994 
354 98.001967 
355 98.001905 
356 98.001773 
357 98.001681 
358 98.001656 
359 98.001547 
360 98.001512 
361 98.001485 
362 98.001374 
363 98.001288 
364 98.001259 
365 98.001248 
366 98.001161 
367 98.000863 
368 98.000811 
369 98.000693 
370 98.000609 
371 98.000472 
372 98.000425 
373 98.000244 
374 97.999763 
375 97.999003 
376 97.997713 
377 97.995867 
378 97.990437 
379 97.990377 
380 97.982659 
381 97.980285 
382 97.979344 
383 97.977929 
384 97.976345 
385 97.973102 
386 97.968952 
387 97.968943 
388 97.968898 
389 97.966938 
390 97.966784 
391 97.966781 
392 97.966685 
393 97.966635 
394 97.966589 
395 97.96655 
396 97.96643 
397 97.966419 
398 97.966401 
399 97.966384 
400 97.966351 
401 97.966246 
402 97.966111 
403 97.966096 
404 97.965949 
405 97.965887 
406 97.965767 
407 97.965693 
408 97.965637 
409 97.965595 
410 97.965414 
411 97.965214 
412 97.913692 
413 97.913593 
414 97.911862 
415 97.903385 
416 97.903348 
417 97.900904 
418 97.900805 
419 97.900578 
420 97.90053 
421 97.89939 
422 97.899158 
423 97.898936 
424 97.898132 
425 97.89798 
426 97.897261 
427 97.89676 
428 97.896525 
429 97.896178 
430 97.895974 
431 97.895613 
432 97.895407 
433 97.894749 
434 97.894302 
435 97.893715 
436 97.89322 
437 97.892601 
438 97.891804 
439 97.889963 
440 97.889343 
441 97.886559 
442 97.886556 
443 97.885041 
444 97.885031 
445 97.884983 
446 97.884154 
447 97.884147 
448 97.883883 
449 97.882903 
450 97.882638 
451 97.882034 
452 97.882007 
453 97.881906 
454 97.881068 
455 97.879613 
456 97.879565 
457 97.879321 
458 97.879081 
459 97.87885 
460 97.878492 
461 97.877912 
462 97.877826 
463 97.877777 
464 97.87762 
465 97.877413 
466 97.877179 
467 97.876937 
468 97.876582 
469 97.876319 
470 97.876045 
471 97.87581 
472 97.874579 
473 97.87434 
474 97.874052 
475 97.873528 
476 97.87294 
477 97.872212 
478 97.870333 
479 97.836504 
480 97.836503 
481 97.835593 
482 97.835591 
483 97.834767 
484 97.834436 
485 97.832676 
486 97.832443 
487 97.832421 
488 97.832182 
489 97.831984 
490 97.83174 
491 97.83132 
492 97.831238 
493 97.831108 
494 97.831004 
495 97.830686 
496 97.830537 
497 97.830521 
498 97.830254 
499 97.830231 
500 97.829905 
501 97.82985 
502 97.829716 
503 97.829594 
504 97.82952 
505 97.829485 
506 97.829455 
507 97.829439 
508 97.829344 
509 97.828583 
510 97.827962 
511 97.82746 
512 97.827234 
513 97.827116 
514 97.826926 
515 97.825672 
516 97.815142 
517 97.81511 
518 97.814717 
519 97.813711 
520 97.813012 
521 97.811255 
522 97.811162 
523 97.811092 
524 97.810959 
525 97.810477 
526 97.810299 
527 97.809825 
528 97.809195 
529 97.809061 
530 97.808826 
531 97.808504 
532 97.808009 
533 97.807619 
534 97.807455 
535 97.807073 
536 97.806631 
537 97.806251 
538 97.805825 
539 97.80558 
540 97.804722 
541 97.802289 
542 97.801496 
543 97.800928 
544 97.798447 
545 97.756129 
546 97.755938 
547 97.755944 
548 97.751957 
549 97.749631 
550 97.749179 
551 97.748873 
552 97.746323 
553 97.746052 
554 97.745828 
555 97.745363 
556 97.74483 
557 97.743613 
558 97.742971 
559 97.74278 
560 97.742659 
561 97.74252 
562 97.741939 
563 97.741636 
564 97.741567 
565 97.741192 
566 97.741061 
567 97.740718 
568 97.74066 
569 97.740607 
570 97.74051 
571 97.740347 
572 97.74027 
573 97.740119 
574 97.739982 
575 97.738862 
576 97.738421 
577 97.737239 
578 97.73645 
579 97.735838 
580 97.734321 
581 97.73363 
582 97.7327 
583 97.730056 
584 97.72196 
585 97.721686 
586 97.720405 
587 97.720399 
588 97.720285 
589 97.719947 
590 97.719173 
591 97.71917 
592 97.719086 
593 97.71878 
594 97.718352 
595 97.717425 
596 97.717403 
597 97.717366 
598 97.716785 
599 97.716598 
600 97.716514 
601 97.716338 
602 97.716193 
603 97.715891 
604 97.71568 
605 97.715509 
606 97.715377 
607 97.715018 
608 97.71493 
609 97.714713 
610 97.714545 
611 97.714484 
612 97.714275 
613 97.714087 
614 97.713717 
615 97.713397 
616 97.713055 
617 97.71253 
618 97.711204 
619 97.708136 
620 97.705772 
621 97.695864 
622 97.695864 
623 97.693808 
624 97.692608 
625 97.692174 
626 97.692145 
627 97.692059 
628 97.691915 
629 97.691841 
630 97.691809 
631 97.691792 
632 97.691753 
633 97.691703 
634 97.691683 
635 97.691646 
636 97.69162 
637 97.691568 
638 97.691471 
639 97.691447 
640 97.691425 
641 97.691402 
642 97.691343 
643 97.691292 
644 97.691249 
645 97.691213 
646 97.691146 
647 97.691104 
648 97.691034 
649 97.690995 
650 97.690733 
651 97.689826 
652 97.687999 
653 97.682043 
654 97.682048 
655 97.680318 
656 97.679079 
657 97.671627 
658 97.671551 
659 97.668274 
660 97.667548 
661 97.665189 
662 97.663551 
663 97.663233 
664 97.663154 
665 97.662519 
666 97.661765 
667 97.660437 
668 97.659026 
669 97.657421 
670 97.654631 
671 97.648534 
672 97.640893 
673 97.615614 
674 97.615518 
675 97.615393 
676 97.611558 
677 97.610338 
678 97.610097 
679 97.609987 
680 97.609239 
681 97.607867 
682 97.606719 
683 97.606406 
684 97.605333 
685 97.60488 
686 97.604741 
687 97.604519 
688 97.604205 
689 97.603973 
690 97.603611 
691 97.603442 
692 97.603243 
693 97.602998 
694 97.602831 
695 97.602584 
696 97.602251 
697 97.601898 
698 97.601501 
699 97.601103 
700 97.600647 
701 97.599926 
702 97.59744 
703 97.588328 
704 97.553175 
705 97.553152 
706 97.550615 
707 97.54983 
708 97.54776 
709 97.547293 
710 97.542082 
711 97.540228 
712 97.540019 
713 97.539506 
714 97.539181 
715 97.53768 
716 97.536502 
717 97.535584 
718 97.533713 
719 97.5333 
720 97.532927 
721 97.532275 
722 97.53183 
723 97.531646 
724 97.53135 
725 97.531081 
726 97.530804 
727 97.5296 
728 97.528405 
729 97.527767 
730 97.525123 
731 97.523174 
732 97.518673 
733 97.50662 
734 97.500714 
735 97.500704 
736 97.496906 
737 97.496257 
738 97.494321 
739 97.493137 
740 97.491689 
741 97.487678 
742 97.486802 
743 97.485026 
744 97.484789 
745 97.483997 
746 97.481798 
747 97.480275 
748 97.478643 
749 97.478137 
750 97.477523 
751 97.476751 
752 97.476152 
753 97.475399 
754 97.47502 
755 97.47392 
756 97.472126 
757 97.470522 
758 97.469231 
759 97.468613 
760 97.466586 
761 97.460338 
762 97.444471 
763 97.443683 
764 97.443682 
765 97.443023 
766 97.442416 
767 97.442015 
768 97.441456 
769 97.440236 
770 97.439526 
771 97.439186 
772 97.438885 
773 97.438214 
774 97.437423 
775 97.436134 
776 97.435857 
777 97.435714 
778 97.435557 
779 97.435314 
780 97.435084 
781 97.434947 
782 97.434766 
783 97.434498 
784 97.434274 
785 97.433924 
786 97.433822 
787 97.433289 
788 97.432082 
789 97.42798 
790 97.424815 
791 97.420305 
792 97.420312 
793 97.419618 
794 97.418966 
795 97.418146 
796 97.418084 
797 97.417393 
798 97.417305 
799 97.417239 
800 97.417175 
801 97.417097 
802 97.417014 
803 97.416946 
804 97.416855 
805 97.416791 
806 97.416682 
807 97.416623 
808 97.416496 
809 97.416385 
810 97.416257 
811 97.415977 
812 97.415855 
813 97.415639 
814 97.415293 
815 97.414705 
816 97.41292 
817 97.412595 
818 97.412595 
819 97.409553 
820 97.409537 
821 97.408758 
822 97.404982 
823 97.404578 
824 97.404099 
825 97.40205 
826 97.401997 
827 97.401408 
828 97.401151 
829 97.399421 
830 97.399199 
831 97.399058 
832 97.398835 
833 97.398386 
834 97.39816 
835 97.397965 
836 97.397895 
837 97.397736 
838 97.397542 
839 97.397234 
840 97.397034 
841 97.39694 
842 97.396829 
843 97.396704 
844 97.396579 
845 97.396442 
846 97.396343 
847 97.396187 
848 97.395965 
849 97.395846 
850 97.395633 
851 97.395269 
852 97.394999 
853 97.394808 
854 97.39359 
855 97.390723 
856 97.386186 
857 97.386187 
858 97.384839 
859 97.384821 
860 97.384051 
861 97.384053 
862 97.383635 
863 97.383519 
864 97.383298 
865 97.383244 
866 97.383162 
867 97.383145 
868 97.382768 
869 97.382671 
870 97.382618 
871 97.382346 
872 97.382319 
873 97.382288 
874 97.382281 
875 97.382255 
876 97.382235 
877 97.38223 
878 97.382206 
879 97.38216 
880 97.382153 
881 97.382137 
882 97.38208 
883 97.382053 
884 97.382023 
885 97.382016 
886 97.381948 
887 97.381934 
888 97.381923 
889 97.381906 
890 97.381898 
891 97.381885 
892 97.381862 
893 97.381833 
894 97.381806 
895 97.381773 
896 97.381753 
897 97.38174 
898 97.381712 
899 97.381685 
900 97.381652 
901 97.381621 
902 97.381585 
903 97.381524 
904 97.381336 
905 97.381133 
906 97.380947 
907 97.380463 
908 97.379673 
909 97.37922 
910 97.362515 
911 97.362521 
912 97.359098 
913 97.357375 
914 97.356263 
915 97.352867 
916 97.349217 
917 97.347478 
918 97.345892 
919 97.344362 
920 97.342601 
921 97.340668 
922 97.339848 
923 97.338405 
924 97.33744 
925 97.33553 
926 97.333387 
927 97.331963 
928 97.326758 
929 97.322134 
930 97.315494 
931 97.306423 
932 97.30641 
933 97.304701 
934 97.304168 
935 97.303887 
936 97.303765 
937 97.303743 
938 97.303663 
939 97.303655 
940 97.303649 
941 97.303647 
942 97.303631 
943 97.303627 
944 97.303613 
945 97.303593 
946 97.303577 
947 97.303567 
948 97.303562 
949 97.303549 
950 97.303523 
951 97.303497 
952 97.303486 
953 97.303477 
954 97.303473 
955 97.303411 
956 97.303349 
957 97.303347 
958 97.303322 
959 97.303304 
960 97.303203 
961 97.303193 
962 97.303144 
963 97.30308 
964 97.303064 
965 97.303026 
966 97.30295 
967 97.302882 
968 97.302819 
969 97.302748 
970 97.302694 
971 97.302675 
972 97.302608 
973 97.302488 
974 97.302452 
975 97.302321 
976 97.302179 
977 97.302011 
978 97.301844 
979 97.301576 
980 97.301064 
981 97.300751 
982 97.29485 
983 97.294834 
984 97.293294 
985 97.293285 
986 97.292926 
987 97.292929 
988 97.292229 
989 97.292222 
990 97.292171 
991 97.292134 
992 97.292113 
993 97.291985 
994 97.291903 
995 97.291786 
996 97.291781 
997 97.291749 
998 97.291719 
999 97.291707 
1000 97.291701 
1001 97.291685 
1002 97.291669 
1003 97.291664 
1004 97.29166 
1005 97.291651 
1006 97.291606 
1007 97.291591 
1008 97.291573 
1009 97.291523 
1010 97.291518 
1011 97.291511 
1012 97.291498 
1013 97.291462 
1014 97.291457 
1015 97.29145 
1016 97.291424 
1017 97.291415 
1018 97.291386 
1019 97.291364 
1020 97.291294 
1021 97.29128 
1022 97.291267 
1023 97.291259 
1024 97.291239 
1025 97.291131 
1026 97.291095 
1027 97.291079 
1028 97.291059 
1029 97.290996 
1030 97.290895 
1031 97.290495 
1032 97.289591 
1033 97.260876 
1034 97.260831 
1035 97.26084 
1036 97.258786 
1037 97.256867 
1038 97.256793 
1039 97.256381 
1040 97.255647 
1041 97.255591 
1042 97.255556 
1043 97.255346 
1044 97.255292 
1045 97.255174 
1046 97.255079 
1047 97.254983 
1048 97.254941 
1049 97.254848 
1050 97.254821 
1051 97.254741 
1052 97.254639 
1053 97.254594 
1054 97.254539 
1055 97.254485 
1056 97.254444 
1057 97.254411 
1058 97.254396 
1059 97.254353 
1060 97.254318 
1061 97.254284 
1062 97.254254 
1063 97.254149 
1064 97.25413 
1065 97.254113 
1066 97.25405 
1067 97.254036 
1068 97.253947 
1069 97.253875 
1070 97.253749 
1071 97.253574 
1072 97.253535 
1073 97.25339 
1074 97.253318 
1075 97.253245 
1076 97.253093 
1077 97.252866 
1078 97.251866 
1079 97.250846 
1080 97.249254 
1081 97.244246 
1082 97.23909 
1083 97.237272 
1084 97.236827 
1085 97.236684 
1086 97.236487 
1087 97.236298 
1088 97.236261 
1089 97.236218 
1090 97.236181 
1091 97.235321 
1092 97.234985 
1093 97.234908 
1094 97.234846 
1095 97.234777 
1096 97.234696 
1097 97.234603 
1098 97.234567 
1099 97.234406 
1100 97.234352 
1101 97.234243 
1102 97.234033 
1103 97.233951 
1104 97.233873 
1105 97.233758 
1106 97.233711 
1107 97.233679 
1108 97.233611 
1109 97.233451 
1110 97.233062 
1111 97.232997 
1112 97.232884 
1113 97.232759 
1114 97.232548 
1115 97.232224 
1116 97.231922 
1117 97.231608 
1118 97.230975 
1119 97.229558 
1120 97.22652 
1121 97.216533 
1122 97.214115 
1123 97.207108 
1124 97.205607 
1125 97.203486 
1126 97.201923 
1127 97.200634 
1128 97.199637 
1129 97.198611 
1130 97.196796 
1131 97.194645 
1132 97.191962 
1133 97.188869 
1134 97.183618 
1135 97.170679 
1136 97.166985 
1137 97.163489 
1138 97.162516 
1139 97.160849 
1140 97.159418 
1141 97.158701 
1142 97.157925 
1143 97.156852 
1144 97.155899 
1145 97.153952 
1146 97.150177 
1147 97.147204 
1148 97.138168 
1149 97.106586 
1150 97.100563 
1151 97.095359 
1152 97.094713 
1153 97.094125 
1154 97.093343 
1155 97.091897 
1156 97.090303 
1157 97.088901 
1158 97.080133 
1159 97.080139 
1160 97.079342 
1161 97.079058 
1162 97.078276 
1163 97.077158 
1164 97.075797 
1165 97.074982 
1166 97.074247 
1167 97.07357 
1168 97.072865 
1169 97.071933 
1170 97.070192 
1171 97.06683 
1172 97.039367 
1173 97.039327 
1174 97.037996 
1175 97.035756 
1176 97.035742 
1177 97.028132 
1178 97.025743 
1179 97.02468 
1180 97.024446 
1181 97.024137 
1182 97.023862 
1183 97.022679 
1184 97.022364 
1185 97.022159 
1186 97.021882 
1187 97.021694 
1188 97.021445 
1189 97.02119 
1190 97.020948 
1191 97.020437 
1192 97.019886 
1193 97.019602 
1194 97.018898 
1195 97.018477 
1196 97.017603 
1197 97.015652 
1198 97.014142 
1199 97.009603 
1200 97.001372 
1201 97.001336 
1202 96.999938 
1203 96.99994 
1204 96.999751 
1205 96.999486 
1206 96.999407 
1207 96.999221 
1208 96.999053 
1209 96.998299 
1210 96.998131 
1211 96.998051 
1212 96.997994 
1213 96.997938 
1214 96.997889 
1215 96.997826 
1216 96.997772 
1217 96.997735 
1218 96.997672 
1219 96.997634 
1220 96.997571 
1221 96.997502 
1222 96.997449 
1223 96.997398 
1224 96.997286 
1225 96.997221 
1226 96.997143 
1227 96.997033 
1228 96.996839 
1229 96.996741 
1230 96.996162 
1231 96.995207 
1232 96.994499 
1233 96.971067 
1234 96.969477 
1235 96.966974 
1236 96.95792 
1237 96.956121 
1238 96.955464 
1239 96.949097 
1240 96.947696 
1241 96.941836 
1242 96.941452 
1243 96.94094 
1244 96.940279 
1245 96.939008 
1246 96.938637 
1247 96.937962 
1248 96.93724 
1249 96.936645 
1250 96.936227 
1251 96.935523 
1252 96.934295 
1253 96.933097 
1254 96.932153 
1255 96.930314 
1256 96.928513 
1257 96.926436 
1258 96.924835 
1259 96.922494 
1260 96.921105 
1261 96.91881 
1262 96.910075 
1263 96.884304 
1264 96.883827 
1265 96.881734 
1266 96.878811 
1267 96.87854 
1268 96.877332 
1269 96.876455 
1270 96.875304 
1271 96.874283 
1272 96.873099 
1273 96.872439 
1274 96.871988 
1275 96.871646 
1276 96.871505 
1277 96.871017 
1278 96.870747 
1279 96.870563 
1280 96.870311 
1281 96.870061 
1282 96.869841 
1283 96.869659 
1284 96.869481 
1285 96.869259 
1286 96.868802 
1287 96.868533 
1288 96.86814 
1289 96.867794 
1290 96.867408 
1291 96.866895 
1292 96.866215 
1293 96.865393 
1294 96.864307 
1295 96.862822 
1296 96.859966 
1297 96.835517 
1298 96.835401 
1299 96.835408 
1300 96.835185 
1301 96.832704 
1302 96.831824 
1303 96.829649 
1304 96.829309 
1305 96.828783 
1306 96.82845 
1307 96.826799 
1308 96.825165 
1309 96.825027 
1310 96.824717 
1311 96.823741 
1312 96.823423 
1313 96.823069 
1314 96.821733 
1315 96.818992 
1316 96.818014 
1317 96.817399 
1318 96.816984 
1319 96.816765 
1320 96.816352 
1321 96.816004 
1322 96.815455 
1323 96.814939 
1324 96.814513 
1325 96.814305 
1326 96.813652 
1327 96.813059 
1328 96.812757 
1329 96.81206 
1330 96.811799 
1331 96.810953 
1332 96.80982 
1333 96.809123 
1334 96.808071 
1335 96.80625 
1336 96.802532 
1337 96.792891 
1338 96.792881 
1339 96.792892 
1340 96.792113 
1341 96.791561 
1342 96.790553 
1343 96.790545 
1344 96.790448 
1345 96.790191 
1346 96.790089 
1347 96.789948 
1348 96.789826 
1349 96.789671 
1350 96.789601 
1351 96.789385 
1352 96.789313 
1353 96.78929 
1354 96.789268 
1355 96.789203 
1356 96.789164 
1357 96.789152 
1358 96.789139 
1359 96.789125 
1360 96.789071 
1361 96.789004 
1362 96.788982 
1363 96.788934 
1364 96.788878 
1365 96.788867 
1366 96.788841 
1367 96.788778 
1368 96.788749 
1369 96.788725 
1370 96.788714 
1371 96.7887 
1372 96.788647 
1373 96.788598 
1374 96.788574 
1375 96.788525 
1376 96.788446 
1377 96.788424 
1378 96.788301 
1379 96.788242 
1380 96.788171 
1381 96.788145 
1382 96.788007 
1383 96.787867 
1384 96.787711 
1385 96.787654 
1386 96.787507 
1387 96.787423 
1388 96.787206 
1389 96.787057 
1390 96.786273 
1391 96.775445 
1392 96.774968 
1393 96.768595 
1394 96.76656 
1395 96.761548 
1396 96.756537 
1397 96.754871 
1398 96.753442 
1399 96.747578 
1400 96.745213 
1401 96.743519 
1402 96.742595 
1403 96.74097 
1404 96.74001 
1405 96.739109 
1406 96.738514 
1407 96.737729 
1408 96.737209 
1409 96.736024 
1410 96.734891 
1411 96.733976 
1412 96.732592 
1413 96.731881 
1414 96.731083 
1415 96.729484 
1416 96.727802 
1417 96.725967 
1418 96.723987 
1419 96.721513 
1420 96.719069 
1421 96.714074 
1422 96.71404 
1423 96.714046 
1424 96.712781 
1425 96.712773 
1426 96.712077 
1427 96.711652 
1428 96.711469 
1429 96.711447 
1430 96.711385 
1431 96.711238 
1432 96.711187 
1433 96.710985 
1434 96.710801 
1435 96.710608 
1436 96.710582 
1437 96.710493 
1438 96.710489 
1439 96.710453 
1440 96.710446 
1441 96.710421 
1442 96.71041 
1443 96.710391 
1444 96.710347 
1445 96.710328 
1446 96.710289 
1447 96.71028 
1448 96.710273 
1449 96.710228 
1450 96.710208 
1451 96.710156 
1452 96.710109 
1453 96.710098 
1454 96.710035 
1455 96.709992 
1456 96.709931 
1457 96.709903 
1458 96.709887 
1459 96.70987 
1460 96.709843 
1461 96.709807 
1462 96.709784 
1463 96.709712 
1464 96.709664 
1465 96.709581 
1466 96.709495 
1467 96.709412 
1468 96.709373 
1469 96.709337 
1470 96.70927 
1471 96.709223 
1472 96.709193 
1473 96.709176 
1474 96.70915 
1475 96.709112 
1476 96.708908 
1477 96.70746 
1478 96.706176 
1479 96.701915 
1480 96.67719 
1481 96.677184 
1482 96.676456 
1483 96.676105 
1484 96.675159 
1485 96.674948 
1486 96.674587 
1487 96.674376 
1488 96.674203 
1489 96.673996 
1490 96.673865 
1491 96.673736 
1492 96.673609 
1493 96.673409 
1494 96.673249 
1495 96.673003 
1496 96.672786 
1497 96.672444 
1498 96.67216 
1499 96.671473 
1500 96.67024 
1501 96.667981 
1502 96.58663 
1503 96.586577 
1504 96.58658 
1505 96.58134 
1506 96.579029 
1507 96.578651 
1508 96.57851 
1509 96.576093 
1510 96.575835 
1511 96.574884 
1512 96.57342 
1513 96.572666 
1514 96.572388 
1515 96.572047 
1516 96.571634 
1517 96.571293 
1518 96.570979 
1519 96.570391 
1520 96.569885 
1521 96.569442 
1522 96.569163 
1523 96.568701 
1524 96.568412 
1525 96.568074 
1526 96.567848 
1527 96.56756 
1528 96.56728 
1529 96.567105 
1530 96.566774 
1531 96.566284 
1532 96.566019 
1533 96.565671 
1534 96.565147 
1535 96.564768 
1536 96.564203 
1537 96.563813 
1538 96.562947 
1539 96.562589 
1540 96.558734 
1541 96.549771 
1542 96.543488 
1543 96.538225 
1544 96.529181 
1545 96.496368 
1546 96.496201 
1547 96.496203 
1548 96.496122 
1549 96.495014 
1550 96.495011 
1551 96.493513 
1552 96.493504 
1553 96.493497 
1554 96.493435 
1555 96.493181 
1556 96.493138 
1557 96.49306 
1558 96.49304 
1559 96.492966 
1560 96.492941 
1561 96.492906 
1562 96.492791 
1563 96.492775 
1564 96.492763 
1565 96.492724 
1566 96.49271 
1567 96.492706 
1568 96.492621 
1569 96.492572 
1570 96.492553 
1571 96.4925 
1572 96.492449 
1573 96.492407 
1574 96.492344 
1575 96.492274 
1576 96.492237 
1577 96.492222 
1578 96.492183 
1579 96.492153 
1580 96.492066 
1581 96.491994 
1582 96.491907 
1583 96.491867 
1584 96.491816 
1585 96.491775 
1586 96.491579 
1587 96.49154 
1588 96.491518 
1589 96.491476 
1590 96.491443 
1591 96.491377 
1592 96.491345 
1593 96.491321 
1594 96.491271 
1595 96.491161 
1596 96.491102 
1597 96.491069 
1598 96.490858 
1599 96.490577 
1600 96.489947 
1601 96.48919 
1602 96.487781 
1603 96.463365 
1604 96.462919 
1605 96.46292 
1606 96.461723 
1607 96.461709 
1608 96.461436 
1609 96.458832 
1610 96.458175 
1611 96.457615 
1612 96.454851 
1613 96.452661 
1614 96.452497 
1615 96.452073 
1616 96.452023 
1617 96.4513 
1618 96.451187 
1619 96.451038 
1620 96.450925 
1621 96.450729 
1622 96.449815 
1623 96.449637 
1624 96.4496 
1625 96.449551 
1626 96.449476 
1627 96.449193 
1628 96.449011 
1629 96.448922 
1630 96.448843 
1631 96.448647 
1632 96.448401 
1633 96.448299 
1634 96.448126 
1635 96.448017 
1636 96.447806 
1637 96.447546 
1638 96.447411 
1639 96.447324 
1640 96.446989 
1641 96.446743 
1642 96.446659 
1643 96.446377 
1644 96.446229 
1645 96.445953 
1646 96.445835 
1647 96.445703 
1648 96.445361 
1649 96.445156 
1650 96.444845 
1651 96.444708 
1652 96.444456 
1653 96.444145 
1654 96.443595 
1655 96.442811 
1656 96.442424 
1657 96.43998 
1658 96.43479 
1659 96.430252 
1660 96.424275 
1661 96.418879 
1662 96.416919 
1663 96.416682 
1664 96.416277 
1665 96.415887 
1666 96.415721 
1667 96.41521 
1668 96.414135 
1669 96.413774 
1670 96.412835 
1671 96.411767 
1672 96.411155 
1673 96.411104 
1674 96.410555 
1675 96.410417 
1676 96.410381 
1677 96.410277 
1678 96.410018 
1679 96.409932 
1680 96.409801 
1681 96.409599 
1682 96.409499 
1683 96.409418 
1684 96.409282 
1685 96.409249 
1686 96.409204 
1687 96.409098 
1688 96.409023 
1689 96.408928 
1690 96.408758 
1691 96.408621 
1692 96.408574 
1693 96.408443 
1694 96.408341 
1695 96.408215 
1696 96.407963 
1697 96.407812 
1698 96.407716 
1699 96.407386 
1700 96.407099 
1701 96.406957 
1702 96.40671 
1703 96.406547 
1704 96.40638 
1705 96.406035 
1706 96.405559 
1707 96.40521 
1708 96.40435 
1709 96.404165 
1710 96.403343 
1711 96.402514 
1712 96.399658 
1713 96.385184 
1714 96.38517 
1715 96.38444 
1716 96.384437 
1717 96.384091 
1718 96.384095 
1719 96.384018 
1720 96.383992 
1721 96.383763 
1722 96.383609 
1723 96.383553 
1724 96.383466 
1725 96.383127 
1726 96.382874 
1727 96.382709 
1728 96.382551 
1729 96.382463 
1730 96.382316 
1731 96.382231 
1732 96.382153 
1733 96.382048 
1734 96.381992 
1735 96.381819 
1736 96.381687 
1737 96.381617 
1738 96.381437 
1739 96.381275 
1740 96.381146 
1741 96.380858 
1742 96.380383 
1743 96.380228 
1744 96.380017 
1745 96.37901 
1746 96.377905 
1747 96.377766 
1748 96.377776 
1749 96.377184 
1750 96.377178 
1751 96.377062 
1752 96.376301 
1753 96.376005 
1754 96.375968 
1755 96.375898 
1756 96.375249 
1757 96.375236 
1758 96.375188 
1759 96.375022 
1760 96.374918 
1761 96.374887 
1762 96.374854 
1763 96.374827 
1764 96.374753 
1765 96.374736 
1766 96.374702 
1767 96.374678 
1768 96.374653 
1769 96.374631 
1770 96.374614 
1771 96.374598 
1772 96.374573 
1773 96.374546 
1774 96.374528 
1775 96.374492 
1776 96.37446 
1777 96.374446 
1778 96.374435 
1779 96.374384 
1780 96.374362 
1781 96.374326 
1782 96.374304 
1783 96.374255 
1784 96.374224 
1785 96.374193 
1786 96.374175 
1787 96.374134 
1788 96.374109 
1789 96.374096 
1790 96.374051 
1791 96.374012 
1792 96.373968 
1793 96.373941 
1794 96.373898 
1795 96.373845 
1796 96.373775 
1797 96.373732 
1798 96.373674 
1799 96.37362 
1800 96.373581 
1801 96.373147 
1802 96.373107 
1803 96.373011 
1804 96.372906 
1805 96.372713 
1806 96.372584 
1807 96.371785 
1808 96.364884 
1809 96.364346 
1810 96.364346 
1811 96.361689 
1812 96.360506 
1813 96.3603 
1814 96.359791 
1815 96.359639 
1816 96.358935 
1817 96.358752 
1818 96.358557 
1819 96.358281 
1820 96.358114 
1821 96.35781 
1822 96.35762 
1823 96.357355 
1824 96.357279 
1825 96.357228 
1826 96.357142 
1827 96.356935 
1828 96.356807 
1829 96.356698 
1830 96.356519 
1831 96.356474 
1832 96.356388 
1833 96.356321 
1834 96.356211 
1835 96.356037 
1836 96.355935 
1837 96.355721 
1838 96.355686 
1839 96.355607 
1840 96.355521 
1841 96.355418 
1842 96.355343 
1843 96.355231 
1844 96.35516 
1845 96.3551 
1846 96.355006 
1847 96.354935 
1848 96.354874 
1849 96.35478 
1850 96.354723 
1851 96.354575 
1852 96.354346 
1853 96.35398 
1854 96.35338 
1855 96.352771 
1856 96.351714 
1857 96.350428 
1858 96.344055 
1859 96.344064 
1860 96.34405 
1861 96.343623 
1862 96.342951 
1863 96.342791 
1864 96.342633 
1865 96.342511 
1866 96.342257 
1867 96.342162 
1868 96.342053 
1869 96.3417 
1870 96.341523 
1871 96.341473 
1872 96.341445 
1873 96.341066 
1874 96.340974 
1875 96.340962 
1876 96.340912 
1877 96.34087 
1878 96.340653 
1879 96.340612 
1880 96.340586 
1881 96.340563 
1882 96.34055 
1883 96.340498 
1884 96.340475 
1885 96.340459 
1886 96.340445 
1887 96.340406 
1888 96.340376 
1889 96.340365 
1890 96.340348 
1891 96.340337 
1892 96.340316 
1893 96.340304 
1894 96.340277 
1895 96.340245 
1896 96.340199 
1897 96.340161 
1898 96.340115 
1899 96.3401 
1900 96.340028 
1901 96.339986 
1902 96.33997 
1903 96.339921 
1904 96.339902 
1905 96.339888 
1906 96.339876 
1907 96.339858 
1908 96.339841 
1909 96.33978 
1910 96.33975 
1911 96.339715 
1912 96.339656 
1913 96.339587 
1914 96.339554 
1915 96.339516 
1916 96.339389 
1917 96.339297 
1918 96.339265 
1919 96.339178 
1920 96.339134 
1921 96.33872 
1922 96.338549 
1923 96.338368 
1924 96.337973 
1925 96.337383 
1926 96.337083 
1927 96.329149 
1928 96.329141 
1929 96.32915 
1930 96.328736 
1931 96.327884 
1932 96.327876 
1933 96.32742 
1934 96.326823 
1935 96.326482 
1936 96.326301 
1937 96.326274 
1938 96.326269 
1939 96.325574 
1940 96.325188 
1941 96.325097 
1942 96.32496 
1943 96.324865 
1944 96.324494 
1945 96.324473 
1946 96.324348 
1947 96.324141 
1948 96.324109 
1949 96.323982 
1950 96.323906 
1951 96.323898 
1952 96.323879 
1953 96.323801 
1954 96.32373 
1955 96.323666 
1956 96.323615 
1957 96.323569 
1958 96.323501 
1959 96.323451 
1960 96.323282 
1961 96.323181 
1962 96.323096 
1963 96.323016 
1964 96.322964 
1965 96.32286 
1966 96.322752 
1967 96.322673 
1968 96.322615 
1969 96.322405 
1970 96.322323 
1971 96.322097 
1972 96.321959 
1973 96.321866 
1974 96.321656 
1975 96.321274 
1976 96.321184 
1977 96.321077 
1978 96.320718 
1979 96.320299 
1980 96.319524 
1981 96.318068 
1982 96.315231 
1983 96.314206 
1984 96.314213 
1985 96.313587 
1986 96.313361 
1987 96.312424 
1988 96.312202 
1989 96.312039 
1990 96.311835 
1991 96.311501 
1992 96.311178 
1993 96.310794 
1994 96.310629 
1995 96.31053 
1996 96.310332 
1997 96.310244 
1998 96.309961 
1999 96.309872 
2000 96.309816 
