10.5985952861491 -38.5949346899664 -10.3125507410847
9.8956377885772 -39.4066384512479 -10.0271158242202
9.17375550606324 -40.1835956167574 -9.69558790881724
8.43408287820231 -40.9229224182285 -9.31988039900298
7.67782434319981 -41.621904004525 -8.90208933030161
6.90623516486551 -42.2779918329358 -8.44447165990679
6.12061310069957 -42.8887993008332 -7.94941727771937
5.32229852432815 -43.4520998584722 -7.41942377636231
4.51267712666877 -43.9658300787041 -6.85708030262457
3.69317946900051 -44.4280981644026 -6.26506229426031
2.86527426666766 -44.837196818189 -5.64613465615477
2.03045549786846 -45.1916183279356 -5.00315824303715
1.19022587846906 -45.4900689231652 -4.33909383884525
0.346080413214672 -45.7314789365487 -3.65699898613645
-0.500506258812645 -45.9150054360878 -2.96001547671893
-1.34808587652743 -46.0400252356052 -2.25134829887958
-2.19523462037336 -46.1061186065831 -1.53423948933761
-3.0405439401507 -46.1130469898904 -0.811941896057198
-3.88260698030729 -46.060730413471 -0.0876978716306941
-4.72000503127438 -45.9492310539863 0.635273593943066
-5.55129883292644 -45.7787479421059 1.35378033595874
-6.3750283954034 -45.549624619932 2.06465288485174
-7.18972252173652 -45.2623677784344 2.76473671789021
-7.993916256834 -44.9176719047549 3.45088578266272
-8.78617216463258 -44.5164437127521 4.1199616071707
-9.56510052318116 -44.0598207790118 4.76884044916381
-10.3293744148387 -43.5491807772822 5.39442836858181
-11.0777376797406 -42.9861400932738 5.99368163328196
-11.8090057667708 -42.3725427139845 6.56362831483901
-12.522060839686 -41.7104419179875 7.10138692590454
-13.2158430061922 -41.0020785878328 7.60417967907772
-13.8893399285776 -40.2498609671642 8.06934092992102
-14.5415781800292 -39.4563509822139 8.49432440562712
-15.1716215812316 -38.6242610710381 8.87671431193965
-15.7785831080602 -37.7564622968977 9.21424408438275
-16.3616556313007 -36.8559998520353 9.50482238548671
-16.9201611414599 -35.9261076569342 9.74656071001909
-17.4536089918714 -34.9702120374967 9.93779375466073
-17.9617449952055 -33.9919170284979 10.0770854208717
-18.4445707909694 -32.9949701516764 10.1632205012599
-18.9023212653581 -31.9832146796244 10.1951916442302
-19.3354063449122 -30.9605387876421 10.1721971535279
-19.744344843607 -29.9308316000411 10.0936620555062
-20.12973050843 -28.8979519222876 9.95928182841803
-20.4922640188264 -27.8657104443792 9.76907134925388
-20.8328579951989 -26.8378629513556 9.52339189323558
-21.15278527443 -25.818110625298 9.22293575215121
-21.4538123775494 -24.8101016026201 8.86867172252207
-21.7382578921707 -23.817423373222 8.46178388510602
-22.0089453652876 -22.8435693876293 8.00365177885228
-22.269070406597 -21.8918612376645 7.49590711879144
-22.522046019764 -20.9653182983114 6.94056147620588
-22.7714017385085 -20.0664930407335 6.34015160034014
-23.020779481815 -19.197322377674 5.69782473439918
-23.2740059689623 -18.3590605151323 5.01730522970533
-23.5351626714634 -17.5523355446967 4.30273939450136
-23.8085567700338 -16.777311081059 3.55847673502286
-24.0985375233569 -16.0338664021912 2.78887686309345
-24.4091856018812 -15.3216792612573 1.99821530483065
-24.7439840013623 -14.6401342162257 1.19070973198305
-25.1056087736327 -13.9880748517013 0.370631564710066
-25.4959311537206 -13.3635193414686 -0.457564145007317
-25.9162185352297 -12.7635020130376 -1.28915493682303
-26.3674167040443 -12.1841542349062 -2.11915155749197
-26.8503519898807 -11.6210171127804 -2.94239074260911
-27.3657375682825 -11.0694547100647 -3.75370310451792
-27.9139773353623 -10.5249842731648 -4.54811835393695
-28.4948700199609 -9.9833921205444 -5.32105236525392
-29.107364416166 -9.44063057726854 -6.06841541477152
-29.7494821829076 -8.89261831812891 -6.78660244175689
-30.4184353727294 -8.33511995365942 -7.47237586947096
-31.1108772898086 -7.76383102101439 -8.12270789408391
-31.8231834291467 -7.1746727625381 -8.73467697257462
-32.5516740600643 -6.56417905499907 -9.30548786162151
-33.292737605546 -5.92980463040645 -9.83261368547202
-34.0428611982191 -5.27002511831554 -10.3139826637933
-34.7986022603017 -4.58420564222056 -10.7480993198331
-35.5565414031821 -3.87232234995895 -11.1340220142481
-36.3132495189462 -3.13467361763219 -11.4711957815603
-37.0652871860684 -2.37169586718997 -11.7592152282464
-37.8092371097223 -1.58392621888218 -11.9976249271628
-38.5417552521763 -0.772075763054227 -12.1858411735046
-39.2596187775601 0.0628674157238916 -12.3232173982674
-39.9597517156301 0.919582076640539 -12.4092106147909
-40.6392207096965 1.79643985832014 -12.4435687552779
-41.2952078722286 2.69159834272244 -12.4264612930457
-41.9249788669003 3.60311320559801 -12.3585100646747
-42.5258668733396 4.52901930188282 -12.2407227349944
-43.095286001567 5.46735385599456 -12.0743665026154
-43.6307743006791 6.41612701778864 -11.8608326049313
-44.1300529265575 7.37326840714364 -11.6015336568732
-44.5910805086371 8.33658371435305 -11.2978552017586
-45.0120835656642 9.30374467419165 -10.9511612136792
-45.391553736004 10.2723176701533 -10.5628382271936
-45.7282156432104 11.2398204843441 -10.1343565627252
-46.0209794269026 12.2037888861747 -9.66732817636636
-46.2688953487624 13.1618352917403 -9.16354598656833
-46.47112404253 14.1116876891605 -8.62499649187319
-46.6269276591076 15.0512046747054 -8.05384444333237
-46.7356784283972 15.9783689968376 -7.45239436534198
-46.7968754623117 16.8912661616622 -6.82303821337298
-46.8101595926029 17.7880563163933 -6.16820083618318
-46.7753192782153 18.6669473542763 -5.49029469033911
-46.6922862159705 19.5261757012899 -4.79169232951491
-46.5611246880059 20.3639991348825 -4.07472011217184
-46.3820216197296 21.1787035641409 -3.3416706147982
-46.1552836198836 21.9686230722615 -2.59482613578175
-45.8813432449613 22.732169761172 -1.83648306858053
-45.5607711050734 23.4678673126043 -1.06896774185417
-45.1942857366073 24.1743802770215 -0.294638350615652
-44.7827517392258 24.8505307443902 0.484126572032629
-44.3271596211165 25.4952959675137 1.26494723895724
-43.8285874032305 26.1077848610994 2.04546039872797
-43.288151903444 26.6871973116897 2.82332776692331
-42.706963565411 27.232776198796 3.59623130196931
-42.0861000158772 27.7437658128441 4.36185759314595
-41.426609157631 28.2193902285708 5.11787903461393
-40.7295436263506 28.6588605950755 5.86194194552617
-39.9960178531363 29.0614122146909 6.59167015539822
-39.2272706740578 29.426363027672 7.30468712340713
-38.4247137439608 29.7531776971267 7.9986522268467
-37.5899502932126 30.0415186002546 8.67130025940698
-36.7247586490341 30.2912680759773 9.32047026696916
-35.8310467796979 30.5025146662229 9.94411227778681
-34.9107934865113 30.6755072518994 10.5402678182878
-33.9659954267329 30.8105912201624 11.1070297574688
-32.9986359180211 30.9081466325212 11.6424952462606
-32.0106829800668 30.9685478301757 12.1447290072342
-31.0041135502923 30.9921572065339 12.6117515137868
-29.9809520002614 30.9793551906202 13.0415586004883
-28.9433070031217 30.9305972521077 13.4321686773732
-27.8933927818389 30.8464805727436 13.7816847752915
-26.8335278295925 30.7278006160598 14.0883544167676
-25.7661132543159 30.5755819989642 14.3506122946582
-24.6935999849933 30.39107736503 14.5670979588522
-23.618456220528 30.1757389859537 14.7366499594392
-22.5431433017294 29.9311764440472 14.8582851673106
-21.4701019906319 29.6591167552917 14.9311744525304
-20.4017456178346 29.3613797659248 14.9546233499269
-19.3404544987316 29.0398734596893 14.9280612362759
-18.2885677240422 28.696604832958 14.8510384110309
-17.248371693411 28.3336963830876 14.7232296207008
-16.2220865112239 27.9533984172761 14.544444530293
-15.211849990236 27.5580927114919 14.3146474944823
-14.2196958175745 27.1502901376088 14.0339875154523
-13.2475209876786 26.7326293341505 13.7028337737946
-12.2970409860756 26.3078823735827 13.3218056437154
-11.3697389912672 25.8789669686644 12.8917839846498
-10.4668227275262 25.4489566679988 12.4138965457704
-9.58920298541035 25.0210758351351 11.8894832070454
-8.73749793177339 24.5986687990446 11.3200595785658
-7.9120510081383 24.1851425173628 10.707301433366
-7.11293769223147 23.7838951372478 10.0530630389601
-6.33993817357928 23.3982519160739 9.35942350690872
-5.59247189541507 23.0314286840655 8.62873764597445
-4.86951705743808 22.6865295849625 7.86366272523694
-4.16955678211709 22.3665653048603 7.06714392418317
-3.49058944516434 22.0744611711443 6.24236235894495
-2.83021242585204 21.8130227249002 5.3926672897648
-2.18575107743778 21.5848445422505 4.52151799733518
-1.55438096844013 21.39217968151 3.63245038571989
-0.933197544376626 21.2368153344664 2.72906756132491
-0.31922091090024 21.1200064469009 1.81504302400244
0.290636183568948 21.0424950602043 0.894123941007797
0.899587592790037 21.0045990036207 -0.0298731826150613
1.51094166563907 21.0063141093318 -0.953077232190366
2.12801500451196 21.0473642301444 -1.8715881647002
2.75402602495105 21.127161672051 -2.78151286347616
3.39201553802863 21.2446928317187 -3.67900718203624
4.0448225622317 21.3983903081022 -4.56031544605013
4.7151048579736 21.5860666474976 -5.42179671271517
5.40536133557945 21.8049583216544 -6.25993252920304
6.11790978793004 22.051876999898 -7.07132313101088
6.85480158279103 22.3234171099958 -7.85269001758992
7.61769684997585 22.6161480836207 -8.6009025913768
8.40775226527762 22.9267334634638 -9.31303206718642
9.22557118126168 23.2519561733021 -9.98641567977305
10.0712353465317 23.5886695360992 -10.6187027884471
10.9443983857711 23.9337190408977 -11.2078608378574
11.8443961635501 24.2838822394276 -11.7521397514015
12.7703299399922 24.6358568590439 -12.2500149023767
13.721100649424 24.9863014041393 -12.700137946286
14.6954013076948 25.3319106366418 -13.1013168264583
15.6916933051985 25.6694983698638 -13.4525273460723
16.7081934191117 25.9960630728066 -13.7529409662504
17.7428853356421 26.3088232977317 -14.0019470782474
18.7935529187604 26.6052230542984 -14.1991551654249
19.8578223797469 26.8829162880625 -14.3443769752486
20.9332005694015 27.1397422402267 -14.4376014072913
22.0171036713959 27.3737008621003 -14.478978244681
23.1068783404646 27.5829328544772 -14.4688203706605
24.1998209604201 27.765705352784 -14.4076226558377
25.2931992176179 27.9204030662362 -14.2960861624347
26.384275980128 28.0455251081138 -14.1351334541012
27.4703319740584 28.1396881785387 -13.9259051586447
28.5486831173521 28.2016359691041 -13.6697363588468
29.6166905039052 28.2302526965247 -13.3681193683807
30.6717641582336 28.2245766986571 -13.0226635776299
31.7113638334693 28.1838094360126 -12.6350623607215
32.7330003561196 28.1073166963523 -12.2070728238081
33.7342396909441 27.9946217722343 -11.7405088619311
34.7127101059305 27.8453934554227 -11.2372438070326
35.6661115646013 27.6594333740281 -10.6992171108616
36.5922261514486 27.4366667229805 -10.1284400453208
37.4889287006367 27.1771381220047 -9.52699748158522
38.3541972832539 26.8810113429753 -8.89704525434014
39.186123318742 26.5485693792074 -8.24080442343155
39.9829206489425 26.180210770837 -7.56055439633793
40.742932178718 25.7764394520532 -6.85862642570544
41.4646321412314 25.3378480575364 -6.13739793562185
42.1466222058981 24.8650975414877 -5.39928710814923
42.7876207844558 24.3588979963833 -4.64674668971405
43.3864468416488 23.8199959265623 -3.88225622296497
43.9420016569222 23.2491717400522 -3.10831266717
44.4532534157228 22.6472483213281 -2.32742020786955
44.9192294366226 22.0151081937932 -1.54208055953099
45.3390189797375 21.3537141278846 -0.754785035598892
45.7117864071283 20.6641270495627 0.0319908215251203
46.0367911130429 19.9475161314529 0.815789924993188
46.3134084552664 19.2051586243226 1.59417408074888
46.5411458280322 18.4384302875621 2.36472290595048
46.7196500605247 17.6487899508522 3.12503196256267
46.8487055981418 16.8377628475105 3.87271065852868
46.9282260140286 16.0069266987622 4.60538022724883
46.9582430959907 15.1579026842589 5.32067190683015
46.9388976420684 14.2923514314126 6.01622540318273
46.8704346819973 13.4119728777674 6.68968792133773
46.7532041421833 12.5185085861519 7.33871450948747
46.5876668433892 11.6137454317707 7.96097105377365
46.3744053378075 10.6995198449093 8.55414167777094
46.1141389458278 9.7777215509702 9.11594214295251
45.8077417570663 8.85029517387988 9.64413986740383
45.4562611133265 7.91923780395847 10.1365795164033
45.0609327839123 6.98659124872974 10.591211337021
44.6231887315723 6.05442913140789 11.0061182523767
44.1446547794739 5.12484051338463 11.3795376720635
43.6271383390043 4.19991236455186 11.7098748910409
43.0726093238117 3.28171270150659 11.9957062365766
42.4831788832047 2.37227528365752 12.2357712712149
41.8610799068212 1.47358658553171 12.4289545669727
41.2086511035368 0.58757677052592 12.5742597527623
40.5283245944025 -0.283882672758328 12.6707824368843
39.8226168908506 -1.1389735580323 12.7176933865497
39.0941248485676 -1.97592256064517 12.7142459259361
38.3455299151566 -2.79300267645599 12.65981770118
37.5796133359671 -3.58856285214488 12.5539844534271
36.7992808723602 -4.36109934019515 12.3966051128817
36.0075895129235 -5.10936432636683 12.187882338637
35.2077640476482 -5.83248155877637 11.9283621343429
34.4031912634337 -6.53001968010513 11.6188572098007
33.5973843789929 -7.20197863707509 11.2603164151984
32.7939180542831 -7.84868030467925 10.8536990840511
31.9963422017076 -8.47060984321418 10.3999257954166
31.2080893006152 -9.06830035001089 9.89995202752989
30.4323939969551 -9.64235789029068 9.35495453687927
29.6722437755411 -10.1936716828364 8.76655884288576
28.9303731806806 -10.7237605950253 8.13700516448004
28.2093001266259 -11.2351166941309 7.46917267195546
27.511382429786 -11.7313730029783 6.76645095736915
26.8388515819227 -12.2171774948982 6.0325246749669
26.1937718828547 -12.6977831767039 5.27117522493451
25.5778929282071 -13.1785020625178 4.48618067586822
24.9924172413275 -13.6642411491084 3.6813323050109
24.4377698334062 -14.1592959684491 2.86052682288478
23.9134871224339 -14.6674406611609 2.02786874414024
23.4183036815137 -15.1921976271102 1.18772828446659
22.9504163273705 -15.7370819186781 0.344728030489433
22.50780193126 -16.3056436262113 -0.496340995958581
22.0884241137342 -16.9012568690623 -1.33065321095859
21.6902165379864 -17.5267531395109 -2.15349807023094
21.3108528679447 -18.1840840653918 -2.9604029153585
20.9474383115079 -18.8741764992021 -3.7471878565935
20.5963127792102 -19.5970303114844 -4.5099312884291
20.2531070597994 -20.3519795328694 -5.24486523466977
19.9130670760746 -21.1379684301686 -5.94826410831827
19.5715277122916 -21.9537170030764 -6.61640708716289
19.2243486451388 -22.7977356171132 -7.24566214814092
18.8681519572873 -23.6682352762334 -7.83267137862075
18.5003032960181 -24.5630208983247 -8.37455436608035
18.1186969967728 -25.4794403740728 -8.86903047962
17.7214811120309 -26.4144153764608 -9.31440224678076
17.3068598459105 -27.3645344812605 -9.7094145749164
16.8730485481283 -28.3261678980868 -10.0530648731161
16.418370279045 -29.2955686167651 -10.3444549233462
15.9414183673734 -30.2689441982616 -10.5827431105414
15.4411932266416 -31.2425009278584 -10.7671987080662
14.9171521200513 -32.2124693394445 -10.8973115088625
14.3691632454727 -33.17511881316 -10.9728933491585
13.7974002821957 -34.1267653789865 -10.9941253272599
13.2022307439202 -35.0637756041185 -10.9615400668488
12.5841395670565 -35.9825705824637 -10.8759605714527
11.9437014896747 -36.8796348402197 -10.7384311558894
11.281589619187 -37.7515332076858 -10.5501695191443

-44.970319013457 -25.3265215982036 1.73009332987792
-45.2469674641977 -24.6623054814776 2.57730964687119
-45.476053463989 -23.9683419442773 3.41477665292926
-45.6570791582053 -23.245989446058 4.23986657524998
-45.7895869544394 -22.496685647861 5.04995132603342
-45.8732350777673 -21.721965250324 5.84239792490472
-45.9078761583182 -20.9234646786463 6.61457529271904
-45.8936161219513 -20.1029119606084 7.36387029325251
-45.830837486171 -19.2621066206316 8.08770819544038
-45.720182689968 -18.402898430389 8.78357231273459
-45.5625051056616 -17.5271738502432 9.44901928921537
-45.3588040228478 -16.6368552697851 10.0816892842043
-45.1101629917266 -15.73391250211 10.6793128001525
-44.8177083870942 -14.8203806697933 11.2397170730572
-44.4825983687702 -13.898375429219 11.7608344160375
-44.1060436675854 -12.9700963311509 12.2407129294511
-43.689352905062 -12.0378121514551 12.677527350782
-43.233988362022 -11.1038277523192 13.0695857542312
-42.7416149796236 -10.1704391590998 13.4153278161472
-42.2141272047924 -9.23988969169001 13.7133135716502
-41.6536452411168 -8.3143419861248 13.9622077462365
-41.0624826260464 -7.39587593730332 14.1607713547884
-40.44309724064 -6.48651104035743 14.3078748826341
-39.7980436016613 -5.58823761413307 14.4025417447038
-39.129942683933 -4.7030327142283 14.444016132631
-38.4414768245256 -3.83284054288407 14.4318311392879
-37.7354051965635 -2.97951539919497 14.365841805076
-37.0145854992749 -2.1447499665988 14.2461941605957
-36.2819845536203 -1.33002795332016 14.0732285831521
-35.540665798507 -0.536633539489713 13.8473540560843
-34.7937527897143 0.23428216864157 13.5689584039369
-34.0443797588028 0.981621132303634 13.238416814372
-33.2956479405861 1.70431637066915 12.856219147259
-32.5506064898537 2.40142708991861 12.4231710472396
-31.8122690629404 3.07235206807466 11.9405700387614
-31.0836634021614 3.71708355356475 11.4102528729625
-30.3678940313394 4.33637170940318 10.8344685412131
-29.6681810328104 4.93168799478879 10.2156276983163
-28.9878286701491 5.50497245830105 9.55605880812377
-28.3300888223675 6.05828028022931 8.85791210967023
-27.697923989855 6.59352931019125 8.12328073181017
-27.0937330624112 7.11252810535033 7.35449032058774
-26.5191486860083 7.61732601315888 6.55441130712326
-25.9750113219506 8.1107370543839 5.72663012946773
-25.461556259769 8.59675418458734 4.87539027190368
-24.9787385615151 9.08058045683342 4.00533469639406
-24.526525162672 9.56817409392642 3.12117131187092
-24.1049697464297 10.0654538130306 2.22739343389134
-23.7139856395255 10.5774990044826 1.32813299770668
-23.3529045183884 11.1080921616748 0.427159925370724
-23.0200522172182 11.6597748078196 -0.471998454458814
-22.7125888909555 12.2343234733339 -1.36586539440782
-22.4267287448558 12.8333509892592 -2.25081792293404
-22.1582514803743 13.458708432861 -3.12296600000548
-21.9030651566345 14.1125063284597 -3.97817098240507
-21.6575647342796 14.7967946058388 -4.81221082555804
-21.4186541762698 15.5131108943281 -5.62102771268709
-21.1834862538792 16.2621403040835 -6.40094733937219
-20.9491172171677 17.0436284982083 -7.14877049858928
-20.7122985991369 17.8565326630248 -7.86170738529557
-20.4695317425332 18.6992815581634 -8.5372151494715
-20.2173558453329 19.5700010904167 -9.17285315065932
-19.9527168140581 20.4666288979187 -9.76625144957234
-19.6732345095428 21.3869279403161 -10.3152081916492
-19.3772544384809 22.3284589287029 -10.8178445746226
-19.0636879385173 23.2885684240475 -11.2727093409707
-18.7317443137872 24.2644144893522 -11.6787588850989
-18.3806911222194 25.2530172033043 -12.035217248076
-18.0097394639245 26.2513074980541 -12.3413909658214
-17.6180724654537 27.256155730413 -12.596536393713
-17.2049638907441 28.2643792205994 -12.7998446487486
-16.7699035891546 29.2727417972208 -12.9505462443272
-16.3126633742935 30.277960674895 -13.0480807604099
-15.8332820860165 31.2767282256743 -13.0922538158077
-15.3319931529673 32.2657456408485 -13.0833195778998
-14.8091399348543 33.241759166427 -13.0219671614699
-14.2651181416104 34.2015899080814 -12.9092302332195
-13.7003609542675 35.1421526859735 -12.7463628808677
-13.1153577872585 36.0604640972274 -12.534726038717
-12.5106845806644 36.9536426504113 -12.275713795204
-11.887025112503 37.8189049389631 -11.9707288261807
-11.2451736398056 38.6535625120148 -11.6211999476904
-10.5860207675804 39.4550245326591 -11.2286260015535
-9.91053079412415 40.2208103895542 -10.7946281659715
-9.21971872612975 40.9485731569217 -10.3209948043992
-8.51463137595519 41.6361297143063 -9.80970713512822
-7.79633316011975 42.2814886764006 -9.26293945205795
-7.06589567063143 42.8828657664533 -8.68303392447011
-6.32439072257069 43.4386793777042 -8.07245627147333
-5.57288778586002 43.9475259748466 -7.43374331727393
-4.81245685411184 44.4081428031679 -6.76945503767921
-4.04417636725502 44.8193705845162 -6.08214154461016
-3.2691435467691 45.1801291106485 -5.37433024470463
-2.48848281693042 45.489413766319 -4.6485320186693
-1.70334801130923 45.7463130964157 -3.9072599288501
-0.91491607424492 45.9500398074365 -3.15305136016694
-0.124373259651122 46.0999630424617 -2.38848516568634
0.667101936600424 46.1956299522902 -1.61618860349485
1.45835308596497 46.2367691557976 -0.838833070795618
2.24825184473768 46.2232756653768 -0.0591212210344521
3.03569284074442 46.155183525146 0.720230073389849
3.81957852879471 46.0326363853888 1.4965064489232
4.59879884716816 45.8558663269031 2.26700930871796
5.37221265858753 45.625187779437 3.02906419279176
6.13863773247987 45.3410079150805 3.78002432366539
6.89685347491457 45.0038495510773 4.51727031844657
7.64561661487283 44.6143792031605 5.23820751935109
8.3836860020762 44.1734324044202 5.94026263256239
9.10984996836002 43.6820304809498 6.62088152870002
9.82294923253878 43.1413864312611 7.2775300650254
10.5218900826612 42.5529008269837 7.90769939099757
11.2056456751321 41.9181505798732 8.50891621650252
11.8732464546113 41.2388737711623 9.07875711533414
12.5237629059624 40.516953195801 9.61486469000966
13.1562849037025 39.7544008663519 10.1149631053372
13.7699024437514 38.9533460166311 10.5768715362506
14.3636933022304 38.116029726101 10.9985160663819
14.9367241570908 37.2448089454501 11.3779422421245
15.4880716263113 36.3421703539388 11.7133303466426
16.0168664721191 35.4107502386743 12.003012942573
16.5223567168239 34.4533522365364 12.2454905646715
17.0039751276468 33.4729530245566 12.439439416057
17.4613882596605 32.4726887670618 12.5837072622498
17.8945043363585 31.4558217425761 12.6773007425515
18.303429682781 30.4256938940758 12.7193754876348
18.6883858575428 29.3856782064882 12.7092434668086
19.0496223183921 28.3391380184577 12.6464048448159
19.3873691032078 27.2894001473579 12.5305952664273
19.7018614044499 26.2397433564518 12.3618227429347
19.993435169616 25.1934012380804 12.14036412055
20.2626551095698 24.1535769458492 11.8667079843977
20.5104154802982 23.1234633810621 11.5414646595234
20.7379657017029 22.1062549082332 11.1652963338008
20.9468558296594 21.1051286868248 10.7389271187642
21.1388490849385 20.123173718028 10.2632600342189
21.3158772504988 19.1632627280097 9.73956543192059
21.4800955938469 18.2278961986496 9.16964785268868
21.634029736997 17.3190826786941 8.55588674120663
21.7807312638945 16.438325998439 7.9010996139771
21.9238204745391 15.5867470683246 7.20827198384073
22.0673279391446 14.7652860645443 6.48028180230415
22.2153463337785 13.9748567466278 5.71976347149592
22.3716218631981 13.2163159071136 4.92919067622919
22.5392805895374 12.4901941427172 4.11114218681982
22.7208474216723 11.7962770261291 3.26861646392842
22.9185763866964 11.1332460346706 2.40523719630814
23.1349353565763 10.4986002504204 1.52525427675031
23.3729759814144 9.88895281932512 0.63335007007942
23.6363463961135 9.30058906046529 -0.265656357548142
23.9288717828702 8.73000819373472 -1.16709328004759
24.2538529094668 8.17415855442989 -2.06662578062127
24.6133905810094 7.63023945246677 -2.96031397294021
25.0080412775056 7.09519328526588 -3.84453972626
25.436943725131 6.56520036854711 -4.71583067564207
25.8983221729853 6.03549968430564 -5.57064368697773
26.3901033097416 5.50068216479837 -6.40520182816832
26.9103671911389 4.95534410756987 -7.21548023068163
27.4574774758222 4.39479889788902 -7.99738106103171
28.02991362863 3.8155296766337 -8.74703953269892
28.6259578180119 3.21522042686222 -9.46111991890244
29.2434200292622 2.5924274430892 -10.1369549532399
29.8795263981715 1.9461177203049 -10.7724657048287
30.5309970500312 1.27532498796794 -11.3659202677309
31.1942549191794 0.579065558597305 -11.915672048556
31.865668993873 -0.143506513200231 -12.4200150550817
32.5417464959332 -0.892846730552394 -12.8772137241232
33.2192288428786 -1.66883422730531 -13.2856620798738
33.8950911628521 -2.47074748100474 -13.6440625789236
34.5664777405348 -3.2973915087944 -13.9515206990106
35.2306191806384 -4.14729069050279 -14.2075139934383
35.8847714069127 -5.01884934604803 -14.4117695650696
36.5261971253861 -5.91042478835846 -14.5641274424436
37.1521865410183 -6.82031789803276 -14.6644610584631
37.7600965768168 -7.74672718864834 -14.7126831673055
38.3473835940733 -8.68771684447657 -14.7088165079432
38.911613706173 -9.64122451895905 -14.6530804589274
39.4504508643531 -10.6051022383791 -14.5459477953837
39.9616369242363 -11.577163985123 -14.3881508697325
40.4429827972744 -12.5552146658719 -14.1806458358087
40.8923837485769 -13.5370514934621 -13.9245609856455
41.3078588408792 -14.5204472640119 -13.621155099706
41.6876016028129 -15.5031343631342 -13.2717987467082
42.0300227001136 -16.4828051017452 -12.8779757919589
42.3337683360885 -17.4571325377226 -12.4412926596863
42.5977081922718 -18.4238042291244 -11.9634823431919
42.8208986871592 -19.3805556965589 -11.4463964280898
43.0025357126727 -20.3251924062289 -10.8919864186807
43.1419127265256 -21.2555961022279 -10.3022809782152
43.2383954702386 -22.1697187435784 -9.67936647092617
43.2914166288254 -23.0655715063937 -9.02537530401767
43.3004862544556 -23.9412161444336 -8.34248237293111
43.2652095817554 -24.7947626916906 -7.63290671304399
43.1853038651082 -25.6243734460528 -6.89891444050742
43.0606090732629 -26.4282705455251 -6.14282005747189
42.8910915947137 -27.2047441639107 -5.36698513236042
42.6768434248945 -27.9521599152489 -4.57381501503344
42.4180803623557 -28.6689660524885 -3.7657548495687
42.1151415178158 -29.3537020081898 -2.94528567068894
41.7684899903938 -30.0050090179581 -2.11492036675265
41.3787124147548 -30.6216413534789 -1.27719851257722
40.946514479637 -31.2024743427608 -0.434679048169327
40.4727108516082 -31.7465044089625 0.410069438450447
39.9582105703206 -32.2528378209382 1.25447987599485
39.4040015695737 -32.7206686007938 2.09599738852892
38.8111391375904 -33.1492507563571 2.93208726724256
38.1807421258961 -33.5378736827686 3.76023856864665
37.5139978463863 -33.8858503781562 4.57796283478937
36.8121730757967 -34.1925252614315 5.38278875129918
36.0766259997085 -34.4573025634983 6.17225459070125
35.3088134997226 -34.6796894661616 6.94390076004931
34.5102902052405 -34.8593428942233 7.69526465384254
33.6826993743837 -34.9961071655014 8.42387947997868
32.8277593394986 -35.0900323107921 9.12727803873785
31.9472512916385 -35.141368917502 9.80300179042908
31.0430136400949 -35.1505426862879 10.4486149831829
30.1169452885644 -35.1181179714656 11.0617230290708
29.1710161911925 -35.0447624327056 11.6399936209416
28.207280195478 -34.9312238415076 12.1811783404717
27.2278838069435 -34.7783257150129 12.6831319825072
26.235065603815 -34.5869824129067 13.1438268510837
25.2311441021971 -34.3582285627069 13.5613600947216
24.2184957648335 -34.09325380942 13.9339537240234
23.1995281779214 -33.7934328696282 14.2599490123207
22.1766549961699 -33.4603428322957 14.5377990289421
21.152278389504 -33.0957639156795 14.7660644511646
20.1287814963775 -32.7016651478936 14.94341783379
19.1085288089755 -32.280181029193 15.0686596197711
18.0938683131472 -31.8335876024761 15.1407453295281
17.0871276483737 -31.3642855914403 15.1588185136998
16.090598834314 -30.874794531604 15.1222401761958
15.1065117343654 -30.3677564722638 15.030604860866
14.1370027957668 -29.8459430181359 14.8837379267485
13.184088962945 -29.3122573318446 14.6816769014266
12.2496541534563 -28.7697243852197 14.4246486453187
11.3354475364562 -28.2214677877149 14.1130583349413
10.4430831381817 -27.6706779385264 13.7475021958598
9.57402529673174 -27.1205812249763 13.3288038334716
8.72954897842285 -26.5744210064122 12.8580593962334
7.9106774781667 -26.0354570481343 12.3366680783709
7.11811572377462 -25.5069818122487 11.7663282080969
6.3522051969835 -24.9923425201771 11.1489953919202
5.6129192460882 -24.49495138468 10.4868200220901
4.89989677105679 -24.0182667817985 9.78209488264354
4.21248883644506 -23.5657369892109 9.03724060712628
3.54978154821089 -23.1407130910155 8.25483752402475
2.91056904253875 -22.7463523806737 7.43768714778259
2.29327968834264 -22.3855401250445 6.58886973331227
1.69589108420194 -22.0608506113839 5.71176575792657
1.1158853509502 -21.7745494261967 4.81002766708243
0.550283758717665 -21.5286169602246 3.8875121549758
-0.00423645390591317 -21.3247609031324 2.94819872158789
-0.551180388717976 -21.1643917875396 1.99612031307294
-1.09408709174639 -21.04855870237 1.0353201081179
-1.63644168082008 -20.9778692556014 0.0698345297746341
-2.18165891586374 -20.9524320496654 -0.896306073866813
-2.73310890662736 -20.9718517468766 -1.85906971008978
-3.29413484507317 -21.0352805771325 -2.81441743756295
-3.86802236376865 -21.1415016780649 -3.75830846497253
-4.45791295602151 -21.2890059817961 -4.68672156378601
-5.06668912485305 -21.4760328087238 -5.59569381476486
-5.69687562338055 -21.7005684263 -6.48136975371075
-6.35059084446745 -21.9603213477413 -7.34004687951988
-7.02955347428126 -22.2527042418211 -8.16820307198189
-7.73512079446798 -22.5748456770324 -8.96250027631798
-8.46832342759232 -22.9236368972078 -9.71977267820754
-9.22987170192965 -23.2958010392259 -10.4370176601555
-10.020132241432 -23.6879639846684 -11.1114068156998
-10.8390942306215 -24.0967097040733 -11.7403220442365
-11.6863510743815 -24.5186140634229 -12.3214056874026
-12.5611133278498 -24.9502623307692 -12.8526038593435
-13.4622511476059 -25.3882613805817 -13.3321845244565
-14.3883507089134 -25.8292562522272 -13.7587245889458
-15.3377662840757 -26.2699545146868 -14.1310752157578
-16.3086572530924 -26.7071549040531 -14.4483230762686
-17.2990105335914 -27.1377725844172 -14.7097634628719
-18.3066564366498 -27.55885382529 -14.9148917454103
-19.3292863774665 -27.9675772120817 -15.0634090983923
-20.3644758867707 -28.3612442953085 -15.1552326584896
-21.4097105461352 -28.7372669599028 -15.190501253892
-22.4624097776371 -29.093159761724 -15.1695732835324
-23.5199449113579 -29.4265427587581 -15.0930189236083
-24.5796517667197 -29.7351553923598 -14.9616112637774
-25.6388411263626 -30.016877093358 -14.776319588618
-26.6948109601547 -30.2697476116648 -14.5383046549804
-27.7448621446935 -30.4919805526144 -14.2489131356643
-28.7863164398003 -30.6819667435432 -13.9096681146102
-29.8165336360594 -30.8382682632266 -13.522254537043
-30.8329250864427 -30.9596073812484 -13.0885013238199
-31.8329628350457 -31.0448559470084 -12.6103636389002
-32.8141858320557 -31.0930296164686 -12.0899085299961
-33.7742058248677 -31.1032883864448 -11.5293050848175
-34.7107147828722 -31.0749415241645 -10.930817592981
-35.6214935806933 -31.0074525345351 -10.2967984694183
-36.5044193824465 -30.9004393091588 -9.62967785070787
-37.3574681648869 -30.7536663317641 -8.93194880572122
-38.1787099787606 -30.5670292029482 -8.20615002458424
-38.9662977283101 -30.3405355015157 -7.45485018425938
-39.7184542011518 -30.0742885182695 -6.68063864953662
-40.4334648923356 -29.7684803777125 -5.88612528318972
-41.1096840675742 -29.4233981101279 -5.07394852753537
-41.74555774677 -29.0394412058805 -4.24678709912716
-42.3396606847285 -28.6171440164272 -3.40736841021175
-42.890737338549 -28.157193374315 -2.55846745593119
-43.3977323630159 -27.6604326252502 -1.70289341827175
-43.8597969460403 -27.1278479618324 -0.843466271633165
-44.2762639810045 -26.5605397745865 0.0170099825234474
-44.6465958002338 -25.9596878140416 0.875769163452106
