-4.40178747461037 -20.5094322912893 -7.99592689165482
-3.59833497477934 -21.2099292881267 -8.34514574883239
-2.73893109372089 -21.8757242989513 -8.62117498822057
-1.83017511809832 -22.5008728710318 -8.82432433079681
-0.87878813556765 -23.0799707739145 -8.95584240952615
0.108527446979631 -23.6082030894112 -9.01781892761259
1.12520939384297 -24.0813576811914 -9.01308111069569
2.16493349621906 -24.495811398716 -8.94508917489388
3.22168527317126 -24.8484982688267 -8.81783421172549
4.28980517040621 -25.1368687937365 -8.63574065114335
5.36400895989339 -25.358848437216 -8.40357433583596
6.43938677814503 -25.5128016572599 -8.12635625481489
7.51138550142982 -25.5975057031569 -7.80928118497568
8.57577985235933 -25.6121361189187 -7.45763992529983
9.62863775118423 -25.5562637375056 -7.07674352458498
10.6662850205244 -25.4298611118978 -6.67184792859293
11.6852737244416 -25.2333149464159 -6.24807780890114
12.6823572960537 -24.967440239419 -5.81034895439254
13.6544743113786 -24.6334915492476 -5.36328944504836
14.5987414223953 -24.2331670320758 -4.91116079466824
15.5124546791766 -23.7686016260315 -4.45778123035581
16.3930973487926 -23.2423468967912 -4.00645414709285
17.2383514693626 -22.6573365128067 -3.55990541367776
18.046109844386 -22.0168379459084 -3.12023350959763
18.8144850516234 -21.3243926219208 -2.6888763756531
19.5418123468353 -20.5837481759762 -2.26659834991755
20.2266440715842 -19.7987874944507 -1.8534996781467
20.8677342523413 -18.9734596769752 -1.4490499302521
21.464013372891 -18.1117178247446 -1.05214535348956
22.0145546383957 -17.217467653334 -0.661188888452665
22.5185342381937 -16.2945294514545 -0.274190384734413
22.9751889858241 -15.3466140768551 0.11111644475622
23.3837751492991 -14.3773117823032 0.497144572399686
23.7435322320878 -13.3900910055565 0.886316526029967
24.0536549500579 -12.3883031137315 1.28092480250494
24.313275762312 -11.3751886620605 1.68299529303638
24.5214591930105 -10.3538810933649 2.09415926159462
24.6772079899881 -9.32740491917164 2.51553926112681
24.7794800669536 -8.29866710710414 2.94765390601844
24.8272143081574 -7.27044236500589 3.39034557016284
24.8193627729994 -6.24535490968859 3.84273381952704
24.7549266630484 -5.22586078502649 4.30319576074849
24.6329935893027 -4.21423556619522 4.76937261900309
24.452774145553 -3.21257220001415 5.23819993954074
24.2136364827558 -2.22279279747524 5.7059570570258
23.9151384370632 -1.24667658749959 6.16833010433177
23.5570577815751 -0.285904248981496 6.62048201319263
23.1394223810443 0.657883216765778 7.0571228361571
22.6625434622446 1.58301476398859 7.47257442413831
22.1270568260352 2.48771393764611 7.86082516543373
21.5339784029522 3.37002427729339 8.21557326462091
20.8847816224904 4.22774295707651 8.53026097667139
20.1815038833172 5.05837125354852 8.79810718238919
19.4268870377363 5.85909177238105 9.01215121352896
18.6245513107847 6.62678384401787 9.16532593214846
17.779192897537 7.35808967630887 9.25058120889557
16.8967828965397 8.04954384060907 9.26107816732344
15.9847308770517 8.69777618725663 9.19046787240533
15.0519636026051 9.29979195913089 9.03325426379294
14.1088632087773 9.85332181105603 8.78522054808136
13.1670150306767 10.3572190618019 8.44387423443284
12.2387373925906 10.8118642401416 8.00884496198231
11.3364038489285 11.2195223923224 7.4821597987653
10.4716159285446 11.5845923314168 6.86833059602028
9.65432825219151 11.9136935437925 6.17422010826791
8.89205204614679 12.2155566865318 5.40870228937942
8.18925559938205 12.5007133562237 4.58218303177142
7.54703997095765 12.781011899542 3.70608209821348
6.96310779174167 13.0690093842989 2.79238087530709
6.43198457243655 13.3772990712368 1.85331174877382
5.94541756790311 13.7178264987062 0.901215153008134
5.49287770061645 14.1012300542066 -0.0514611626596029
5.06211882472811 14.5362231173367 -0.992083525464018
4.63978513292682 15.029026085479 -1.90775459096969
4.21207820691509 15.5828655942263 -2.78531559942697
3.76548686628162 16.1975822690081 -3.6114909803685
3.28755044547602 16.8694124997371 -4.37320572453934
2.76758899324619 17.5910145134917 -5.05806143289788
2.19731372791161 18.3517831411159 -5.65490955531086
1.5712389559561 19.1384462218172 -6.15442580408332
0.88684925823262 19.9358772522383 -6.54958179670549
0.144520188712971 20.7280152988775 -6.83593208179977
-0.652767814860232 21.4987684304199 -7.01167813146958
-1.49985514490076 22.2327927554397 -7.0775198738775
-2.38989228001591 22.9160767376598 -7.03634470361578
-3.31482441708736 23.5363059457333 -6.89282467094696
-4.26582222251745 24.0830238734423 -6.65299353646028
-5.23363225061542 24.5476318514147 -6.32386134345236
-6.20884133416196 24.9232830277471 -5.91310244813734
-7.18206440536453 25.2047240548268 -5.42883047976633
-8.14407364579791 25.3881279064637 -4.87945527447712
-9.085889272965 25.4709469211412 -4.27360472156315
-9.99885026937361 25.4518006030369 -3.62008890809478
-10.8746788008342 25.3304004504128 -2.92788388679083
-11.7055465954891 25.1075053649551 -2.20611618313521
-12.4841463853181 24.784896268381 -1.46403509132266
-13.2037674041646 24.3653570086557 -0.71096640138764
-13.8583712342312 23.8526497392851 0.0437526751474934
-14.4426630278088 23.2514758676236 0.790852710029085
-14.9521531375818 22.5674176103419 1.52121747044118
-15.3832052084491 21.8068595000205 2.22596620407585
-15.7330685327739 20.9768933029901 2.8965239164781
-15.9998946662494 20.0852132554362 3.52467299147332
-16.1827406487461 19.1400108534575 4.10258332411929
-16.2815633367681 18.1498792044768 4.62282322109813
-16.2972109235161 17.1237357495997 5.07835917374512
-16.2314182119056 16.0707686698786 5.46255848172932
-16.0868110763442 15.0004063522311 5.76921356971168
-15.8669222924027 13.9223011249256 5.99260936128105
-15.5762152200333 12.8463088811099 6.12765368889735
-15.2201038663969 11.7824368572907 6.17008387733148
-14.8049486558177 10.740725414895 6.1167493456671
-14.3379990136067 9.73102970148296 5.96595074531678
-13.8272500324837 8.76267700362636 5.71779360421295
-13.2811849324601 7.84399721589657 5.3744944604647
-12.7083905827758 6.98175526974198 4.94056811479155
-12.1170597700499 6.18054891168322 4.42283377049353
-11.5144263581296 5.44226232411806 3.83020913714235
-10.9062090041078 4.76567483245199 3.17331081915688
-10.2961552845199 4.14630809148769 2.46393336059913
-9.68577348352609 3.57655699737069 1.71451947213972
-9.07431324887112 3.04610036390978 0.937742963664218
-8.45901628602117 2.5425434549747 0.146295717264527
-7.83561691510334 2.0522200537764 -0.647093341284634
-7.19904058128324 1.56108103793947 -1.42945694539493
-6.54422852894827 1.05560951339912 -2.18732246738572
-5.86700286993519 0.523711597941547 -2.90652993310095
-5.16487350636294 -0.0444744088031188 -3.5722746161302
-4.43768174416845 -0.655924290468789 -4.16945763785796
-3.68798641934691 -1.31431289679292 -4.68334180655752
-2.92113385376879 -2.01990773113261 -5.10042003186565
-2.14500791565397 -2.76980093483527 -5.40933930966181
-1.36951554062511 -3.55845224512996 -5.60170517763457
-0.605908002905133 -4.37845901299606 -5.67262347205722
0.133944135887747 -5.22143166328381 -5.62090405403806
0.838216889888698 -6.07884475340463 -5.44892970414648
1.49566845223722 -6.94275457322053 -5.16225740616549
2.09601557163279 -7.80631404974882 -4.76905328901576
2.63015757254355 -8.66406062128015 -4.27946464233711
3.09027629050131 -9.51199070309328 -3.7050115058245
3.46984640612064 -10.3474587706886 -3.05804960243367
3.76358650227286 -11.1689491721799 -2.35132746213816
3.96737355473869 -11.9757680319596 -1.59764011581769
4.07813826028839 -12.767696419093 -0.80957094363025
4.09375803124184 -13.5446393447146 0.000690627979386437
4.01296684704758 -14.3063008755365 0.821469215401768
3.83530137425675 -15.0519131896757 1.64167701510613
3.5610957921514 -15.780043643509 2.45085939988434
3.19152301007891 -16.4884957361543 3.23923234629227
2.72866316229469 -17.1743070574228 3.99772779204898
2.17556987500859 -17.8338332907552 4.71805429565317
1.53630566569518 -18.4628967078336 5.39276991767093
0.815928129416358 -19.0569730023659 6.01535651191692
0.0204222657706283 -19.6113914354597 6.58028214097997
-0.843414244554172 -20.121527933369 7.08304072023568
-1.76811945523147 -20.5829766720187 7.52016303025858
-2.74573409454196 -20.991691273233 7.88919854238062
-3.76797322912863 -21.344091373631 8.188671544832
-4.8263916962544 -21.6371339268124 8.4180173177577
-5.91253548050088 -21.8683513174617 8.57750477110612
-7.01807402823879 -22.035860375924 8.66815152466549
-8.13491083129864 -22.1383477818631 8.69163638358046
-9.25527151339088 -22.1750381542311 8.65021292628262
-10.3717702000103 -22.1456513254357 8.54662670241352
-11.4774561795973 -22.0503548954128 8.38403744777982
-12.565843750392 -21.8897172233127 8.16594680979802
-13.6309286515953 -21.6646646799847 7.89613136380302
-14.667194576372 -21.376445446665 7.57858020494154
-15.6696129817233 -21.0266006156552 7.21743613389324
-16.6336388223632 -20.6169420179255 6.81693941756724
-17.5552040578214 -20.1495352094642 6.38137328038694
-18.4307099456215 -19.6266854639881 5.91501062955122
-19.2570183615821 -19.0509244469416 5.42206198288696
-20.0314417758834 -18.4249954305836 4.90662508408682
-20.7517311163719 -17.7518353615365 4.37263718908936
-21.4160605844194 -17.0345527045826 3.8238314277743
-22.0230085362014 -16.2764006578214 3.26369893854851
-22.5715337646119 -15.4807459794588 2.69545860676275
-23.0609468653443 -14.6510342228212 2.12203619312503
-23.490876794422 -13.7907526032039 1.54605441012574
-23.8612331747665 -12.9033919962836 0.969835098960474
-24.1721653380532 -11.9924096871123 0.395414094140956
-24.4240194456222 -11.0611944596382 -0.175431330085566
-24.6172952680342 -10.113035462794 -0.741143307826908
-24.7526042709598 -9.15109604949827 -1.30033417643584
-24.830630525056 -8.17839351135748 -1.85172955956387
-24.8520956291256 -7.19778538143253 -2.39410657601787
-24.817728352607 -6.21196279929313 -2.92623021071034
-24.7282391594657 -5.22345135312619 -3.44679070258084
-24.5842993119324 -4.23461982469451 -3.95434420798561
-24.3865240406339 -3.24769731797644 -4.44725802366842
-24.135459480475 -2.26479927370506 -4.92366042759133
-23.8315738463789 -1.28796276709568 -5.38139394037448
-23.475254719471 -0.319191166241154 -5.81796983122127
-23.0668162730911 0.639492376628608 -6.2305213520506
-22.6065225718173 1.58598406999198 -6.61575385224399
-22.0946353177296 2.51803404981869 -6.9698919155268
-21.5314959778661 3.43318088825647 -7.28862713648791
-20.9176522802615 4.32869275570639 -7.56707503030755
-20.2540366356327 5.20152459334049 -7.79975537793226
-19.5421981403847 6.04830360671913 -7.98061607063031
-18.7845797281384 6.86535821015173 -8.10312464955761
-17.9848177739512 7.64880733210582 -8.16045208986552
-17.1480243654721 8.39472629832251 -8.145767549913
-16.2809958068069 9.09940055165827 -8.05264885538325
-15.3922800857244 9.75966768002154 -7.87559112031856
-14.4920377234104 10.3733312483496 -7.6105678454661
-13.5916505419498 10.9396087141384 -7.2555716925457
-12.7030731915786 11.4595550536663 -6.81104575453577
-11.8379771518994 11.9363905427008 -6.2801206169034
-11.0067923785445 12.3756620537125 -5.66860322088099
-10.2177887537374 12.7851853804956 -4.98471636611362
-9.47634139483866 13.1747487674276 -4.23864755204318
-8.78448529601933 13.555596666378 -3.4420111673502
-8.14079685692465 13.9397467369312 -2.60734029413457
-7.5405679355899 14.3392126042542 -1.74769824185815
-6.97619112552687 14.7652051773036 -0.876446929425929
-6.43767069622792 15.227368998792 -0.00715153089875454
-5.91320733582779 15.7330875746733 0.846441607231921
-5.38985029209103 16.2868776889187 1.67043522996669
-4.85423493093094 16.8898979642057 2.45089722765811
-4.29340852374329 17.5396186485609 3.17411829073156
-3.69570043765005 18.2297201536871 3.82702997564161
-3.05154407524715 18.9502850959834 4.39775425104369
-2.35413674189619 19.6883117843141 4.87620843404728
-1.59984208804262 20.4285155041739 5.25465955632859
-0.788288827296766 21.1543212349482 5.52812282057736
0.0778212175784936 21.8489117775012 5.69453102656267
0.993132779493047 22.4961915326233 5.75465368134019
1.95019332197699 23.0815561867708 5.71179751865257
2.94005088841877 23.5924089516027 5.57135826874347
3.95281507111832 24.0184176418992 5.34030881184478
4.97812992895285 24.3515497473641 5.02670233291101
6.00553699296488 24.5859475008573 4.63924781437093
7.02473090541196 24.717711346283 4.18698810198086
8.02572629771424 24.7446523621396 3.67908544184093
8.99896181970826 24.66605813123 3.12470048625952
9.93536735748526 24.4824979512704 2.53293999864482
10.8264158494132 24.1956763494464 1.91284533403383
11.6641741861492 23.8083310128864 1.27339646134793
12.4413604705643 23.3241633472616 0.623512611316987
13.1514087942139 22.7477866890821 -0.0279615392687554
13.7885383985729 22.084677825943 -0.672287632178851
14.3478218346377 21.3411207371903 -1.30088067343531
14.8252463252682 20.5241361462088 -1.90536471407973
15.2177635452005 19.6413955017392 -2.47762899621885
15.5233249351402 18.701122513172 -3.00987724804704
15.7409019223982 17.7119887021773 -3.49466569627975
15.870492539176 16.6830111366322 -3.92492973638923
15.9131174768238 15.6234602719939 -4.29400436329882
15.8708092037396 14.5427834660665 -4.59564858513698
15.7465970559727 13.4505452468783 -4.82408814815761
15.5444888903635 12.3563790563755 -4.97409287904808
15.2694458295844 11.269937663609 -5.04110360011842
14.9273410363067 10.2008220931188 -5.02141779087166
14.5248871695868 9.1584638716374 -4.91243235971407
14.0695119098289 8.15193536544719 -4.71292659887996
13.5691592349993 7.18967054715749 -4.42335101000174
13.0319988078213 6.27909491973465 -4.04607276260772
12.466038806767 5.42618699824869 -3.58552219676706
11.8786583594202 4.63501963149428 -3.04819275241341
11.2761006470318 3.90734968299818 -2.44247147766658
10.6629900406689 3.24233114654551 -1.77831540669914
10.0419487315711 2.63641502392361 -1.06683062952716
9.41338487449966 2.08347084527096 -0.319841743541001
8.7755047851621 1.57512766959319 0.450453461819087
8.12457130529407 1.10129849588032 1.23167211150208
7.4553975360992 0.6508314001161 2.01125410058047
6.76203695579717 0.212226645190292 2.77632783281544
6.03860928489589 -0.225634170540702 3.51352628011698
5.28018333586278 -0.672793686258414 4.20887523274541
4.48362162935978 -1.13760550915949 4.84786893601241
3.64828143203333 -1.6262533947943 5.41580484639182
2.77647251676573 -2.14245565929967 5.89838019693927
1.8736000771185 -2.68739729026901 6.28247901881474
0.947969616308484 -3.25990749543661 6.55702229704413
0.010287866942234 -3.85686575794501 6.7137329764458
-0.927055897702326 -4.4737839981901 6.74768619059048
-1.85081406149675 -5.10548596359854 6.6575647319594
-2.74769344355939 -5.74679406646842 6.44560290227559
-3.60506107300817 -6.39313986146766 6.11725939038779
-4.41148311206058 -7.04103362753786 5.68069786979855
-5.15707490701642 -7.68835494879295 5.14616752811817
-5.83367003972385 -8.33445361954067 4.52536800190019
-6.43483353005386 -8.98007399782605 3.83086249882736
-6.955750182192 -9.62713332693312 3.07557850511536
-7.39301875388955 -10.2783944298512 2.27241437845363
-7.74438249349077 -10.9370759712271 1.43395538150449
-8.00843073576055 -11.6064409192606 0.572293466359849
-8.18431388278286 -12.2893984114952 -0.301061942628318
-8.27151883831682 -12.9881481713278 -1.17520291043215
-8.2697450363938 -13.703891030887 -2.03980130211964
-8.17889853636962 -14.4366236895808 -2.88508157928764
-7.99918968719234 -15.1850294670183 -3.70182000600925
-7.73129290718563 -15.9464686978974 -4.48138880248773
-7.376516960647 -16.7170630008406 -5.21584513803225
-6.93694191796455 -17.4918585986791 -5.89804894631965
-6.41549688719187 -18.2650471417584 -6.52178594766479
-5.81597106550501 -19.0302193082128 -7.08187348883877
-5.14296394793225 -19.78062688848 -7.57423368760445
