-60.4309546344177 -25.9416912551169 10.9211366507716
-60.4038283475603 -26.806197980311 10.2299711725232
-60.1956129407668 -27.6125576525787 9.50173562939072
-59.8651332822036 -28.3635704212306 8.76139265462458
-59.4919349354618 -29.0916392556135 8.01945717777177
-59.1579457190993 -29.8396928138783 7.27859962617155
-58.9313767245935 -30.6358102740252 6.54659993302731
-58.8494784765321 -31.4806988644414 5.83895584411921
-58.905292536641 -32.3558925037391 5.16700567154331
-59.0482674054255 -33.2423236784286 4.52390241356409
-59.1988128424366 -34.1298677508402 3.88368814947511
-59.2686462265624 -35.0089741116522 3.21682695351572
-59.1826650301031 -35.8567080601325 2.51046665829668
-58.8999926052722 -36.6366881729169 1.77701374255264
-58.428570564922 -37.3190414883131 1.04395312895099
-57.8178398283004 -37.9040947376199 0.331616032434928
-57.1358246931103 -38.4285015454969 -0.361415127512018
-56.4530206538692 -38.9515844831473 -1.05420235647122
-55.8352700330112 -39.5289650937018 -1.76526620073174
-55.3352534286122 -40.1892282817057 -2.49703322963588
-54.9755440950318 -40.9272172311537 -3.23676753261912
-54.7338831699382 -41.7158751053507 -3.9715014548547
-54.5449267990863 -42.523437104698 -4.70087372367371
-54.3197760400855 -43.3191615642586 -5.43391968641467
-53.9746609187997 -44.066816888866 -6.17268720872431
-53.4586060031359 -44.722768542105 -6.90033534791273
-52.7683231853326 -45.2499198868188 -7.58724039604933
-51.9440977492559 -45.6419107387853 -8.2127368669712
-51.0425576921081 -45.9317042844043 -8.78267708461676
-50.1166819366598 -46.1829657884998 -9.33005848977846
-49.2128526591505 -46.4676410821749 -9.89774964856704
-48.3759655263807 -46.8407264336791 -10.5155772114851
-47.6429150935399 -47.3228347969797 -11.1878178005608
-47.022804006101 -47.8984861470173 -11.8984928654672
-46.4822872634529 -48.5288267680035 -12.626906054387
-45.9519453778001 -49.1660174074455 -13.3571252138679
-45.3527056077512 -49.7586250525686 -14.0729317743399
-44.6283225193483 -50.2534861642569 -14.7480038442953
-43.7663442496457 -50.6058798634418 -15.3476027899156
-42.7972028454309 -50.7996169364104 -15.8466175607987
-41.7686733740723 -50.8587401189466 -16.2489708958454
-40.7181669030861 -50.8399365975822 -16.5910054533365
-39.6668990634174 -50.8158731667549 -16.9292607649943
-38.6334443548719 -50.8551772090235 -17.3183190459347
-37.6449289912093 -51.0037044050359 -17.7901584060778
-36.7275281789328 -51.2716269803601 -18.3454207593761
-35.883537816685 -51.6328735100806 -18.96016947457
-35.078473601597 -52.0364283324527 -19.5999315522687
-34.2533500344921 -52.4198447738156 -20.2273962031466
-33.3559001559614 -52.7193772940117 -20.8010255296057
-32.3689454893826 -52.8816907840704 -21.2765372110251
-31.3157954782281 -52.8792529324219 -21.6198049421894
-30.2396224869851 -52.7236885137373 -21.8267032147408
-29.1706041871916 -52.4612589160483 -21.930333549983
-28.1105780008029 -52.1557552360979 -21.9904885019117
-27.0457898319399 -51.8735982423198 -22.0755575766832
-25.9719916315652 -51.6715437897695 -22.2422895436818
-24.9052625809199 -51.5835600649151 -22.5190011368433
-23.8675958987704 -51.6095184447663 -22.8987121846995
-22.8625803703999 -51.7140708831365 -23.345527383717
-21.866473866443 -51.8372383765012 -23.807501250594
-20.8455542616905 -51.9101586211125 -24.2260972178567
-19.7855093386343 -51.8716981602335 -24.5430238162874
-18.7067223414078 -51.684794238075 -24.7121744861268
-17.6511868137345 -51.3492946868613 -24.7180087407203
-16.6494635936328 -50.8987613466725 -24.5842775054606
-15.696986107139 -50.3828475104904 -24.3644372125203
-14.7569391577762 -49.8534150490053 -24.1265918245435
-13.786865769109 -49.3588139675511 -23.938322469993
-12.7673193497218 -48.940176661937 -23.8522134436162
-11.709478964451 -48.6212440187747 -23.8912469521386
-10.6378745023936 -48.3961285813561 -24.0406457694874
-9.56692015726879 -48.2265278757408 -24.2524330593637
-8.49525049368647 -48.052560507363 -24.4588820290263
-7.42312387996977 -47.8121433145885 -24.5875792919781
-6.37270964572803 -47.4614033136369 -24.5774359833263
-5.38754851481796 -46.9882270929437 -24.3954748385821
-4.50637039612225 -46.4136040163244 -24.0497059133218
-3.73236865566382 -45.7757010359216 -23.5834300030688
-3.02472967950438 -45.1105057101568 -23.0563977471398
-2.31540897716816 -44.4458826241837 -22.5315215593692
-1.54172071232738 -43.8071269182831 -22.0682372289898
-0.67425830833212 -43.2204101528797 -21.7141056139469
0.277016749404148 -42.7040588716153 -21.4897904916561
1.27978587590252 -42.2542324296499 -21.376892869226
2.30185300577242 -41.8394531704072 -21.3197803436938
3.31738884075613 -41.4110689001767 -21.2411124768691
4.29485953266617 -40.9245008947629 -21.0638393439668
5.18776458454257 -40.3589698758933 -20.7337321712285
5.94598961118814 -39.7240083462773 -20.2352114072182
6.54543486943837 -39.0495681092703 -19.5945104180776
7.00936191695704 -38.364170705443 -18.8620197090733
7.40392359754882 -37.6800386873894 -18.0904012019205
7.81546971994773 -36.9962511998522 -17.3277147668202
8.31918281537981 -36.3134038582277 -16.6209233650558
8.95327292918259 -35.6431577144853 -16.0135117067487
9.71099078941381 -35.0020947267746 -15.5293328837153
10.5536893879143 -34.3960246480502 -15.1547561882726
11.4322365315927 -33.810369077822 -14.8358067727895
12.2975571944121 -33.2169972057279 -14.4947085906382
13.0972085226008 -32.5932851550686 -14.0578113454719
13.7755557201975 -31.9378106977176 -13.4821731517071
14.289850205603 -31.2698009748674 -12.7678490233212
14.6358484996586 -30.612800067308 -11.9509868759268
14.8543333348502 -29.9759125453632 -11.0780268447875
15.0197425157735 -29.3486794576585 -10.1878805774083
15.2157878565548 -28.7124259590687 -9.31075909484083
15.5095228684684 -28.0573752164058 -8.47553036020825
15.9329241150758 -27.3901820648912 -7.70841760064897
16.4787020149602 -26.7267954753037 -7.02016766757883
17.1104980765026 -26.0790309096473 -6.39480614531964
17.778329921145 -25.4470096715716 -5.79219805211326
18.4295866843467 -24.8221499074977 -5.16461484468487
19.0156361406546 -24.1950628133412 -4.4773941001538
19.5000503738083 -23.5597085095752 -3.72182291571487
19.8687193170824 -22.9112449164077 -2.91418589569254
20.1352375262703 -22.2423620717021 -2.08401039838319
20.3367916236052 -21.5443567197044 -1.2601276121338
20.522356373446 -20.8142001995399 -0.461030616950463
20.738614940743 -20.0623221524335 0.309745779284226
21.0183769949551 -19.3143930299721 1.06404997956473
21.3740841042753 -18.6050467555154 1.82400488558448
21.797162166809 -17.965845534486 2.61145414591405
22.2632612691749 -17.4107200362693 3.43746260583512
22.7421519588543 -16.9239747749072 4.29851514963231
23.2074538789707 -16.4586980327466 5.1790213821054
23.6401248649126 -15.9504299048083 6.05334866217089
24.0258650415277 -15.3417586272105 6.88580176324851
24.3535358114711 -14.6051741007557 7.63674352896007
24.6192027766596 -13.7507307489563 8.2795931870833
24.8323366156116 -12.8147566867378 8.81937086980872
25.0176147921986 -11.8408110140189 9.29799740561217
25.2093929701861 -10.8697877497096 9.78056942803143
25.4408761611891 -9.94277012024825 10.3295918169462
25.7328619543361 -9.10209809836237 10.9808855518214
26.0876198615443 -8.37819648329382 11.7338005264181
26.4910676543945 -7.7690581687971 12.5598867408234
26.9203594369298 -7.23024861817078 13.4208641415785
27.3493809049214 -6.68594570112473 14.2792399841898
27.7485766358603 -6.05699371409622 15.0947906929641
28.084922042253 -5.29208846595241 15.8193796596144
28.3290861895684 -4.38571260855755 16.4056209603918
28.4696017391335 -3.37409072200927 16.8308677813445
28.5215382569635 -2.30734713076504 17.1152569727845
28.5225473703414 -1.22187213577132 17.3180383198671
28.5225390914421 -0.136321384458778 17.5194676500683
28.5702475543759 0.932325596654163 17.7950486134158
28.6997436034295 1.95573178666625 18.1918458613279
28.9204521618325 2.90350379938782 18.7160144751211
29.2158027452849 3.76784731599778 19.3376788091433
29.5506024668009 4.57966860763365 20.0077417899904
29.8800751273038 5.39947895428221 20.6714733865422
30.1557619604204 6.28704050695876 21.2716010103481
30.3323365866362 7.26985106313522 21.7509026346915
30.3792290918355 8.33154963595581 22.0649817520159
30.2943568512579 9.42720132601769 22.2034943450988
30.1059623966894 10.5174244726824 22.1987959231508
29.8614714409607 11.5920503427187 22.1145581319268
29.6156959911273 12.6658667189317 22.0278979495235
29.4207232474507 13.7537646207665 22.0101909660301
29.315354404303 14.8500699478744 22.1093508348094
29.3134843695942 15.932179927372 22.3368488167034
29.3980026765988 16.9838327310664 22.6663999696371
29.5252155907742 18.0142117665363 23.0449842995752
29.636399824147 19.0529099394932 23.4070817370913
29.6712726950666 20.1234972290067 23.6857526101968
29.5826248809931 21.2191553176381 23.8245561347371
29.3499027559161 22.3022865490917 23.7926961529993
28.9869506579236 23.3305851436938 23.5986663919652
28.5334245115406 24.2901293966527 23.286326720438
28.0383151755618 25.2069906915956 22.9175364852626
27.5506284880924 26.1311143270922 22.5576698449798
27.1158094856445 27.1045691774819 22.2651763281262
26.7692303656094 28.1383436831766 22.0803594622364
26.5235596597725 29.2142905720796 22.0127913098122
26.3590813376998 30.3069793161831 22.035886535572
26.2262839822226 31.4025716657175 22.0940651419057
26.0603927254649 32.4956469751644 22.1182362184564
25.801642697767 33.5694930294448 22.0436889111034
25.4145428985297 34.5850574991571 21.8277860091118
24.8979639954994 35.4946580401158 21.4620967733162
24.2818178966811 36.2743186869338 20.9738372869562
23.6083903744736 36.946430938533 20.4100581000034
22.9162708732677 37.5741819264457 19.8199381426507
22.2388904920386 38.2346670261584 19.2486977071883
21.6089120994749 38.9853700385845 18.7368886466611
21.0541519861503 39.8432725805382 18.3137561633896
20.5831522793167 40.7875367075682 17.9841692411006
20.1734892812685 41.7794795225738 17.7207408038658
19.7750213649118 42.7793562664466 17.4698807768668
19.3283395923574 43.7457601907349 17.1698132218192
18.7888650677743 44.6274018253547 16.7724553863934
18.1437929964708 45.3681572681471 16.2596831602606
17.4135336682666 45.9326603834162 15.6472039283993
16.6340239769447 46.3311983517559 14.970336948035
15.8350659229036 46.6211371847432 14.2634600372136
15.0337132694091 46.8894889005048 13.5515663417468
14.2431642693916 47.223817278793 12.8553266113248
13.4826403752231 47.6836133781878 12.1976008748191
12.7729048521454 48.2831717643796 11.5982218529943
12.1197399466017 48.9937002348184 11.0596442661508
11.5019158762167 49.760183594281 10.5579571477039
10.8768239558589 50.5169778695386 10.0497027266893
10.2020020165327 51.1935747782571 9.49197743780477
9.45798239236013 51.7207325949434 8.86328071295834
8.65655025116877 52.0477217263818 8.17165091778309
7.82923634829096 52.1672741977637 7.44541981409959
7.00291657456004 52.1236178645853 6.71142493639749
6.18425964639121 51.9972403983217 5.97989381327541
5.36484017913357 51.8826135964863 5.24757997690129
4.539284413458 51.8646169653331 4.51281791744752
3.71707574824525 51.9964827999053 3.78545794082125
2.91556812527302 52.284458641508 3.08065497887986
2.14152455773078 52.6879301888567 2.40305503617603
1.38023637876091 53.1340832943211 1.73802987931712
0.604444592994825 53.5356395208025 1.06028139166299
-0.203412462353744 53.8065034057405 0.353784075359561
-1.0351787207924 53.8806534260076 -0.37415064548033
-1.86141733056255 53.7325765695052 -1.097080613551
-2.65401362619335 53.3903328111242 -1.78976055290564
-3.40808815387483 52.9204941400431 -2.44784476570564
-4.14543036163647 52.4073476189602 -3.09118457608537
-4.89759235005604 51.9354752358826 -3.74896229113749
-5.68290764618111 51.5761552108059 -4.43908622939268
-6.49668067394844 51.3705062561037 -5.15878354252123
-7.32128917609578 51.3139082831663 -5.89266154055783
-8.14460017606836 51.3542162522315 -6.62847814697757
-8.96772955991199 51.4064103988446 -7.36404932942147
-9.79437861680605 51.37563003576 -8.09834464217784
-10.6138883770018 51.1822867577372 -8.81751691750288
-11.3972140852357 50.7847108448564 -9.49275282519277
-12.1131886405066 50.1929387300252 -10.0960391282068
-12.7524970523178 49.4585184896077 -10.6215727480983
-13.3379576035391 48.6485892998405 -11.0939005956556
-13.9154611242067 47.8294147658449 -11.5590578824299
-14.5308761759805 47.062353774589 -12.0634919832631
-15.2082491382714 46.4001541176231 -12.6337027980196
-15.9433442652543 45.8720277564214 -13.2686583073592
-16.714761768553 45.4657873203628 -13.9479382158118
-17.5003252378256 45.1241929301447 -14.6459521007409
-18.282453434617 44.7615290162215 -15.3379613405664
-19.0397650087367 44.2929556260468 -15.994920631652
-19.7396420075442 43.6642454678557 -16.5797640561709
-20.3456554891297 42.8685047699092 -17.0566319983158
-20.8390928460289 41.942758101247 -17.4113526044962
-21.2353996351176 40.9415408674263 -17.6645378771376
-21.5815141904581 39.911522622044 -17.86656768823
-21.9387711793062 38.8880151544302 -18.0811576082698
-22.3593004076815 37.9054711883411 -18.3639072336394
-22.8676130758403 37.0000276517372 -18.7442773255609
-23.4564277626381 36.1933225983829 -19.2186308617486
-24.0972602034081 35.4715519557912 -19.75705644863
-24.7547065011272 34.781276446413 -20.3162951505929
-25.3916497952323 34.0495609452775 -20.847431118466
-25.9665630252887 33.2174934688204 -21.2981933296228
-26.4361148921064 32.2667059434897 -21.6201737635322
-26.7711711334251 31.223572918849 -21.7866097562398
-26.97401335053 30.1352894940101 -21.8069627733015
-27.082320441467 29.0376184622972 -21.7263448788102
-27.1566164005362 27.9410041429486 -21.6105999082289
-27.2618586935856 26.8437388124966 -21.5294263952871
-27.4483762129996 25.7538845704077 -21.5396145077079
-27.7375672168291 24.6944002072882 -21.669714423486
-28.1182099855928 23.6850034630243 -21.9117039605564
-28.5548548617351 22.7193168770383 -22.22506999742
-29.0003399670961 21.7610650527342 -22.5492323664113
-29.4035267321305 20.7659547731114 -22.8159640658307
-29.7143413910688 19.7128506294518 -22.9613821657355
-29.8936388504798 18.6193033336836 -22.9412528095352
-29.9289906549165 17.5288381953221 -22.7480766673542
-29.841882007892 16.4772656806854 -22.4138381897781
-29.6789572266965 15.4670446801831 -21.9951683632999
-29.4986415603662 14.4682619678984 -21.5581074328337
-29.3578789568027 13.4440098107662 -21.1673670662199
-29.3002161163029 12.3787246516945 -20.8767801086533
-29.344571601609 11.2857079981815 -20.7153009408264
-29.4795516654971 10.1894208694039 -20.6744441643849
-29.667963821044 9.10122557567874 -20.7076970279487
-29.8580696354183 8.01313552862769 -20.7429763606584
-29.9950886484777 6.91625776407049 -20.7013815030667
-30.0322560905972 5.82479495490981 -20.5177264113951
-29.9425586216774 4.78028903128867 -20.1590403306886
-29.7288171785666 3.82795945256541 -19.6356627523545
-29.420838301924 2.9828248885218 -18.9918384023884
-29.0613423038115 2.21475909999623 -18.2836230723734
-28.6948210819344 1.45969622615535 -17.5659629952919
-28.3621616004139 0.650870778407724 -16.8912950720532
-28.0966829493881 -0.249651217018216 -16.3085743898089
-27.9162050802233 -1.23894029672544 -15.8507697705074
-27.8149560209709 -2.28659906099355 -15.5167234977884
-27.7630580157643 -3.3595243079851 -15.2635722923964
-27.7151999759437 -4.43429408464285 -15.0174850670962
-27.6240334431699 -5.48747591181052 -14.6976073271759
-27.4538068618873 -6.48074804781012 -14.2431175654021
-27.1903449320317 -7.36426799358341 -13.6324171377391
-26.844135843531 -8.10312427850533 -12.8869789847421
-26.4416320492552 -8.70407132915077 -12.0532227617128
-26.0119394960027 -9.2188560140641 -11.1781898768506
-25.5805854822265 -9.72608765456921 -10.3003620617572
-25.1703036394158 -10.3006431492328 -9.45442030366109
-24.8017735289888 -10.9867774536507 -8.67481067294002
-24.4887231844304 -11.7878300911626 -7.98632970390741
-24.2308128688607 -12.6754743165744 -7.38841543295749
-24.0113263401839 -13.6084187870572 -6.84844037607586
-23.802278177521 -14.5451934616557 -6.31165280530649
-23.5738587359703 -15.4458338113497 -5.72303835913486
-23.3030879447676 -16.2722461138297 -5.04914374471687
-22.9779164860074 -16.9972294584589 -4.28830821634463
-22.5961873449924 -17.618144079849 -3.46505717887704
-22.1625889772755 -18.1625833966357 -2.61476107534396
-21.6881182311512 -18.6791543130384 -1.76956734769138
-21.1928131632656 -19.2181036662137 -0.950930261830381
-20.7068924609123 -19.8129089985155 -0.165974464682367
-20.2656151236379 -20.4714929135714 0.594179667665912
-19.8990002481618 -21.178442801799 1.35066939564169
-19.6208495623056 -21.9047084374322 2.12632938205265
-19.4206339783941 -22.6212273077024 2.93433434063223
-19.2614929387524 -23.3122048367695 3.77318960104429
-19.0871852760557 -23.9805786142828 4.62771470102195
-18.8375407924482 -24.6408082415898 5.47080936929004
-18.4677641349578 -25.304773484167 6.26657353573032
-17.9636747036773 -25.9733247671439 6.98112598987616
-17.3448127268426 -26.6400896890149 7.60051206407363
-16.6544099622531 -27.3020953129139 8.1440241350961
-15.9455346658641 -27.965482155642 8.66143164409262
-15.2731422203718 -28.6397728243789 9.21362921979058
-14.6894471799035 -29.3265169270942 9.84718796905585
-14.2329353867933 -30.0148957751494 10.5770575560278
-13.9114100064367 -30.6901002086432 11.3867745663328
-13.6913537158142 -31.3473804435096 12.2434582610034
-13.5032728697152 -31.9982434277462 13.1128372029012
-13.26149879532 -32.6612900754683 13.9608044165314
-12.890651849482 -33.3444348971848 14.7458096699874
-12.349574078679 -34.0343265489539 15.4197050872173
-11.6444463723771 -34.7033603041494 15.9471025587721
-10.8187664431785 -35.3306070832117 16.3289654383005
-9.92730855061295 -35.918653257097 16.6085099062161
-9.01981936555601 -36.4941397068156 16.8594088761167
-8.14158214878525 -37.0912366980253 17.1607154969515
-7.33909171861854 -37.730605551015 17.5699382539288
-6.65161157251655 -38.4099916642437 18.1054393509985
-6.08955484284607 -39.1123074608445 18.7466171819803
-5.61917770737019 -39.8219174737135 19.4497932834195
-5.16855720972146 -40.5327384177601 20.1648361178756
-4.65318066559849 -41.240321460259 20.8398456541742
-4.00828532612144 -41.9279030209237 21.4198284349299
-3.21216449378705 -42.5637724467114 21.8543577944107
-2.28999922828794 -43.1170851096643 22.1187596431923
-1.29140071462313 -43.5801134574428 22.2301099818232
-0.260213839977305 -43.9773809435183 22.2426424959477
0.776589629233882 -44.3582516703934 22.2319143404666
1.79841572872831 -44.7764424257951 22.2737181364329
2.77712607456484 -45.267923661434 22.4237231428919
3.68175931078201 -45.8391614120775 22.702132377453
4.50080305619494 -46.4714309319247 23.0903131933406
5.26023637866715 -47.1350461567303 23.5411773138204
6.018538374212 -47.7991434758672 23.9939388255751
6.83912442496576 -48.4298717753745 24.3841260801654
7.75800202730823 -48.9866094935935 24.6522657460115
8.76808983663942 -49.4293914054435 24.7577634689653
9.82958230311114 -49.7389139749188 24.6961837658495
10.9015337576552 -49.9313512624479 24.5023629657105
11.966956433573 -50.0550875980623 24.2362541984616
13.031513701923 -50.1760434559251 23.9668449878112
14.101548258122 -50.3570729813925 23.7581953972988
15.1657665920848 -50.6385041139874 23.6561244028318
16.2006316049466 -51.0267121642822 23.6750963639447
17.1939419849445 -51.4962499827884 23.7927229457955
18.1622870036798 -52.0020537500044 23.9568186038227
19.143421517172 -52.4904810519118 24.1000018101358
20.1679171807886 -52.9047869203113 24.1554744458176
21.2341547741832 -53.1930212607088 24.0733475974423
22.3081094833452 -53.3231230021785 23.8349598922906
23.3492433440169 -53.2998055620648 23.4597103759027
24.3428636112822 -53.1651070985629 22.9937873508322
25.3102079446353 -52.9835743635715 22.4918876136568
26.2903962678584 -52.8257003162396 22.0072752413374
27.3100150357915 -52.7519493794761 21.5871790488767
28.3663618440392 -52.7972026330577 21.2644306298802
29.4371984976705 -52.9598726358588 21.0446609418312
30.5050516002214 -53.2028979458643 20.8995559859079
31.5707474754898 -53.4654687522276 20.7735257819666
32.6420815533333 -53.6773770574624 20.6009354043361
33.7102146375137 -53.7732800488694 20.3269412051667
34.7402787870562 -53.709000971568 19.9248619906843
35.68977875658 -53.477987786623 19.4039984165718
36.5412116968649 -53.1128595366003 18.799416675144
37.3193428918141 -52.6696854828539 18.1518645671569
38.0823309408997 -52.2124649548506 17.4969393801217
38.8917370021546 -51.8027809058196 16.8662796214765
39.7818930612072 -51.4904780181015 16.290286852615
40.7491105863919 -51.2998081291407 15.7904524383443
41.7655013141305 -51.2176883199548 15.3650902809009
42.8014961454323 -51.1945601232098 14.9826977363585
43.8341790814589 -51.1584524587863 14.5912311281552
44.836217722237 -51.0355279431888 14.1392805379882
45.7650918866983 -50.7716226884417 13.597571601552
46.5725380739689 -50.3484395683885 12.9686489533931
47.233633416683 -49.7882551389572 12.2800536805804
47.7693821799964 -49.1387532269283 11.5635255747511
48.2432561722871 -48.4524486361112 10.8391365053988
48.7375246839205 -47.7784991722407 10.1169100298076
49.3207256481906 -47.1626857216087 9.40856263280756
50.0229786884505 -46.6418724247594 8.73229642398467
50.8316146562991 -46.2286959217642 8.10253565874216
51.7066767955037 -45.8989505759911 7.51456980193423
52.599885988487 -45.5946466174457 6.94034212832995
53.4602892911075 -45.2432604554972 6.34184312103136
54.2306058749326 -44.7841790963989 5.69334194190356
54.853067473286 -44.1903373734529 4.99595255485612
55.2935185051853 -43.475666885256 4.27399206843855
55.5642404304664 -42.6803375840073 3.55442374031882
55.723661721468 -41.8461473930079 2.84748245781733
55.8588816491732 -41.005184206275 2.14433211887084
56.0581278678599 -40.1849332662242 1.43160550071126
56.383449875658 -39.415591221154 0.707884377734838
56.8526152563642 -38.7229037338009 -0.0143617653629965
57.4385407047034 -38.1096992062603 -0.722387883329529
58.0844451026056 -37.5445233472497 -1.41759650920826
58.7204539418576 -36.970368443103 -2.11521763527478
59.2725551899345 -36.3301071304813 -2.82834153833487
59.6719798849038 -35.5930923375399 -3.55156635419242
59.8733047482631 -34.7662383147642 -4.26031694948731
59.8766463023798 -33.8837052760439 -4.92826213392082
59.7308884781238 -32.9805349303475 -5.54903940546827
59.5159545465388 -32.0742888583616 -6.14305560308854
59.3213994283942 -31.1691370958727 -6.74552865817021
59.2256051936389 -30.2728198870067 -7.38471054473254
59.2759582341193 -29.4046351246551 -8.06698764419856
59.4745327294207 -28.5834080942479 -8.77933549944619
59.7783398117983 -27.8072726341104 -9.50431162317598
60.113648139156 -27.0463656074197 -10.2315445279112
60.3941086466507 -26.2580560797725 -10.954048256831
60.5382574191293 -25.4142156273876 -11.655492515895
60.4892644135717 -24.5191177982456 -12.3059434786581
60.2356213926411 -23.604140584728 -12.8758038556973
59.8145500416007 -22.7016343626176 -13.3575761015196
59.293376825856 -21.8212413226959 -13.7754634010567
58.749952680695 -20.9478500430804 -14.1780141899172
58.259213205151 -20.0607713096795 -14.6172977580352
57.8819763251862 -19.1553673755982 -15.1268598408588
57.6488453310957 -18.2463317328424 -15.7109344827922
57.5462367874688 -17.3507672866899 -16.349979636706
57.5170390502332 -16.4692177617116 -17.0150232525941
57.477036455673 -15.5846888776076 -17.6762194766443
57.3390670744033 -14.6817637163129 -18.3001952870394
57.038268641647 -13.7672040417661 -18.8472966446201
56.551293992214 -12.8716215735974 -19.280744199459
55.9024731089004 -12.0284044005146 -19.5867936161505
55.1465309805715 -11.2465463126302 -19.7872689886594
54.3438427047215 -10.5015455168276 -19.9339290686205
53.5500466772595 -9.74961307219372 -20.0920454910177
52.8165412745688 -8.9547487513387 -20.3192690873939
52.1859975168634 -8.10800235971514 -20.6473522220724
51.6758389298333 -7.22512433719199 -21.0740338662023
51.2627412793599 -6.327664084437 -21.5687174210898
50.8841549893396 -5.4273702483687 -22.0853174249262
50.4591456990478 -4.52965388338098 -22.5710958181484
49.9186613484932 -3.65020334414789 -22.970849244613
49.2309759469984 -2.82303806102112 -23.2359414951872
48.4109311088062 -2.08595741557011 -23.342777862733
47.5033907756546 -1.45355728555298 -23.3060522693411
46.5540285821262 -0.902811421228627 -23.1735312790795
45.5945540018834 -0.37929496298791 -23.0121341928513
44.6484619811736 0.17866660706176 -22.891120469598
43.7432060111181 0.812687593158868 -22.8658462285108
42.907434413837 1.5300028820705 -22.9625220304483
42.1518515360601 2.30951270385961 -23.1699705575194
41.4528144419175 3.12001855871709 -23.4441120560454
40.7565342950196 3.93235754257165 -23.7209440509264
40.0042563735506 4.71596900296175 -23.9300590526632
39.1623679621049 5.4311990863437 -24.0085405260677
38.2374311942413 6.03452170934477 -23.9173756805143
37.2668974303834 6.50038031675544 -23.6570285360393
36.2894387944139 6.84056696535873 -23.2660795629995
35.3205763832554 7.10370341111829 -22.8040340750126
34.3527968715036 7.35957495894682 -22.3366400884735
33.3761272939403 7.67483938398303 -21.9267698045186
32.3972502152088 8.09060987239503 -21.624844469818
31.4372383050926 8.61143596294997 -21.4539381723581
30.5106778770585 9.21084445729108 -21.3978757278461
29.6077439466395 9.84713815571477 -21.4028897950791
28.6983312648254 10.4748538960672 -21.3923282997263
27.7567736182749 11.0459977849884 -21.2872844739135
26.7858738021407 11.5115343497632 -21.028443451059
25.8191904074537 11.8331196490475 -20.5934392238861
24.8979763206434 12.0028325132522 -20.0035746956241
24.0392790695461 12.0512139149822 -19.3089579283248
23.2223731874786 12.0369678133774 -18.5659692340867
22.4013055502171 12.030049483608 -17.8279532305633
21.534338655681 12.0931070752783 -17.1466919903898
20.6081205545777 12.2649372094118 -16.5695544976239
19.6389498606417 12.5503837603138 -16.1233259153843
18.6528284424751 12.9225497685961 -15.795883081405
17.6643602296322 13.335474111324 -15.5326438249141
16.6754640872126 13.7367467958941 -15.2524655642759
15.6939770583898 14.0743682862444 -14.8752386932571
14.749230886639 14.3038506604034 -14.34948534844
13.8846724657435 14.4000056306025 -13.667606143037
13.1294049479542 14.3693097701166 -12.8626755068832
12.473438316996 14.2483596786696 -11.9847054499041
11.8677027804229 14.0900403701408 -11.0785866450964
11.2455779370552 13.949214206777 -10.1812251259601
10.5529451423702 13.8705029038778 -9.32891651779761
9.76843871968472 13.878420962648 -8.55645000529515
8.90373786725847 13.9721734954231 -7.882406195118
7.98831973461068 14.1287821314699 -7.2940480905636
7.05368357314953 14.3129121350172 -6.74673703234939
6.12875506443121 14.4873287567605 -6.1804954552189
5.24293215675719 14.6204219983669 -5.5445069264865
4.42362919477399 14.6914820731211 -4.81610250333882
3.68376738244781 14.6940286063752 -4.00462741049938
3.0096545873737 14.6356765329535 -3.14065424630794
2.36271303369436 14.5346052260946 -2.26077149152167
1.69742226564805 14.415062622269 -1.3973857570402
0.984055573891877 14.3032937039069 -0.572285272692348
0.221081860690783 14.2231991103651 0.210978821005963
-0.568119542559915 14.1918259980261 0.971360164715147
-1.34767181600631 14.2160177035118 1.74205298723637
-2.08376261870168 14.2906939199316 2.5515216360065
-2.76021392126679 14.399018173655 3.40800853183834
-3.39086410270668 14.5152917548885 4.29794463564458
-4.0182544241746 14.610006245783 5.19332901013259
-4.69444944888291 14.6554008060407 6.05758339650213
-5.45496969439683 14.6313651678444 6.8507958418417
-6.30375704842191 14.5314099716845 7.5425814446738
-7.2181602447765 14.3658600949313 8.13003000472562
-8.1660944970163 14.1600489705978 8.64690725490651
-9.11818990540942 13.9492359819612 9.15458031767493
-10.0464798988869 13.7726559464884 9.71817882635403
-10.9195810262282 13.6656424298418 10.3807034668676
-11.7091334872974 13.6488641750196 11.1489207052677
-12.4074483431217 13.7190645183106 11.9981166646823
-13.0414909450117 13.8474032056543 12.8897092048948
-13.6689401279253 13.9859446286282 13.7850434975801
-14.3549593071968 14.0782642858565 14.6442700140378
-15.1422674583242 14.0723605257195 15.4195176385906
-16.0329396831545 13.9351485635425 16.0605050126859
-16.9928417513526 13.6651333107806 16.5382829873203
-17.9790603891308 13.2913470368334 16.8669233556207
-18.966908628471 12.8595281251684 17.1032341699328
-19.9538140941732 12.420817393794 17.3295471633238
-20.9412001964691 12.0259201994461 17.6263317211306
-21.9159478982022 11.7187759759499 18.0459300707799
-22.8530695348913 11.5238310337264 18.5979495941372
-23.7374657684953 11.4335144796581 19.2534928385399
-24.5829945574483 11.4066266789917 19.9631646791097
-25.4294426328031 11.3792223425546 20.6723484417455
-26.3173954991385 11.2821111295101 21.3242655097784
-27.2602209169603 11.0601530340234 21.8607084938875
-28.2350247142372 10.6885040887798 22.2336202669837
-29.1997359636785 10.1804441691538 22.4275632347746
-30.1254748650018 9.57646831576791 22.4713639574443
-31.0165063164904 8.92423602533656 22.4283616855332
-31.9041837170768 8.26857005476937 22.3781422469427
-32.8210010079637 7.65182590582782 22.3956205009085
-33.776709404167 7.11293905249852 22.5316424719262
-34.7561438510233 6.67544007662637 22.7991356236542
-35.738059594339 6.33180605537736 23.1719619526406
-36.7149803296096 6.03894376834426 23.5968110900859
-37.6935390000338 5.73048469011825 24.0079513894351
-38.6750016514935 5.34011628271942 24.3377603810922
-39.6373519530688 4.8255425999172 24.5278738019108
-40.5391537443591 4.18186931947681 24.5447003673972
-41.3462480370769 3.43865608699235 24.3946921910483
-42.0595506365865 2.63852950283389 24.1218964879249
-42.7201615628843 1.81691412609303 23.7906087615474
-43.3910887647913 0.99979370157736 23.4697128506116
-44.1264656722626 0.213147360512244 23.2204685973444
-44.9479175884515 -0.514159853525948 23.083841382281
-45.8423807960853 -1.16351671993817 23.0677100994104
-46.7792765638907 -1.74450613385947 23.142618671351
-47.7285974370044 -2.29943927245603 23.250377847779
-48.6622994000658 -2.88748629264715 23.3200262029186
-49.5430016422879 -3.55712113290307 23.2854507014285
-50.3214069193029 -4.32396783836637 23.102963560589
-50.956009114938 -5.16710830601361 22.7660876102768
-51.44078595519 -6.04863152897905 22.3048345843911
-51.8148418910621 -6.93981389649701 21.7682196233852
-52.1516463763443 -7.83092593376119 21.2087483581883
-52.5324290093788 -8.72050631874936 20.6754548540572
-53.0169277338045 -9.59873105125523 20.2110323716332
-53.6244521926631 -10.4456812833968 19.8428749481369
-54.3339912071192 -11.2477121848702 19.5700667629494
-55.0999534934179 -12.0150018029711 19.3583013205165
-55.8676906543089 -12.7815879777148 19.1491284751369
-56.5780231057331 -13.5851680498925 18.8794680711009
-57.169302989103 -14.4421147275301 18.5031447994633
-57.5904536740808 -15.3375427635089 18.0055976765973
-57.8250978396666 -16.2380184357602 17.4058740630274
-57.9044159309344 -17.1183210017136 16.741218960558
-57.8973367352518 -17.978411406864 16.0477515919462
-57.8903197760997 -18.8379335684858 15.3540759491112
-57.9633447354217 -19.7149284772085 14.6860469251797
-58.1677136469235 -20.6089984294618 14.0693488961688
-58.5116387443684 -21.5042844259805 13.5204021270856
-58.9608529946574 -22.3877143418321 13.0326026771304
-59.4523490690219 -23.2631474530084 12.5722463248896
-59.9099698889174 -24.1462031043786 12.090553935831
-60.256873714008 -25.0442289929656 11.5456351283497
