1 0.4999786 
2 0.4999786 
3 0.4999786 
4 0.4999787 
5 0.4999787 
6 0.4999792 
7 0.4999792 
8 0.4999792 
9 0.4999801 
10 0.49998 
11 0.4999801 
12 0.4999802 
13 0.4999802 
14 0.4999804 
15 0.4999804 
16 0.4999804 
17 0.4999805 
18 0.4999805 
19 0.4999808 
20 0.4999808 
21 0.4999808 
22 0.4999808 
23 0.4999813 
24 0.4999813 
25 0.4999813 
26 0.4999813 
27 0.4999815 
28 0.4999815 
29 0.4999818 
30 0.4999818 
31 0.4999818 
32 0.4999818 
33 0.4999822 
34 0.4999822 
35 0.4999822 
36 0.4999824 
37 0.4999824 
38 0.4999825 
39 0.4999825 
40 0.4999827 
41 0.4999827 
42 0.4999828 
43 0.4999828 
44 0.4999828 
45 0.4999828 
46 0.4999828 
47 0.4999829 
48 0.4999829 
49 0.4999831 
50 0.4999831 
51 0.4999832 
52 0.4999832 
53 0.4999833 
54 0.4999833 
55 0.4999842 
56 0.4999842 
57 0.4999842 
58 0.4999842 
59 0.4999842 
60 0.4999842 
61 0.4999843 
62 0.4999843 
63 0.4999844 
64 0.4999844 
65 0.499985 
66 0.499985 
67 0.499985 
68 0.4999851 
69 0.4999852 
70 0.4999854 
71 0.4999854 
72 0.4999854 
73 0.4999854 
74 0.4999854 
75 0.4999854 
76 0.4999854 
77 0.4999854 
78 0.4999855 
79 0.4999855 
80 0.4999855 
81 0.4999855 
82 0.4999855 
83 0.4999857 
84 0.4999857 
85 0.4999856 
86 0.4999856 
87 0.4999857 
88 0.4999857 
89 0.4999861 
90 0.4999861 
91 0.4999861 
92 0.4999861 
93 0.4999861 
94 0.4999861 
95 0.4999869 
96 0.4999869 
97 0.4999869 
98 0.4999869 
99 0.4999869 
100 0.4999872 
101 0.4999872 
102 0.4999873 
103 0.4999873 
104 0.4999873 
105 0.4999873 
106 0.4999874 
107 0.4999874 
108 0.4999874 
109 0.4999874 
110 0.4999874 
111 0.4999874 
112 0.4999876 
113 0.4999876 
114 0.4999876 
115 0.4999876 
116 0.4999876 
117 0.4999877 
118 0.4999877 
119 0.4999877 
120 0.4999877 
121 0.4999877 
122 0.4999877 
123 0.4999877 
124 0.4999878 
125 0.4999878 
126 0.4999878 
127 0.4999878 
128 0.4999879 
129 0.4999879 
130 0.4999881 
131 0.4999881 
132 0.4999881 
133 0.4999881 
134 0.4999881 
135 0.4999881 
136 0.4999882 
137 0.4999882 
138 0.4999883 
139 0.4999883 
140 0.4999886 
141 0.4999886 
142 0.4999886 
143 0.4999886 
144 0.4999886 
145 0.4999888 
146 0.4999888 
147 0.4999889 
148 0.4999889 
149 0.4999889 
150 0.4999889 
151 0.4999891 
152 0.4999891 
153 0.4999891 
154 0.4999891 
155 0.4999893 
156 0.4999893 
157 0.4999894 
158 0.4999894 
159 0.4999894 
160 0.4999894 
161 0.4999894 
162 0.4999894 
163 0.4999894 
164 0.4999894 
165 0.4999895 
166 0.4999895 
167 0.4999895 
168 0.4999895 
169 0.4999895 
170 0.4999895 
171 0.4999896 
172 0.4999896 
173 0.4999896 
174 0.4999896 
175 0.4999897 
176 0.4999897 
177 0.4999897 
178 0.4999897 
179 0.4999901 
180 0.4999901 
181 0.4999901 
182 0.4999901 
183 0.4999901 
184 0.4999901 
185 0.4999901 
186 0.4999901 
187 0.4999901 
188 0.4999902 
189 0.4999902 
190 0.4999902 
191 0.4999902 
192 0.4999902 
193 0.4999902 
194 0.4999903 
195 0.4999903 
196 0.4999904 
197 0.4999904 
198 0.4999904 
199 0.4999904 
200 0.4999905 
201 0.4999905 
202 0.4999905 
203 0.4999905 
204 0.4999909 
205 0.4999909 
206 0.4999909 
207 0.4999909 
208 0.4999909 
209 0.4999909 
210 0.4999909 
211 0.4999909 
212 0.4999909 
213 0.499991 
214 0.499991 
215 0.499991 
216 0.499991 
217 0.4999911 
218 0.4999911 
219 0.4999911 
220 0.4999911 
221 0.4999913 
222 0.4999913 
223 0.4999913 
224 0.4999916 
225 0.4999916 
226 0.4999916 
227 0.4999917 
228 0.4999917 
229 0.4999917 
230 0.4999917 
231 0.4999918 
232 0.4999918 
233 0.4999918 
234 0.4999918 
235 0.4999918 
236 0.4999918 
237 0.4999919 
238 0.4999919 
239 0.4999922 
240 0.4999922 
241 0.4999922 
242 0.4999923 
243 0.4999923 
244 0.4999924 
245 0.4999924 
246 0.4999924 
247 0.4999924 
248 0.4999924 
249 0.4999924 
250 0.4999924 
251 0.4999924 
252 0.4999924 
253 0.4999927 
254 0.4999927 
255 0.4999927 
256 0.4999927 
257 0.4999927 
258 0.4999927 
259 0.4999927 
260 0.4999927 
261 0.4999927 
262 0.4999928 
263 0.4999928 
264 0.4999928 
265 0.4999928 
266 0.4999929 
267 0.4999929 
268 0.4999929 
269 0.4999929 
270 0.4999929 
271 0.4999929 
272 0.4999929 
273 0.4999929 
274 0.4999929 
275 0.4999929 
276 0.4999929 
277 0.4999933 
278 0.4999933 
279 0.4999933 
280 0.4999933 
281 0.4999933 
282 0.4999933 
283 0.4999934 
284 0.4999934 
285 0.4999934 
286 0.4999934 
287 0.4999934 
288 0.4999935 
289 0.4999935 
290 0.4999935 
291 0.4999935 
292 0.4999935 
293 0.4999935 
294 0.4999935 
295 0.4999935 
296 0.4999935 
297 0.4999937 
298 0.4999937 
299 0.4999937 
300 0.4999937 
301 0.4999937 
302 0.4999937 
303 0.4999937 
304 0.4999937 
305 0.4999937 
306 0.4999937 
307 0.4999937 
308 0.4999937 
309 0.4999937 
310 0.4999937 
311 0.4999938 
312 0.4999938 
313 0.499994 
314 0.499994 
315 0.499994 
316 0.4999941 
317 0.4999941 
318 0.4999941 
319 0.4999942 
320 0.4999942 
321 0.4999942 
322 0.4999942 
323 0.4999942 
324 0.4999942 
325 0.4999942 
326 0.4999942 
327 0.4999942 
328 0.4999942 
329 0.4999943 
330 0.4999943 
331 0.4999943 
332 0.4999943 
333 0.4999943 
334 0.4999943 
335 0.4999943 
336 0.4999943 
337 0.4999945 
338 0.4999945 
339 0.4999945 
340 0.4999945 
341 0.4999945 
342 0.4999945 
343 0.4999945 
344 0.4999945 
345 0.4999945 
346 0.4999945 
347 0.4999945 
348 0.4999945 
349 0.4999945 
350 0.4999945 
351 0.4999946 
352 0.4999946 
353 0.4999946 
354 0.4999946 
355 0.4999946 
356 0.4999946 
357 0.4999946 
358 0.4999946 
359 0.4999946 
360 0.4999946 
361 0.4999946 
362 0.4999946 
363 0.4999946 
364 0.4999946 
365 0.4999947 
366 0.4999947 
367 0.4999947 
368 0.4999947 
369 0.4999947 
370 0.4999947 
371 0.4999947 
372 0.4999947 
373 0.4999947 
374 0.4999947 
375 0.4999947 
376 0.4999947 
377 0.4999948 
378 0.4999948 
379 0.4999948 
380 0.4999948 
381 0.4999949 
382 0.4999949 
383 0.4999949 
384 0.4999949 
385 0.499995 
386 0.499995 
387 0.499995 
388 0.499995 
389 0.499995 
390 0.499995 
391 0.4999953 
392 0.4999953 
393 0.4999953 
394 0.4999953 
395 0.4999953 
396 0.4999953 
397 0.4999953 
398 0.4999953 
399 0.4999953 
400 0.4999953 
401 0.4999957 
402 0.4999959 
403 0.4999959 
404 0.4999959 
405 0.4999959 
406 0.4999959 
407 0.4999959 
408 0.4999959 
409 0.4999959 
410 0.4999959 
411 0.4999959 
412 0.4999959 
413 0.499996 
414 0.499996 
415 0.499996 
416 0.499996 
417 0.499996 
418 0.499996 
419 0.499996 
420 0.499996 
421 0.499996 
422 0.4999961 
423 0.4999961 
424 0.4999961 
425 0.4999961 
426 0.4999961 
427 0.4999961 
428 0.4999961 
429 0.4999961 
430 0.4999961 
431 0.4999961 
432 0.4999961 
433 0.4999961 
434 0.4999961 
435 0.4999961 
436 0.4999961 
437 0.4999961 
438 0.4999961 
439 0.4999961 
440 0.4999961 
441 0.4999961 
442 0.4999961 
443 0.4999961 
444 0.4999961 
445 0.4999961 
446 0.4999961 
447 0.4999961 
448 0.4999961 
449 0.4999961 
450 0.4999961 
451 0.4999961 
452 0.4999962 
453 0.4999962 
454 0.4999962 
455 0.4999962 
456 0.4999962 
457 0.4999962 
458 0.4999962 
459 0.4999962 
460 0.4999962 
461 0.4999962 
462 0.4999962 
463 0.4999962 
464 0.4999962 
465 0.4999962 
466 0.4999962 
467 0.4999963 
468 0.4999963 
469 0.4999963 
470 0.4999963 
471 0.4999963 
472 0.4999963 
473 0.4999963 
474 0.4999965 
475 0.4999965 
476 0.4999965 
477 0.4999965 
478 0.4999965 
479 0.4999965 
480 0.4999967 
481 0.4999967 
482 0.4999967 
483 0.4999967 
484 0.4999967 
485 0.4999967 
486 0.4999967 
487 0.4999969 
488 0.4999969 
489 0.4999969 
490 0.4999969 
491 0.4999971 
492 0.4999971 
493 0.4999971 
494 0.4999971 
495 0.4999971 
496 0.4999971 
497 0.4999971 
498 0.4999972 
499 0.4999972 
500 0.4999972 
501 0.4999972 
502 0.4999972 
503 0.4999972 
504 0.4999972 
505 0.4999972 
506 0.4999972 
507 0.4999972 
508 0.4999972 
509 0.4999972 
510 0.4999973 
511 0.4999973 
512 0.4999973 
513 0.4999973 
514 0.4999974 
515 0.4999974 
516 0.4999974 
517 0.4999974 
518 0.4999974 
519 0.4999974 
520 0.4999974 
521 0.4999974 
522 0.4999975 
523 0.4999975 
524 0.4999975 
525 0.4999975 
526 0.4999975 
527 0.4999975 
528 0.4999975 
529 0.4999975 
530 0.4999976 
531 0.4999976 
532 0.4999976 
533 0.4999976 
534 0.4999976 
535 0.4999976 
536 0.4999982 
537 0.4999982 
538 0.4999982 
539 0.4999982 
540 0.4999982 
541 0.4999982 
542 0.4999982 
543 0.4999982 
544 0.4999982 
545 0.4999982 
546 0.4999982 
547 0.4999982 
548 0.4999982 
549 0.4999982 
550 0.4999983 
551 0.4999983 
552 0.4999983 
553 0.4999983 
554 0.4999983 
555 0.4999983 
556 0.4999983 
557 0.4999983 
558 0.4999983 
559 0.4999983 
560 0.4999983 
561 0.4999983 
562 0.4999984 
563 0.4999984 
564 0.4999984 
565 0.4999984 
566 0.4999984 
567 0.4999984 
568 0.4999984 
569 0.4999984 
570 0.4999984 
571 0.4999985 
572 0.4999985 
573 0.4999985 
574 0.4999985 
575 0.4999985 
576 0.4999985 
577 0.4999985 
578 0.4999986 
579 0.4999986 
580 0.4999986 
581 0.4999986 
582 0.4999986 
583 0.4999986 
584 0.4999986 
585 0.4999986 
586 0.4999986 
587 0.4999986 
588 0.4999986 
589 0.4999986 
590 0.4999986 
591 0.4999986 
592 0.4999986 
593 0.4999986 
594 0.4999988 
595 0.4999988 
596 0.4999988 
597 0.4999988 
598 0.4999988 
599 0.4999988 
600 0.4999988 
601 0.4999988 
602 0.4999988 
603 0.4999988 
604 0.4999988 
605 0.4999988 
606 0.4999988 
607 0.4999988 
608 0.499999 
609 0.499999 
610 0.499999 
611 0.499999 
612 0.499999 
613 0.499999 
614 0.499999 
615 0.499999 
616 0.499999 
617 0.499999 
618 0.499999 
619 0.4999989 
620 0.4999989 
621 0.4999989 
622 0.4999989 
623 0.4999989 
624 0.4999989 
625 0.4999989 
626 0.4999989 
627 0.4999989 
628 0.4999989 
629 0.4999989 
630 0.4999989 
631 0.4999989 
632 0.4999989 
633 0.4999989 
634 0.4999989 
635 0.4999989 
636 0.4999989 
637 0.4999989 
638 0.4999989 
639 0.4999989 
640 0.4999989 
641 0.4999989 
642 0.4999989 
643 0.4999989 
644 0.4999988 
645 0.4999988 
646 0.4999988 
647 0.4999987 
648 0.4999987 
649 0.4999987 
650 0.4999987 
651 0.4999987 
652 0.4999987 
653 0.4999987 
654 0.4999987 
655 0.4999987 
656 0.4999988 
657 0.4999988 
658 0.4999988 
659 0.4999988 
660 0.4999988 
661 0.4999988 
662 0.4999988 
663 0.4999988 
664 0.4999988 
665 0.4999988 
666 0.4999988 
667 0.4999988 
668 0.4999988 
669 0.4999988 
670 0.4999987 
671 0.4999987 
672 0.4999987 
673 0.4999987 
674 0.4999987 
675 0.4999987 
676 0.4999987 
677 0.4999987 
678 0.4999987 
679 0.4999987 
680 0.4999987 
681 0.4999987 
682 0.4999987 
683 0.4999987 
684 0.4999987 
685 0.4999987 
686 0.4999987 
687 0.4999987 
688 0.4999987 
689 0.4999987 
690 0.4999987 
691 0.4999987 
692 0.4999987 
693 0.4999987 
694 0.4999987 
695 0.4999987 
696 0.4999987 
697 0.4999987 
698 0.4999987 
699 0.4999987 
700 0.4999987 
701 0.4999987 
702 0.4999987 
703 0.4999987 
704 0.4999987 
705 0.4999987 
706 0.4999987 
707 0.4999987 
708 0.4999987 
709 0.4999987 
710 0.4999987 
711 0.4999987 
712 0.4999987 
713 0.4999987 
714 0.4999987 
715 0.4999987 
716 0.4999987 
717 0.4999988 
718 0.4999988 
719 0.4999988 
720 0.4999988 
721 0.4999988 
722 0.4999988 
723 0.4999988 
724 0.4999988 
725 0.4999988 
726 0.4999988 
727 0.4999988 
728 0.4999988 
729 0.4999988 
730 0.4999988 
731 0.4999988 
732 0.4999988 
733 0.4999988 
734 0.4999988 
735 0.4999988 
736 0.4999988 
737 0.4999988 
738 0.4999988 
739 0.4999988 
740 0.4999988 
741 0.4999988 
742 0.4999988 
743 0.4999988 
744 0.4999988 
745 0.4999988 
746 0.4999988 
747 0.4999988 
748 0.4999988 
749 0.4999988 
750 0.4999988 
751 0.4999988 
752 0.4999988 
753 0.4999988 
754 0.4999988 
755 0.4999988 
756 0.4999988 
757 0.4999988 
758 0.4999988 
759 0.4999988 
760 0.4999988 
761 0.4999988 
762 0.4999988 
763 0.4999988 
764 0.4999988 
765 0.4999988 
766 0.4999988 
767 0.4999988 
768 0.4999988 
769 0.4999988 
770 0.4999988 
771 0.4999988 
772 0.4999988 
773 0.4999988 
774 0.4999988 
775 0.4999988 
776 0.4999988 
777 0.4999988 
778 0.4999988 
779 0.4999988 
780 0.4999988 
781 0.4999988 
782 0.4999988 
783 0.4999988 
784 0.4999988 
785 0.4999988 
786 0.4999988 
787 0.4999988 
788 0.4999988 
789 0.4999988 
790 0.4999988 
791 0.4999988 
792 0.4999988 
793 0.4999988 
794 0.4999988 
795 0.4999988 
796 0.4999988 
797 0.4999988 
798 0.4999988 
799 0.4999988 
800 0.4999988 
801 0.4999988 
802 0.4999988 
803 0.4999988 
804 0.4999988 
805 0.4999988 
806 0.4999988 
807 0.4999988 
808 0.4999988 
809 0.4999988 
810 0.4999988 
811 0.4999988 
812 0.4999988 
813 0.4999988 
814 0.4999988 
815 0.4999988 
816 0.4999988 
817 0.4999988 
818 0.4999988 
819 0.4999988 
820 0.4999988 
821 0.4999988 
822 0.4999988 
823 0.4999988 
824 0.4999988 
825 0.4999988 
826 0.4999988 
827 0.4999988 
828 0.4999988 
829 0.4999988 
830 0.4999988 
831 0.4999988 
832 0.4999988 
833 0.4999988 
834 0.4999988 
835 0.4999988 
836 0.4999988 
837 0.4999988 
838 0.4999988 
839 0.4999988 
840 0.4999988 
841 0.4999988 
842 0.4999988 
843 0.4999989 
844 0.4999989 
845 0.4999989 
846 0.4999989 
847 0.4999989 
848 0.4999989 
849 0.4999989 
850 0.4999989 
851 0.4999989 
852 0.4999989 
853 0.4999989 
854 0.4999989 
855 0.4999989 
856 0.4999989 
857 0.4999989 
858 0.4999989 
859 0.4999989 
860 0.4999989 
861 0.4999989 
862 0.4999989 
863 0.4999989 
864 0.4999989 
865 0.4999989 
866 0.4999989 
867 0.4999989 
868 0.4999989 
869 0.4999989 
870 0.4999989 
871 0.4999989 
872 0.4999989 
873 0.4999989 
874 0.4999989 
875 0.4999989 
876 0.4999989 
877 0.4999989 
878 0.4999989 
879 0.4999989 
880 0.4999989 
881 0.4999989 
882 0.4999989 
883 0.4999989 
884 0.4999989 
885 0.4999989 
886 0.4999989 
887 0.4999989 
888 0.4999989 
889 0.4999989 
890 0.4999989 
891 0.4999989 
892 0.4999989 
893 0.4999989 
894 0.4999989 
895 0.4999988 
896 0.4999988 
897 0.4999988 
898 0.4999988 
899 0.4999988 
900 0.4999988 
901 0.4999988 
902 0.4999988 
903 0.4999988 
904 0.4999988 
905 0.4999988 
906 0.4999988 
907 0.4999988 
908 0.4999988 
909 0.4999987 
910 0.4999987 
911 0.4999987 
912 0.4999989 
913 0.4999989 
914 0.4999989 
915 0.4999989 
916 0.4999989 
917 0.4999989 
918 0.4999989 
919 0.4999989 
920 0.4999989 
921 0.499999 
922 0.499999 
923 0.499999 
924 0.499999 
925 0.499999 
926 0.4999989 
927 0.4999989 
928 0.4999989 
929 0.4999989 
930 0.4999989 
931 0.4999989 
932 0.4999989 
933 0.4999989 
934 0.4999989 
935 0.4999989 
936 0.4999989 
937 0.4999989 
938 0.4999989 
939 0.4999989 
940 0.4999989 
941 0.4999989 
942 0.4999989 
943 0.4999989 
944 0.4999989 
945 0.4999989 
946 0.4999989 
947 0.4999989 
948 0.4999988 
949 0.4999988 
950 0.4999988 
951 0.4999988 
952 0.4999988 
953 0.4999988 
954 0.4999988 
955 0.4999988 
956 0.4999989 
957 0.4999989 
958 0.4999989 
959 0.4999989 
960 0.4999989 
961 0.4999989 
