-0.51695449295577678 -0.63650975599597048 -0.11201495017849109
-0.36917048829139332 -0.6827370534858751 -0.15013923406916338
-0.22666860228603036 -0.7575633914376001 -0.17024676545432296
-0.086079111194886801 -0.84633067733053846 -0.17075739598126141
0.055762443428207312 -0.93651052350619834 -0.16736015368239185
0.20375605664304774 -1.0232668443389763 -0.16323579532768592
0.36571343837525599 -1.0881997982108795 -0.15761627759859445
0.53729300288445947 -1.1273272063253574 -0.15084082242978983
0.71377583917589205 -1.1355696563718123 -0.14343387068760197
0.89076638990916202 -1.1165317866843829 -0.13613637041404722
1.0623844898656771 -1.0654725969720673 -0.12687324153555543
1.2240640164228962 -0.98785909715084408 -0.11384556347047972
1.3705193139893608 -0.88261721809724525 -0.098559593750956659
1.4969846980774983 -0.75392476209565085 -0.082223737419753001
1.6004662925402944 -0.60520382850208421 -0.063325144989710563
1.6753716870103275 -0.44029669805010596 -0.045431554556047499
1.7226860468805785 -0.26485910681876124 -0.027630043100870694
1.7363560474046922 -0.083498576787213938 -0.011947798486716871
1.7203675992783827 0.097172765145889545 0.0013984388275900816
1.6723256355651064 0.27226314968042253 0.010618954299894623
1.5963187492986364 0.43601307037591935 0.014796602067973424
1.4946632694537778 0.58434828862251931 0.0099738988339324042
1.3716476008082992 0.71228592084165099 -0.0060023507336907367
1.2328741455288332 0.81907185008743211 -0.03374079154775475
1.0820145444776625 0.89785435295283478 -0.077020215254206187
0.92874143860462277 0.95112777232565826 -0.13634642239517561
0.78445323054988358 0.97525937375550198 -0.21784260457905066
0.66344902059875899 0.98460144653771642 -0.32057489035362452
0.56613032274286657 0.99997610337152398 -0.44024494860664676
0.48161121969931259 1.0366230727964327 -0.56561785528107877
0.40264317554928564 1.1029954791887635 -0.68852424381980692
0.32357369755021509 1.1983240533983939 -0.79817410117426579
0.24260191862818248 1.3147203925522681 -0.8913112236539581
0.15776358755561226 1.449360405078328 -0.95816053669127699
0.069945355002994883 1.5950436240123436 -0.9998025529072555
-0.019326549563922088 1.7484315902716931 -1.0109778638586595
-0.10939279912960195 1.9030437000513951 -0.99234556138204566
-0.19831769133084082 2.0545862937372772 -0.94267462624363751
-0.28481336475139502 2.1956352787748648 -0.86217513786087896
-0.36631449184576825 2.3235441760174353 -0.75391479817429752
-0.44140476129926959 2.4294881685642964 -0.6189870883998625
-0.5070735118215498 2.5135196688599772 -0.46394937113615964
-0.56093631128716293 2.5690710716079099 -0.29147163097854378
-0.60255664706747791 2.596842654563579 -0.10929218628040446
-0.62936460490560897 2.5935201291153778 0.078444905873620629
-0.64332198149777386 2.5594412908906925 0.2635077145098686
-0.64331599336399459 2.496297139499756 0.44094749293179891
-0.6265829061843956 2.406912136315996 0.60403308619545637
-0.59791305176540321 2.2946380187672859 0.74966951355106437
-0.55665941429017152 2.1612095947514867 0.87007336870151541
-0.50625305387050878 2.0148162736781168 0.96587882461941976
-0.44890596600747779 1.8567036170507123 1.0315800333868055
-0.38742592986299057 1.6939312878950772 1.0690439742173536
-0.32412977425263745 1.5295252028928472 1.0758538532031696
-0.2613276438549525 1.3690810406904459 1.0533816391434585
-0.20192293437714426 1.2156221087123849 1.0042038353538927
-0.14861601275509267 1.0736101692480156 0.92824120965541235
-0.10443745215336639 0.9437269140665937 0.8317869815459521
-0.073909710851560645 0.8303248327170567 0.71427297551711955
-0.057802524346804822 0.73248662193320413 0.58309605348231963
-0.062997042923009477 0.65344013514431043 0.44021493972334591
-0.10171655707261722 0.587242264410065 0.29638550445393319
-0.16778807695610182 0.52583932472494332 0.15832310306490963
-0.22885066014715172 0.47168224185137902 0.014292666838135626
-0.27703885020707752 0.42671133675545003 -0.1378408471332904
-0.31429136645598277 0.39001652272387394 -0.29610389421522476
-0.35053965236941304 0.35103024487492962 -0.45616691463970382
-0.3915561445453325 0.28898336781376777 -0.60959926608508108
-0.43685228639486573 0.2038081641262845 -0.75142539931009311
-0.48596560690956886 0.095731389853752374 -0.877155939500181
-0.53732436962281893 -0.03267288240642538 -0.98259902141593625
-0.58915884393701001 -0.17810949469038834 -1.0662324827671168
-0.63956194905057151 -0.33784342201970224 -1.1221267903394518
-0.68743797720938904 -0.50683283044458016 -1.1522801969649001
-0.72863264490915702 -0.68145301835647365 -1.1507434627957511
-0.7633681460995948 -0.85572131777009441 -1.1211873560412247
-0.79037680104994112 -1.0248537690353527 -1.061044969135249
-0.80866368596082261 -1.1831131029249 -0.97334411504634832
-0.81954831912226334 -1.3260467718806768 -0.85954492227533363
-0.82129263461169744 -1.4474417232910617 -0.72273817983053168
-0.81578143448251095 -1.5462858995352768 -0.56791280880065742
-0.80202019641224953 -1.6148395082687044 -0.39806565747501677
-0.7832078980180136 -1.6552954726507845 -0.22064915259602638
-0.76325382167633615 -1.6620599714038249 -0.039214234832586348
-0.74624049796022673 -1.6379026328720256 0.13957159389224416
-0.73646876691129592 -1.581871989716612 0.31050986384299428
-0.74214285300084393 -1.4980646861163633 0.46508090073320707
-0.77494726618206045 -1.4019576916435779 0.59252001735212434
-0.83055276518169774 -1.3254675103512954 0.71293952916291725
-0.8861121305933185 -1.267615819657433 0.85272942137524899
-0.90840297854058927 -1.2171398316842568 1.0163293971428962
-0.89881304723713429 -1.1635903055996937 1.1852352298620465
-0.85628709408800985 -1.1040027512634487 1.3492040194849417
-0.78559934277845223 -1.0370594687748218 1.5013029492481633
-0.69072850086051107 -0.96068566229644503 1.6366237382182998
-0.575150065501848 -0.87518403090445041 1.7487759264393263
-0.44407968471864634 -0.78197473798878814 1.8359836885450704
-0.30055651835699981 -0.68403316646101719 1.8921984642513532
-0.15108740914925461 -0.58316404849295678 1.9199180399354445
0.00081509345281932655 -0.48272882054224775 1.9139822673639999
0.14968986697694703 -0.38575432600025961 1.878725540460958
0.29072043850539903 -0.29359120569675579 1.8130490417976048
0.41995826629667365 -0.21021408435075167 1.7205905909318961
0.53398632962608628 -0.13614592681826776 1.6043497929337496
0.62832355911087723 -0.074651137763864464 1.4673329558843768
0.70417741271827605 -0.027146760215373031 1.3155308047427989
0.75709017401986267 0.001794647389689194 1.1512231431758837
0.78968383095684136 0.01495867391229587 0.98130125956606984
0.79849964593938871 0.010184923342828105 0.80884090908033113
0.7856681662314372 -0.010338920600582863 0.6392247529871905
0.75422010338005274 -0.04391468534080209 0.47643697887951719
0.72145241741957555 -0.076989399256314775 0.31612730441989079
0.69214136969874895 -0.1000873092570206 0.15489238162036584
0.6773654107379643 -0.087101824187396357 -0.006390629054223107
0.68314611877233722 -0.079497336249211861 -0.1648925213309482
0.72153578806473173 -0.076451701176621242 -0.32087246741943787
0.7842212127583249 -0.057090667113626217 -0.47185013179868152
0.86462934395618307 -0.013120385571103163 -0.61246327801014866
0.95614256252137986 0.055696948469068995 -0.73859745224177786
1.0520882299165388 0.14864227402140257 -0.84891792904734908
1.1449092459366732 0.26631074554779066 -0.93962400269870561
1.2314347549508877 0.40404343739832577 -1.0112605832720951
1.3043591934279724 0.56102741258072686 -1.0588589181517154
1.3618446587283275 0.73067229758469709 -1.085067750129393
1.3985542396109225 0.90987187712451878 -1.0874983451429234
1.4138617568572498 1.0917857372480231 -1.0670431040718051
1.405527824717417 1.2722545607639504 -1.0251444552824605
1.3725676185755944 1.4435105265776433 -0.9620334273510539
1.3180307126448965 1.6028403462105263 -0.88155275172539349
1.2400095552376043 1.7418338087979333 -0.78426825476482465
1.144109786777378 1.8597008472676992 -0.6756103437349481
1.029775828246857 1.9487386211872744 -0.55724155290296384
0.90253101569335914 2.0092561531598383 -0.43621767268245359
0.76399091130307895 2.0383129645514044 -0.31639026616858013
0.61826514459055326 2.036174716046443 -0.20450022386223646
0.46887366914327527 2.0044965334468516 -0.10432507927379051
0.31963727764261374 1.9442869086228671 -0.023361118759367777
0.17280433554947788 1.8635331853540045 0.034311182568410231
0.031651376627062702 1.7676075292294184 0.05764731905054446
-0.10172445905588015 1.6776265743932866 0.047931855207142687
-0.23843734416564671 1.6112209906763653 0.020560753800215575
-0.39220047806638264 1.5627588640094914 0.0097820646415369694
-0.55492883352499811 1.5080018278091811 0.035198370100106985
-0.70685221443954405 1.4344976278026322 0.091538207747125094
-0.8414331593319867 1.3423502554693287 0.16598634919958777
-0.9503327068914672 1.2300820468869444 0.25389424803994098
-1.0345508266035486 1.1025810724941127 0.3473135789609248
-1.089046304893895 0.96054899561194473 0.44156994869927435
-1.1160034559566598 0.80966115791277038 0.53213001735343513
-1.1135557012181379 0.65284234185391898 0.61589660513479083
-1.0830225707304137 0.49521624172507001 0.68983812184214055
-1.026371580913839 0.34049926504398925 0.75279328354121466
-0.94392124708717262 0.19382054084015371 0.80201662237833693
-0.84073065277084658 0.058043920248064595 0.83996055056835628
-0.71620670167031353 -0.061729329341772124 0.86285428275070863
-0.57765240401195972 -0.16304260910475726 0.87360032382914177
-0.43333741371467099 -0.250842930504654 0.87685616226075391
-0.29312133549967939 -0.33890983309679523 0.87793359447887287
-0.17342790044722467 -0.44773828369174551 0.86862803902956753
-0.079809594435856834 -0.57715652200269496 0.86096078187596503
0.014262352150424318 -0.70454578211885044 0.87906279681548305
0.088316851200967314 -0.84159632251023542 0.92128991852947451
0.14048310017532045 -0.98830555633075723 0.97586768386438749
0.16394651115021647 -1.1430764482014837 1.03669226070253
0.15907355020345837 -1.3019361452043976 1.0987793538361412
0.12498966488444142 -1.4612166802223989 1.1589579920767337
0.061832670347724786 -1.6168848541040466 1.2113627472561088
-0.027332233191093534 -1.7662380033403307 1.2539120534150761
-0.1430372807165452 -1.9029310760144147 1.2811120933875408
-0.2795639990572098 -2.0251101079229241 1.2933340717172039
-0.43552423423149056 -2.1257795690683468 1.2866688614341302
-0.60336108219059614 -2.2040516624026343 1.2612397994709206
-0.77983581452379003 -2.2549389041149221 1.2177008890984866
-0.95749084682619323 -2.2775771825243489 1.1567417914258884
-1.1320378461445688 -2.2713160102239782 1.0798592687616742
-1.294904156310257 -2.2348017565246154 0.987952444650808
-1.4433241287527172 -2.1716766048519549 0.88510917359069174
-1.5685033020622183 -2.0803331002546055 0.77369589136049677
-1.669829957728012 -1.9682883642988225 0.65964855255617982
-1.7419676516867528 -1.8363192589216004 0.54553394237448116
-1.7843347149586919 -1.6922585244363346 0.4348218603860261
-1.7959242456732256 -1.5395135401152971 0.33072203833754082
-1.7760946443896495 -1.3855627999966773 0.23430860124636721
-1.7283022484307522 -1.2330145184871348 0.14937940686865117
-1.6516136797833232 -1.0884812024524295 0.078039061888870082
-1.5529785214013865 -0.9552234024914612 0.019649108044399122
-1.4318694617688776 -0.83902374941949054 -0.023838869634558252
-1.2959368031830905 -0.74147310126500898 -0.055308992556745817
-1.146888898291651 -0.66726448103109204 -0.075157015228527718
-0.99010825042603567 -0.61806480759601046 -0.087266728821316392
-0.82970956397359408 -0.59570140220338852 -0.093332251057398868
-0.67098360323064588 -0.60264614298414065 -0.098053209371464084
