17.0269016431806 -3.32836482032677e-13 -4.90379627184241e-13
16.9266252972193 0.633527654879575 0.933022072808404
16.6271697771459 1.25066701305498 1.83383800388717
16.1332503395692 1.83556748990235 2.66814650487641
15.4547657860603 2.37352828485674 3.39794812212604
14.6099266707886 2.85181523195909 3.9811805924952
13.6292729985662 3.26088983793099 4.37369833937127
12.5591234442762 3.59624407277288 4.53472809288778
11.461624087238 3.86073261192391 4.43585496320085
10.4083049097782 4.06660943641625 4.07095612620577
9.46690121179741 4.2358301484958 3.46169891143852
8.68673101783342 4.39757617809804 2.65385522580005
8.09095922677562 4.58383765263199 1.70553951636297
7.67964613507674 4.82568747544085 0.674767927184556
7.43893286742398 5.15207603736147 -0.386470756957371
7.35119942619444 5.5911822600663 -1.43044714864695
7.3970304610409 6.1691743062037 -2.40674328634699
7.55049741385145 6.90288881975269 -3.25877923195055
7.77571157330978 7.79090646606498 -3.92745145032487
8.0273405829338 8.80721423350353 -4.36228294477689
8.2567041040712 9.90368836935463 -4.53423812832921
8.42027763810075 11.0210608901988 -4.44205798492463
8.4860078650847 12.1017851956861 -4.10897527641111
8.43526538397148 13.098458466227 -3.57339382370057
8.26130357473144 13.9761422275207 -2.87924580822554
7.96625338271284 14.7106008191323 -2.06948987361257
7.5581798727642 15.2851743393064 -1.18327526843986
7.04882850920677 15.6880223294711 -0.255789108852927
6.45211969877463 15.9103959581691 0.680388304832128
5.78326420356257 15.946024960826 1.59326633445928
5.05839069089591 15.7915836755285 2.44930411651314
4.29463574655145 15.4482903165988 3.21161317941023
3.5106271095706 14.9247523998164 3.83916020320365
2.72709648768008 14.240935623066 4.28798654769767
1.96696192039503 13.4323366570155 4.51564159067183
1.25383246139081 12.5521050136722 4.48932689417099
0.60811131541086 11.6679165457284 4.19600638005586
0.0413277067488258 10.8517947677319 3.6496996440418
-0.448557078653268 10.1657291755567 2.89051480392077
-0.877705007815971 9.65056158449978 1.97456648114671
-1.27251580923759 9.32439837439391 0.960860541865984
-1.66449554988678 9.18924636874524 -0.096824032064438
-2.08657687815766 9.24176993931478 -1.15020932841773
-2.57101537133272 9.47576235004076 -2.15031674668835
-3.14622572043259 9.87843254242372 -3.04208247342668
-3.82990963998018 10.4214442241499 -3.76630338686177
-4.62260963157926 11.0575386053478 -4.26886200713259
-5.50550044735297 11.7247147088263 -4.51385301739302
-6.44521064272801 12.3575076525677 -4.49234797569715
-7.40273504933254 12.8990268930815 -4.22165047724613
-8.34124543878806 13.307998371885 -3.73705012956198
-9.22995281995693 13.5596774876526 -3.08178080589495
-10.0444163771029 13.6429230206694 -2.29949661729968
-10.7650999357901 13.5561797813692 -1.43049546060005
-11.3757009662737 13.3040075217048 -0.510957811401892
-11.862009040333 12.8946906620533 0.426008158585503
-12.2115082883304 12.3389121872636 1.34846612032811
-12.4137438318155 11.6493649809562 2.22350046353574
-12.4614985001936 10.841252740536 3.01527233922783
-12.3529045149976 9.93368239114799 3.68386370823562
-12.0945571713065 8.95177188337234 4.18582547852403
-11.7052739933088 7.92872141309368 4.47763229095814
-11.2192023331678 6.90618747114897 4.5228717191811
-10.6858816189396 5.93077072173398 4.3021850464119
-10.1649235049676 5.04566377406167 3.82192265128422
-9.71563866441309 4.28005387544233 3.11577055999644
-9.38621193867104 3.64210653379816 2.23677273095725
-9.20854917161576 3.1198149691213 1.24418917170925
-9.20083496398431 2.68796692302985 0.19348804954373
-9.37352915807912 2.3154338618537 -0.865784240186028
-9.73501919921788 1.97013764905179 -1.88562135272226
-10.2888092034812 1.62054540398319 -2.81286059131228
-11.0226127445216 1.23755775479292 -3.58876174791972
-11.9006116248249 0.798543975176857 -4.15642303460871
-12.863490670358 0.291565827757255 -4.47374838612979
-13.8387686788184 -0.283242372550567 -4.5241540717995
-14.7557214728137 -0.916005827672134 -4.31843630376209
-15.5568564574904 -1.59123714033371 -3.8880232461434
-16.2021997418337 -2.29137432425771 -3.27487843029205
-16.6677729286655 -2.99870737861447 -2.52306124029165
-16.9415349345837 -3.69597757601791 -1.67395858688995
-17.0192957409429 -4.36636153429084 -0.764822970781171
-16.9017144062719 -4.99338765108239 0.170565928827045
-16.5925896392443 -5.56105021567172 1.10016343434166
-16.0983474425827 -6.05421487635721 1.99153137335762
-15.4286687948439 -6.45937117296334 2.80979091287157
-14.5983040936793 -6.76582961848457 3.51617808826514
-13.6300335607913 -6.96750187504003 4.06801409367951
-12.5581928956097 -7.06531922647977 4.42124554824901
-11.4310762885824 -7.06996784974605 4.53659798298946
-10.3093720527875 -7.0038911470842 4.38902522553543
-9.25816229680342 -6.90085809955474 3.97728519414223
-8.3335364736556 -6.8018678532508 3.32800270209223
-7.57003309693195 -6.74838234143592 2.49019841345556
-6.97634591858045 -6.77636922282111 1.52275124236976
-6.54083564301616 -6.91445531698753 0.482757170906411
-6.24086374691334 -7.18586687697573 -0.578873642732103
-6.05121408275987 -7.61227428650493 -1.61446752840148
-5.94544916388748 -8.21218156979118 -2.57258893961217
-5.89319598404284 -8.99153894909292 -3.39566059095925
-5.85978052696314 -9.93431809878068 -4.02513199718065
-5.80916549937939 -10.9981172914218 -4.41355235680336
-5.70934426344774 -12.120238054302 -4.53675616262956
-5.53707238998052 -13.2314801387593 -4.39844855415945
-5.27972958245665 -14.269627410675 -4.02540348238948
-4.93440832495273 -15.1867720670054 -3.45768419051409
-4.50564839848869 -15.9500749042404 -2.73941385996418
-4.00309824650933 -16.5387925514906 -1.9129715522805
-3.43967451794378 -16.9404532281312 -1.01673749532282
-2.83026537703972 -17.1477731613493 -0.0852950967458037
-2.19083378211083 -17.1568056025972 0.849042192020285
-1.53778172199872 -16.9663208287745 1.75415781528177
-0.887489663809773 -16.5783631767579 2.59601852232305
-0.255967084846584 -16.0000435895895 3.3370011717988
0.341500587532016 -15.2466385115101 3.93537506318129
0.890955917610905 -14.3456942233278 4.3470171169383
1.38101624539575 -13.3408417510338 4.53052163426662
1.80508706205519 -12.2926187754579 4.45592195715061
2.16427910217351 -11.2730575313503 4.1147292026983
2.46972941046275 -10.3531914176077 3.52608029996726
2.74251143516754 -9.58805074795309 2.73396088749967
3.01057371576647 -9.0074814264543 1.79593729870012
3.30457551618534 -8.61768949069944 0.770415894268454
3.65519016169959 -8.40985913295668 -0.290037140587155
4.09290361120525 -8.37083222975197 -1.33758124750315
4.646732624333 -8.48548926794916 -2.32225417275807
5.33807651358511 -8.73142927413909 -3.18802086977147
6.17248944256264 -9.07415195853583 -3.87565272236639
7.13284989717018 -9.46607934257245 -4.33333135871479
8.18009897405682 -9.85237363789745 -4.52966501828176
9.26233111088129 -10.1808103731322 -4.46086131955792
10.3267224133531 -10.4102143764629 -4.14825616239889
11.3280806931596 -10.5140616444567 -3.62929977441757
12.2318299031386 -10.4795904725407 -2.94774934771843
13.0129349934267 -10.3046687308793 -2.14682122271825
13.6532640192083 -9.99439768154301 -1.26604996295727
14.1391168647136 -9.55840890581377 -0.340943040817743
14.4596374916263 -9.00905091400199 0.595759938611979
14.6062420226784 -8.36036154594182 1.5121044840805
14.573042007419 -7.62770781910219 2.37477381225231
14.3583136349366 -6.82804647723694 3.14723706822512
13.967136070649 -5.98076134509228 3.78882378563876
13.4151518527364 -5.10883282201838 4.25570998810269
12.7327242484384 -4.23961115266797 4.50502327890252
11.9675297576104 -3.40387180155798 4.50268513843979
11.1825699717063 -2.63181403755062 4.23349884300012
10.4475016924902 -1.94615341207331 3.70892599799828
9.82525489893251 -1.35520885757632 2.96698393511103
9.36059395467505 -0.850245453023117 2.0628451929785
9.07705584545322 -0.40866525866088 1.05570267705846
8.98205849033412 1.39587344455933e-13 -3.53343288799091e-13
9.07705584545333 0.408665258661168 -1.05570267705915
9.36059395467527 0.850245453023432 -2.06284519297915
9.82525489893283 1.35520885757667 -2.9669839351116
10.4475016924906 1.94615341207372 -3.70892599799874
11.1825699717067 2.63181403755108 -4.23349884300043
11.9675297576108 3.40387180155848 -4.50268513843995
12.7327242484389 4.23961115266849 -4.50502327890251
13.4151518527368 5.10883282201891 -4.25570998810254
13.9671360706493 5.98076134509279 -3.7888237856385
14.3583136349368 6.82804647723743 -3.14723706822477
14.5730420074191 7.62770781910265 -2.3747738122519
14.6062420226784 8.36036154594223 -1.51210448408005
14.4596374916262 9.00905091400235 -0.595759938611501
14.1391168647134 9.55840890581408 0.340943040818224
13.6532640192081 9.99439768154325 1.26604996295774
13.0129349934264 10.3046687308795 2.14682122271869
12.2318299031382 10.4795904725408 2.94774934771883
11.3280806931592 10.5140616444567 3.6292997744179
10.3267224133526 10.4102143764629 4.14825616239914
9.26233111088083 10.1808103731321 4.46086131955808
8.18009897405636 9.8523736378973 4.52966501828182
7.13284989716976 9.46607934257227 4.33333135871476
6.17248944256226 9.07415195853563 3.87565272236626
5.33807651358479 8.7314292741389 3.18802086977127
4.64673262433273 8.48548926794899 2.32225417275782
4.09290361120502 8.37083222975183 1.33758124750287
3.65519016169941 8.40985913295658 0.290037140586858
3.30457551618519 8.61768949069938 -0.770415894268754
3.01057371576636 9.00748142645429 -1.79593729870041
2.74251143516744 9.58805074795314 -2.73396088749993
2.46972941046267 10.3531914176077 -3.52608029996748
2.16427910217344 11.2730575313504 -4.11472920269847
1.80508706205512 12.292618775458 -4.45592195715073
1.38101624539569 13.340841751034 -4.53052163426669
0.890955917610848 14.3456942233279 -4.34701711693833
0.34150058753196 15.2466385115102 -3.93537506318128
-0.25596708484664 16.0000435895896 -3.33700117179878
-0.887489663809827 16.578363176758 -2.59601852232301
-1.53778172199878 16.9663208287746 -1.75415781528172
-2.19083378211088 17.1568056025972 -0.849042192020234
-2.83026537703977 17.1477731613494 0.0852950967458566
-3.43967451794383 16.9404532281312 1.01673749532288
-4.00309824650937 16.5387925514907 1.91297155228055
-4.50564839848873 15.9500749042405 2.73941385996423
-4.93440832495276 15.1867720670054 3.45768419051414
-5.27972958245667 14.269627410675 4.02540348238954
-5.53707238998053 13.2314801387593 4.39844855415952
-5.70934426344774 12.120238054302 4.53675616262965
-5.80916549937938 10.9981172914218 4.41355235680346
-5.85978052696311 9.9343180987807 4.02513199718078
-5.89319598404278 8.99153894909293 3.3956605909594
-5.9454491638874 8.21218156979116 2.57258893961234
-6.05121408275977 7.61227428650489 1.61446752840166
-6.2408637469132 7.18586687697567 0.578873642732286
-6.54083564301598 6.91445531698745 -0.482757170906233
-6.97634591858024 6.77636922282102 -1.5227512423696
-7.57003309693171 6.74838234143583 -2.49019841345542
-8.33353647365532 6.80186785325072 -3.32800270209212
-9.2581622968031 6.90085809955467 -3.97728519414217
-10.3093720527872 7.00389114708415 -4.38902522553544
-11.431076288582 7.06996784974604 -4.53659798298954
-12.5581928956094 7.0653192264798 -4.42124554824916
-13.630033560791 6.96750187504011 -4.06801409367973
-14.598304093679 6.76582961848469 -3.51617808826541
-15.4286687948437 6.4593711729635 -2.80979091287189
-16.0983474425826 6.05421487635741 -1.99153137335797
-16.5925896392442 5.56105021567195 -1.10016343434203
-16.9017144062719 4.99338765108265 -0.170565928827416
-17.019295740943 4.36636153429112 0.764822970780806
-16.9415349345838 3.6959775760182 1.6739585868896
-16.6677729286657 2.99870737861477 2.52306124029134
-16.202199741834 2.29137432425802 3.27487843029179
-15.5568564574907 1.59123714033402 3.88802324614321
-14.7557214728141 0.916005827672432 4.318436303762
-13.8387686788188 0.283242372550848 4.52415407179952
-12.8634906703585 -0.291565827756996 4.47374838612994
-11.9006116248253 -0.798543975176619 4.15642303460899
-11.022612744522 -1.23755775479271 3.58876174792013
-10.2888092034815 -1.62054540398298 2.81286059131278
-9.73501919921802 -1.97013764905158 1.88562135272282
-9.37352915807915 -2.31543386185347 0.865784240186623
-9.20083496398424 -2.6879669230296 -0.193488049543131
-9.20854917161559 -3.11981496912099 -1.24418917170868
-9.3862119386708 -3.64210653379779 -2.23677273095673
-9.71563866441277 -4.28005387544188 -3.11577055999599
-10.1649235049672 -5.04566377406114 -3.82192265128389
-10.6858816189393 -5.93077072173338 -4.30218504641172
-11.2192023331675 -6.90618747114832 -4.52287171918109
-11.7052739933085 -7.92872141309302 -4.47763229095829
-12.0945571713063 -8.95177188337168 -4.18582547852433
-12.3529045149975 -9.93368239114737 -3.68386370823603
-12.4614985001935 -10.8412527405355 -3.01527233922834
-12.4137438318156 -11.6493649809558 -2.22350046353632
-12.2115082883306 -12.3389121872632 -1.34846612032873
-11.8620090403333 -12.894690662053 -0.426008158586139
-11.3757009662741 -13.3040075217046 0.510957811401258
-10.7650999357906 -13.5561797813691 1.43049546059944
-10.0444163771034 -13.6429230206694 2.29949661729912
-9.22995281995752 -13.5596774876528 3.08178080589447
-8.3412454387887 -13.3079983718853 3.7370501295616
-7.40273504933322 -12.8990268930818 4.22165047724589
-6.44521064272869 -12.3575076525681 4.49234797569707
-5.50550044735363 -11.7247147088268 4.51385301739314
-4.62260963157987 -11.0575386053483 4.26886200713291
-3.82990963998072 -10.4214442241503 3.76630338686228
-3.14622572043305 -9.87843254242399 3.04208247342734
-2.5710153713331 -9.47576235004089 2.15031674668911
-2.08657687815799 -9.24176993931476 1.15020932841856
-1.66449554988708 -9.18924636874507 0.0968240320652834
-1.27251580923788 -9.32439837439359 -0.960860541865159
-0.877705007816292 -9.65056158449931 -1.97456648114595
-0.448557078653638 -10.1657291755561 -2.8905148039201
0.0413277067483889 -10.8517947677312 -3.64969964404128
0.608111315410346 -11.6679165457277 -4.19600638005554
1.25383246139022 -12.5521050136714 -4.48932689417088
1.96696192039439 -13.4323366570147 -4.51564159067195
2.7270964876794 -14.2409356230653 -4.287986547698
3.5106271095699 -14.9247523998159 -3.83916020320416
4.29463574655076 -15.4482903165985 -3.21161317941088
5.05839069089524 -15.7915836755283 -2.44930411651389
5.78326420356195 -15.9460249608259 -1.5932663344601
6.45211969877407 -15.9103959581692 -0.68038830483298
7.04882850920628 -15.6880223294714 0.25578910885207
7.5581798727638 -15.2851743393068 1.18327526843903
7.96625338271253 -14.710600819133 2.06948987361179
8.26130357473124 -13.9761422275215 2.87924580822485
8.43526538397138 -13.0984584662279 3.57339382370002
8.48600786508471 -12.1017851956871 4.10897527641073
8.42027763810086 -11.0210608901998 4.44205798492447
8.25670410407137 -9.90368836935569 4.5342381283293
8.02734058293401 -8.80721423350454 4.36228294477725
7.77571157330997 -7.79090646606589 3.92745145032548
7.55049741385158 -6.90288881975346 3.25877923195137
7.39703046104093 -6.16917430620431 2.40674328634796
7.35119942619433 -5.59118226006676 1.43044714864801
7.43893286742373 -5.15207603736181 0.38647075695847
7.67964613507632 -4.8256874754411 -0.674767927183467
8.09095922677502 -4.58383765263217 -1.70553951636194
8.68673101783264 -4.39757617809819 -2.65385522579913
9.46690121179645 -4.23583014849595 -3.46169891143778
10.4083049097771 -4.06660943641642 -4.07095612620524
11.4616240872368 -3.86073261192414 -4.43585496320059
12.559123444275 -3.59624407277319 -4.5347280928878
13.6292729985651 -3.26088983793138 -4.37369833937155
14.6099266707876 -2.85181523195955 -3.98118059249571
15.4547657860595 -2.37352828485727 -3.39794812212673
16.1332503395685 -1.83556748990294 -2.66814650487723
16.6271697771454 -1.25066701305561 -1.83383800388807
16.9266252972191 -0.633527654880232 -0.933022072809367
