5.6647875652842865 -0.22169048331548116 -0.11280392352515353
5.2420165266503771 0.65075484054929755 0.47854400207043324
4.5042854785294022 1.4382663359214367 0.92803773042500937
3.4698287986713585 2.0292246981996604 1.0115351988500054
2.474180118446367 2.5073949757333245 0.53091459735689439
1.6494049483444881 2.94895188846214 -0.24206173446021836
1.0296063407504201 3.7003631723571084 -0.96661528675846287
0.46901543444260602 4.7269056902058244 -1.2918810890854824
-0.24635508630627201 5.5370422373854593 -0.90035738222064066
-1.0252528393333964 5.6084187193531356 -0.13917379481731523
-1.7967088825444741 5.017495192652925 0.45455073428281101
-2.4101557616839862 4.1390755249530855 0.91539789884673373
-2.7640815539627361 3.0054328271552486 1.018438105103288
-3.0094090336578052 1.9204382247442269 0.55995335454601325
-3.2543176986848881 1.0098906218777772 -0.20569328000914736
-3.828679619600643 0.23291271702683305 -0.94311866770710351
-4.7021069261871178 -0.53788999050938413 -1.2915978087077098
-5.3544151775086934 -1.4125044963605948 -0.93027306173090341
-5.290935168361349 -2.1937322866677276 -0.17525622677026959
-4.5620709517738014 -2.8193077728831195 0.4271247004415602
-3.5816703581870946 -3.2365235514879789 0.90145773709186294
-2.4016301184015592 -3.3407442697815375 1.0228325612054421
-1.2784661339996097 -3.3374456184701722 0.59321928029584881
-0.32923962767055576 -3.370218651272157 -0.16406716091456547
0.55410240244563647 -3.7314093694052808 -0.91525183502919605
1.4933637813316281 -4.409072148023566 -1.2899546250061276
2.496906235912467 -4.8788684439899157 -0.96436525660138239
3.2657062174586513 -4.6799061539772309 -0.20850962809537443
3.7210095961140186 -3.8400577600227757 0.40376450634166644
3.924482571192812 -2.7960336986180314 0.88637769329811511
3.7762358024804192 -1.6229036417657181 1.0284673676559137
3.5211115564987412 -0.52281543101786765 0.61844950691970579
3.3359513969185661 0.4151255854891871 -0.12829659526437315
3.472788969899522 1.3504693608806733 -0.8872639857244895
3.9209528715894466 2.410552608227885 -1.2839135018178449
4.1740201889746489 3.5022951969580007 -0.98993332420346603
3.8332661345908137 4.2290129850585876 -0.23973270443040726
2.9273240744387672 4.4980807094479252 0.38261436560636797
1.8686023031019781 4.4793763332059857 0.8731341828508814
0.75818252383142459 4.0849784478151534 1.0292311488439003
-0.2625600757006053 3.5884162464417444 0.64334706821986276
-1.1402860965844666 3.194769444049868 -0.095808500119190676
-2.0755625145659984 3.1008728981812146 -0.86356901574779155
-3.2041323109637085 3.3017422317983076 -1.2807534265366545
-4.3345451795458008 3.3215318637648856 -1.0161216620260021
-4.9911166201670367 2.8507092344710738 -0.27365179646809912
-5.0666090171739233 1.9218495847318027 0.35655445902337685
-4.8306880357807165 0.89660494329986873 0.85606871493975523
-4.2133538262142176 -0.10051936825675492 1.027931518698636
-3.4963187526308217 -0.99263045718435283 0.67483492818058122
-2.9115303513848585 -1.7652939930665654 -0.05675449143280404
-2.59043690088289 -2.6415373962846931 -0.8357450331805214
-2.5359023876406974 -3.7807520431041652 -1.2725032438972008
-2.3206412022206049 -4.9008067878914519 -1.0453039123491346
-1.7341743228138895 -5.4720045809052058 -0.31071776188986655
-0.82039777029461658 -5.3574948490426415 0.33102722840757176
0.13186728307491635 -4.9166939909368459 0.83813705793511795
0.97462864343310818 -4.1058530756482954 1.0299161503174115
1.6901714489580859 -3.2035266888313476 0.70136687025350752
2.3153129580531235 -2.4525215906943503 -0.017757373660281753
3.0812029083862349 -1.9330917010427682 -0.80226835156347187
4.1683018969981047 -1.6249167561032949 -1.2617874672966187
5.2279705987367571 -1.1762703660775309 -1.0700898487482786
5.6926786522858528 -0.47483767677913902 -0.34234995688657388
5.6030116575858413 0.64258712917884087 -0.13567756341241852
5.4862024119052677 1.7667460241390467 0.057303430087488463
4.8428268584525469 2.4450827750181592 0.68471898306634837
3.7750746867287774 2.9254716327819641 0.68571603844553397
2.7686179793406476 3.4535716562369014 0.29103214648258291
1.7171024395800443 3.935817946108481 0.017419941831339214
0.61525825622832775 4.3365265513243978 -0.17534892401466995
-0.47463944336956326 4.6243416691710619 -0.58461601447879596
-1.5942873868593053 4.9956535715567538 -0.78254640783012008
-2.5988352299521069 5.1319100025834814 -0.27218697780758111
-3.2996507038106668 4.6374675062075568 0.41617581145658478
-3.6076649541874697 3.6033350069254468 0.79484165084888703
-3.8627957019712147 2.4618622735141735 0.5041597043533359
-4.1483464922431184 1.3705314592440605 0.10914596947458008
-4.3344909666389411 0.20740642238414278 -0.048333090286658921
-4.4113972246991802 -0.93105313149302404 -0.38874934536311972
-4.4778733900479697 -2.0793229261142008 -0.75118207186147046
-4.5646878485562725 -3.2163733392521165 -0.57317846701302211
-4.1824213543450517 -4.0120486314375388 0.091396427367302135
-3.296238008052391 -4.3125613798579971 0.7045972781879094
-2.1232818222165677 -4.280700147546022 0.66913880287672811
-0.98888889244576283 -4.3229486963196395 0.27232725505751793
0.17024003799441403 -4.2957933249907194 0.013216813451577131
1.334266641718441 -4.1742986403173452 -0.19051355345819904
2.4422409337059556 -3.959675070129268 -0.59804703713360663
3.6123793625579235 -3.8125179059493197 -0.77347062256686561
4.5559464374602969 -3.480386935671882 -0.24108065259085329
4.9473875057619328 -2.7115368195518483 0.44700952726621218
4.7571113712836191 -1.6329960401506018 0.79221428132680749
4.4968818272141249 -0.49601930671142036 0.4839289592478716
4.2757225587753132 0.61239242600254962 0.097369158094427199
3.9348715780908883 1.7413620088832835 -0.057901290564525983
3.5050951626752282 2.7955580121674428 -0.41145656812671549
3.0703778575257226 3.8642029517071284 -0.76304902058814594
2.647504403875907 4.9149769878236649 -0.54322258819292857
1.9376790244619577 5.4333760198885033 0.13116845271556921
0.9959293086636265 5.2804083502454571 0.72719827810663518
-0.049315257001443513 4.7398177692547998 0.65095823923266005
-1.0883138699447248 4.2887090561093366 0.24896597181432764
-2.12051916720231 3.7532361560305727 0.0049336222043200421
-3.111244565117822 3.1349651797615623 -0.21129238886324553
-4.0167383889768882 2.4598779740546366 -0.61838761508362761
-5.0086976485703847 1.8206880733120585 -0.76071522294949157
-5.6770828556242723 1.1033589479882631 -0.20265032654907589
-5.6564442900557328 0.24069728296438461 0.4787501989441601
-4.997596922970641 -0.64707222726888569 0.78550507658650104
-4.2760471227847443 -1.5578128692859892 0.46060012118360472
-3.590812900691458 -2.4590632907732419 0.083693345461661822
-2.7911844124361336 -3.3253483596048894 -0.068637576777707932
-1.9453397732212458 -4.0822050806245302 -0.43386374691870683
-1.0907197825370165 -4.8623946319932658 -0.77478012147880582
-0.25511218497910537 -5.6089461505682161 -0.51492751110700197
0.6064797112003073 -5.7350167529967111 0.16255005082468404
1.3814071460959463 -5.1592083967981699 0.74318136979063509
2.0914017155378408 -4.2174662162982433 0.63823008886049182
2.8320621861387933 -3.3634740034142587 0.23130900753568054
3.5260068666968269 -2.4268196611810464 0.0016161563464696799
4.145638864408058 -1.4387899727570097 -0.22623181309945337
4.6697184215509644 -0.43755372182000762 -0.63350895171042343
5.2877230416468048 0.56697279983005988 -0.74663029310384532
5.5478781878717314 1.5025875005282436 -0.17385830158828658
5.0246994750293696 2.5062987557304139 -0.012980526303674736
4.5016800070278178 3.4977697945422048 0.20936974089261767
3.8141731515659143 3.9204989213202555 0.96865448083113026
2.7143729601099849 3.7648076169668361 1.2871441513853032
1.6191734562113784 3.3949935459831964 0.90748201116947969
0.66913469838459605 3.3126954429697228 0.15735438220331069
-0.24734832969789544 3.5641895222820552 -0.5977717089029837
-1.3202490443229993 3.8980907139383709 -1.0267938154127674
-2.4794859896805916 4.1429733329354557 -0.89739385573098496
-3.5387506642782305 4.0288091312126539 -0.42197180812932589
-4.4174708967482657 3.6435552465166845 0.18287087895453705
-4.7017216449368711 2.9113321876979148 0.93835763196965738
-4.3291691031224344 1.8818669804878605 1.2901108016418972
-3.7218351238437273 0.89000332546668492 0.93567600602903256
-3.4073435824361678 -0.02129378845444066 0.19527315695092365
-3.4431258954297941 -0.96576370335112316 -0.56843003368786071
-3.5290522403716076 -2.0778430272947968 -1.0200692962320208
-3.5211966143695181 -3.2641967681249224 -0.91160298042021037
-3.1907865767390327 -4.2815753975067281 -0.44826413009338584
-2.6281409546645493 -5.0717192159960431 0.14552188986966377
-1.8612304439756562 -5.2220418751104249 0.90693923302859547
-0.9388350135481589 -4.6549543145144057 1.2958864449599614
-0.10161160967521379 -3.8382788026616632 0.96378343857642157
0.71316990547923309 -3.3086143227800853 0.2349455605088466
1.6330708533739096 -3.1277454833023168 -0.53653751723998322
2.7272531810128013 -2.9653630381694285 -1.0104063439305004
3.8891280058629145 -2.7056752927152923 -0.92739309908849366
4.8220499101621233 -2.1678034088372691 -0.4733634835823603
5.480636613510824 -1.4433089711917704 0.11593358509130905
5.4928026922267374 -0.66162431710318437 0.87829146391786206
4.7571068302601685 0.11586315078980891 1.2925836266758182
3.7740965905359811 0.75531242006108834 0.98472319677706577
3.0569636627319405 1.4239551504904104 0.26887639408659442
2.6752593412559182 2.2742035640345248 -0.50884729957494668
2.2754059492569736 3.2970725201306998 -1.0066753066305616
1.7686299268058012 4.3775862132944301 -0.93585303037463841
1.0448674539154539 5.1828114896120541 -0.49524903332458931
0.19143118134989548 5.6751678185584407 0.087334410176666821
-0.57660882974210281 5.5486675606623805 0.84934713821395458
-1.1771362176315734 4.6823138445432964 1.2907903475831928
-1.5856246919941204 3.5782560217754997 1.0087219718400249
-2.0680722123740818 2.7125791072965701 0.30328196865174489
-2.8053109096168982 2.1485760682193744 -0.48170241894532012
-3.7073687118153185 1.5332440932179114 -0.99619306084280412
-4.6534206077875053 0.80566282598794203 -0.94681967223186059
-5.293770757682668 -0.071910213526520245 -0.51975956794930944
-5.5975856432429794 -1.0150187822390426 0.053374808061292585
-5.3398505373461536 -1.7461487559447733 0.81425245241343147
-4.3886960752402562 -2.156175882225027 1.2893335190177013
-3.2166152218191586 -2.3124806845806294 1.0346714668759698
-2.2492140385705364 -2.5754890746179995 0.34331791938131268
-1.533854617314834 -3.1584989830828203 -0.44829923329323129
-0.73930697553757252 -3.8934557381380239 -0.98204964981816167
0.17409368810708825 -4.6630096697110774 -0.95947144768471759
1.170808789288627 -5.1102255582926013 -0.54586166490885379
2.1636932223601351 -5.2099715522495629 0.022423272942439874
2.8442255003714347 -4.8283555827837459 0.78210728982090671
3.052812611694312 -3.8264975853004661 1.282487211433758
2.9500306614934129 -2.6455615469775755 1.0554253808600571
2.9730405976721199 -1.6336292426429111 0.37979418093763162
3.3738701518559764 -0.80854387654508497 -0.41639344883145468
3.9078974536361537 0.1215406745981585 -0.97219155607916496
4.4608704820219858 1.1822512995553118 -0.96564546337361679
4.6959633795583784 2.2588837160826993 -0.56828519908512642
4.6294926078081362 3.1281192248915328 -0.03458471351223516
4.9631166666419615 2.0243782080727888 -0.069706360801974593
5.3188591201766631 0.87884791873531898 -0.084535312436162607
