4.35677433321024 -41.14646465404 -3.24363833060276
3.25746239650727 -41.2980104628472 -3.30015489436639
2.15342685641236 -41.4025588966682 -3.3696045294504
1.04688440684412 -41.4617261615091 -3.45139098077526
-0.0602009321574627 -41.4780664101508 -3.54457674048407
-1.16622653012316 -41.4546630169345 -3.64803926203092
-2.26995648030891 -41.3946555272566 -3.76065600034333
-3.37043680854744 -41.3007770417468 -3.88148656559673
-4.46685237824368 -41.1749723761972 -4.00992240216327
-5.55836242516654 -41.0181536054264 -4.14578061146324
-6.64394685235473 -40.8301292602614 -4.28932767949471
-7.72228764321073 -40.6097185787133 -4.4412299285239
-8.79170447983353 -40.3550348012741 -4.602439299784
-9.85016136543102 -40.0638943459025 -4.77403398202019
-10.8953572712437 -39.734285887056 -4.95704148342438
-11.9249027882078 -39.3648199200077 -5.15227511887412
-12.9365644265704 -38.955079969143 -5.36021231561357
-13.9285333392402 -38.5058133577296 -5.58093466547073
-14.8996561671235 -38.0189300164479 -5.81413697830485
-15.8495630845631 -37.4973148295466 -6.05919887607228
-16.7786468290294 -36.9444925350298 -6.31530125796664
-17.6878822896558 -36.364205960895 -6.58156369624855
-18.5785173036339 -35.7599755706122 -6.85717777505642
-19.4516977604234 -35.1347038989991 -7.1415139594549
-20.3081041512089 -34.4903780016453 -7.43418376847768
-21.1476704172199 -33.8279101422473 -7.73504403707064
-21.9694349863651 -33.1471412534902 -8.04413682642542
-22.7715474887257 -32.4470106777287 -8.36156862881173
-23.5514303573275 -31.725868602242 -8.6873460671494
-24.3060746609224 -30.9818785928569 -9.02119961603275
-25.0324317465557 -30.2134353687503 -9.36243668576202
-25.727844099598 -29.4195168809082 -9.70986502717573
-26.3904425163603 -28.5999048446887 -10.0618139104491
-27.019430120056 -27.75524095141 -10.4162561399228
-27.6151857565872 -26.8869259731917 -10.7710059934494
-28.1791526020881 -25.9969018273379 -11.1239460122314
-28.7135252390736 -25.0873725070365 -11.4732264005434
-29.2207955370316 -24.1605178031291 -11.8173866746459
-29.7032495926668 -23.2182413241697 -12.1553671847623
-30.1625161238354 -22.2619810784272 -12.4864027896613
-30.5992511272551 -21.2926021043656 -12.8098169318188
-31.0130112793368 -20.3103849230596 -13.1247573263886
-31.4023294785909 -19.3151157106769 -13.4299307622529
-31.7649693396768 -18.3062701678656 -13.7234006690449
-32.0983075117698 -17.2832640083534 -14.0025044050088
-32.3997759808935 -16.2457243799344 -14.2639268668299
-32.667290992813 -15.1937258228923 -14.5039352506269
-32.8995998108873 -14.1279375041677 -14.7187422550425
-33.0964901506285 -13.0496472763518 -14.9049301477141
-33.2588288114745 -11.960659011195 -15.0598454080095
-33.3884238965626 -10.8630939098428 -15.1818709654799
-33.4877353643205 -9.75915263553853 -15.2705035865104
-33.5594859420427 -8.65090351766889 -15.3262043528443
-33.6062427218397 -7.54014986490022 -15.3500410016101
-33.6300449494871 -6.42840260010181 -15.3431897913669
-33.6321448343555 -5.31695482589393 -15.3064002313071
-33.6129080613777 -4.20703311570042 -15.2395409117146
-33.5718931859408 -3.09998920935318 -15.1413354685994
-33.5080984347416 -1.99749022449444 -15.0093646442626
-33.4203341403681 -0.90165912075198 -14.8403570923828
-33.3076524271915 0.184888491977319 -14.6307258282661
-33.169747327614 1.25915783266883 -14.3772421274308
-33.0072347222886 2.31805106932875 -14.0776922425012
-32.8217389685457 3.35875704460978 -13.7313531917543
-32.615753408302 4.37914042444961 -13.3391622307756
-32.3922969435701 5.37798511003589 -12.9035327384403
-32.1544418034994 6.35497745830287 -12.4278611319131
-31.9048216573041 7.31040174134327 -11.9158437872178
-31.6452363496483 8.24462450330484 -11.370760831081
-31.376451902476 9.15751820083128 -10.7948849429043
-31.0982579767143 10.0479911710972 -10.189146804918
-30.8097937299711 10.913757739128 -9.55313907473889
-30.5100906322713 11.7514261444429 -8.88546735944613
-30.1987170905696 12.5569231682759 -8.18436711648813
-29.8763637479534 13.3262123580382 -7.44842529677956
-29.5452028843971 14.0561892333424 -6.67721168744437
-29.2089037152134 14.7455622532552 -5.87166189630638
-28.8722780491603 15.3954904059209 -5.03415095914978
-28.5406343857063 16.0097863898444 -4.1683059909871
-28.2189929681366 16.5946111810141 -3.27867182482799
-27.9113367786225 17.1577360223213 -2.37033986775825
-27.6200485536964 17.7075664987732 -1.44860036697628
-27.3456314654263 18.2521665860796 -0.518630636064169
-27.0867475776038 18.7984854278367 0.414780733009257
-26.840541314407 19.3519046024474 1.34745664137484
-26.6031528464378 19.9161267750375 2.27596717129325
-26.3702832967846 20.4933477998783 3.19764920269359
-26.1376665145653 21.0846081029635 4.11050650715332
-25.9013377698957 21.690206364767 5.01301592159446
-25.6576590579401 22.3100723320973 5.90388338662216
-25.4031416449688 22.9440268407305 6.78179763722559
-25.1341726700752 23.591896369504 7.64522331970251
-24.8467829018233 24.2534877949433 8.49226454476613
-24.5365777758224 24.9284599421226 9.32061835322516
-24.1988982371247 25.6161490517231 10.1276277539949
-23.8291986949805 26.3154142343252 10.9104353119588
-23.4235515163404 27.0245638768843 11.6662259677754
-22.9791371020211 27.7414013231851 12.392526865633
-22.4945745040383 28.4633890447149 13.0875050335176
-21.9699926888219 29.1878861616413 13.7501844061827
-21.4068203349825 29.9123837469715 14.3805090622059
-20.8073524589908 30.6346618193749 14.9792164637278
-20.1742064819078 31.3528223351654 15.5475414345601
-19.5097951263717 32.0651982730873 16.0868245297768
-18.815923569761 32.7701782767533 16.5981254229798
-18.0935781697648 33.4660048919307 17.081935013563
-17.3429274713004 34.1506014912436 17.538046518566
-16.5635116191728 34.8214673154512 17.9656012554132
-15.7545596614522 35.4756611268006 18.3632835833803
-14.9153519386682 36.1098761807192 18.7296101802325
-14.0455427120999 36.7205927078173 19.0632445784601
-13.1453777107362 37.3042790288849 19.363268830982
-12.2157762598971 37.8576017479192 19.629359059593
-11.2582860540608 38.3776035160212 19.8618372241695
-10.2749478212201 38.8618156494779 20.0616016541905
-9.2681196068667 39.3082898482549 20.2299657295697
-8.24030636570611 39.715552378983 20.3684505572206
-7.194026070814 40.0824992485545 20.4785802956416
-6.13172639472052 40.4082587588143 20.5617193254567
-5.05575192897354 40.692048501632 20.6189735337351
-3.96835322027778 40.9330496410905 20.6511594505587
-2.87172522373899 41.1303149969665 20.6588298033584
-1.7680624573259 41.2827210169275 20.642335186833
-0.659619411945463 41.3889681616522 20.6018997220592
0.451233736230496 41.4476296201135 20.5376926785257
1.5619691122035 41.4572442099306 20.4498857040374
2.66988146060395 41.4164452322646 20.3386936887322
3.77209893763196 41.3241125513361 20.2044037396209
4.86563064409315 41.1795303623974 20.0473994685246
5.94745264016907 40.9825288258587 19.8681862738126
7.0146264777601 40.7335854935081 19.6674183770041
8.0644343151566 40.4338640301717 19.4459220394815
9.09450503947853 40.0851744671985 19.2047041614661
10.1029002988287 39.6898511372357 18.944933657161
11.0881315895075 39.2505597730235 18.6678859471056
12.0490913059291 38.7700607240847 18.3748485569609
12.9849004153402 38.2509670677687 18.0669967070141
13.8946982995774 37.6955415190038 17.7452593769813
14.7774197137703 37.1055728798253 17.4102054030407
15.631613963936 36.4823610410287 17.0619822079804
16.4553592810872 35.8268199181223 16.7003337413982
17.2463108542344 35.1396821188161 16.3247078658848
18.001895572762 34.4217621109868 15.934438961264
18.7196325452218 33.6742141395773 15.5289654549225
19.3975204968713 32.8987168105388 15.1080239539733
20.0344006374833 32.0975344151508 14.6717606392398
20.6301905904599 31.2734426260126 14.2207200472707
21.1859041353735 30.429549068671 13.7557063198755
21.7034247780801 29.5690687142441 13.2775506438524
22.1850746144198 28.695118085429 12.7868481177314
22.6330884343833 27.8105734042966 12.2837395587645
23.0491421083524 26.9180097145885 11.7678067795856
23.4340812991011 26.0197140154708 11.2381249339826
23.7879535633981 25.1177497268097 10.6934752098268
24.1103762197661 24.214039660102 10.1326714757724
24.40118967341 23.3104300828266 9.55490918592672
24.6612672802371 22.4087066047258 8.96002468146189
24.8932956990875 21.5105598010696 8.34857618317093
25.1023220327701 20.6175367250946 7.7217251952129
25.2958972145713 19.7310382712331 7.08098402279368
25.4837242302286 18.8524040040265 6.42795921143588
25.6768234398601 17.9830597994108 5.76422496797782
25.8863294295114 17.1246192009545 5.09139745631384
26.1221163292169 16.2787818759507 4.41137985997274
26.391500129828 15.4469118138679 3.72666169446532
26.6982721467549 14.6293136533931 3.04053095275616
27.0422586935684 13.8244086586261 2.35710776026984
27.4194778097044 13.0281483659433 1.68120066018429
27.8228155598446 12.2340023059591 1.01805769651855
28.2430421173434 11.4336850054196 0.373082734275089
28.6699764349416 10.6185044428261 -0.248479156797352
29.093660354133 9.78094481703553 -0.841942197219227
29.5054403298391 8.91597400727318 -1.40369294718362
29.8988310213585 8.02166190653655 -1.93172252262274
30.2699900104634 7.09897151132884 -2.42596355349856
30.6176533269792 6.15089906016049 -2.88820897787179
30.9425064818572 5.18133073467673 -3.32152847346499
31.2461438531262 4.19398107637031 -3.72930898864475
31.5299043886196 3.19164573737019 -4.11420689148576
31.7938995731476 2.17586039489235 -4.47733233749907
32.036472912291 1.14697328610763 -4.81789553056562
32.2541971161196 0.104582811968392 -5.13339112682989
32.442378329767 -0.951787533531544 -5.42024848161591
32.5959257527586 -2.02199875867238 -5.67476846413027
32.7103680285089 -3.10484882588624 -5.89410790935373
32.782762368305 -4.1980423297484 -6.07706076795089
32.8122657352646 -5.29856759209054 -6.22443138996089
32.8002287501139 -6.40328922569067 -6.33890523479774
32.7498086220727 -7.50949195115322 -6.42446933912619
32.6652250896916 -8.61517977512416 -6.48556431254812
32.5508567245273 -9.71908095546383 -6.52621198446603
32.4103819587176 -10.8204357927716 -6.54934356441465
32.2461283348848 -11.9186924690211 -6.55647287261135
32.0587304121141 -13.0132139231125 -6.54775346314648
31.847128760815 -14.1030525274422 -6.52235996605318
31.6088790538982 -15.1868175334991 -6.47906502484651
31.3406890926295 -16.2626496561163 -6.41685452701012
31.0390699075108 -17.3283118511284 -6.33543533272736
30.700978989387 -18.3813898658224 -6.23553274223281
30.3243482422765 -19.4195699470517 -6.11893551101804
29.9084206251938 -20.4409360584941 -5.98830835878038
29.4538591569369 -21.4442179302686 -5.84684109427135
28.9626313738791 -22.4289294194377 -5.69782997045176
28.4377048529706 -23.3953607250905 -5.54428793728552
27.882611477209 -24.3444202856952 -5.38866008610998
27.3009492019314 -25.2773543988504 -5.23268722544584
26.6958920136727 -26.1953975264616 -5.0774239212084
26.0697744278691 -27.0994184984554 -4.92338577575732
25.4238082333996 -27.9896251336499 -4.77077946859176
24.7579758368718 -28.8653743587102 -4.61975996740893
24.0711240156345 -29.7251131014186 -4.47066135940531
23.361252309437 -30.5664546392658 -4.32415830721912
22.6259538602369 -31.3863801045688 -4.18133110764411
21.8629310935632 -32.1815441458379 -4.04362602863656
21.0704859253385 -32.9486521171264 -3.91272188116301
20.2478848831961 -33.684860178895 -3.79033148617573
19.3955275522375 -34.3881327395045 -3.67797993885915
18.5148954971859 -35.0574837126464 -3.57680693524676
17.6083124423694 -35.6930393636677 -3.48743546249187
16.6785866751365 -36.2958937501089 -3.40993425363295
15.7286215344277 -36.8677746949835 -3.34388038478565
14.7610696778379 -37.4105833909898 -3.28850704240225
13.7780821299446 -37.9258992699433 -3.24290508389325
12.7811770253073 -38.4145461655068 -3.20623849762006
11.7712332028264 -38.8762978557458 -3.1779336383271
10.7486000186664 -39.3097692805304 -3.15780892498101
9.71330203172893 -39.7125044004239 -3.1461235957657
8.66530234796753 -40.0812406040891 -3.1435389501901
7.60477372322632 -40.4123061056349 -3.1510010054493
6.53231905766495 -40.702090680952 -3.16956735617624
5.44908981845639 -40.9475204182314 -3.20021102916023

-46.9507424460651 14.5611852357607 8.13210906659986
-46.6593244364239 13.5469942932581 8.50037790179658
-46.3208688595312 12.5385866901802 8.84339824217358
-45.9366096546847 11.5379977742733 9.15999720560146
-45.5079647997131 10.5472013353156 9.44916514179387
-45.0364512390101 9.56810992361552 9.71002649165924
-44.5236016558871 8.60259406631016 9.94179877629915
-43.9709015483069 7.65251408531716 10.1437499964806
-43.3797597901633 6.71975397438078 10.315165156666
-42.7515176884384 5.80624543670622 10.4553304068786
-42.0874923778129 4.91397207040339 10.5635390233554
-41.3890423128042 4.04494839871353 10.6391181878996
-40.6576375171744 3.20117493767529 10.6814705428371
-39.8949164205726 2.38457727139611 10.6901210055178
-39.1027148364505 1.59694239573184 10.6647582250951
-38.2830599693383 0.839867719624593 10.6052617098618
-37.4381312640024 0.114736025347753 10.5117097063326
-36.5701979030668 -0.577276534657645 10.3843683748606
-35.6815476096476 -1.23516126906272 10.2236682890306
-34.7744219016326 -1.85801769279609 10.0301784085613
-33.8509691388479 -2.44499205964345 9.80458945623409
-32.9132197803009 -2.99523379562246 9.5477176939753
-31.9630800986875 -3.50788674232575 9.2605366781124
-31.0023333316203 -3.98212398580627 8.9442394048176
-30.0326329648417 -4.41722372227871 8.60032739866396
-29.0554731912414 -4.81267167065747 8.23071799266391
-28.0721273002765 -5.16826591528042 7.83785748711342
-27.0835551316996 -5.48419546997361 7.42482686004008
-26.0902934652513 -5.76106612183523 6.99542830094398
-25.0923548151049 -5.99985649883571 6.55424422345032
-24.0891669045369 -6.20180215055562 6.10666407060101
-23.0795845350882 -6.36822242319175 5.6588765433376
-22.0619969414446 -6.50031998061828 5.21782484470051
-21.0345382775739 -6.59899233297392 4.79112023712063
-19.9953892146038 -6.66469642209489 4.3869059702384
-18.9431370194131 -6.69740067898302 4.01366166844586
-17.8771434757404 -6.69664511657982 3.67994006663778
-16.7978583588608 -6.66171126700236 3.39403546491078
-15.707014652924 -6.59188330314635 3.16359676975905
-14.6076533069602 -6.4867633084122 2.99521538508887
-13.5039507879162 -6.34659140559804 2.89403477951613
-12.4008588721016 -6.17251875068245 2.86343801899395
-11.3036055009265 -5.96678982272473 2.9048664563983
-10.2171377084123 -5.73280861092412 3.01780519857993
-9.14560276313164 -5.47508661788699 3.19994220822635
-8.09195647322003 -5.19909242465117 3.4474757832811
-7.05775984573668 -4.91103654526104 3.75551915367524
-6.04318527275949 -4.61762785607214 4.11853826092461
-5.04721256753369 -4.3258296135553 4.53076161751262
-4.06796350816761 -4.04262835759794 4.98651630639303
-3.10310634339116 -3.77481406813716 5.48046526702276
-2.15025894798466 -3.52876041986577 6.00774149303296
-1.20732757227475 -3.31019300560691 6.56399033998603
-0.27273338019951 -3.12394096505352 7.14534038181178
0.65450158445637 -2.97368079306555 7.74832679204726
1.57481514155644 -2.86169568720727 8.3697904645518
2.48829476043491 -2.78868461242919 9.00677232317762
3.39495570695648 -2.75365816374543 9.65641653133279
4.29504878736375 -2.75395130514252 10.3158897185183
5.18933087030212 -2.78536718021369 10.9823174500368
6.07923739142376 -2.8424453874795 11.6527358171726
6.96691683674712 -2.91882796992962 12.3240564830713
7.85511876138347 -3.00768189448459 12.9930473427751
8.74696111369502 -3.10213049777305 13.6563355123959
9.64562977261905 -3.19564779107988 14.3104407936519
10.5540753750744 -3.28237651965776 14.9518432515163
11.4747666008543 -3.35734157453102 15.5770785690794
12.4095379702597 -3.41654400774998 16.1828436454913
13.359541650495 -3.45693710450383 16.7660884429765
14.3252863329138 -3.47630318041698 17.324072571224
15.3067296096703 -3.47306474666811 17.8543763407634
16.3033866132604 -3.44607247796597 18.3548714502168
17.3144253098049 -3.39441227896557 18.8236696336977
18.3387329427538 -3.31726449288377 19.2590733677405
19.3749531504842 -3.21383242893157 19.6595494076799
20.4215046953926 -3.08333911439135 20.0237353110882
21.4765978096342 -2.92507507580898 20.3504753127657
22.5382621696131 -2.73846975552358 20.63886967791
23.6043928274802 -2.52315692720546 20.8883149360209
24.6728102638031 -2.27901012607656 21.0985133477166
25.741322193408 -2.00613554182273 21.2694383487067
26.8077712934583 -1.70482350249509 21.4012559470907
27.8700559201606 -1.3754717489195 21.4942159506132
28.9261188182978 -1.01850113885947 21.5485371398156
29.9739086994258 -0.634285791768293 21.5643140391315
31.0113279935442 -0.223115249818119 21.541468877911
32.036184666163 0.214802435028303 21.4797619537083
33.0461657357838 0.679298334322483 21.3788597354781
34.0388451876857 1.17017248528052 21.2384461833865
35.0117303621301 1.68711415072872 21.0583522922876
35.9623403739858 2.22963260492167 20.8386743433409
36.8883002442557 2.79701515382441 20.5798539318493
37.7874281356184 3.38832142613096 20.2827019169482
38.6577927837537 4.00241333411075 19.94836166395
39.4977246370681 4.63801132720484 19.5782208539562
40.3057758324655 5.29376198398825 19.1737921933543
41.0806375737728 5.96830070713043 18.7365890768605
41.8210348010558 6.66029601512216 18.2680217997298
42.5256241706509 7.36846742663728 17.7693340173873
43.1929209906665 8.0915756574306 17.2415895868324
43.8212743638763 8.82839036903887 16.6857088766881
44.4088991244812 9.57764582471165 16.1025432835817
44.953960553785 10.3379975003752 15.4929690164299
45.4546958129841 11.1079922047689 14.857977778861
45.9095469708113 11.8860603975104 14.1987436318262
46.3172765620489 12.6705329154597 13.5166517722324
46.6770391490733 13.4596769953379 12.8132846474336
46.9883913497925 14.2517406284498 12.0903711811194
47.2512364786003 15.0449918845318 11.3497131550367
47.4657150848276 15.8377417011214 10.5931069611871
47.6320654675365 16.6283440458376 9.82227837169672
47.7504855090258 17.4151744666999 9.03884340088648
47.8210272162013 18.1965946611477 8.24430132039548
47.8435482964501 18.9709150726085 7.44005815995271
47.8177325725344 19.7363687306875 6.6274720739969
47.7431757455687 20.4911074029099 5.80790699880695
47.6195181566176 21.2332259781126 4.9827791037482
47.4465950316942 21.9608136935854 4.15358238513137
47.2245699642637 22.672022802323 3.32188536753385
46.9540206197637 23.3651386508231 2.48929910743262
46.6359564804385 24.0386322370535 1.65742521921948
46.2717644116835 24.6911788265228 0.827798679282542
45.8630948690274 25.3216341970259 0.00184160730161197
45.4117152777351 25.9289716283309 -0.819159381914535
44.9193641480966 26.5121944443207 -1.63404695262877
44.3876384126561 27.0702471191194 -2.44176113820612
43.8179378861331 27.6019501351704 -3.24129213836459
43.2114768150417 28.1059792305489 -4.03163242611842
42.569356348859 28.5808995098412 -4.81174325457011
41.8926770846625 29.0252515149824 -5.58054739008173
41.1826612368066 29.4376728277438 -6.33695336467032
40.440752203432 29.8170283517883 -7.07990786986654
39.6686661409277 30.1625180147389 -7.80846413436144
38.8683837685011 30.4737340785265 -8.5218479643456
38.0420868292447 30.7506514472594 -9.21950208380771
37.1920574098234 30.9935508088655 -9.90109450274882
36.3205657995551 31.2028917000881 -10.5664865868475
35.429772420908 31.3791656909501 -11.2156680703741
34.5216628303172 31.522765106573 -11.848675611749
33.5980245896658 31.6338987152325 -12.4655157791405
32.6604638408683 31.7125739062769 -13.0661116139255
31.710450055892 31.7586483304248 -13.6502850482091
30.7493714934827 31.7719369906589 -14.2177775104849
29.7785826572232 31.7523474839815 -14.7683005306142
28.7994289393297 31.7000096814738 -15.3015995155506
27.8132416598338 31.6153681222196 -15.8175092734446
26.8213063545921 31.4992152039442 -16.3159807878844
25.8248151722082 31.3526582143891 -16.7970653995392
24.8248180374147 31.1770293113874 -17.2608534761188
23.8221861135895 30.9737605350134 -17.7073768844146
22.8175963261848 30.7442527810572 -18.1364945747564
21.8115396010576 30.4897672540649 -18.5477854780499
20.8043500664097 30.211361038163 -18.940471486157
19.7962487786764 29.909877230987 -19.3133862420652
18.7873936784507 29.5859874040729 -19.6649949605211
17.77792729692 29.2402728644941 -19.9934592999417
16.768015188352 28.8733237300847 -20.2967320162978
15.7578711432944 28.4858327086147 -20.5726606969482
14.7477694885466 28.0786639067457 -20.8190793469238
13.7380490803349 27.6528847945457 -21.0338710019255
12.7291164606039 27.2097593224365 -21.2149927994798
11.7214559301729 26.7507094356939 -21.3604650164135
10.7156518105075 26.2772585941703 -21.468334923877
9.71242379132411 25.7909731663846 -21.5366325584129
8.71267148692469 25.2934157391317 -21.5633371883772
7.71752060760429 24.7861194719437 -21.5463701782861
6.72836143949355 24.2705861877501 -21.4836231511936
5.74687092331376 23.7483045945215 -21.3730216700693
4.77501231476658 23.2207803086963 -21.2126162284076
3.81501061547864 22.6895671432222 -21.0006860610969
2.86930682141099 22.1562897222244 -20.7358384649113
1.94049847272976 21.6226504875082 -20.4170874262571
1.03127689314533 21.0904186015551 -20.0438999534987
0.144372024607358 20.5614028899596 -19.6162053752104
-0.717486388954602 20.0374146641993 -19.1343703103532
-1.55158690891015 19.5202282817733 -18.599148364362
-2.35523505860862 19.0115474128647 -18.0116176175701
-3.12573936136208 18.5129834149342 -17.3731200875652
-3.86039597486502 18.0260494499293 -16.6852156610565
-4.5564855521214 17.5521705612088 -15.9496590492013
-5.21129603507079 17.0927063692213 -15.168402872417
-5.82218275414449 16.648979813118 -14.3436238329702
-6.38667257229774 16.2223029251898 -13.4777629456658
-6.90261214368363 15.8139894563064 -12.5735659524998
-7.36835220836608 15.4253447019905 -11.6341074631125
-7.78295123850129 15.0576253356638 -10.6627831101648
-8.14637425338805 14.7119662800772 -9.6632587161913
-8.45965812357254 14.3892769946538 -8.63937383811376
-8.72501486103471 14.0901149658713 -7.59500755679004
-8.94584999072254 13.8145484694559 -6.53392440437609
-9.12668343492945 13.5620229119823 -5.4596249121478
-9.2729733461809 13.3312449539877 -4.37522618365323
-9.39085620955725 13.1200965571131 -3.28339260187342
-9.48682678842775 12.9255879228025 -2.18632672658999
-9.56738765823438 12.743854853957 -1.08581860841879
-9.63869997206239 12.5702028738338 0.0166584747892897
-9.70626540583845 12.3991975283264 1.11982389338301
-9.7746648526422 12.2247974815311 2.22245611033782
-9.84737309476688 12.0405241761227 3.32326529111187
-9.92666088550562 11.8396591483904 4.42078209965008
-10.0135871730295 11.6154579817414 5.5132672850953
-10.1080754235414 11.3613687551331 6.59864315501472
-10.209060218474 11.0712428312813 7.67444697657247
-10.3146845378654 10.7395267515547 8.73780707375332
-10.4225250614323 10.3614255310245 9.78544349486477
-10.5298225633921 9.93302955122932 10.8136952255186
-10.6336967400012 9.4513995319337 11.8185743005549
-10.7313290202547 8.91460686498147 12.7958440531213
-10.8201023957219 8.32172994914214 13.7411151320081
-10.8976933514749 7.67281080561971 14.6499500920469
-10.9621168493524 6.96877959799498 15.5179662925571
-11.0117302923045 6.21135704093791 16.3409278321173
-11.0452059003988 5.40294556385088 17.1148199052398
-11.0614826335767 4.5465194036252 17.8359024418246
-11.0597087220859 3.64552185285436 18.5007432716634
-11.0391843485456 2.70377525507282 19.1062336764818
-10.9993116039699 1.72540661048358 19.6495907589445
-10.9395560992546 0.714789276883539 20.1283516106829
-10.8594220500037 -0.323500555592671 20.5403640306895
-10.7584405924405 -1.38471513829175 20.8837778095884
-10.6361696698043 -2.46395738458151 21.1570395853081
-10.4922030336169 -3.55619749686548 21.3588931433189
-10.3261856150737 -4.65628739505838 21.4883858677362
-10.1378325846168 -5.75897599606647 21.5448809093999
-9.92694969277483 -6.85892778336344 21.5280735947328
-9.69345287688631 -7.95074624790352 21.4380097566861
-9.43738558036592 -9.02900273372363 21.2751031554893
-9.15893275243943 -10.0882701087833 21.0401490996243
-8.85843107220442 -11.123159700461 20.7343318551308
-8.53637554427358 -12.1283593237155 20.359224423756
-8.19342317513934 -13.0986702052477 19.9167806248812
-7.83039484925634 -14.0290412846827 19.4093208495017
-7.44827665217408 -14.9146006956924 18.8395140006084
-7.04822162665841 -15.750685928954 18.2103586313013
-6.63155225657277 -16.5328758023376 17.5251658901547
-6.19976291933053 -17.2570283616487 16.7875455433431
-5.75452032161484 -17.919328698473 16.0013942934263
-5.29765883280246 -18.5163490915411 15.1708833447999
-4.83116700766362 -19.0451208870098 14.3004403404372
-4.35716176217957 -19.5032135821329 13.3947200944356
-3.87784781294742 -19.8888125082986 12.4585594593014
-3.39546206015115 -20.2007834002836 11.49691429193
-2.91220526345764 -20.4387110254465 10.5147804006159
-2.43016607848396 -20.6029005973466 9.51710467073005
-1.95124464415074 -20.6943349423662 8.50869612160904
-1.4770838905673 -20.7145866254277 7.49414837763006
-1.00901629882584 -20.6656911956848 6.47778433641437
-0.54803207609548 -20.5499938926396 5.46363076139817
-0.0947720233427075 -20.3699862806901 4.45542584810786
0.350454642240411 -20.1281506318991 3.45665764531895
0.787630014280197 -19.8268284099025 2.47062670134115
1.21696938010007 -19.4681254660641 1.50052327257178
1.63885111987531 -19.0538614339731 0.549508195659571
2.05374091585168 -18.5855652682613 -0.379213065644459
2.46211634131403 -18.0645137471781 -1.28233207796699
2.86439722791902 -17.4918056153522 -2.15640138707677
3.26088627986683 -16.8684611699496 -2.99782479137848
3.6517233422716 -16.195535537696 -3.80287540951982
4.03685560109705 -15.4742335448011 -4.56774053763934
4.41602480571846 -14.7060147768201 -5.28858993516064
4.78877135562027 -13.8926790000968 -5.96166198418099
5.15445378898426 -13.0364244468276 -6.58336027513375
5.51228091007721 -12.1398744376855 -7.15035184405109
5.86135261725245 -11.2060712527914 -7.65965788185092
6.20070462464005 -10.2384397460798 -8.10872860438958
6.52935190738915 -9.24072643913973 -8.49549630484044
6.84632599667109 -8.21692212347951 -8.81840428303989
7.15070224789598 -7.17117678123047 -9.07641383030838
7.44161478905248 -6.10771458834072 -9.26899584508051
7.7182587580982 -5.03075400199116 -9.39611687981618
7.97988129212092 -3.94443406092693 -9.45823048872353
8.22576415934774 -2.85274406480615 -9.45628308490318
8.45520163661745 -1.75945096546885 -9.39173920075961
8.66747710234903 -0.668018205137752 -9.26662489459691
8.86184091932106 0.418487976431163 -9.08358151265088
9.03749081323947 1.49750367987329 -8.84591686939717
9.1935545627274 2.56707602592362 -8.55763873895695
9.32907390898232 3.62596073956763 -8.22345720698381
9.44298857525924 4.67368956470628 -7.84874761530052
9.53412030303981 5.71058818472411 -7.43947305737316
9.60115864124689 6.73773009286095 -7.00207244925735
9.64265229070821 7.75682099917576 -6.54332502213777
9.6570113325277 8.77001987266962 -6.07020352751671
9.64252593533186 9.77971386368034 -5.58972675148645
9.59740573522757 10.7882725338834 -5.1088184766626
9.51984108153659 11.7978103041103 -4.63417659008824
9.40808328939666 12.8099842956799 -4.17215396723515
9.26053682112916 13.8258484385822 -3.72865248843349
9.07585291579933 14.8457753447163 -3.30903256260378
8.85301244053205 15.8694469084264 -2.91804182872671
8.59138615877282 16.8959048180571 -2.55976727785915
8.29076328485686 17.9236447412228 -2.23761428467404
7.95134376500394 18.9507339516693 -1.95431387926525
7.57369544348833 19.9749320260636 -1.71195639682932
7.15868310337379 20.9937977198561 -1.51204606618552
6.70738115787778 22.0047713814367 -1.35556790315135
6.2209844545243 23.0052299465938 -1.2430561959324
5.70073151636928 23.9925190733484 -1.17465348215821
5.14785138759171 24.9639727660216 -1.15015052376187
4.56353952253919 25.9169336609306 -1.16900133058949
3.94896095921116 26.8487863265059 -1.23031230635513
3.3052719825543 27.7570114914105 -1.3328102364067
2.63364647649019 28.6392618589955 -1.47479894798759
1.93529180154812 29.4934516869308 -1.65411780535739
1.21144209595777 30.3178448322527 -1.86811577038027
0.463323866590481 31.1111218928262 -2.11365223409267
-0.307902244936388 31.8724082489547 -2.38713077504106
-1.10121125412173 32.6012516524596 -2.68456579319227
-1.91577776678035 33.297549089813 -3.00167629079086
-2.75101629640099 33.9614349265982 -3.3339972817672
-3.60658474996033 34.593152169659 -3.67699796588509
-4.48234597847233 35.1929330628735 -4.02619659878396
-5.37829182457068 35.7609128142131 -4.37726407957967
-6.29444271406632 36.2970916784162 -4.72611073022389
-7.23074148253458 36.8013482068766 -5.0689528737693
-8.18696140417892 37.273493488304 -5.40235734625378
-9.16264486536196 37.7133460050669 -5.72326310279195
-10.1570815767046 38.1208019837095 -6.02897999106028
-11.1693256128051 38.4958781161631 -6.31716603814428
-12.1982415802178 38.8387117812972 -6.58578651541385
-13.242564337458 39.1495161653697 -6.83306047388417
-14.3009553512569 39.4285005618907 -7.05740277780163
-15.3720419017219 39.6757760758933 -7.25737105510083
-16.4544316166591 39.8912713397753 -7.43162669514154
-17.5467022973987 40.0746806827947 -7.57891675708196
-18.6473738163247 40.2254592733452 -7.69807966276252
-19.7548735201715 40.3428682553365 -7.78807257031317
-20.8675080332985 40.426060747988 -7.8480133924972
-21.9834521726374 40.4741897305257 -7.8772266736797
-23.1007602448846 40.4865136606291 -7.87528099647847
-24.2173977168968 40.4624764484012 -7.84200690149188
-25.3312843978506 40.4017449537784 -7.77748846035406
-26.4403362303855 40.3041978383187 -7.68202782012473
-27.5424930703922 40.169871621765 -7.55608872545441
-28.6357243866563 39.9988800678361 -7.40023045416894
-29.7180120346169 39.7913290013481 -7.21504630225608
-30.7873167316883 39.5472490178206 -7.00111999927214
-31.8415403038444 39.266563435581 -6.75900940522489
-32.8784977359286 38.9490996955761 -6.48926051342666
-33.8959111262074 38.5946415242713 -6.19244766968569
-34.8914322989927 38.2030091578446 -5.8692297278634
-35.8626932530908 37.7741481883864 -5.52040814734374
-36.8073755855309 37.3082057931396 -5.14697280512522
-37.7232836797263 36.8055766912781 -4.75012466411371
-38.6084038405459 36.266909152608 -4.33127050615695
-39.4609339217819 35.6930715458451 -3.89199198194363
-40.2792750684838 35.0850894776318 -3.43399725469799
-41.0619871205156 34.444070067275 -2.95906692608105
-41.8077190934331 33.7711319011429 -2.46900603605313
-42.5151330725185 33.0673566153581 -1.96561104177262
-43.1828419203404 32.3337718934886 -1.45065587925104
-43.8093779920846 31.5713676321025 -0.925895902146534
-44.3932025640038 30.7811390261349 -0.393084027813594
-44.932755838185 29.9641441360356 0.14600915699967
-45.4265375201364 29.1215605022974 0.689579706966702
-45.8732003411995 28.2547262757834 1.23578514275414
-46.2716353286357 27.365155902548 1.78275189855172
-46.6210290900243 26.4545273978081 2.32859304156287
-46.920879690751 25.52464568931 2.87143041152484
-47.1709674188361 24.5773923071971 3.40941392391115
-47.3712874375133 23.6146743351292 3.94073189161105
-47.5219603069165 22.6383845659034 4.46360940055281
-47.6231413879016 21.650380857289 4.97629591654577
-47.674950095079 20.652487098882 5.47704706877785
-47.6774350185321 19.6465125030543 5.96410783761886
-47.6305823876793 18.6342814367845 6.43570456362557
-47.534365233283 17.6176636438946 6.89005126089429
-47.3888212026667 16.5985949620452 7.32537213806463
-47.1941404069505 15.5790815132348 7.7399378649148
