-18.6832230726843 -14.955873596996 -0.77914286742765
-18.3418615145626 -15.786474319047 -0.339119719284316
-17.9584594169297 -16.5951056884213 0.107139436262742
-17.5205019985047 -17.3719606884578 0.559568163029574
-17.0382565944581 -18.1200638166621 1.01540152348404
-16.5025738794525 -18.8295276465832 1.47335565122076
-15.9389409481443 -19.5169957987905 1.93156341158433
-15.3049776578623 -20.1420060039664 2.38704939751171
-14.6449303646813 -20.741134424619 2.84025737238461
-13.9311858996445 -21.2813301869006 3.28609515353401
-13.1819208318951 -21.7776029882279 3.7246570800199
-12.3859231085014 -22.2084887476264 4.14978141573829
-11.5730190906835 -22.6132800422687 4.5687849792063
-10.7036747455969 -22.9164040174062 4.95911638020829
-9.81840922931954 -23.185668656735 5.33836655590056
-8.8970797257533 -23.3640216911104 5.68386805722734
-7.96417327894758 -23.5070547105832 6.01477454358465
-7.00458516574382 -23.5409263311781 6.29419503831682
-6.03876325119316 -23.5368837741432 6.55361979486002
-5.06457032839214 -23.4298608571421 6.75236295723821
-4.09045788549705 -23.2850935109205 6.92659376833532
-3.12724447919172 -23.0346139959711 7.02412261856737
-2.17233287804449 -22.7448368010405 7.09009762903947
-1.24846440091214 -22.362418672486 7.07360008384825
-0.348636428514524 -21.9310055532248 7.00839900988379
0.504979887363625 -21.4297514495807 6.86626199251581
1.31302165379235 -20.8774481138386 6.66090773676535
2.05767137529038 -20.2716107065283 6.38069765733424
2.73761531790176 -19.6248941472687 6.03503284203726
3.34071666867522 -18.9420833066422 5.62238030060087
3.859518820567 -18.231270340007 5.14728896420542
4.29476475046641 -17.501563045823 4.61988068648773
4.63643617311078 -16.7587365088375 4.04408488241217
4.89420883711836 -16.0098231386447 3.43352433222721
5.05144217236615 -15.2590532493254 2.7918918646291
5.13260890313443 -14.5099473185656 2.13433461371282
5.11281276346421 -13.7659556422879 1.46601289539858
5.00908426455454 -13.0282026448992 0.79883756214901
4.81719165564016 -12.2981480181509 0.142887829033816
4.54994757831513 -11.5753379444328 -0.494760050870443
4.18774587196182 -10.8623434396954 -1.09525974679601
3.75843196207268 -10.1567000201968 -1.65898569213108
3.25033420726739 -9.46055360010629 -2.16628523504181
2.67341123959179 -8.77406015715428 -2.60894917361311
2.03176761003712 -8.09894788383189 -2.97316862192735
1.32948970544644 -7.43878923129509 -3.23983413254723
0.577175166327858 -6.79827718568799 -3.39458275645404
-0.221058236226326 -6.19612977733019 -3.37712193277102
-0.997841263396314 -5.71904739880621 -2.96433398698507
-1.77462420994803 -5.24196495761521 -2.55154596192009
-2.55140699724828 -4.76488239263328 -2.13875778024916
-3.32818955058507 -4.28779964578465 -1.72596936850155
-4.10497180100733 -3.8107166634718 -1.31318065887184
-4.88175368702263 -3.33363339789516 -0.900391590889494
-5.65853515611136 -2.85654980823011 -0.487602112907863
-6.43531616601992 -2.37946586163224 -0.0748121833758923
-7.21209668580118 -1.90238153404603 0.337978228138765
-7.98887669657651 -1.42529681079723 0.750769140200409
-8.76565619200067 -0.948211686954095 1.1635605590482
-9.54243517841807 -0.471126167448873 1.57635247844253
-10.3192136747066 0.00595973304370575 1.98914487981871
-11.0959917118128 0.483045990467773 2.40193773274406
-11.8727693319898 0.960132571978671 2.81473099566734
-12.6495465877572 1.43721943675171 3.22752461694183
-13.4263235406075 1.91430653698739 3.64031853609705
-14.2031002594921 2.39139381908843 4.05311268532779
-14.9798768191237 2.86848122497943 4.46590699116364
-15.7566532981362 3.34556869353693 4.87870137627809
-16.499461162296 3.99034756244313 5.0589825278675
-17.2380236993188 4.64512022564067 5.21981269829358
-17.8869146170108 5.40254177436825 5.14724454439994
-18.4978027222891 6.18237142543139 5.00993451126987
-19.0188387651014 6.99571698335198 4.75095484098293
-19.4789529595447 7.82183540909374 4.42527397309752
-19.8379654244167 8.65684725404306 4.00820226379414
-20.1194430887763 9.49078244617063 3.53335964555958
-20.2925987471545 10.3137711776992 2.99226292094621
-20.3765035462143 11.1206681928332 2.40737559027366
-20.3467870478606 11.8985391753072 1.77958415188435
-20.2202792033399 12.6446388179545 1.12585669328566
-19.9855344527861 13.3476738326418 0.454365604756936
-19.6476412007349 14.0018985775956 -0.222409362843181
-19.2093952211195 14.6009319982871 -0.892728499761688
-18.6750544046927 15.1391473481227 -1.54475637726523
-18.0502972433036 15.6117906966083 -2.16671139194932
-17.339378157482 16.0123760554563 -2.7449880751345
-16.5565093070566 16.3436029815218 -3.27200793327363
-15.7039848197395 16.59584201917 -3.72984553254474
-14.8013092314827 16.7800581923199 -4.11890610732962
-13.8505380887872 16.8819535978705 -4.41185540620631
-12.8737295578524 16.9225333482438 -4.62243117577801
-11.8777925590536 16.8813414352618 -4.70315291459585
-10.8810319339302 16.8009524084678 -4.70968227883286
-9.90892087203395 16.6473877433635 -4.53171670597108
-8.9478331414988 16.4824391519243 -4.31007514763595
-8.06824629425154 16.3007738968718 -3.8703303207856
-7.18865944700428 16.1191086418192 -3.43058549393524
-6.34109223867341 15.9507787773918 -2.92729874023986
-5.54208270657451 15.8198990503296 -2.34037018413633
-4.74929336073594 15.6960603182602 -1.74358574360239
-3.97905754639655 15.6014676480742 -1.11286540955666
-3.22878219452608 15.542862446561 -0.454325052843663
-2.48870587665001 15.5102157071571 0.217418809500573
-1.75858046253254 15.51987385422 0.900697971355545
-1.0306619692527 15.5619166342805 1.58507584495794
-0.299515337068492 15.6442732971356 2.26231794344569
0.439558169765433 15.760664750869 2.9258114076641
1.19089699182302 15.910397298347 3.5685357466385
1.9593568515804 16.093086275025 4.18181333078003
2.75286632217293 16.3108101499992 4.75009063250749
3.56152483691703 16.5460253516069 5.28951974771191
4.37018335166113 16.7812405532145 5.82894886291632
5.26007122008152 17.0593333729899 6.19056863995781
6.16793016075971 17.3375344858674 6.50441835312335
7.12386585449993 17.5897294288557 6.65496105809079
8.09891479178693 17.8074619272601 6.69953916456195
9.08257641155628 17.9678811344193 6.61747455309319
10.0601767228419 18.0692547886665 6.43285040844601
11.0174589868529 18.0988392130378 6.1446755768294
11.9411324236529 18.0520456702436 5.76386467233539
12.817857253138 17.9243300883139 5.29984694218611
13.6377599181898 17.7165212267799 4.76610114368446
14.3878961759792 17.4254017065871 4.17210008767148
15.064716863175 17.0582762759353 3.5337721066054
15.6514319037531 16.6093124717928 2.85967691644233
16.1579109648329 16.095749590719 2.16682581335107
16.5589175851969 15.5069670441349 1.4645408248705
16.8682025557321 14.8608459104351 0.766550278451726
17.069263714545 14.1555211082326 0.0866794911540494
17.179817510451 13.4073559288611 -0.567771384996747
17.1750362081273 12.6134056398325 -1.17610622289215
17.082136170898 11.7915366898027 -1.738179416249
16.884801076375 10.9448529821188 -2.23233698753197
16.6073902536989 10.0861438222096 -2.66325128082358
16.2308890799244 9.22271375969408 -2.9992925433566
15.7912812901651 8.36390517145176 -3.2623510656431
15.2635553765555 7.52567652330396 -3.39983138261514
14.6987153314032 6.70358372558581 -3.47174211093521
14.0357403382095 5.98341658514743 -3.26713303191788
13.3702062101897 5.26985807003849 -3.04826409411488
12.6888996049431 4.68684647333494 -2.60278551023101
12.007592991213 4.10383488028777 -2.15730693453635
11.3262863607475 3.5208232944536 -1.71182837499674
10.644979705751 2.93781171919232 -1.26634983913735
9.96367301909707 2.35480015757542 -0.820871333837405
9.28236629452287 1.77178861230219 -0.375392865142558
8.60105952679991 1.18877708562613 0.0700855619000301
7.91975271187669 0.605765579293441 0.515563943379365
7.23844584698918 0.0227540944954176 0.961042276627296
6.5571389307363 -0.560257368164055 1.4065205602913
5.87583196311802 -1.14326880868498 1.85199879437138
5.19452494553548 -1.72628022767122 2.29747698022005
4.51321788075269 -2.30929162631408 2.74295512050546
3.83191077282115 -2.89230300635977 3.1884332191386
3.15060362696936 -3.47531437006176 3.63391128116663
2.46929644946019 -4.05832572011936 4.07938931263519
1.78798924742001 -4.64133705960406 4.52486732042354
1.10668202864437 -5.22434839187574 4.97034531205682
0.425374801385292 -5.80735972049104 5.41582329550089
-0.262687038143737 -6.5207376739386 5.5487938520834
-0.916402905860063 -7.2751593013805 5.48896512760606
-1.52018894901843 -8.04406498388802 5.27807745164367
-2.06687127468486 -8.81407399966109 4.94901423194363
-2.55076178755703 -9.57819143311401 4.52230246735566
-2.95693184637381 -10.3304841096261 4.00348683948777
-3.29701144115258 -11.0709080054783 3.42372901937645
-3.54643755968049 -11.7939195208058 2.77948022583771
-3.73413500065608 -12.5047495043003 2.10155967811874
-3.81356230800664 -13.1942134258217 1.38131242953675
-3.82752141013298 -13.8708003124435 0.645080286443406
-3.74924981820192 -14.5289632155952 -0.10383756156258
-3.58495834589312 -15.1694484333162 -0.854113730928671
-3.3350174026085 -15.7913643523099 -1.59642791131042
-2.99361645843092 -16.3915785773326 -2.31986500441431
-2.57226451084705 -16.970453674243 -3.01804538770913
-2.06398647272365 -17.5225290074134 -3.67910640579317
-1.47860800034959 -18.0465436897788 -4.29800692179812
-0.809963265348703 -18.5337158972334 -4.85982428278244
-0.0797998384404264 -18.9878577605832 -5.37046229213707
0.726866176192309 -19.3905815857556 -5.80319437556878
1.57522469640402 -19.75819841038 -6.18435234015044
2.48600251146139 -20.0574030995662 -6.46932236016312
3.42012701465808 -20.3225032272418 -6.70850700772066
4.39214381456077 -20.5109429835338 -6.84971023948341
5.37600383365006 -20.6621554006922 -6.94586990313785
6.37375237160669 -20.7305219782275 -6.94723133924304
7.37256916137828 -20.7645744867409 -6.9115951224228
8.36334490571024 -20.7105662043741 -6.7865578111425
9.34717280086741 -20.6233264068427 -6.62997844863593
10.3038598963815 -20.4495311114841 -6.3962868650903
11.2477629250344 -20.2449692920488 -6.13703902780124
12.1454458275106 -19.9509361229212 -5.80863292552341
13.0258863774603 -19.6290688921171 -5.46041057870154
13.8494049964225 -19.2275702138327 -5.05950218577196
14.6491227966887 -18.7970292842484 -4.64101014286876
15.3760950205364 -18.2884347885924 -4.17952987454503
16.0793490256709 -17.7572890808779 -3.70694562212698
16.7075177400531 -17.1619186722942 -3.20593690769202
17.3057236809814 -16.5436270878453 -2.69613801046743
17.8187446054068 -15.8670764453938 -2.16765252706667
18.2997180835351 -15.1711064191216 -1.63444585721269
18.7072469249803 -14.434848011483 -1.09420072748108
19.0756922130103 -13.6794382137909 -0.55232124778666
19.3594313831482 -12.8874342841684 -0.0116385432685392
19.6105672440757 -12.0830669825946 0.526824310352203
19.7887474501696 -11.2541232326248 1.05705594501922
19.9242507347076 -10.4127344529266 1.58026348625536
19.9873196753708 -9.55326356699303 2.08764943293096
20.0090569885344 -8.68517693584899 2.58362974438502
19.9670030854822 -7.80605268208303 3.05849867746432
19.8753591284077 -6.92030126156111 3.51356000856983
19.729282888999 -6.02914772061402 3.94323615529905
19.5307312718494 -5.13478494649576 4.34417350802986
19.2871399133369 -4.23925694431761 4.71681582983923
18.9874020523382 -3.3446581390424 5.04828952539284
18.6531577336365 -2.45201330997524 5.35090558206202
18.2629488664593 -1.56533288532672 5.59900593482054
17.8413447044575 -0.68377284921597 5.81152225127635
17.371966238825 0.186657696225438 5.95999682997165
16.8715973868232 1.04692879437838 6.05800039401417
16.3350461797869 1.89051615764583 6.08167400832226
15.7716837263621 2.71495008433389 6.02720322165407
15.1896570476483 3.51277389383268 5.8699089606788
14.6067109082884 4.29020111602305 5.63371682961145
14.0386495171211 5.04672359751714 5.30968958357457
13.4732040641898 5.80149258897405 4.97713092539113
12.9333057740603 6.54671238183528 4.58574945483589
12.3934074839307 7.29193217469651 4.19436798428065
11.8615915587492 8.03645992350059 3.79081890572563
11.344368021276 8.78169809278816 3.36997843005875
10.8325983515448 9.52799981462959 2.94438972337357
10.3312885919969 10.2774564839928 2.51195030490333
9.8377737481466 11.0304640638542 2.0767224319318
9.35330470666099 11.7892483311456 1.6413588945151
8.87644281259745 12.5548619097988 1.20957319428242
8.40412591091918 13.3255802224548 0.781886725258418
7.93874170500617 14.1067206812512 0.365667039677164
7.47722043224639 14.8958339550916 -0.0396855892996165
7.01569915948663 15.684947228932 -0.445038218276392
6.55907731002832 16.4945669705272 -0.813837341275926
6.10269924328421 17.3088499201848 -1.17253747676026
5.64512649092505 18.1361665039031 -1.49838379731141
5.18269967185179 18.9766114246098 -1.78090984656915
4.72027285277853 19.8170563453165 -2.06343589582688
4.11305816687138 20.6063124597517 -1.97188825604591
3.47018365643768 21.3560618394487 -1.81503407519519
2.76364476149266 22.0110749715809 -1.54714935600897
2.01857118513208 22.5889897228608 -1.21410834779154
1.23211510798013 23.0575929302767 -0.811521878745538
0.417583736673794 23.4236587898255 -0.36118082713488
-0.419262103501444 23.6677465366626 0.129002678153574
-1.26760141394859 23.7975882956321 0.642564178556205
-2.11862532233553 23.7970427827976 1.16782159410229
-2.96345147207889 23.6840713920767 1.69107502665608
-3.79052721748272 23.4385372427941 2.19710591931918
-4.59443082900184 23.0864565692888 2.67654517395868
-5.36317087386231 22.6180776083711 3.11245566471134
-6.0915376811164 22.049930104247 3.49557112414705
-6.77197003668142 21.3893671125876 3.8131099091883
-7.39622221787312 20.6448210086476 4.04985968245022
-7.96442023131141 19.8358967507868 4.20128015348837
-8.45598878896983 18.9653765950376 4.22520914283028
-8.89237902715322 18.069309078613 4.14374054854617
-9.27791869928132 17.2486481800342 3.7196859921071
-9.66345858113917 16.4279873552779 3.29563148348351
-10.0489988772922 15.6073266763488 2.87157706931356
-10.4345397821046 14.7866662116612 2.44752279390972
-10.8200814749529 13.9660060243543 2.02346869816775
-11.2056241158097 13.1453461707375 1.59941481855967
-11.5911678413042 12.3246866989041 1.17536118623575
-11.9767127613582 11.5040276475467 0.751307826257457
-12.3622589564792 10.6833690450049 0.327254756980327
-12.7478064757784 9.86271090856699 -0.0967980103980194
-13.1333553357611 9.04205324404442 -0.520850472113662
-13.5189055199206 8.22139604562849 -0.944902631929114
-13.9044569791448 7.4007392960333 -1.36895450104072
-14.2900096329251 6.58008296692131 -1.79300609780303
-14.6755633713391 5.75942701960103 -2.21705744727685
-15.0611180577575 4.93877140597969 -2.64110858061222
-15.446673532208 4.11811606974741 -3.0651595342814
-15.8322296153144 3.29746094776377 -3.48921034918078
-16.2177861127135 2.47680597161257 -3.91326106962385
-16.6033428198412 1.65615106928656 -4.33731174225003
-17.0488830351118 0.792995017633446 -4.57491847573502
-17.4839909935783 -0.0909973395902062 -4.74592619078354
-17.8853843345834 -1.00437463078864 -4.81400445096745
-18.2542208034519 -1.93388371614131 -4.81662278641425
-18.5785881453983 -2.87749487325308 -4.7503745333441
-18.8734562222184 -3.82734319019141 -4.6460786164082
-19.107342167392 -4.78467149870328 -4.47578320266404
-19.3140970485758 -5.74340568725664 -4.28057277240917
-19.4642107038695 -6.70216382270619 -4.03919782197503
-19.5815577387368 -7.65930800346152 -3.7743473361736
-19.6341743244021 -8.61019311144996 -3.46893394889335
-19.6502455412812 -9.55574382503746 -3.14380050888414
-19.6136815801289 -10.4916153605593 -2.79328037540014
-19.5293899475478 -11.4166337373738 -2.4227134087207
-19.3932038284895 -12.3276383116888 -2.03319027976175
-19.2048618862277 -13.2220516784738 -1.62742074073697
-18.9668254175726 -14.0983114409124 -1.20846093268519
