Component 1 of 1:
-29.810351 -12.853339 5.326703
-29.813250 -13.689873 4.669947
-29.732893 -14.505518 3.991409
-29.626220 -15.313481 3.306815
-29.514537 -16.119691 2.621399
-29.383805 -16.919526 1.933262
-29.186491 -17.696294 1.236167
-28.878999 -18.427340 0.530225
-28.483161 -19.114095 -0.176765
-28.050061 -19.780134 -0.882596
-27.607969 -20.441039 -1.587988
-27.153451 -21.094461 -2.291888
-26.652698 -21.719175 -2.989448
-26.064788 -22.283329 -3.669810
-25.393444 -22.779848 -4.325800
-24.680448 -23.238529 -4.966301
-23.956387 -23.686824 -5.602403
-23.226281 -24.129116 -6.235463
-22.470590 -24.545447 -6.854887
-21.655356 -24.895668 -7.437706
-20.773286 -25.157772 -7.967431
-19.855559 -25.364278 -8.461424
-18.928008 -25.554452 -8.944727
-17.998448 -25.740989 -9.425427
-17.058994 -25.908975 -9.892035
-16.089361 -26.015174 -10.310882
-15.083930 -26.024464 -10.651028
-14.061535 -25.964809 -10.932391
-13.034640 -25.881167 -11.192870
-12.006969 -25.792720 -11.448997
-10.977930 -25.691425 -11.692189
-9.945269 -25.543517 -11.888066
-8.915201 -25.313766 -11.997864
-7.897836 -25.012324 -12.028735
-6.889686 -24.677750 -12.022025
-5.884039 -24.334936 -12.005841
-4.881103 -23.985618 -11.980900
-3.890025 -23.609923 -11.919745
-2.931362 -23.177453 -11.778013
-2.021561 -22.683320 -11.543434
-1.145182 -22.155899 -11.256002
-0.278475 -21.619292 -10.953877
0.586015 -21.080821 -10.648257
1.437651 -20.533849 -10.323732
2.244802 -19.960517 -9.938366
2.975456 -19.352522 -9.463521
3.647267 -18.724622 -8.929428
4.298315 -18.090411 -8.375478
4.945929 -17.454934 -7.817742
5.586152 -16.818337 -7.252481
6.197223 -16.178413 -6.659559
6.750303 -15.534538 -6.016099
7.242438 -14.889826 -5.325004
7.701480 -14.245776 -4.609865
8.151725 -13.601793 -3.888103
8.600564 -12.957427 -3.165080
9.043263 -12.311827 -2.438947
9.465737 -11.663047 -1.703435
9.856539 -11.010026 -0.954154
10.224119 -10.354384 -0.195368
10.583018 -9.697955 0.566888
10.940294 -9.041276 1.329544
11.296173 -8.381449 2.089822
11.645875 -7.707039 2.839676
11.980888 -6.999454 3.564854
12.297034 -6.252453 4.258006
12.601262 -5.482407 4.930712
12.901829 -4.705898 5.597033
13.201118 -3.927987 6.261211
13.493320 -3.139602 6.914580
13.760815 -2.314275 7.530286
13.983940 -1.429983 8.077091
14.166732 -0.500189 8.559877
14.330504 0.448646 9.012000
14.489565 1.401734 9.456513
14.643319 2.358055 9.894231
14.772575 3.330204 10.301404
14.842016 4.335836 10.632672
14.835636 5.371273 10.864765
14.783315 6.418055 11.035174
14.717852 7.467409 11.187698
14.649499 8.516958 11.336609
14.564892 9.566983 11.466883
14.425095 10.616182 11.533114
14.198305 11.651292 11.495580
13.907665 12.665085 11.379489
13.592975 13.668566 11.233271
13.273143 14.669740 11.080718
12.943495 15.665500 10.917299
12.576170 16.639214 10.711964
12.138484 17.561858 10.426609
11.634665 18.421835 10.063520
11.098445 19.245065 9.661294
10.553863 20.058429 9.248901
10.005159 20.866489 8.831964
9.437311 21.649042 8.394288
8.822059 22.360681 7.904284
8.151701 22.968945 7.351014
7.451756 23.508022 6.762175
6.743618 24.026321 6.163268
6.033893 24.540432 5.562552
5.316831 25.033572 4.954141
4.576454 25.453798 4.320809
3.806694 25.751614 3.654289
3.021677 25.952538 2.968598
2.232234 26.115021 2.276725
1.441878 26.269002 1.583621
0.650227 26.407292 0.889390
-0.145488 26.485927 0.191656
-0.942658 26.449490 -0.507267
-1.732569 26.298843 -1.199745
-2.515494 26.089669 -1.886072
-3.296364 25.865178 -2.570582
-4.075858 25.632097 -3.253427
-4.848881 25.360473 -3.928209
-5.601587 24.993082 -4.579217
-6.318690 24.506557 -5.191433
-7.008906 23.949902 -5.775528
-7.690795 23.373206 -6.351046
-8.370880 22.792494 -6.924551
-9.041608 22.191630 -7.486851
-9.678900 21.524076 -8.009842
-10.255388 20.758418 -8.464076
-10.780881 19.926964 -8.862575
-11.286192 19.072314 -9.239378
-11.787225 18.212926 -9.611496
-12.279302 17.344493 -9.972789
-12.736780 16.442549 -10.292519
-13.124542 15.484930 -10.530566
-13.439364 14.484008 -10.685710
-13.715615 13.465252 -10.797908
-13.981885 12.442181 -10.899039
-14.242894 11.417380 -10.993626
-14.479388 10.385060 -11.057196
-14.651410 9.338926 -11.040578
-14.736654 8.288802 -10.919156
-14.767364 7.244102 -10.733583
-14.782060 6.201659 -10.529388
-14.793951 5.159685 -10.321596
-14.793438 4.121764 -10.096314
-14.749687 3.100332 -9.810910
-14.635019 2.116566 -9.429244
-14.464667 1.172004 -8.974090
-14.271466 0.245553 -8.489269
-14.073296 -0.677242 -7.997809
-13.871331 -1.595931 -7.499700
-13.654098 -2.495912 -6.974801
-13.404038 -3.351226 -6.393006
-13.117351 -4.148875 -5.748714
-12.810042 -4.910337 -5.069696
-12.496716 -5.661346 -4.380516
-12.182291 -6.411120 -3.689494
-11.865002 -7.156473 -2.994410
-11.538284 -7.885510 -2.286192
-11.196088 -8.586134 -1.556707
-10.841086 -9.261903 -0.809876
-10.480379 -9.926108 -0.055273
-10.118410 -10.587549 0.701205
-9.754987 -11.248872 1.456988
-9.381976 -11.910924 2.207210
-8.980965 -12.574693 2.941006
-8.539934 -13.239917 3.649874
-8.072894 -13.905356 4.341439
-7.597838 -14.570585 5.027262
-7.121180 -15.235479 5.711454
-6.635455 -15.899962 6.388424
-6.114775 -16.563481 7.038544
-5.528872 -17.222598 7.634535
-4.880323 -17.873301 8.172047
-4.200146 -18.517947 8.677186
-3.511853 -19.160739 9.173497
-2.820021 -19.801917 9.665734
-2.107665 -20.434769 10.136956
-1.337959 -21.041777 10.545963
-0.495188 -21.605487 10.862154
0.389191 -22.137201 11.115891
1.285468 -22.658742 11.350368
2.183822 -23.178124 11.581294
3.091123 -23.686899 11.797125
4.028682 -24.157557 11.959208
5.008461 -24.559198 12.028735
6.014129 -24.899375 12.020307
7.028584 -25.211881 11.977847
8.044999 -25.517646 11.927266
9.063286 -25.814018 11.866927
10.087949 -26.073540 11.768807
11.118582 -26.256210 11.594340
12.144479 -26.354741 11.340115
13.163138 -26.406759 11.043356
14.179495 -26.446059 10.735076
15.194499 -26.479509 10.422038
16.202589 -26.485927 10.087718
17.187829 -26.420239 9.698051
18.131046 -26.258286 9.238365
19.041459 -26.036645 8.737530
19.941471 -25.797387 8.224769
20.839208 -25.554444 7.709681
21.725382 -25.293966 7.184418
22.570634 -24.975315 6.626225
23.342411 -24.567797 6.021585
24.053205 -24.097573 5.387392
24.739986 -23.604547 4.743086
25.421375 -23.106510 4.096669
26.090080 -22.597345 3.446436
26.712165 -22.048715 2.783288
27.245456 -21.433374 2.102093
27.692291 -20.762462 1.410616
28.096030 -20.066712 0.716227
28.488471 -19.364652 0.021260
28.870195 -18.656968 -0.673531
29.209651 -17.927739 -1.367004
29.456478 -17.156609 -2.053597
29.596227 -16.346159 -2.725336
29.674362 -15.517173 -3.385444
29.735206 -14.683347 -4.042023
29.789557 -13.847909 -4.696873
29.813250 -13.005117 -5.342980
29.750759 -12.145002 -5.962035
29.569141 -11.270755 -6.536314
29.312334 -10.393602 -7.077809
29.033083 -9.516304 -7.609001
28.749405 -8.639110 -8.137918
28.445475 -7.762727 -8.655427
28.073197 -6.891050 -9.133009
27.594829 -6.036306 -9.541175
27.039612 -5.202337 -9.892476
26.455426 -4.378108 -10.220895
25.864874 -3.556192 -10.544035
25.262504 -2.739166 -10.855752
24.617035 -1.941162 -11.124785
23.896830 -1.185406 -11.312073
23.112897 -0.478392 -11.419000
22.300032 0.201512 -11.485302
21.479904 0.874228 -11.541042
20.655449 1.541823 -11.588750
19.813271 2.187363 -11.601961
18.934334 2.777153 -11.533961
18.021358 3.291399 -11.367467
17.093809 3.757227 -11.143173
16.162522 4.209020 -10.902564
15.230654 4.657937 -10.658272
14.297667 5.091950 -10.394257
13.363590 5.475148 -10.065677
12.438075 5.775020 -9.640231
11.526270 6.012568 -9.148677
10.620363 6.227571 -8.634091
9.715319 6.438531 -8.114909
8.813545 6.643102 -7.587203
7.925781 6.822808 -7.027871
7.068919 6.953592 -6.409813
6.248410 7.033805 -5.735478
5.448991 7.086833 -5.032454
4.655080 7.132514 -4.321511
3.861754 7.177126 -3.608953
3.071920 7.218396 -2.891772
2.294390 7.248632 -2.160418
1.536838 7.261608 -1.407687
0.794553 7.261816 -0.639615
0.058266 7.257159 0.134294
-0.676961 7.251556 0.909193
-1.413809 7.244648 1.682406
-2.158818 7.231404 2.447439
-2.923383 7.202596 3.192208
-3.712241 7.153707 3.909852
-4.515618 7.092305 4.609885
-5.323051 7.027191 5.304288
-6.131177 6.960816 5.996755
-6.945472 6.885696 6.679669
-7.782432 6.779264 7.328800
-8.655985 6.617235 7.914247
-9.557946 6.404855 8.437241
-10.471838 6.168346 8.928529
-11.388364 5.925783 9.411543
-12.305851 5.677838 9.888429
-13.228801 5.403717 10.337310
-14.161668 5.064787 10.713594
-15.096560 4.645799 10.991396
-16.026583 4.180049 11.206447
-16.954531 3.700995 11.402956
-17.881647 3.219146 11.595712
-18.803580 2.722279 11.769919
-19.705838 2.175470 11.880421
-20.565888 1.554916 11.887301
-21.385349 0.884470 11.815356
-22.187522 0.196114 11.713106
-22.985788 -0.496127 11.604332
-23.775127 -1.195871 11.483629
-24.529965 -1.922880 11.318331
-25.213427 -2.695046 11.070423
-25.819916 -3.502536 10.744950
-26.384993 -4.324750 10.381419
-26.939085 -5.150657 10.008007
-27.485167 -5.978917 9.628410
-27.996997 -6.816327 9.223468
-28.425643 -7.670334 8.761437
-28.747802 -8.534616 8.235145
-29.004525 -9.400042 7.673513
-29.242499 -10.265595 7.101891
-29.475746 -11.131301 6.527855
-29.683737 -11.995866 5.943158
