Component 1 of 1:
-29.818561 -12.829821 5.342887
-29.854979 -13.673749 4.693898
-29.835423 -14.505804 4.029057
-29.760142 -15.323687 3.350755
-29.629566 -16.125185 2.661385
-29.444236 -16.908149 1.963326
-29.204764 -17.670480 1.258939
-28.911859 -18.410123 0.550572
-28.566355 -19.125083 -0.159430
-28.169237 -19.813440 -0.868726
-27.721630 -20.473355 -1.574981
-27.224794 -21.103070 -2.275873
-26.680119 -21.700909 -2.969093
-26.089132 -22.265286 -3.652359
-25.453501 -22.794721 -4.323414
-24.775019 -23.287835 -4.980035
-24.055584 -23.743338 -5.620024
-23.297189 -24.160026 -6.241212
-22.501935 -24.536784 -6.841465
-21.672052 -24.872615 -7.418700
-20.809894 -25.166667 -7.970897
-19.917925 -25.418220 -8.496091
-18.998679 -25.626659 -8.992354
-18.054758 -25.791436 -9.457773
-17.088843 -25.912089 -9.890466
-16.103727 -25.988290 -10.288631
-15.102333 -26.019924 -10.650598
-14.087684 -26.007135 -10.974872
-13.062869 -25.950304 -11.260126
-12.030997 -25.849992 -11.505154
-10.995185 -25.706878 -11.708845
-9.958557 -25.521742 -11.870164
-8.924249 -25.295484 -11.988177
-7.895396 -25.029156 -12.062074
-6.875119 -24.723980 -12.091180
-5.866510 -24.381340 -12.074965
-4.872616 -24.002775 -12.013061
-3.896410 -23.589996 -11.905299
-2.940743 -23.144908 -11.751742
-2.008298 -22.669616 -11.552678
-1.101566 -22.166401 -11.308561
-0.222870 -21.637655 -11.019948
0.625621 -21.085836 -10.687491
1.441924 -20.513441 -10.312026
2.224361 -19.923029 -9.894718
2.971743 -19.317240 -9.437168
3.683505 -18.698784 -8.941403
4.359721 -18.070376 -8.409733
5.000971 -17.434627 -7.844567
5.608163 -16.793911 -7.248286
6.182415 -16.150252 -6.623273
6.725094 -15.505237 -5.972032
7.237953 -14.859991 -5.297314
7.723261 -14.215201 -4.602126
8.183779 -13.571189 -3.889603
8.622552 -12.927984 -3.162801
9.042580 -12.285334 -2.424548
9.446525 -11.642634 -1.677433
9.836551 -10.998780 -0.923959
10.214360 -10.352035 -0.166754
10.581322 -9.700015 0.591256
10.938609 -9.039848 1.346831
11.287215 -8.368468 2.096564
11.627851 -7.682940 2.837108
11.960762 -6.980641 3.565362
12.285547 -6.259279 4.278510
12.601078 -5.516757 4.973894
12.905558 -4.751065 5.648800
13.196704 -3.960288 6.300287
13.471994 -3.142797 6.925187
13.728890 -2.297513 7.520262
13.964967 -1.424099 8.082463
14.177920 -0.522995 8.609104
14.365488 0.404698 9.097896
14.525375 1.357392 9.546837
14.655255 2.333128 9.954058
14.752879 3.329602 10.317772
14.816224 4.344143 10.636338
14.843619 5.373722 10.908394
14.833759 6.415007 11.132953
14.785631 7.464457 11.309390
14.698415 8.518403 11.437350
14.571449 9.573089 11.516662
14.404271 10.624692 11.547324
14.196702 11.669365 11.529562
13.948896 12.703288 11.463895
13.661308 13.722735 11.351152
13.334616 14.724102 11.192405
12.969634 15.703897 10.988878
12.567280 16.658733 10.741885
12.128579 17.585316 10.452807
11.654687 18.480460 10.123118
11.146880 19.341102 9.754398
10.606541 20.164292 9.348326
10.035142 20.947187 8.906676
9.434254 21.687066 8.431316
8.805585 22.381385 7.924238
8.150987 23.027831 7.387568
7.472435 23.624361 6.823561
6.771978 24.169159 6.234564
6.051698 24.660569 5.622963
5.313694 25.097040 4.991165
4.560104 25.477143 4.341599
3.793129 25.799635 3.676732
3.015027 26.063524 2.999084
2.228092 26.268090 2.311217
1.434626 26.412839 1.615711
0.636927 26.497440 0.915153
-0.162708 26.521696 0.212119
-0.961977 26.485549 -0.490820
-1.758578 26.389098 -1.191097
-2.550212 26.232603 -1.886147
-3.334587 26.016461 -2.573403
-4.109409 25.741209 -3.250291
-4.872391 25.407550 -3.914246
-5.621261 25.016416 -4.562728
-6.353799 24.569006 -5.193244
-7.067855 24.066766 -5.803354
-7.761346 23.511323 -6.390661
-8.432233 22.904427 -6.952787
-9.078501 22.247941 -7.487377
-9.698177 21.543899 -7.992128
-10.289379 20.794568 -8.464843
-10.850363 20.002480 -8.903469
-11.379554 19.170395 -9.306104
-11.875516 18.301235 -9.670975
-12.336925 17.398037 -9.996413
-12.762556 16.463940 -10.280848
-13.151300 15.502194 -10.522822
-13.502190 14.516163 -10.720994
-13.814409 13.509310 -10.874126
-14.087267 12.485190 -10.981065
-14.320194 11.447445 -11.040761
-14.512782 10.399812 -11.052340
-14.664865 9.346119 -11.015203
-14.776617 8.290236 -10.929091
-14.848569 7.236011 -10.794067
-14.881563 6.187204 -10.610434
-14.876648 5.147457 -10.378680
-14.835032 4.120265 -10.099485
-14.758110 3.108917 -9.773822
-14.647563 2.116396 -9.403059
-14.505441 1.145270 -8.988964
-14.334146 0.197625 -8.533594
-14.136300 -0.724907 -8.039130
-13.914548 -1.621096 -7.507770
-13.671407 -2.490103 -6.941776
-13.409210 -3.331576 -6.343629
-13.130159 -4.145828 -5.716183
-12.836420 -4.933971 -5.062678
-12.530169 -5.697893 -4.386576
-12.213524 -6.440029 -3.691296
-11.888368 -7.163034 -2.979993
-11.556089 -7.869500 -2.255499
-11.217351 -8.561850 -1.520457
-10.871966 -9.242418 -0.777551
-10.518940 -9.913597 -0.029713
-10.156660 -10.577915 0.719827
-9.783175 -11.237942 1.467664
-9.396425 -11.896053 2.210444
-8.994345 -12.554154 2.945064
-8.574816 -13.213498 3.668750
-8.135527 -13.874648 4.378961
-7.673888 -14.537572 5.073191
-7.187093 -15.201784 5.748788
-6.672345 -15.866465 6.402897
-6.127149 -16.530510 7.032564
-5.549541 -17.192524 7.634914
-4.938149 -17.850793 8.207317
-4.292095 -18.503256 8.747415
-3.610856 -19.147523 9.253055
-2.894194 -19.780923 9.722172
-2.142211 -20.400616 10.152757
-1.355469 -21.003712 10.542936
-0.535091 -21.587398 10.891121
0.317270 -22.149006 11.196123
1.199550 -22.686029 11.457158
2.109434 -23.196076 11.673749
3.044460 -23.676842 11.845594
4.002057 -24.126108 11.972488
4.979524 -24.541779 12.054332
5.974023 -24.921939 12.091180
6.982597 -25.264879 12.083294
8.002210 -25.569082 12.031138
9.029787 -25.833204 11.935352
10.062232 -26.056060 11.796715
11.096440 -26.236632 11.616125
12.129307 -26.374081 11.394600
13.157748 -26.467739 11.133275
14.178707 -26.517079 10.833376
15.189154 -26.521696 10.496211
16.186095 -26.481314 10.123168
17.166578 -26.395820 9.715734
18.127727 -26.265306 9.275518
19.066771 -26.090066 8.804245
19.981040 -25.870558 8.303732
20.867955 -25.607348 7.775845
21.725005 -25.301083 7.222483
22.549749 -24.952508 6.645579
23.339847 -24.562505 6.047123
24.093103 -24.132123 5.429170
24.807476 -23.662562 4.793830
25.481067 -23.155133 4.143253
26.112078 -22.611220 3.479603
26.698790 -22.032264 2.805054
27.239574 -21.419780 2.121791
27.732910 -20.775371 1.432019
28.177411 -20.100740 0.737962
28.571833 -19.397679 0.041858
28.915064 -18.668063 -0.654043
29.206132 -17.913845 -1.347485
29.444217 -17.137054 -2.036211
29.628644 -16.339783 -2.717964
29.758868 -15.524180 -3.390485
29.834435 -14.692431 -4.051505
29.854979 -13.846771 -4.698742
29.820246 -12.989497 -5.329909
29.730176 -12.122985 -5.942737
29.584958 -11.249679 -6.535006
29.385046 -10.372070 -7.104556
29.131109 -9.492663 -7.649288
28.823967 -8.613977 -8.167138
28.464557 -7.738542 -8.656070
28.053948 -6.868904 -9.114080
27.593400 -6.007621 -9.539232
27.084399 -5.157231 -9.929679
26.528656 -4.320238 -10.283673
25.928078 -3.499102 -10.599562
25.284736 -2.696244 -10.875785
24.600863 -1.914040 -11.110880
23.878871 -1.154804 -11.303511
23.121351 -0.420763 -11.452475
22.331068 0.285959 -11.556703
21.510937 0.963340 -11.615252
20.664007 1.609460 -11.627322
19.793473 2.222541 -11.592307
18.902678 2.801004 -11.509836
17.995100 3.343532 -11.379789
17.074313 3.849084 -11.202244
16.143937 4.316858 -10.977423
15.207594 4.746248 -10.705684
14.268875 5.136860 -10.387597
13.331293 5.488630 -10.024090
12.398214 5.801987 -9.616549
11.472770 6.077970 -9.166802
10.557779 6.318203 -8.676973
9.655708 6.524721 -8.149307
8.768629 6.699744 -7.586073
7.898161 6.845539 -6.989613
7.045361 6.964437 -6.362487
6.210609 7.058974 -5.707585
5.393564 7.132036 -5.028103
4.593245 7.186854 -4.327363
3.808222 7.226811 -3.608575
3.036805 7.255087 -2.874681
2.277126 7.274294 -2.128370
1.527061 7.286251 -1.372259
0.784066 7.291960 -0.609136
0.045074 7.291772 0.157883
-0.693418 7.285629 0.925361
-1.435074 7.273249 1.689713
-2.183348 7.254157 2.447461
-2.941194 7.227549 3.195423
-3.710981 7.192078 3.930735
-4.494582 7.145682 4.650712
-5.293539 7.085582 5.352600
-6.109141 7.008486 6.033403
-6.942360 6.910942 6.689855
-7.793683 6.789694 7.318585
-8.662946 6.641903 7.916372
-9.549267 6.465179 8.480341
-10.451105 6.257448 9.008013
-11.366383 6.016813 9.497199
-12.292607 5.741503 9.945858
-13.226947 5.429968 10.352026
-14.166290 5.081045 10.713874
-15.107297 4.694084 11.029844
-16.046463 4.268949 11.298753
-16.980183 3.805913 11.519795
-17.904794 3.305533 11.692463
-18.816608 2.768578 11.816459
-19.711955 2.196043 11.891662
-20.587243 1.589197 11.918173
-21.439023 0.949606 11.896375
-22.264036 0.279084 11.826950
-23.059211 -0.420387 11.710824
-23.821635 -1.146734 11.549088
-24.548530 -1.897819 11.342926
-25.237258 -2.671435 11.093603
-25.885345 -3.465288 10.802487
-26.490514 -4.277002 10.471068
-27.050692 -5.104137 10.100970
-27.563999 -5.944217 9.693927
-28.028747 -6.794740 9.251774
-28.443440 -7.653190 8.776430
-28.806782 -8.517042 8.269895
-29.117652 -9.383781 7.734231
-29.375071 -10.250909 7.171542
-29.578167 -11.115943 6.583966
-29.726187 -11.976404 5.973673
