Component 1 of 1:
-29.011571 -12.611647 5.084646
-29.049072 -13.425451 4.467071
-29.032584 -14.227874 3.833884
-28.962210 -15.016660 3.187400
-28.838210 -15.789611 2.529947
-28.661001 -16.544589 1.863856
-28.431148 -17.279521 1.191462
-28.149365 -17.992401 0.515098
-27.816503 -18.681295 -0.162910
-27.433551 -19.344344 -0.840243
-27.001631 -19.979763 -1.514596
-26.521992 -20.585849 -2.183678
-25.996010 -21.160978 -2.845217
-25.425182 -21.703612 -3.496959
-24.811125 -22.212300 -4.136674
-24.155577 -22.685683 -4.762159
-23.460390 -23.122496 -5.371237
-22.727531 -23.521573 -5.961766
-21.959082 -23.881853 -6.531639
-21.157236 -24.202383 -7.078790
-20.324293 -24.482326 -7.601201
-19.462661 -24.720965 -8.096902
-18.574851 -24.917710 -8.563982
-17.663472 -25.072105 -9.000596
-16.731225 -25.183834 -9.404968
-15.780900 -25.252729 -9.775404
-14.815364 -25.278774 -10.110296
-13.837558 -25.262115 -10.408137
-12.850480 -25.203065 -10.667527
-11.857176 -25.102112 -10.887187
-10.860726 -24.959920 -11.065974
-9.864225 -24.777340 -11.202891
-8.870763 -24.555407 -11.297105
-7.883405 -24.295347 -11.347962
-6.905159 -23.998570 -11.355001
-5.938953 -23.666665 -11.317972
-4.987597 -23.301395 -11.236848
-4.053755 -22.904678 -11.111836
-3.139907 -22.478568 -10.943385
-2.248315 -22.025235 -10.732191
-1.380990 -21.546929 -10.479192
-0.539666 -21.045951 -10.185566
0.274228 -20.524615 -9.852716
1.059582 -19.985206 -9.482255
1.815617 -19.429943 -9.075980
2.541882 -18.860937 -8.635852
3.238254 -18.280154 -8.163965
3.904915 -17.689383 -7.662517
4.542333 -17.090205 -7.133785
5.151230 -16.483967 -6.580094
5.732545 -15.871768 -6.003799
6.287397 -15.254445 -5.407257
6.817042 -14.632566 -4.792817
7.322827 -14.006431 -4.162807
7.806150 -13.376075 -3.519525
8.268417 -12.741280 -2.865236
8.711001 -12.101589 -2.202173
9.135206 -11.456319 -1.532541
9.542230 -10.804587 -0.858523
9.933140 -10.145332 -0.182287
10.308836 -9.477342 0.494000
10.670036 -8.799288 1.168166
11.017253 -8.109749 1.838020
11.350778 -7.407257 2.501344
11.670673 -6.690326 3.155883
11.976762 -5.957503 3.799338
12.268627 -5.207401 4.429363
12.545615 -4.438749 5.043560
12.806844 -3.650436 5.639487
13.051216 -2.841557 6.214659
13.277435 -2.011454 6.766566
13.484035 -1.159759 7.292687
13.669405 -0.286428 7.790512
13.831825 0.608223 8.257568
13.969506 1.523503 8.691451
14.080627 2.458326 9.089860
14.163382 3.411214 9.450629
14.216021 4.380296 9.771765
14.236893 5.363336 10.051479
14.224483 6.357752 10.288215
14.177445 7.360659 10.480677
14.094635 8.368914 10.627847
13.975129 9.379158 10.728995
13.818239 10.387875 10.783686
13.623522 11.391440 10.791777
13.390779 12.386170 10.753409
13.120057 13.368369 10.668991
12.811631 14.334372 10.539188
12.466002 15.280574 10.364896
12.083875 16.203467 10.147224
11.666144 17.099661 9.887470
11.213879 17.965898 9.587101
10.728308 18.799074 9.247735
10.210798 19.596240 8.871123
9.662847 20.354617 8.459130
9.086067 21.071598 8.013728
8.482172 21.744752 7.536977
7.852966 22.371826 7.031019
7.200336 22.950749 6.498070
6.526242 23.479631 5.940406
5.832703 23.956767 5.360360
5.121797 24.380635 4.760316
4.395645 24.749896 4.142698
3.656411 25.063396 3.509964
2.906289 25.320161 2.864606
2.147500 25.519402 2.209137
1.382284 25.660506 1.546089
0.612899 25.743041 0.878010
-0.158392 25.766751 0.207454
-0.929319 25.731557 -0.463016
-1.697612 25.637557 -1.130838
-2.461007 25.485025 -1.793454
-3.217248 25.274412 -2.448313
-3.964097 25.006347 -3.092875
-4.699332 24.681641 -3.724616
-5.420761 24.301284 -4.341036
-6.126223 23.866452 -4.939662
-6.813596 23.378505 -5.518053
-7.480808 22.838989 -6.073808
-8.125841 22.249637 -6.604575
-8.746742 21.612369 -7.108054
-9.341632 20.929293 -7.582012
-9.908718 20.202702 -8.024283
-10.446303 19.435072 -8.432789
-10.952796 18.629062 -8.805542
-11.426729 17.787506 -9.140663
-11.866770 16.913409 -9.436396
-12.271737 16.009941 -9.691123
-12.640617 15.080417 -9.903385
-12.972580 14.128291 -10.071902
-13.266998 13.157128 -10.195596
-13.523459 12.170580 -10.273610
-13.741786 11.172351 -10.305335
-13.922040 10.166165 -10.290423
-14.064535 9.155712 -10.228812
-14.169835 8.144605 -10.120731
-14.238751 7.136330 -9.966708
-14.272329 6.134186 -9.767575
-14.271833 5.141237 -9.524451
-14.238717 4.160265 -9.238737
-14.174596 3.193725 -8.912084
-14.081206 2.243711 -8.546376
-13.960364 1.311936 -8.143690
-13.813926 0.399712 -7.706265
-13.643740 -0.492049 -7.236466
-13.451604 -1.362825 -6.736745
-13.239226 -2.212467 -6.209616
-13.008186 -3.041174 -5.657615
-12.759905 -3.849454 -5.083283
-12.495613 -4.638090 -4.489144
-12.216332 -5.408090 -3.877685
-11.922858 -6.160650 -3.251354
-11.615750 -6.897101 -2.612545
-11.295323 -7.618867 -1.963607
-10.961650 -8.327422 -1.306839
-10.614566 -9.024245 -0.644496
-10.253673 -9.710780 0.021199
-9.878359 -10.388405 0.688049
-9.487813 -11.058387 1.353874
-9.081043 -11.721860 2.016499
-8.656906 -12.379793 2.673743
-8.214133 -13.032961 3.323413
-7.751365 -13.681925 3.963294
-7.267184 -14.327015 4.591148
-6.760155 -14.968307 5.204705
-6.228865 -15.605618 5.801672
-5.671967 -16.238495 6.379734
-5.088222 -16.866213 6.936561
-4.476541 -17.487774 7.469827
-3.836029 -18.101925 7.977225
-3.166024 -18.707163 8.456486
-2.466127 -19.301759 8.905409
-1.736233 -19.883789 9.321884
-0.976552 -20.451160 9.703921
-0.187622 -21.001649 10.049678
0.629689 -21.532941 10.357488
1.474182 -22.042674 10.625882
2.344346 -22.528475 10.853608
3.238373 -22.988002 11.039647
4.154186 -23.418982 11.183218
5.089470 -23.819242 11.283789
6.041706 -24.186737 11.341068
7.008202 -24.519575 11.355001
7.986135 -24.816032 11.325759
8.972577 -25.074565 11.253728
9.964532 -25.293819 11.139488
10.958960 -25.472628 10.983805
11.952803 -25.610020 10.787604
12.943008 -25.705210 10.551961
13.926543 -25.757594 10.278087
14.900413 -25.766751 9.967308
15.861674 -25.732426 9.621061
16.807442 -25.654533 9.240877
17.734905 -25.533141 8.828374
18.641328 -25.368472 8.385247
19.524063 -25.160893 7.913264
20.380549 -24.910908 7.414253
21.208327 -24.619154 6.890099
22.005033 -24.286396 6.342742
22.768412 -23.913516 5.774163
23.496313 -23.501514 5.186388
24.186698 -23.051497 4.581475
24.837639 -22.564677 3.961519
25.447323 -22.042364 3.328639
26.014053 -21.485965 2.684979
26.536250 -20.896972 2.032707
27.012453 -20.276967 1.374006
27.441321 -19.627614 0.711078
27.821636 -18.950654 0.046136
28.152305 -18.247906 -0.618594
28.432362 -17.521262 -1.280878
28.660973 -16.772684 -1.938476
28.837438 -16.004205 -2.589143
28.961195 -15.217920 -3.230635
29.031829 -14.415989 -3.860707
29.049072 -13.600631 -4.477123
29.012809 -12.774119 -5.077658
28.923086 -11.938778 -5.660098
28.780115 -11.096978 -6.222254
28.584274 -10.251132 -6.761957
28.336120 -9.403685 -7.277075
28.036388 -8.557110 -7.765511
27.685999 -7.713900 -8.225213
27.286062 -6.876558 -8.654184
26.837882 -6.047591 -9.050488
26.342960 -5.229493 -9.412265
25.803001 -4.424737 -9.737734
25.219911 -3.635762 -10.025217
24.595806 -2.864952 -10.273147
23.933005 -2.114620 -10.480087
23.234029 -1.386989 -10.644752
22.501593 -0.684167 -10.766028
21.738596 -0.008119 -10.842992
20.948101 0.639355 -10.874941
20.133309 1.256650 -10.861403
19.297534 1.842384 -10.802165
18.444157 2.395425 -10.697287
17.576588 2.914910 -10.547110
16.698212 3.400266 -10.352263
15.812340 3.851222 -10.113660
14.922147 4.267812 -9.832494
14.030625 4.650373 -9.510220
13.140530 4.999531 -9.148530
12.254333 5.316182 -8.749328
11.374185 5.601466 -8.314698
10.501887 5.856726 -7.846868
9.638872 6.083471 -7.348180
8.786191 6.283335 -6.821051
7.944521 6.458026 -6.267947
7.114166 6.609281 -5.691355
6.295081 6.738823 -5.093757
5.486891 6.848318 -4.477621
4.688921 6.939332 -3.845379
3.900233 7.013301 -3.199430
3.119652 7.071498 -2.542127
2.345813 7.115005 -1.875787
1.577189 7.144694 -1.202691
0.812138 7.161209 -0.525092
0.048935 7.164957 0.154776
-0.714188 7.156094 0.834687
-1.479001 7.134533 1.512413
-2.247240 7.099934 2.185712
-3.020570 7.051720 2.852319
-3.800540 6.989085 3.509936
-4.588553 6.911006 4.156226
-5.385820 6.816271 4.788804
-6.193326 6.703499 5.405244
-7.011795 6.571170 6.003074
-7.841653 6.417662 6.579784
-8.682999 6.241288 7.132843
-9.535583 6.040339 7.659712
-10.398783 5.813126 8.157866
-11.271592 5.558029 8.624826
-12.152624 5.273540 9.058183
-13.040111 4.958312 9.455640
-13.931929 4.611193 9.815042
-14.825621 4.231271 10.134414
-15.718434 3.817897 10.411995
-16.607369 3.370709 10.646266
-17.489226 2.889648 10.835977
-18.360664 2.374960 10.980164
-19.218255 1.827197 11.078158
-20.058538 1.247200 11.129591
-20.878077 0.636087 11.134392
-21.673500 -0.004772 11.092774
-22.441546 -0.673782 11.005221
-23.179092 -1.369149 10.872465
-23.883187 -2.088910 10.695466
-24.551063 -2.830962 10.475389
-25.180151 -3.593084 10.213575
-25.768090 -4.372969 9.911525
-26.312727 -5.168237 9.570875
-26.812118 -5.976459 9.193378
-27.264527 -6.795173 8.780888
-27.668419 -7.621896 8.335344
-28.022461 -8.454138 7.858758
-28.325511 -9.289411 7.353209
-28.576622 -10.125239 6.820826
-28.775027 -10.959168 6.263788
-28.920146 -11.788768 5.684311
