Component 1 of 1:
-29.657067 -12.784598 5.288541
-29.693173 -13.621771 4.646157
-29.673919 -14.447197 3.988053
-29.599455 -15.258588 3.316572
-29.470110 -16.053722 2.634069
-29.286367 -16.830445 1.942902
-29.048838 -17.586668 1.245421
-28.758262 -18.320363 0.543971
-28.415501 -19.029568 -0.159112
-28.021545 -19.712388 -0.861500
-27.577514 -20.367003 -1.560875
-27.084662 -20.991672 -2.254930
-26.544374 -21.584738 -2.941377
-25.958163 -22.144632 -3.617949
-25.327670 -22.669879 -4.282401
-24.654654 -23.159095 -4.932518
-23.940991 -23.610992 -5.566114
-23.188669 -24.024383 -6.181039
-22.399789 -24.398179 -6.775178
-21.576559 -24.731404 -7.346459
-20.721297 -25.023190 -7.892854
-19.836416 -25.272785 -8.412383
-18.924428 -25.479550 -8.903110
-17.987938 -25.642965 -9.363155
-17.029647 -25.762638 -9.790702
-16.052356 -25.838331 -10.184016
-15.058958 -25.869977 -10.541472
-14.052426 -25.857693 -10.861559
-13.035792 -25.801782 -11.142896
-12.012130 -25.702717 -11.384220
-10.984538 -25.561130 -11.584388
-9.956129 -25.377804 -11.742370
-8.930021 -25.153663 -11.857252
-7.909327 -24.889787 -11.928248
-6.897142 -24.587411 -11.954710
-5.896526 -24.247938 -11.936146
-4.910476 -23.872938 -11.872234
-3.941908 -23.464156 -11.762832
-2.993619 -23.023509 -11.607992
-2.068261 -22.553076 -11.407957
-1.168313 -22.055081 -11.163164
-0.296048 -21.531875 -10.874251
0.546496 -20.985914 -10.542071
1.357577 -20.419735 -10.167728
2.135802 -19.835932 -9.752602
2.880201 -19.237120 -9.298359
3.590262 -18.625887 -8.806931
4.265952 -18.004730 -8.280476
4.907685 -17.375986 -7.721323
5.516291 -16.741754 -7.131930
6.092965 -16.103837 -6.514858
6.639241 -15.463695 -5.872762
7.156969 -14.822414 -5.208378
7.648269 -14.180698 -4.524494
8.115470 -13.538866 -3.823918
8.561001 -12.896856 -3.109430
8.987269 -12.254218 -2.383766
9.396541 -11.610107 -1.649623
9.790859 -10.963270 -0.909686
10.171983 -10.312055 -0.166677
10.541376 -9.654459 0.576619
10.900183 -8.988208 1.317347
11.249215 -8.310865 2.052599
11.588907 -7.619944 2.779456
11.919273 -6.913013 3.495019
12.239864 -6.187754 4.196413
12.549761 -5.442017 4.880782
12.847600 -4.673869 5.545252
13.131646 -3.881651 6.186917
13.399878 -3.064072 6.802848
13.650094 -2.220294 7.390132
13.879991 -1.350006 7.945942
14.087233 -0.453453 8.467599
14.269486 0.468568 8.952616
14.424460 1.414747 9.398722
14.549941 2.383303 9.803859
14.643850 3.372032 10.166193
14.704289 4.378347 10.484130
14.729589 5.399323 10.756334
14.718337 6.431756 10.981753
14.669377 7.472222 11.159619
14.581809 8.517130 11.289439
14.454981 9.562781 11.370984
14.288494 10.605409 11.404277
14.082205 11.641227 11.389591
13.836231 12.666471 11.327446
13.550924 13.677438 11.218597
13.226851 14.670518 11.064004
12.864759 15.642205 10.864803
12.465545 16.589104 10.622267
12.030240 17.507938 10.337790
11.559996 18.395542 10.012867
11.056083 19.248870 9.649098
10.519883 20.064999 9.248177
9.952888 20.841141 8.811904
9.356704 21.574660 8.342183
8.733050 22.263090 7.841026
8.083748 22.904154 7.310548
7.410718 23.495777 6.752959
6.715951 24.036078 6.170544
6.001501 24.523359 5.565650
5.269470 24.956100 4.940671
4.522007 25.332954 4.298044
3.761302 25.652763 3.640240
2.989584 25.914568 2.969765
2.209108 26.117613 2.289151
1.422148 26.261337 1.600947
0.630984 26.345363 0.907712
-0.162099 26.369480 0.212005
-0.954816 26.333635 -0.483614
-1.744883 26.237927 -1.176586
-2.530018 26.082609 -1.864356
-3.307943 25.868091 -2.544370
-4.076390 25.594954 -3.214083
-4.833102 25.263960 -3.870960
-5.575851 24.876069 -4.512489
-6.302442 24.432445 -5.136186
-7.010728 23.934450 -5.739605
-7.698614 23.383631 -6.320339
-8.364056 22.781716 -6.876025
-9.005071 22.130611 -7.404357
-9.619747 21.432409 -7.903094
-10.206258 20.689400 -8.370085
-10.762888 19.904075 -8.803283
-11.288039 19.079109 -9.200756
-11.780238 18.217345 -9.560691
-12.238140 17.321771 -9.881389
-12.660522 16.395503 -10.161264
-13.046290 15.441777 -10.398840
-13.394482 14.463938 -10.592756
-13.704278 13.465438 -10.741767
-13.975011 12.449833 -10.844768
-14.206191 11.420770 -10.900811
-14.397531 10.381983 -10.909151
-14.548980 9.337258 -10.869271
-14.660757 8.290402 -10.780918
-14.733355 7.245192 -10.644113
-14.767547 6.205325 -10.459148
-14.764372 5.174365 -10.226594
-14.725123 4.155688 -9.947303
-14.651348 3.152424 -9.622420
-14.544845 2.167389 -9.253385
-14.407645 1.203026 -8.841919
-14.241976 0.261356 -8.389993
-14.050198 -0.656061 -7.899790
-13.834730 -1.548145 -7.373676
-13.597975 -2.414323 -6.814194
-13.342275 -3.254553 -6.224057
-13.069862 -4.069340 -5.606135
-12.782829 -4.859728 -4.963420
-12.483080 -5.627245 -4.298963
-12.172263 -6.373803 -3.615802
-11.851685 -7.101581 -2.916917
-11.522223 -7.812903 -2.205208
-11.184255 -8.510148 -1.483523
-10.837628 -9.195699 -0.754694
-10.481679 -9.871895 -0.021576
-10.115292 -10.540994 0.712944
-9.736990 -11.205100 1.445961
-9.345011 -11.866082 2.174588
-8.937384 -12.525480 2.895989
-8.511971 -13.184433 3.607396
-8.066499 -13.843636 4.306096
-7.598610 -14.503333 4.989402
-7.105929 -15.163335 5.654623
-6.586165 -15.823045 6.299053
-6.037216 -16.481488 6.919987
-5.457270 -17.137335 7.514756
-4.844867 -17.788926 8.080774
-4.198935 -18.434295 8.615571
-3.518803 -19.071208 9.116820
-2.804214 -19.697211 9.582345
-2.055333 -20.309695 10.010152
-1.272771 -20.905968 10.398454
-0.457574 -21.483323 10.745717
0.388797 -22.039098 11.050681
1.264521 -22.570719 11.312371
2.167482 -23.075725 11.530083
3.095329 -23.551779 11.703345
4.045526 -23.996682 11.831893
5.015384 -24.408382 11.915649
6.002089 -24.784990 11.954710
7.002727 -25.124788 11.949349
8.014306 -25.426235 11.900008
9.033785 -25.687966 11.807289
10.058092 -25.908794 11.671943
11.084142 -26.087701 11.494857
12.108855 -26.223835 11.277038
13.129164 -26.316508 11.019607
14.142030 -26.365183 10.723786
15.144445 -26.369480 10.390896
16.133446 -26.329172 10.022355
17.106126 -26.244190 9.619677
18.059646 -26.114629 9.184468
18.991248 -25.940743 8.718425
19.898260 -25.722932 8.223319
20.778101 -25.461733 7.700989
21.628285 -25.157809 7.153330
22.446422 -24.811944 6.582290
23.230228 -24.425051 5.989865
23.977534 -23.998164 5.378097
24.686293 -23.532436 4.749071
25.354576 -23.029126 4.104902
25.980571 -22.489589 3.447732
26.562574 -21.915264 2.779723
27.098993 -21.307676 2.103056
27.588347 -20.668434 1.419927
28.029276 -19.999229 0.732548
28.420547 -19.301838 0.043142
28.761058 -18.578114 -0.646054
29.049841 -17.829988 -1.332800
29.286063 -17.059459 -2.014847
29.469021 -16.268591 -2.689944
29.598136 -15.459504 -3.355837
29.672959 -14.634378 -4.010270
29.693173 -13.795450 -4.650988
29.658615 -12.945018 -5.275742
29.569290 -12.085439 -5.882302
29.425397 -11.219123 -6.468466
29.227328 -10.348520 -7.032072
28.975666 -9.476112 -7.570999
28.671172 -8.604402 -8.083175
28.314783 -7.735904 -8.566572
27.907606 -6.873143 -9.019217
27.450934 -6.018643 -9.439201
26.946249 -5.174914 -9.824689
26.395224 -4.344446 -10.173927
25.799723 -3.529693 -10.485257
25.161795 -2.733064 -10.757117
24.483668 -1.956916 -10.988057
23.767747 -1.203538 -11.176741
23.016610 -0.475137 -11.321963
22.233004 0.226175 -11.422654
21.419837 0.898400 -11.477897
20.580171 1.539675 -11.486942
19.717213 2.148302 -11.449225
18.834301 2.722770 -11.364382
17.934879 3.261793 -11.232261
17.022472 3.764325 -11.052927
16.100644 4.229588 -10.826675
15.172962 4.657089 -10.554049
14.242945 5.046664 -10.235873
13.314004 5.398516 -9.873278
12.389373 5.713256 -9.467718
11.472037 5.991921 -9.020949
10.564655 6.235948 -8.534991
9.669501 6.447128 -8.012082
8.788407 6.627533 -7.454639
7.922716 6.779457 -6.865238
7.073246 6.905369 -6.246602
6.240268 7.007886 -5.601576
5.423513 7.089722 -4.933088
4.622206 7.153613 -4.244097
3.835125 7.202206 -3.537537
3.060662 7.237923 -2.816297
2.296873 7.262831 -2.083219
1.541506 7.278552 -1.341139
0.792039 7.286219 -0.592925
0.045717 7.286487 0.158492
-0.700362 7.279563 0.910119
-1.449137 7.265240 1.658933
-2.203455 7.242909 2.401917
-2.965959 7.211547 3.136096
-3.739005 7.169699 3.858538
-4.524616 7.115481 4.566339
-5.324450 7.046619 5.256580
-6.139775 6.960549 5.926303
-6.971422 6.854540 6.572506
-7.819735 6.725840 7.192183
-8.684525 6.571794 7.782385
-9.565050 6.389928 8.340287
-10.460024 6.177988 8.863235
-11.367657 5.933975 9.348773
-12.285705 5.656160 9.794652
-13.211536 5.343127 10.198842
-14.142191 4.993811 10.559543
-15.074451 4.607528 10.875223
-16.004904 4.183979 11.144633
-16.930009 3.723235 11.366819
-17.846152 3.225708 11.541118
-18.749702 2.692114 11.667138
-19.637055 2.123455 11.744756
-20.504680 1.520996 11.774101
-21.349161 0.886241 11.755553
-22.167222 0.220906 11.689727
-22.955751 -0.473128 11.577448
-23.711802 -1.193840 11.419724
-24.432598 -1.939106 11.217709
-25.115532 -2.706712 10.972689
-25.758173 -3.494365 10.686068
-26.358270 -4.299708 10.359363
-26.913761 -5.120331 9.994199
-27.422773 -5.953781 9.592306
-27.883624 -6.797578 9.155506
-28.294818 -7.649229 8.685703
-28.655037 -8.506233 8.184876
-28.963133 -9.366096 7.655063
-29.218122 -10.226330 7.098358
-29.419178 -11.084460 6.516901
-29.565648 -11.938028 5.912883
