Component 1 of 1:
-29.674736 -12.788023 5.292574
-29.706796 -13.625277 4.648637
-29.678699 -14.449363 3.987623
-29.598674 -15.259817 3.314011
-29.471876 -16.056337 2.630999
-29.296016 -16.836582 1.940182
-29.064122 -17.595941 1.242763
-28.771701 -18.329730 0.540810
-28.421462 -19.036003 -0.162877
-28.021263 -19.715999 -0.865803
-27.577573 -20.371264 -1.566061
-27.090669 -21.000237 -2.261589
-26.555854 -21.597762 -2.949474
-25.969346 -22.158181 -3.626264
-25.333124 -22.679354 -4.289328
-24.654216 -23.163707 -4.937816
-23.939560 -23.614846 -5.571657
-23.191462 -24.032827 -6.189337
-22.407634 -24.412712 -6.786838
-21.585600 -24.747939 -7.359057
-20.727045 -25.035616 -7.902757
-19.837886 -25.278749 -8.418283
-18.924580 -25.482951 -8.907811
-17.990595 -25.650593 -9.371412
-17.036087 -25.777984 -9.804837
-16.060754 -25.858318 -10.201405
-15.066824 -25.887767 -10.556585
-14.059017 -25.869015 -10.871091
-13.042140 -25.808853 -11.149189
-12.019415 -25.712178 -11.393487
-10.992873 -25.578054 -11.601184
-9.964950 -25.401338 -11.765417
-8.939388 -25.178211 -11.880606
-7.920153 -24.910393 -11.946930
-6.909740 -24.604231 -11.969631
-5.909416 -24.265867 -11.953641
-4.921232 -23.897065 -11.898520
-3.949472 -23.495319 -11.798433
-2.999821 -23.057898 -11.647291
-2.076484 -22.585905 -11.444422
-1.179912 -22.084627 -11.195444
-0.308090 -21.560364 -10.907547
0.539438 -21.016989 -10.583590
1.358891 -20.455089 -10.220304
2.143646 -19.874052 -9.812169
2.888725 -19.274847 -9.357385
3.594588 -18.660797 -8.860467
4.266478 -18.036183 -8.329447
4.909735 -17.404561 -7.770707
5.525535 -16.768138 -7.185922
6.110755 -16.128217 -6.573148
6.661626 -15.485949 -5.930683
7.177866 -14.842536 -5.260217
7.663939 -14.198796 -4.566950
8.126659 -13.554797 -3.857274
8.571480 -12.909987 -3.136241
9.000528 -12.263623 -2.406505
9.413462 -11.615157 -1.668946
9.809839 -10.964346 -0.924121
10.190859 -10.310904 -0.173472
10.559264 -9.653713 0.580174
10.917855 -8.990001 1.332666
11.268032 -8.315210 2.078913
11.609517 -7.624100 2.813703
11.941253 -6.912786 3.532924
12.262611 -6.180277 4.234665
12.573728 -5.428030 4.919094
12.874565 -4.657472 5.586563
13.163412 -3.867276 6.234984
13.436283 -3.052804 6.858597
13.688099 -2.208720 7.449582
13.915134 -1.332870 8.001885
14.116803 -0.427890 8.514437
14.294869 0.500911 8.990608
14.450234 1.449288 9.433675
14.579971 2.416242 9.842038
14.677462 3.402930 10.208523
14.736071 4.409341 10.524775
14.753534 5.432205 10.787332
14.733005 6.466243 10.999962
14.679376 7.506749 11.169676
14.593983 8.550562 11.299858
14.472504 9.595029 11.386818
14.308127 10.636392 11.422909
14.097322 11.669665 11.403443
13.842881 12.690640 11.331087
13.551370 13.697416 11.213684
13.227495 14.688935 11.057711
12.870513 15.662111 10.863475
12.475752 16.610776 10.626164
12.039769 17.527830 10.341538
11.564266 18.409148 10.010861
11.055196 19.255387 9.640638
10.518283 20.068987 9.237833
9.955219 20.848923 8.805199
9.363754 21.588486 8.340768
8.741462 22.278531 7.841696
8.089506 22.913686 7.308670
7.412742 23.495864 6.746672
6.716583 24.031036 6.161928
6.003961 24.521892 5.558359
5.274932 24.963482 4.936609
4.528969 25.346071 4.296144
3.767546 25.662777 3.638109
2.994322 25.915044 2.966023
2.213181 26.110579 2.284145
1.426673 26.255507 1.595775
0.636159 26.348175 0.903014
-0.156865 26.380301 0.207739
-0.949761 26.344401 -0.487458
-1.739350 26.240660 -1.179621
-2.523385 26.076826 -1.866509
-3.300788 25.861256 -2.546618
-4.070261 25.595638 -3.217906
-4.828917 25.274037 -3.876769
-5.572462 24.889146 -4.518582
-6.297170 24.439945 -5.139771
-7.001933 23.933507 -5.739517
-7.687778 23.379504 -6.318785
-8.354871 22.782829 -6.877091
-9.000091 22.141017 -7.410291
-9.617672 21.448626 -7.911805
-10.202649 20.704290 -8.376541
-10.754175 19.913581 -8.804110
-11.275197 19.085467 -9.197830
-11.768326 18.226455 -9.559964
-12.231895 17.337754 -9.887702
-12.660008 16.417540 -10.173843
-13.046667 15.465822 -10.411797
-13.390421 14.486953 -10.600539
-13.695154 13.487710 -10.744746
-13.965936 12.473808 -10.849580
-14.203753 11.448334 -10.914867
-14.404049 10.412949 -10.934130
-14.560463 9.370325 -10.899602
-14.670502 8.324958 -10.808872
-14.738007 7.281380 -10.666986
-14.770073 6.242544 -10.481926
-14.771376 5.210606 -10.257708
-14.741111 4.188836 -9.991337
-14.675021 3.182339 -9.676242
-14.570437 2.196492 -9.309013
-14.429741 1.234057 -8.893268
-14.259422 0.294100 -8.437426
-14.066096 -0.625552 -7.948931
-13.853140 -1.524756 -7.430038
-13.620430 -2.399954 -6.878298
-13.366819 -3.246436 -6.290852
-13.092869 -4.062049 -5.668644
-12.801625 -4.849280 -5.017197
-12.497235 -5.613848 -4.343983
-12.182988 -6.361150 -3.655075
-11.860312 -7.093713 -2.953489
-11.529214 -7.811378 -2.239837
-11.189462 -8.513422 -1.514275
-10.841345 -9.200641 -0.778173
-10.485309 -9.875954 -0.034639
-10.120783 -10.543501 0.711872
-9.745269 -11.207212 1.456279
-9.354742 -11.869829 2.193682
-8.945411 -12.532677 2.920241
-8.515596 -13.196012 3.633927
-8.065968 -13.859591 4.334441
-7.597541 -14.523109 5.021815
-7.108790 -15.186297 5.694302
-6.594423 -15.848700 6.347168
-6.047395 -16.509347 6.973668
-5.463027 -17.166707 7.568017
-4.841776 -17.819186 8.128305
-4.188012 -18.465585 8.656660
-3.505656 -19.104658 9.155820
-2.794343 -19.733972 9.624797
-2.049485 -20.349332 10.057519
-1.266519 -20.945700 10.446060
-0.445513 -21.519385 10.786108
0.408310 -22.069688 11.079866
1.288311 -22.597844 11.333315
2.190625 -23.103689 11.550081
3.115273 -23.583267 11.727599
4.063540 -24.029917 11.859058
5.034358 -24.438218 11.939356
6.023422 -24.807415 11.969631
7.025444 -25.140832 11.956160
8.036555 -25.441378 11.904737
9.054674 -25.707312 11.815857
10.078037 -25.932365 11.685006
11.103639 -26.110276 11.507631
12.127499 -26.239743 11.284077
13.146373 -26.325063 11.019925
14.158370 -26.371611 10.721644
15.161584 -26.380301 10.391794
16.152473 -26.346265 10.028103
17.125901 -26.263055 9.627095
18.077278 -26.128584 9.188699
19.004944 -25.947149 8.717435
19.909724 -25.725597 8.219408
20.791533 -25.467330 7.698308
21.646547 -25.169741 7.154043
22.467985 -24.827388 6.584964
23.250093 -24.437838 5.991309
23.991831 -24.004555 5.376419
24.696295 -23.534289 4.744974
25.365895 -23.031793 4.100501
25.998015 -22.496827 3.444436
26.585467 -21.925977 2.777244
27.121482 -21.317356 2.100230
27.604758 -20.673573 1.416045
28.039615 -20.000329 0.727694
28.430728 -19.302488 0.037590
28.777421 -18.581424 -0.652319
29.073032 -17.835831 -1.339824
29.310110 -17.065039 -2.022104
29.486752 -16.271413 -2.696444
29.608012 -15.459569 -3.361257
29.680768 -14.633740 -4.015801
29.706796 -13.796036 -4.658556
29.680663 -12.946979 -5.286049
29.594551 -12.087565 -5.893590
29.445625 -11.220552 -6.477616
29.238925 -10.349538 -7.037553
28.982984 -9.477353 -7.574803
28.682444 -8.605819 -8.089385
28.334606 -7.736847 -8.577589
27.933028 -6.873495 -9.033166
27.474657 -6.019621 -9.451276
26.963629 -5.178116 -9.831630
26.408363 -4.349883 -10.177488
25.815215 -3.535222 -10.491040
25.184651 -2.736196 -10.769581
24.513161 -1.957401 -11.006298
23.798825 -1.204133 -11.195164
23.045006 -0.479257 -11.335561
22.258912 0.218071 -11.432100
21.447156 0.889946 -11.489500
20.612659 1.535736 -11.507258
19.755322 2.150570 -11.479183
18.875453 2.727937 -11.398442
17.976287 3.264375 -11.263612
17.063197 3.761950 -11.080015
16.141275 4.225740 -10.854961
15.214113 4.658464 -10.591371
14.284410 5.057447 -10.285570
13.355287 5.416684 -9.931269
12.430554 5.732198 -9.526067
11.513362 6.005944 -9.074467
10.605151 6.244756 -8.584926
9.706627 6.455477 -8.064134
8.819584 6.640826 -7.513514
7.947413 6.799284 -6.930443
7.093693 6.928469 -6.312665
6.259936 7.028812 -5.661950
5.444440 7.104643 -4.984185
4.643447 7.162262 -4.286553
3.853599 7.207026 -3.574481
3.073507 7.241757 -2.850415
2.303407 7.267165 -2.114739
1.543606 7.283365 -1.367718
0.793009 7.291006 -0.611009
0.048569 7.291240 0.151952
-0.694329 7.284838 0.916386
-1.440961 7.271405 1.676921
-2.196141 7.249481 2.428459
-2.963070 7.217481 3.167175
-3.742731 7.174638 3.891280
-4.534422 7.120924 4.600722
-5.337409 7.055684 5.295463
-6.152659 6.975933 5.973163
-6.983178 6.875952 6.628115
-7.832283 6.749150 7.252686
-8.701096 6.591261 7.840803
-9.587557 6.402268 8.390998
-10.487778 6.185019 8.906077
-11.398240 5.941272 9.388980
-12.316904 5.668379 9.838163
-13.242490 5.359737 10.246680
-14.172836 5.009152 10.606192
-15.104380 4.615507 10.912873
-16.033462 4.183312 11.169944
-16.957370 3.718527 11.384021
-17.873531 3.223456 11.558408
-18.777970 2.695194 11.689545
-19.664988 2.129047 11.769890
-20.528965 1.523731 11.794680
-21.367090 0.883321 11.766329
-22.179754 0.214362 11.692353
-22.967368 -0.478621 11.578929
-23.726716 -1.195187 11.426169
-24.450703 -1.937124 11.229243
-25.132083 -2.704655 10.984029
-25.768069 -3.494550 10.691892
-26.361279 -4.301725 10.359223
-26.915411 -5.122072 9.992620
-27.429627 -5.953745 9.594395
-27.897198 -6.796133 9.162369
-28.309907 -7.647772 8.693854
-28.664412 -8.505530 8.189843
-28.964522 -9.365866 7.655438
-29.216767 -10.226248 7.096611
-29.423276 -11.084988 6.516689
-29.578784 -11.940008 5.915649
