Component 1 of 1:
-29.836661 -12.863340 5.331508
-29.830183 -13.699093 4.671065
-29.736519 -14.511727 3.988792
-29.624757 -15.318759 3.302564
-29.516377 -16.126567 2.617184
-29.396787 -16.930608 1.930276
-29.209699 -17.712278 1.233483
-28.897412 -18.442467 0.526257
-28.489655 -19.123693 -0.181225
-28.049623 -19.786381 -0.887254
-27.608098 -20.448226 -1.593307
-27.161388 -21.106946 -2.298651
-26.670318 -21.738940 -2.998573
-26.081994 -22.304299 -3.680074
-25.401109 -22.793711 -4.333788
-24.680603 -23.246083 -4.971921
-23.954932 -23.693586 -5.608064
-23.229087 -24.140853 -6.243976
-22.481345 -24.566571 -6.868769
-21.668427 -24.921593 -7.454934
-20.779643 -25.175998 -7.980318
-19.855599 -25.373329 -8.468560
-18.925641 -25.560586 -8.950222
-17.997410 -25.750794 -9.433954
-17.062519 -25.928943 -9.908546
-16.094905 -26.043174 -10.334225
-15.085963 -26.046018 -10.669507
-14.060558 -25.975844 -10.942035
-13.032175 -25.887582 -11.198731
-12.004025 -25.801002 -11.457069
-10.975131 -25.707628 -11.708460
-9.941468 -25.567971 -11.913263
-8.909910 -25.336075 -12.021330
-7.893533 -25.025690 -12.042551
-6.886479 -24.685050 -12.029180
-5.880177 -24.341609 -12.012817
-4.874550 -23.996822 -11.994380
-3.878770 -23.628257 -11.943584
-2.917099 -23.197256 -11.804784
-2.011342 -22.696785 -11.561040
-1.140269 -22.163515 -11.264529
-0.274861 -21.624841 -10.959549
0.592632 -21.087651 -10.657434
1.451837 -20.544768 -10.342687
2.265862 -19.973743 -9.964213
2.991896 -19.362772 -9.482711
3.654832 -18.731632 -8.939338
4.302015 -18.095929 -8.381292
4.950778 -17.460172 -7.824218
5.596303 -16.823951 -7.263601
6.214101 -16.184261 -6.676161
6.767657 -15.539899 -6.032258
7.253132 -14.894931 -5.335690
7.706468 -14.250922 -4.616294
8.155002 -13.606942 -3.893118
8.604985 -12.962730 -3.170465
9.051037 -12.317592 -2.445819
9.476216 -11.669122 -1.711421
9.864954 -11.015776 -0.961186
10.229057 -10.359710 -0.200972
10.586286 -9.703139 0.562047
10.943527 -9.047123 1.325419
11.300567 -8.389982 2.087671
11.652284 -7.720024 2.840897
11.988232 -7.014062 3.567695
12.302680 -6.263267 4.257994
12.604964 -5.489242 4.927396
12.905031 -4.711415 5.592848
13.205812 -3.935474 6.259312
13.502244 -3.153195 6.919169
13.774260 -2.333316 7.541991
13.996322 -1.446403 8.087353
14.174093 -0.510477 8.562262
14.334540 0.442223 9.009089
14.493853 1.396016 9.453657
14.652264 2.349832 9.897262
14.789761 3.317829 10.315008
14.862819 4.323452 10.651340
14.849539 5.362518 10.874627
14.789507 6.411686 11.034812
14.721565 7.462284 11.184025
14.656376 8.512458 11.336632
14.580863 9.563088 11.477573
14.448492 10.614552 11.552897
14.216620 11.650353 11.509634
13.916701 12.661611 11.382256
13.597313 13.663823 11.230278
13.278389 14.666410 11.078701
12.955164 15.666589 10.922536
12.595546 16.646745 10.726116
12.157280 17.571225 10.440489
11.645802 18.424885 10.068564
11.103656 19.242157 9.659307
10.557703 20.054960 9.245291
10.012240 20.868327 8.831950
9.450964 21.661503 8.401625
8.838024 22.379950 7.914565
8.162274 22.979885 7.355313
7.457130 23.507763 6.760343
6.746959 24.022428 6.159072
6.038157 24.540875 5.559375
5.324646 25.046333 4.954835
4.586176 25.477706 4.323845
3.813838 25.769407 3.654682
3.026284 25.956689 2.965951
2.235545 26.112144 2.272494
1.444791 26.267939 1.578929
0.653441 26.416679 0.884949
-0.142631 26.508187 0.186895
-0.941137 26.471583 -0.513199
-1.730743 26.308019 -1.205397
-2.512856 26.088540 -1.891011
-3.294049 25.862302 -2.575916
-4.075208 25.636210 -3.260685
-4.851467 25.377941 -3.939137
-5.607026 25.016230 -4.593026
-6.321632 24.518714 -5.202364
-7.007690 23.950152 -5.782042
-7.688458 23.369259 -6.356366
-8.370789 22.792027 -6.932447
-9.047332 22.201904 -7.501476
-9.690450 21.542091 -8.030860
-10.264172 20.769720 -8.481702
-10.782502 19.928289 -8.872280
-11.284341 19.068712 -9.245273
-11.786824 18.209784 -9.619114
-12.285186 17.346715 -9.987835
-12.750649 16.450236 -10.316762
-13.138802 15.490648 -10.554875
-13.445546 14.484113 -10.700693
-13.715177 13.461652 -10.805417
-13.980492 12.437273 -10.905539
-14.246247 11.413196 -11.006015
-14.492054 10.382316 -11.081041
-14.669014 9.334908 -11.070064
-14.746773 8.283401 -10.939375
-14.768468 7.239142 -10.743089
-14.779998 6.196449 -10.535159
-14.794175 5.152969 -10.330551
-14.800899 4.111813 -10.115211
-14.763578 3.086076 -9.838335
-14.645495 2.102756 -9.451736
-14.467476 1.163155 -8.986361
-14.269915 0.239703 -8.495814
-14.071344 -0.683589 -8.004105
-13.872028 -1.606041 -7.510611
-13.658945 -2.512081 -6.992838
-13.409891 -3.370018 -6.412628
-13.119522 -4.162367 -5.761995
-12.808706 -4.917846 -5.077050
-12.494122 -5.666802 -4.385706
-12.180067 -6.417401 -3.695108
-11.864329 -7.165605 -3.002159
-11.539083 -7.897471 -2.295939
-11.196285 -8.597160 -1.565598
-10.839602 -9.269732 -0.816506
-10.477828 -9.931858 -0.060467
-10.115895 -10.592691 0.696668
-9.754393 -11.253841 1.453656
-9.385773 -11.915651 2.206461
-8.987695 -12.579389 2.942192
-8.543377 -13.244820 3.649145
-8.072053 -13.910368 4.337970
-7.595433 -14.575705 5.022909
-7.120486 -15.240758 5.708601
-6.640812 -15.905509 6.390376
-6.127355 -16.569729 7.046820
-5.541128 -17.229481 7.643561
-4.885391 -17.879518 8.174834
-4.199464 -18.523344 8.674531
-3.509821 -19.166361 9.169939
-2.821722 -19.809459 9.666469
-2.117932 -20.446467 10.147381
-1.352445 -21.057046 10.563146
-0.502989 -21.617749 10.872095
0.388521 -22.144451 11.115757
1.287648 -22.664386 11.346621
2.184880 -23.186100 11.580442
3.087454 -23.701510 11.805436
4.021735 -24.179085 11.976435
5.004476 -24.578667 12.042551
6.014061 -24.910931 12.023869
7.030673 -25.218636 11.975235
8.047720 -25.525222 11.925010
9.065414 -25.828237 11.871276
10.089956 -26.097034 11.782173
11.122229 -26.281234 11.608627
12.148316 -26.370971 11.345835
13.166208 -26.415034 11.041641
14.182940 -26.452716 10.731556
15.199834 -26.491227 10.422271
16.211701 -26.508187 10.095902
17.200574 -26.448119 9.709927
18.141024 -26.277805 9.243863
19.046391 -26.046241 8.736055
19.944987 -25.803519 8.220700
20.845459 -25.563738 7.707182
21.738725 -25.312742 7.187141
22.590972 -25.001411 6.632444
23.359269 -24.588173 6.024373
24.061442 -24.108586 5.385600
24.744162 -23.611063 4.739041
25.427673 -23.114207 4.092666
26.104624 -22.611553 3.444350
26.736309 -22.069484 2.782649
27.268662 -21.452031 2.100172
27.705282 -20.774054 1.407094
28.101666 -20.073607 0.711842
28.494187 -19.370992 0.016306
28.883569 -18.666756 -0.679079
29.234753 -17.942389 -1.373758
29.484726 -17.171243 -2.061671
29.613827 -16.356297 -2.732375
29.681535 -15.523800 -3.390798
29.739840 -14.688725 -4.047329
29.799976 -13.854183 -4.704222
29.836661 -13.013655 -5.354665
29.781813 -12.153496 -5.977309
29.590166 -11.277278 -6.548404
29.320941 -10.399291 -7.084746
29.037226 -9.521406 -7.614348
28.757155 -8.643508 -8.145774
28.464430 -7.765979 -8.670115
28.101130 -6.892048 -9.154204
27.616437 -6.037129 -9.559147
27.050023 -5.205721 -9.902518
26.460124 -4.382779 -10.226947
25.870505 -3.559729 -10.551769
25.275255 -2.739016 -10.870999
24.637380 -1.935911 -11.149012
23.915263 -1.179306 -11.335823
23.123430 -0.477510 -11.433475
22.305041 0.198013 -11.492701
21.483679 0.870665 -11.547878
20.661924 1.542666 -11.601900
19.824226 2.196026 -11.625999
18.945428 2.789838 -11.562018
18.028501 3.297500 -11.386213
17.098103 3.755403 -11.152103
16.165471 4.204797 -10.908319
15.233161 4.656844 -10.667704
14.299961 5.099363 -10.414136
13.364312 5.489799 -10.093246
12.438345 5.784590 -9.661045
11.528304 6.012843 -9.159377
10.623153 6.223519 -8.640125
9.717163 6.435088 -8.121632
8.812599 6.644088 -7.599260
7.920983 6.829435 -7.046393
7.063226 6.960541 -6.428028
6.246469 7.035221 -5.747306
5.450608 7.083544 -5.039220
4.657738 7.127713 -4.326615
3.863664 7.172853 -3.614693
3.071727 7.215952 -2.899779
2.292424 7.247676 -2.170209
1.536074 7.259571 -1.416097
0.796018 7.257894 -0.645771
0.060898 7.252304 0.129317
-0.673705 7.246788 0.904889
-1.409013 7.241078 1.679682
-2.151284 7.230036 2.447580
-2.914620 7.202315 3.193904
-3.705733 7.151623 3.909204
-4.511615 7.088129 4.606404
-5.319934 7.022444 5.300032
-6.126921 6.957866 5.994502
-6.937459 6.888086 6.683293
-7.770924 6.787398 7.339295
-8.645947 6.624231 7.924168
-9.551680 6.405708 8.439867
-10.468073 6.164844 8.925759
-11.385416 5.922045 9.408513
-12.302290 5.678943 9.890858
-13.224204 5.413852 10.350163
-14.158131 5.078708 10.732100
-15.094028 4.652287 11.001466
-16.023658 4.178559 11.206206
-16.951895 3.696708 11.399309
-17.880657 3.217482 11.595731
-18.806243 2.728659 11.780564
-19.713040 2.187733 11.900185
-20.571948 1.562275 11.901380
-21.386002 0.884352 11.818121
-22.185494 0.192232 11.710145
-22.985483 -0.499594 11.602584
-23.781216 -1.194986 11.489536
-24.544357 -1.917579 11.333132
-25.228519 -2.691340 11.084278
-25.826566 -3.503403 10.749701
-26.384725 -4.328624 10.379328
-26.938460 -5.155386 10.004781
-27.491080 -5.982517 9.629500
-28.014305 -6.818181 9.231959
-28.447951 -7.672977 8.771923
-28.760429 -8.538925 8.239203
-29.006267 -9.404885 7.671421
-29.241017 -10.270950 7.097633
-29.479245 -11.137436 6.525229
-29.700377 -12.003452 5.945423
