Component 1 of 1:
-28.229733 -12.385623 4.818063
-28.266142 -13.168056 4.232471
-28.250595 -13.939463 3.631646
-28.183200 -14.697681 3.017850
-28.064215 -15.440604 2.393352
-27.894046 -16.166185 1.760423
-27.673240 -16.872438 1.121336
-27.402482 -17.557443 0.478358
-27.082592 -18.219347 -0.166250
-26.714514 -18.856368 -0.810235
-26.299324 -19.466795 -1.451358
-25.838216 -20.048993 -2.087393
-25.332508 -20.601404 -2.716129
-24.783633 -21.122552 -3.335376
-24.193141 -21.611043 -3.942963
-23.562697 -22.065570 -4.536742
-22.894081 -22.484917 -5.114595
-22.189182 -22.867966 -5.674430
-21.450002 -23.213696 -6.214191
-20.678651 -23.521194 -6.731860
-19.877347 -23.789658 -7.225465
-19.048413 -24.018404 -7.693079
-18.194274 -24.206874 -8.132838
-17.317452 -24.354642 -8.542939
-16.420562 -24.461422 -8.921656
-15.506308 -24.527077 -9.267345
-14.577466 -24.551624 -9.578461
-13.636885 -24.535243 -9.853566
-12.687464 -24.478285 -10.091346
-11.732145 -24.381274 -10.290625
-10.773888 -24.244916 -10.450379
-9.815656 -24.070096 -10.569757
-8.860386 -23.857882 -10.648092
-7.910965 -23.609518 -10.684920
-6.970201 -23.326417 -10.679991
-6.040788 -23.010151 -10.633281
-5.125280 -22.662431 -10.545002
-4.226057 -22.285088 -10.415603
-3.345295 -21.880048 -10.245770
-2.484939 -21.449302 -10.036419
-1.646686 -20.994872 -9.788688
-0.831964 -20.518784 -9.503916
-0.041923 -20.023026 -9.183627
0.722565 -19.509522 -8.829505
1.460902 -18.980097 -8.443367
2.172757 -18.436452 -8.027138
2.858043 -17.880137 -7.582828
3.516900 -17.312537 -7.112500
4.149667 -16.734851 -6.618253
4.756851 -16.148088 -6.102200
5.339103 -15.553061 -5.566454
5.897182 -14.950381 -5.013111
6.431925 -14.340465 -4.444243
6.944222 -13.723542 -3.861893
7.434981 -13.099657 -3.268071
7.905108 -12.468685 -2.664754
8.355481 -11.830342 -2.053888
8.786926 -11.184201 -1.437393
9.200200 -10.529705 -0.817170
9.595971 -9.866187 -0.195106
9.974804 -9.192882 0.426914
10.337146 -8.508954 1.047003
10.683315 -7.813509 1.663261
11.013487 -7.105621 2.273766
11.327692 -6.384355 2.876565
11.625802 -5.648790 3.469672
11.907532 -4.898046 4.051057
12.172437 -4.131316 4.618645
12.419909 -3.347890 5.170319
12.649184 -2.547190 5.703912
12.859349 -1.728800 6.217224
13.049351 -0.892499 6.708022
13.218012 -0.038292 7.174057
13.364048 0.833562 7.613084
13.486093 1.722521 8.022879
13.582720 2.627744 8.401266
13.652478 3.548068 8.746150
13.693922 4.482006 9.055541
13.705644 5.427742 9.327596
13.686314 6.383145 9.560643
13.634709 7.345782 9.753216
13.549744 8.312948 9.904081
13.430506 9.281698 10.012260
13.276271 10.248891 10.077046
13.086523 11.211229 10.098011
12.860965 12.165311 10.075015
12.599525 13.107673 10.008194
12.302357 14.034834 9.897958
11.969831 14.943343 9.744973
11.602529 15.829808 9.550143
11.201226 16.690928 9.314592
10.766883 17.523522 9.039639
10.300626 18.324549 8.726779
9.803730 19.091119 8.377662
9.277607 19.820506 7.994071
8.723789 20.510161 7.577909
8.143914 21.157708 7.131179
7.539713 21.760954 6.655971
6.912998 22.317889 6.154449
6.265654 22.826683 5.628844
5.599625 23.285689 5.081437
4.916908 23.693443 4.514560
4.219546 24.048657 3.930580
3.509616 24.350223 3.331896
2.789229 24.597208 2.720937
2.060518 24.788854 2.100149
1.325634 24.924573 1.471996
0.586744 25.003949 0.838955
-0.153978 25.026736 0.203511
-0.894351 24.992857 -0.431849
-1.632197 24.902401 -1.064632
-2.365341 24.755629 -1.692351
-3.091616 24.552972 -2.312523
-3.808869 24.295029 -2.922676
-4.514968 23.982577 -3.520350
-5.207802 23.616566 -4.103105
-5.885294 23.198123 -4.668526
-6.545402 22.728558 -5.214226
-7.186132 22.209362 -5.737856
-7.805543 21.642213 -6.237114
-8.401757 21.028972 -6.709749
-8.972972 20.371692 -7.153578
-9.517471 19.672609 -7.566491
-10.033635 18.934146 -7.946473
-10.519961 18.158911 -8.291612
-10.975070 17.349683 -8.600119
-11.397730 16.509412 -8.870350
-11.786866 15.641200 -9.100822
-12.141581 14.748286 -9.290240
-12.461173 13.834024 -9.437515
-12.745142 12.901850 -9.541789
-12.993211 11.955254 -9.602456
-13.205328 10.997737 -9.619176
-13.381669 10.032765 -9.591891
-13.522641 9.063729 -9.520831
-13.628870 8.093891 -9.406516
-13.701188 7.126336 -9.249751
-13.740611 6.163935 -9.051611
-13.748314 5.209298 -8.813422
-13.725601 4.264746 -8.536737
-13.673870 3.332290 -8.223306
-13.594580 2.413612 -7.875043
-13.489211 1.510064 -7.493991
-13.359234 0.622669 -7.082293
-13.206078 -0.247861 -6.642158
-13.031098 -1.101113 -6.175833
-12.835555 -1.936945 -5.685580
-12.620588 -2.755456 -5.173652
-12.387207 -3.556959 -4.642283
-12.136270 -4.341946 -4.093671
-11.868480 -5.111060 -3.529972
-11.584382 -5.865055 -2.953297
-11.284352 -6.604775 -2.365714
-10.968608 -7.331116 -1.769241
-10.637205 -8.045005 -1.165861
-10.290045 -8.747371 -0.557521
-9.926884 -9.439120 0.053860
-9.547338 -10.121113 0.666380
-9.150898 -10.794148 1.278149
-8.736940 -11.458935 1.887280
-8.304742 -12.116079 2.491877
-7.853499 -12.766066 3.090033
-7.382340 -13.409243 3.679820
-6.890353 -14.045803 4.259285
-6.376605 -14.675774 4.826445
-5.840166 -15.299004 5.379289
-5.280138 -15.915154 5.915777
-4.695683 -16.523690 6.433843
-4.086051 -17.123874 6.931406
-3.450614 -17.714771 7.406380
-2.788894 -18.295243 7.856684
-2.100594 -18.863964 8.280267
-1.385627 -19.419426 8.675124
-0.644136 -19.959958 9.039319
0.123478 -20.483750 9.371014
0.916549 -20.988875 9.668491
1.734130 -21.473320 9.930181
2.574998 -21.935022 10.154686
3.437654 -22.371896 10.340802
4.320337 -22.781877 10.487536
5.221044 -23.162947 10.594119
6.137550 -23.513172 10.660013
7.067440 -23.830725 10.684920
8.008136 -24.113914 10.668772
8.956930 -24.361200 10.611730
9.911016 -24.571211 10.514170
10.867519 -24.742751 10.376674
11.823525 -24.874810 10.200010
12.776103 -24.966559 9.985122
13.722333 -25.017356 9.733105
14.659319 -25.026736 9.445197
15.584210 -24.994412 9.122758
16.494213 -24.920263 8.767259
17.386602 -24.804329 8.380266
18.258731 -24.646804 7.963430
19.108038 -24.448029 7.518478
19.932052 -24.208480 7.047199
20.728401 -23.928766 6.551441
21.494809 -23.609620 6.033102
22.229106 -23.251890 5.494122
22.929227 -22.856536 4.936479
23.593213 -22.424622 4.362187
24.219216 -21.957312 3.773285
24.805496 -21.455863 3.171841
25.350425 -20.921624 2.559943
25.852489 -20.356028 1.939699
26.310286 -19.760590 1.313234
26.722530 -19.136903 0.682688
27.088053 -18.486638 0.050215
27.405805 -17.811536 -0.582023
27.674858 -17.113409 -1.211850
27.894410 -16.394139 -1.837089
28.063787 -15.655670 -2.455554
28.182447 -14.900012 -3.065056
28.249986 -14.129234 -3.663410
28.266142 -13.345464 -4.248431
28.230800 -12.550883 -4.817942
28.143999 -11.747722 -5.369779
28.005938 -10.938262 -5.901792
27.816981 -10.124821 -6.411857
27.577664 -9.309754 -6.897875
27.288705 -8.495446 -7.357787
26.951003 -7.684301 -7.789580
26.565653 -6.878733 -8.191295
26.133944 -6.081158 -8.561046
25.657370 -5.293980 -8.897026
25.137629 -4.519572 -9.197530
24.576627 -3.760266 -9.460967
23.976476 -3.018328 -9.685883
23.339487 -2.295942 -9.870982
22.668165 -1.595179 -10.015148
21.965192 -0.917979 -10.117464
21.233405 -0.266122 -10.177239
20.475770 0.358797 -10.194025
19.695352 0.955395 -10.167632
18.895270 1.522517 -10.098142
18.078658 2.059261 -9.985914
17.248616 2.564983 -9.831583
16.408159 3.039308 -9.636055
15.560175 3.482126 -9.400490
14.707372 3.893583 -9.126281
13.852244 4.274068 -8.815033
12.997035 4.624187 -8.468529
12.143712 4.944737 -8.088701
11.293951 5.236676 -7.677596
10.449124 5.501088 -7.237345
9.610300 5.739146 -6.770135
8.778251 5.952080 -6.278182
7.953461 6.141142 -5.763711
7.136147 6.307577 -5.228932
6.326279 6.452590 -4.676036
5.523598 6.577325 -4.107177
4.727647 6.682843 -3.524470
3.937794 6.770100 -2.929991
3.153254 6.839933 -2.325774
2.373123 6.893049 -1.713816
1.596393 6.930013 -1.096084
0.821986 6.951242 -0.474518
0.048772 6.956998 0.148958
-0.724405 6.947386 0.772425
-1.498705 6.922354 1.393966
-2.275262 6.881689 2.011652
-3.055170 6.825028 2.623535
-3.839450 6.751855 3.227637
-4.629031 6.661512 3.821948
-5.424719 6.553208 4.404415
-6.227178 6.426030 4.972944
-7.036899 6.278961 5.525394
-7.854173 6.110893 6.059581
-8.679070 5.920654 6.573283
-9.511414 5.707029 7.064251
-10.350756 5.468790 7.530217
-11.196364 5.204725 7.968921
-12.047204 4.913672 8.378125
-12.901935 4.594553 8.755643
-13.758906 4.246413 9.099373
-14.616169 3.868448 9.407324
-15.471489 3.460042 9.677655
-16.322371 3.020794 9.908706
-17.166097 2.550543 10.099030
-17.999761 2.049381 10.247418
-18.820316 1.517666 10.352925
-19.624625 0.956025 10.414886
-20.409509 0.365346 10.432920
-21.171798 -0.253230 10.406938
-21.908373 -0.898329 10.337131
-22.616215 -1.568366 10.223965
-23.292429 -2.261569 10.068158
-23.934282 -2.976004 9.870663
-24.539220 -3.709603 9.632644
-25.104882 -4.460191 9.355454
-25.629115 -5.225508 9.040608
-26.109972 -6.003231 8.689764
-26.545717 -6.790995 8.304700
-26.934826 -7.586407 7.887296
-27.275976 -8.387066 7.439517
-27.568044 -9.190570 6.963398
-27.810104 -9.994530 6.461034
-28.001415 -10.796579 5.934565
-28.141419 -11.594377 5.386172
