52.6616536614501 31.5383737926444 -0.018361038159516
52.5996985112827 31.5383741753645 1.09013796423659
52.3979134556444 31.5383754369649 2.18155457267357
52.0886380852079 31.5383773368467 3.24698697394363
51.7182307815158 31.5383795270879 4.29228828101464
51.3380540519492 31.5383816191759 5.33390485839471
50.996629770298 31.5383832458999 6.38896365283707
50.732456035298 31.5383841198704 7.46616068991157
50.5670216076803 31.5383840871555 8.56296005243956
50.4998111655227 31.5383831597395 9.67004238229598
50.5078560442711 31.5383815103964 10.7789708245579
50.5503489651062 31.538379433083 11.8870652673151
50.5765302155578 31.5383772882952 12.9958748346237
50.5348672499647 31.5383754479374 14.1046578363751
50.3825358015663 31.5383742392308 15.2042194546945
50.0939713957408 31.538373885779 16.2764431633123
49.6659534871578 31.5383744583861 17.300981736911
49.116874203077 31.5383758570946 18.2656719136405
48.4806134152884 31.5383778341826 19.174633324
47.7985391109137 31.538380046024 20.0492563296914
47.1133313411334 31.5383821126873 20.9212795481796
46.4651393977236 31.5383836753837 21.821319143838
45.8874992814632 31.5383844545792 22.7684219008332
45.4011396071824 31.5383843055399 23.7655731348921
45.0074440360808 31.5383832523188 24.8027044268966
44.6855628963579 31.538381481953 25.8641410088673
44.3956539444606 31.5383793021779 26.9347055998328
44.0875119327476 31.5383770835437 28.0003988576369
43.7119367146708 31.5383752013128 29.0447235446353
43.2318671379851 31.5383739771961 30.0458740515938
42.630199807971 31.5383736210507 30.9793772237271
41.9115763057319 31.5383741872299 31.8261021542694
41.0976166846744 31.5383755654654 32.5811515371629
40.2184549561517 31.5383775108953 33.2584141104978
39.3052353599639 31.5383796973339 33.8883428820387
38.3866298416525 31.5383817727685 34.5101268735389
37.4886762706866 31.538383408214 35.1614974826178
36.6345957839278 31.5383843429596 35.8696582489475
35.8419285591546 31.5383844265818 36.6460659976523
35.1173851930967 31.5383836472628 37.4863240635982
34.4523771803502 31.53838213386 38.3742582106766
33.8223501107863 31.5383801306697 39.2872308850799
33.1911809192301 31.5383779565708 40.1995412680168
32.5196613781521 31.5383759603913 41.0829970416235
31.7755531183967 31.538374473868 41.9068566829334
30.9418964884791 31.5383737584421 42.6405263883019
30.0203075326471 31.5383739516051 43.2603142354565
29.027652163101 31.5383750316979 43.7578763756991
27.9877843000665 31.538376818899 44.1459006141232
26.9230894396857 31.5383790121498 44.4577333221547
25.8506809542262 31.5383812444093 44.7408084542673
24.7844110101672 31.5383831397208 45.0461858200869
23.7389601510516 31.5383843700462 45.4171182311638
22.7304727548434 31.5383847141812 45.8795098950112
21.7713817596738 31.5383841070927 46.4370923932051
20.8624420717923 31.5383826573244 47.0728151959958
19.9879049956615 31.53838062268 47.7548102756223
19.1180995735401 31.5383783582816 48.4429243385513
18.2191740521586 31.5383762581095 49.093150207034
17.2655967946757 31.5383746962937 49.6612313424514
16.2493072777285 31.5383739634393 50.1085920088107
15.1808034826848 31.5383742045416 50.4110924854742
14.0815870736698 31.5383753821199 50.5669779939677
12.9723824628035 31.5383772843885 50.5994399823657
11.864224966492 31.5383795735225 50.5523000842618
10.7576165267483 31.5383818496489 50.4810717627147
9.6493297648248 31.5383837124096 50.442518446807
8.54093266642185 31.5383848216037 50.4842337039958
7.4419168084836 31.5383849609584 50.6351604650152
6.36458360141688 31.5383840896415 50.8993751155883
5.31438737911224 31.5383823551428 51.2557880936075
4.28324140815305 31.5383800596704 51.6636097431477
3.25150884124938 31.5383776000758 52.0703138751342
2.19837925850243 31.5383754043508 52.4193847319865
1.11433125064645 31.5383738667434 52.6584004516921
0.00749898383643968 31.5383732748027 52.748808651873
-1.10061781457711 31.5383737416506 52.6753844511321
-2.18776467236954 31.5383751755812 52.4505278970887
-3.24398028277449 31.5383773055515 52.1106337725745
-4.27693853642735 31.5383797468837 51.7068824847959
-5.30663131003113 31.5383820747241 51.2953418499906
-6.35333849392022 31.5383838891218 50.9288165571661
-7.42680726940328 31.5383848772445 50.6493102100596
-8.52320901782861 31.5383848730622 50.480239023813
-9.6308530811816 31.5383838939976 50.4206921306377
-10.7396127558131 31.5383821334731 50.4450319351586
-11.8467420268859 31.5383799136875 50.508399267449
-12.9548860800121 31.5383776234204 50.5557427042298
-14.0642688917397 31.538375658276 50.5319369312034
-15.165583891399 31.5383743613799 50.3919610913267
-16.239656089878 31.5383739614214 50.1098555008551
-17.2650735016438 31.5383745226872 49.6836491334818
-18.2294522739659 31.5383759307207 49.133844017642
-19.1376058049518 31.5383779219498 48.4963110184266
-20.0118710085857 31.5383801414107 47.8136746231162
-20.884412208829 31.5383822051718 47.1290173106849
-21.7854740507376 31.5383837579046 46.4821308562359
-22.7332990116387 31.5383845291058 45.905559245417
-23.7302705848749 31.5383843846943 45.4187072238014
-24.7662752749026 31.5383833559492 45.0218947535648
-25.825976394495 31.5383816300827 44.6941072513884
-26.8945155571684 31.5383795074393 44.3965258467798
-27.9580942103211 31.5383773454515 44.080919320984
-29.0006507884478 31.5383755033966 43.7003439034628
-30.001401526973 31.5383742880986 43.2194161915946
-30.9372697631417 31.5383739007519 42.6214351665852
-31.7900930590527 31.538374397441 41.9100345273177
-32.5546844433538 31.5383756803555 41.1049595373574
-33.2431595672665 31.5383775239228 40.2344400425742
-33.8832770402549 31.5383796225816 39.3282122710167
-34.5116384249789 31.5383816418721 38.4139920746454
-35.1644746667415 31.5383832642399 37.5170343632229
-35.8690849959952 31.5383842316278 36.6599733815749
-36.6384510633813 31.5383843857698 35.8604126354648
-37.4703949939317 31.5383836976661 35.1262487672466
-38.350793723583 31.538382274212 34.4511780132268
-39.2584285897221 31.5383803387382 33.8133747453916
-40.1684918026213 31.5383781944074 33.1789131800992
-41.0534809745082 31.5383761817734 32.5094220396562
-41.8831425721783 31.5383746331972 31.7718202037921
-42.6267012798006 31.5383738206855 30.9469818392018
-43.2590982854931 31.5383739011508 30.0339627233666
-43.7694383250637 31.5383748766673 29.0477369437755
-44.1673503957979 31.5383765890105 28.011517424032
-44.4836061858007 31.5383787516444 26.9480504534316
-44.7643463968999 31.5383810033571 25.8749909886115
-45.0609684719216 31.538382965628 24.8062528953419
-45.4185939833197 31.5383842996172 23.7561897149758
-45.8660042959676 31.5383847656584 22.7409670525939
-46.4099595155393 31.5383842757817 21.7740566923224
-47.0357493583152 31.5383829168176 20.8582149247153
-47.7127973580077 31.5383809311635 19.9798326209461
-48.4014027671248 31.5383786667336 19.1104578455609
-49.0575082064799 31.5383765180946 18.2158976332249
-49.6362841498937 31.5383748674717 17.2688583822055
-50.0977493838458 31.5383740209811 16.2589455295781
-50.4154433642267 31.5383741444241 15.1948631601048
-50.5848434227629 31.53837522146 14.097614686937
-50.6267185367696 31.5383770563436 12.9886825202713
-50.5834291425305 31.53837931944 11.880345025215
-50.5101696024637 31.5383816117029 10.7738820793706
-50.464419138697 31.538383527719 9.66590994915976
-50.4953463049301 31.538384717016 8.55720517039719
-50.6340577359548 31.5383849486064 7.45661145749117
-50.886907580483 31.5383841651348 6.37656560698042
-51.2346547120511 31.5383824997345 5.32347331339695
-51.6376284988492 31.5383802452433 4.29044428581586
-52.043741568982 31.5383777944264 3.25852922097068
-52.3963934430651 31.5383755755842 2.206665010316
-52.6425583736608 31.5383739874986 1.12428843311821
-52.7424857213457 31.5383733267919 0.0183228635300841
-52.679277574137 31.5383737192042 -1.09040782065952
-52.4635806804731 31.5383750863051 -2.17942135028965
-52.1303939516794 31.53837716778 -3.23779623139365
-51.7300598407289 31.5383795855429 -4.27209867001884
-51.3183093096364 31.5383819173621 -5.30170062881367
-50.9480335052881 31.5383837622908 -6.34706306881544
-50.6618136696571 31.538384802454 -7.41873715410982
-50.4842211438169 31.538384862545 -8.5137807501243
-50.4159512224762 31.5383839479723 -9.6209278609253
-50.4330659808867 31.5383822402586 -10.7298352619394
-50.4921156537617 31.5383800522384 -11.8372052898171
-50.5389203116036 31.5383777668387 -12.9453528599721
-50.5185455565322 31.5383757776904 -14.0547673393269
-50.3853806645138 31.5383744306676 -15.156889540573
-50.1121319204531 31.5383739626712 -16.2332309201363
-49.695060038658 31.5383744507009 -17.262410553192
-49.1529729652005 31.5383757944744 -18.231191577683
-48.5205323979027 31.5383777425175 -19.1429537954739
-47.8397170808332 31.538379947748 -20.018678952879
-47.1533608490092 31.5383820293676 -20.889896121561
-46.5013144317811 31.5383836302207 -21.7872212396027
-45.9166472241557 31.5383844725308 -22.7300638859427
-45.419966312003 31.5383844099017 -23.7221805984203
-45.0134058113844 31.5383834586964 -24.7544187023728
-44.6779538879566 31.5383817922503 -25.8117387160062
-44.3764190126974 31.5383797008455 -26.8791710384691
-44.0613778381193 31.5383775366922 -27.9428924049946
-43.6856638940817 31.5383756589703 -28.9871663951102
-43.2126910694961 31.5383743800384 -29.9916571658394
-42.6239193510242 31.5383739122679 -30.9333245290694
-41.9210833576337 31.5383743267247 -31.793234130784
-41.1225294397394 31.5383755407965 -32.5646821095713
-40.2558317352229 31.5383773407508 -33.2580231098656
-39.3506488727141 31.5383794276157 -33.8996578986957
-38.434846997654 31.5383814680875 -34.5257118658132
-37.5338716321711 31.5383831406946 -35.1729618472307
-36.6707158212514 31.538384178674 -35.870059911955
-35.8637768272853 31.5383844111703 -36.6316680999635
-35.1222648832288 31.538383795035 -37.4570705853919
-34.4414470873371 31.5383824246573 -38.333036211142
-33.8008272100894 31.5383805150171 -39.2386733145208
-33.1670956997357 31.5383783659387 -40.1492075461207
-32.5015569572183 31.5383763193985 -41.0371141131094
-31.7699682005008 31.5383747136477 -41.8720200767972
-30.9516118594556 31.5383738307247 -42.6226629322037
-30.0440955787302 31.5383738403579 -43.2629260451166
-29.0615758988586 31.5383747574219 -43.7804063154629
-28.0272163392463 31.5383764333666 -44.1832016740475
-26.9641964134019 31.5383785864675 -44.5010131544742
-25.8905981024959 31.538380855596 -44.7796679851297
-24.8204423455184 31.5383828584882 -45.0710522826762
-23.7679649993853 31.5383842492631 -45.4214304612684
-22.7493757536228 31.5383847783958 -45.8610840280843
-21.7786682649531 31.5383843467527 -46.3982299034027
-20.8595579346007 31.5383830311977 -47.0192154562288
-19.9794432292683 31.5383810674364 -47.6940020923377
-19.1104438679386 31.5383788005381 -48.3830451466508
-18.2182074479133 31.5383766256664 -49.0422442975067
-17.2745979224371 31.538374928933 -49.6265218001678
-16.2680686715494 31.5383740238204 -50.095265277101
-15.2063882659784 31.5383740863607 -50.4208985236894
-14.1102472794944 31.5383751112102 -50.5974653784777
-13.0014844430518 31.5383769117039 -50.6443562519202
-11.8930520710148 31.5383791636927 -50.6029552793945
-10.7866968451164 31.5383814698869 -50.5280478000623
-9.67895802346464 31.5383834233025 -50.4772974546276
-8.5700882529256 31.5383846684572 -50.5006422236754
-7.46842260860586 31.538384965802 -50.6304674856341
-6.38638518998873 31.5383842470928 -50.87466490927
-5.33099823267688 31.538382634857 -51.2154118631897
-4.29629097464629 31.5383804139832 -51.6140536790285
-3.2639673521166 31.538377972746 -52.0190654222566
-2.21292028691298 31.5383757382052 -52.3740126191794
-1.13183992437113 31.5383741113562 -52.6255989112197
-0.0266340807093312 31.5383733951102 -52.7332522418191
1.08254925775013 31.5383737251416 -52.6787436352727
2.17315963699921 31.5383750343382 -52.4711896672362
3.23351544066073 31.5383770721458 -52.1442709033902
4.26919906762032 31.5383794668868 -51.7474661459963
5.29895891477932 31.5383817991893 -51.3361025790957
6.34333074251599 31.5383836675988 -50.9630783243422
7.41353156867527 31.5383847499642 -50.6714534537669
8.5074078213216 31.5383848627357 -50.486830027741
9.61409863134717 31.5383840004328 -50.4113745112586
10.7230951660571 31.5383823336946 -50.4227251289157
11.830628003743 31.5383801668469 -50.478735832206
12.9387412037322 31.5383778777682 -50.5259993186492
14.0481924113249 31.5383758589795 -50.5096704240376
15.151102528979 31.5383744599974 -50.3834519732611
16.2295425981876 31.538373926676 -50.1186493823261
17.2620132581263 31.5383743490617 -49.7097461124847
18.2343138914905 31.5383756407493 -49.1739204455073
19.148387658363 31.5383775613306 -48.5447575229959
20.024008493562 31.5383797698538 -47.8637753987865
20.8923499007353 31.5383818862533 -47.1737939721786
21.7847226672541 31.5383835486262 -46.5150236611613
22.7219446453006 31.5383844688384 -45.9214268585032
23.7092084898015 31.5383844856359 -45.415184080075
24.7382078540461 31.5383835993141 -45.0004872900398
25.794011453789 31.5383819701163 -44.6603055961037
26.8613998801662 31.5383798809925 -44.3587174535774
27.9264659461536 31.538377683283 -44.0484478071042
28.9737044457694 31.5383757416391 -43.6812775780257
29.9829324399273 31.5383743800844 -43.218628472904
30.9306009866464 31.5383738275881 -42.6396142399461
31.7963793215468 31.5383741731789 -41.9440172878385
32.5716737348468 31.5383753486189 -41.1491814124953
33.2652602998751 31.538377147166 -40.2826847823402
33.9030130193605 31.5383792684551 -39.3748044966282
34.5218736298087 31.5383813705676 -38.4542014393312
35.1605129560699 31.5383831179724 -37.5471904490181
35.8498668777901 31.538384226535 -36.6779176022872
36.6064527349123 31.5383845081358 -35.8663334113079
37.4304093010806 31.5383839070748 -35.1232807266346
38.3083147816026 31.5383825136377 -34.4450602010264
39.2184649130659 31.5383805479189 -33.8110080850471
40.1351249432322 31.5383783220092 -33.1863340059936
41.0297817082062 31.5383761942426 -32.5300356668505
41.8708528282761 31.5383745202349 -31.8056234680584
42.6255999449337 31.5383735966251 -30.991082308508
43.2666088758103 31.5383736004946 -30.084108778338
43.7810831207592 31.5383745438453 -29.1000441688541
44.1780612971979 31.538376266013 -28.0635011646464
44.4892753629301 31.538378468534 -26.9986172805183
44.7628879838748 31.5383807742619 -25.9238108100375
45.0525234262291 31.5383827895483 -24.8532526129129
45.4049365996498 31.5383841644725 -23.8015123540017
45.8494883637024 31.5383846546005 -22.785110759028
46.3924945256209 31.5383841742341 -21.8177468971096
47.0182479353957 31.5383828174629 -20.9019707180453
47.6952221348443 31.5383808346789 -20.0236285638261
48.3832161068725 31.53837857838 -19.1538655536123
49.0383024512897 31.5383764418336 -18.2586549571508
49.616518283969 31.5383747994833 -17.3113810795955
50.0794516340614 31.5383739448633 -16.3022644654518
50.4024796181525 31.5383740309237 -15.23992022677
50.5823558488935 31.5383750341857 -14.1444565817878
50.6397825674291 31.5383767615405 -13.0363014076029
50.6154397802321 31.5383788958615 -11.9274283718765
50.561500325053 31.5383810580483 -10.8198851460526
50.531644650365 31.5383828673998 -9.71142681046001
50.5712396759771 31.5383839994129 -8.60310247470125
50.7086057663946 31.5383842440068 -7.50248149893518
50.9492628791225 31.5383835521496 -6.41979345268619
51.2753453414899 31.5383820490719 -5.35989362639248
51.65020924071 31.5383800061667 -4.31639377347915
52.0256754860206 31.5383777867222 -3.27299581563235
52.3495410145483 31.5383757852812 -2.21203387121622
52.5734146548885 31.5383743653456 -1.12503785587535

52.6616536614496 -31.5383737926444 -0.0183610381591317
52.5996985112817 -31.5383741753645 1.09013796423695
52.3979134556431 -31.5383754369649 2.18155457267386
52.0886380852064 -31.5383773368467 3.24698697394384
51.7182307815142 -31.5383795270879 4.29228828101482
51.3380540519477 -31.5383816191759 5.33390485839493
50.9966297702969 -31.5383832458999 6.3889636528374
50.7324560352974 -31.5383841198704 7.46616068991202
50.5670216076803 -31.5383840871555 8.56296005244011
50.4998111655234 -31.5383831597395 9.67004238229657
50.5078560442723 -31.5383815103964 10.7789708245585
50.5503489651078 -31.538379433083 11.8870652673156
50.5765302155596 -31.5383772882952 12.9958748346242
50.5348672499663 -31.5383754479374 14.1046578363756
50.3825358015673 -31.5383742392308 15.204219454695
50.0939713957412 -31.538373885779 16.2764431633126
49.6659534871575 -31.5383744583861 17.300981736911
49.1168742030759 -31.5383758570946 18.2656719136401
48.4806134152868 -31.5383778341826 19.1746333239992
47.7985391109117 -31.538380046024 20.0492563296903
47.1133313411313 -31.5383821126873 20.9212795481785
46.4651393977216 -31.5383836753837 21.8213191438369
45.8874992814616 -31.5383844545792 22.7684219008324
45.4011396071813 -31.5383843055399 23.7655731348915
45.0074440360804 -31.5383832523188 24.8027044268962
44.6855628963581 -31.538381481953 25.8641410088672
44.3956539444614 -31.5383793021779 26.9347055998328
44.0875119327487 -31.5383770835437 28.000398857637
43.711936714672 -31.5383752013128 29.0447235446354
43.2318671379863 -31.5383739771961 30.0458740515939
42.6301998079719 -31.5383736210507 30.9793772237271
41.9115763057326 -31.5383741872299 31.8261021542691
41.0976166846748 -31.5383755654654 32.5811515371623
40.2184549561519 -31.5383775108953 33.258414110497
39.305235359964 -31.5383796973339 33.8883428820378
38.3866298416525 -31.5383817727685 34.5101268735378
37.4886762706867 -31.538383408214 35.1614974826169
36.6345957839281 -31.5383843429596 35.8696582489467
35.8419285591551 -31.5383844265818 36.6460659976518
35.1173851930973 -31.5383836472628 37.4863240635978
34.4523771803511 -31.53838213386 38.3742582106764
33.8223501107872 -31.5383801306697 39.2872308850797
33.1911809192309 -31.5383779565708 40.1995412680165
32.5196613781528 -31.5383759603913 41.0829970416232
31.7755531183971 -31.538374473868 41.9068566829328
30.9418964884793 -31.5383737584421 42.640526388301
30.020307532647 -31.5383739516051 43.2603142354553
29.0276521631009 -31.5383750316979 43.7578763756977
27.9877843000664 -31.538376818899 44.1459006141218
26.9230894396856 -31.5383790121498 44.4577333221534
25.8506809542262 -31.5383812444093 44.7408084542663
24.7844110101673 -31.5383831397208 45.0461858200864
23.738960151052 -31.5383843700462 45.4171182311639
22.730472754844 -31.5383847141812 45.8795098950118
21.7713817596746 -31.5383841070927 46.4370923932062
20.8624420717933 -31.5383826573244 47.0728151959972
19.9879049956626 -31.53838062268 47.7548102756237
19.1180995735411 -31.5383783582816 48.4429243385526
18.2191740521593 -31.5383762581095 49.093150207035
17.2655967946762 -31.5383746962937 49.6612313424519
16.2493072777288 -31.5383739634393 50.1085920088107
15.1808034826849 -31.5383742045416 50.4110924854738
14.0815870736698 -31.5383753821199 50.5669779939669
12.9723824628036 -31.5383772843885 50.5994399823647
11.8642249664921 -31.5383795735225 50.5523000842609
10.7576165267484 -31.5383818496489 50.481071762714
9.6493297648248 -31.5383837124096 50.4425184468066
8.54093266642187 -31.5383848216037 50.4842337039959
7.44191680848368 -31.5383849609584 50.6351604650157
6.36458360141705 -31.5383840896415 50.8993751155891
5.31438737911248 -31.5383823551428 51.2557880936085
4.28324140815332 -31.5383800596704 51.6636097431488
3.25150884124961 -31.5383776000758 52.0703138751352
2.19837925850258 -31.5383754043508 52.4193847319873
1.11433125064653 -31.5383738667434 52.6584004516925
0.00749898383648781 -31.5383732748027 52.7488086518731
-1.10061781457704 -31.5383737416506 52.6753844511318
-2.1877646723694 -31.5383751755812 52.450527897088
-3.24398028277429 -31.5383773055515 52.1106337725737
-4.27693853642714 -31.5383797468837 51.7068824847951
-5.30663131003098 -31.5383820747241 51.2953418499899
-6.35333849392019 -31.5383838891218 50.9288165571658
-7.42680726940335 -31.5383848772445 50.6493102100597
-8.52320901782875 -31.5383848730622 50.4802390238135
-9.63085308118176 -31.5383838939976 50.4206921306386
-10.7396127558132 -31.5383821334731 50.4450319351598
-11.846742026886 -31.5383799136875 50.5083992674503
-12.9548860800123 -31.5383776234204 50.5557427042309
-14.0642688917399 -31.538375658276 50.5319369312042
-15.1655838913991 -31.5383743613799 50.3919610913271
-16.239656089878 -31.5383739614214 50.109855500855
-17.2650735016436 -31.5383745226872 49.6836491334813
-18.2294522739655 -31.5383759307207 49.1338440176412
-19.1376058049513 -31.5383779219498 48.4963110184256
-20.0118710085852 -31.5383801414107 47.8136746231153
-20.8844122088288 -31.5383822051718 47.1290173106842
-21.7854740507377 -31.5383837579046 46.4821308562357
-22.7332990116391 -31.5383845291058 45.9055592454174
-23.7302705848755 -31.5383843846943 45.4187072238023
-24.7662752749035 -31.5383833559492 45.0218947535662
-25.8259763944959 -31.5383816300827 44.69410725139
-26.8945155571694 -31.5383795074393 44.3965258467814
-27.9580942103219 -31.5383773454515 44.0809193209853
-29.0006507884485 -31.5383755033966 43.7003439034637
-30.0014015269734 -31.5383742880986 43.2194161915948
-30.9372697631417 -31.5383739007519 42.6214351665848
-31.7900930590523 -31.538374397441 41.9100345273169
-32.554684443353 -31.5383756803555 41.1049595373562
-33.2431595672656 -31.5383775239228 40.2344400425729
-33.8832770402541 -31.5383796225816 39.3282122710155
-34.5116384249783 -31.5383816418721 38.4139920746443
-35.1644746667414 -31.5383832642399 37.5170343632222
-35.8690849959956 -31.5383842316278 36.6599733815746
-36.6384510633821 -31.5383843857698 35.8604126354649
-37.4703949939328 -31.5383836976661 35.1262487672471
-38.3507937235844 -31.538382274212 34.4511780132276
-39.2584285897235 -31.5383803387382 33.8133747453925
-40.1684918026227 -31.5383781944074 33.1789131801
-41.0534809745094 -31.5383761817734 32.5094220396568
-41.8831425721793 -31.5383746331972 31.7718202037923
-42.6267012798012 -31.5383738206855 30.9469818392018
-43.2590982854933 -31.5383739011508 30.0339627233663
-43.7694383250635 -31.5383748766673 29.047736943775
-44.1673503957974 -31.5383765890105 28.0115174240313
-44.4836061858001 -31.5383787516444 26.9480504534309
-44.7643463968992 -31.5383810033571 25.8749909886108
-45.060968471921 -31.538382965628 24.8062528953412
-45.4185939833192 -31.5383842996172 23.7561897149751
-45.8660042959674 -31.5383847656584 22.7409670525933
-46.4099595155393 -31.5383842757817 21.774056692322
-47.0357493583155 -31.5383829168176 20.858214924715
-47.7127973580082 -31.5383809311635 19.979832620946
-48.4014027671254 -31.5383786667336 19.1104578455609
-49.0575082064806 -31.5383765180946 18.215897633225
-49.6362841498944 -31.5383748674717 17.2688583822056
-50.0977493838465 -31.5383740209811 16.2589455295781
-50.4154433642273 -31.5383741444241 15.1948631601048
-50.5848434227632 -31.53837522146 14.0976146869369
-50.6267185367698 -31.5383770563436 12.9886825202712
-50.5834291425304 -31.53837931944 11.8803450252149
-50.5101696024634 -31.5383816117029 10.7738820793706
-50.4644191386965 -31.538383527719 9.66590994915976
-50.4953463049295 -31.538384717016 8.55720517039719
-50.6340577359542 -31.5383849486064 7.45661145749116
-50.8869075804825 -31.5383841651348 6.37656560698042
-51.2346547120506 -31.5383824997345 5.32347331339697
-51.6376284988488 -31.5383802452433 4.29044428581593
-52.0437415689818 -31.5383777944264 3.25852922097081
-52.3963934430651 -31.5383755755842 2.20666501031618
-52.642558373661 -31.5383739874986 1.12428843311843
-52.7424857213459 -31.5383733267919 0.0183228635303104
-52.6792775741373 -31.5383737192042 -1.0904078206593
-52.4635806804734 -31.5383750863051 -2.17942135028944
-52.1303939516797 -31.53837716778 -3.23779623139345
-51.7300598407292 -31.5383795855429 -4.27209867001863
-51.3183093096368 -31.5383819173621 -5.30170062881345
-50.9480335052884 -31.5383837622908 -6.3470630688152
-50.6618136696573 -31.538384802454 -7.41873715410956
-50.484221143817 -31.538384862545 -8.51378075012402
-50.4159512224761 -31.5383839479723 -9.62092786092501
-50.4330659808866 -31.5383822402586 -10.7298352619391
-50.4921156537614 -31.5383800522384 -11.8372052898168
-50.5389203116032 -31.5383777668387 -12.9453528599718
-50.5185455565318 -31.5383757776904 -14.0547673393266
-50.3853806645135 -31.5383744306676 -15.1568895405728
-50.1121319204529 -31.5383739626712 -16.233230920136
-49.6950600386581 -31.5383744507009 -17.2624105531918
-49.1529729652007 -31.5383757944744 -18.2311915776829
-48.5205323979031 -31.5383777425175 -19.142953795474
-47.8397170808338 -31.538379947748 -20.0186789528793
-47.15336084901 -31.5383820293676 -20.8898961215614
-46.501314431782 -31.5383836302207 -21.7872212396031
-45.9166472241565 -31.5383844725308 -22.7300638859432
-45.4199663120038 -31.5383844099017 -23.7221805984207
-45.013405811385 -31.5383834586964 -24.7544187023731
-44.677953887957 -31.5383817922503 -25.8117387160064
-44.3764190126975 -31.5383797008455 -26.8791710384693
-44.0613778381192 -31.5383775366922 -27.9428924049947
-43.6856638940814 -31.5383756589703 -28.9871663951102
-43.2126910694957 -31.5383743800384 -29.9916571658394
-42.6239193510238 -31.5383739122679 -30.9333245290694
-41.9210833576333 -31.5383743267247 -31.793234130784
-41.122529439739 -31.5383755407965 -32.5646821095713
-40.2558317352226 -31.5383773407508 -33.2580231098657
-39.3506488727139 -31.5383794276157 -33.8996578986959
-38.4348469976539 -31.5383814680875 -34.5257118658135
-37.533871632171 -31.5383831406946 -35.172961847231
-36.6707158212513 -31.538384178674 -35.8700599119554
-35.8637768272852 -31.5383844111703 -36.6316680999638
-35.1222648832287 -31.538383795035 -37.4570705853922
-34.441447087337 -31.5383824246573 -38.3330362111423
-33.8008272100892 -31.5383805150171 -39.2386733145211
-33.1670956997355 -31.5383783659387 -40.1492075461209
-32.501556957218 -31.5383763193985 -41.0371141131096
-31.7699682005005 -31.5383747136477 -41.8720200767974
-30.9516118594553 -31.5383738307247 -42.6226629322039
-30.0440955787299 -31.5383738403579 -43.2629260451168
-29.0615758988583 -31.5383747574219 -43.780406315463
-28.027216339246 -31.5383764333666 -44.1832016740476
-26.9641964134015 -31.5383785864675 -44.5010131544742
-25.8905981024956 -31.538380855596 -44.7796679851297
-24.8204423455181 -31.5383828584882 -45.0710522826762
-23.767964999385 -31.5383842492631 -45.4214304612685
-22.7493757536225 -31.5383847783958 -45.8610840280844
-21.7786682649528 -31.5383843467527 -46.3982299034029
-20.8595579346005 -31.5383830311977 -47.0192154562291
-19.9794432292681 -31.5383810674364 -47.6940020923381
-19.1104438679385 -31.5383788005381 -48.3830451466513
-18.2182074479133 -31.5383766256664 -49.0422442975072
-17.274597922437 -31.538374928933 -49.6265218001682
-16.2680686715493 -31.5383740238204 -50.0952652771014
-15.2063882659782 -31.5383740863607 -50.4208985236897
-14.1102472794942 -31.5383751112102 -50.5974653784778
-13.0014844430517 -31.5383769117039 -50.6443562519201
-11.8930520710146 -31.5383791636927 -50.6029552793942
-10.7866968451162 -31.5383814698869 -50.5280478000619
-9.67895802346447 -31.5383834233025 -50.4772974546271
-8.57008825292544 -31.5383846684572 -50.5006422236748
-7.4684226086057 -31.538384965802 -50.6304674856336
-6.38638518998858 -31.5383842470928 -50.8746649092695
-5.33099823267677 -31.538382634857 -51.2154118631893
-4.29629097464622 -31.5383804139832 -51.6140536790283
-3.26396735211658 -31.538377972746 -52.0190654222565
-2.212920286913 -31.5383757382052 -52.3740126191794
-1.13183992437117 -31.5383741113562 -52.6255989112199
-0.0266340807093712 -31.5383733951102 -52.7332522418193
1.0825492577501 -31.5383737251416 -52.6787436352729
2.17315963699918 -31.5383750343382 -52.4711896672364
3.2335154406607 -31.5383770721458 -52.1442709033905
4.26919906762026 -31.5383794668868 -51.7474661459965
5.29895891477922 -31.5383817991893 -51.3361025790958
6.34333074251584 -31.5383836675988 -50.9630783243421
7.41353156867507 -31.5383847499642 -50.6714534537666
8.50740782132137 -31.5383848627357 -50.4868300277406
9.61409863134694 -31.5383840004328 -50.411374511258
10.7230951660569 -31.5383823336946 -50.422725128915
11.8306280037428 -31.5383801668469 -50.4787358322053
12.938741203732 -31.5383778777682 -50.5259993186486
14.0481924113247 -31.5383758589795 -50.5096704240372
15.1511025289788 -31.5383744599974 -50.383451973261
16.2295425981875 -31.538373926676 -50.1186493823263
17.2620132581263 -31.5383743490617 -49.7097461124851
18.2343138914907 -31.5383756407493 -49.173920445508
19.1483876583632 -31.5383775613306 -48.5447575229967
20.0240084935623 -31.5383797698538 -47.8637753987874
20.8923499007355 -31.5383818862533 -47.1737939721794
21.7847226672541 -31.5383835486262 -46.5150236611618
22.7219446453004 -31.5383844688384 -45.9214268585034
23.7092084898011 -31.5383844856359 -45.4151840800748
24.7382078540455 -31.5383835993141 -45.0004872900391
25.7940114537883 -31.5383819701163 -44.6603055961027
26.8613998801654 -31.5383798809925 -44.3587174535762
27.9264659461529 -31.538377683283 -44.0484478071031
28.9737044457688 -31.5383757416391 -43.6812775780248
29.9829324399269 -31.5383743800844 -43.2186284729036
30.9306009866463 -31.5383738275881 -42.6396142399462
31.7963793215471 -31.5383741731789 -41.944017287839
32.5716737348475 -31.5383753486189 -41.1491814124963
33.265260299876 -31.538377147166 -40.2826847823414
33.9030130193615 -31.5383792684551 -39.3748044966294
34.5218736298096 -31.5383813705676 -38.4542014393323
35.1605129560705 -31.5383831179724 -37.547190449019
35.8498668777903 -31.538384226535 -36.6779176022878
36.606452734912 -31.5383845081358 -35.8663334113081
37.4304093010799 -31.5383839070748 -35.1232807266343
38.3083147816015 -31.5383825136377 -34.4450602010257
39.2184649130647 -31.5383805479189 -33.8110080850461
40.1351249432309 -31.5383783220092 -33.1863340059925
41.029781708205 -31.5383761942426 -32.5300356668496
41.8708528282752 -31.5383745202349 -31.8056234680577
42.6255999449331 -31.5383735966251 -30.9910823085076
43.26660887581 -31.5383736004946 -30.084108778338
43.7810831207594 -31.5383745438453 -29.1000441688543
44.1780612971984 -31.538376266013 -28.0635011646467
44.4892753629308 -31.538378468534 -26.9986172805186
44.7628879838757 -31.5383807742619 -25.9238108100379
45.0525234262299 -31.5383827895483 -24.8532526129132
45.4049365996505 -31.5383841644725 -23.801512354002
45.8494883637028 -31.5383846546005 -22.7851107590283
46.3924945256211 -31.5383841742341 -21.8177468971097
47.0182479353958 -31.5383828174629 -20.9019707180452
47.6952221348442 -31.5383808346789 -20.023628563826
48.3832161068723 -31.53837857838 -19.1538655536121
49.0383024512895 -31.5383764418336 -18.2586549571506
49.6165182839687 -31.5383747994833 -17.3113810795952
50.0794516340611 -31.5383739448633 -16.3022644654515
50.4024796181521 -31.5383740309237 -15.2399202267697
50.5823558488931 -31.5383750341857 -14.1444565817875
50.6397825674288 -31.5383767615405 -13.0363014076027
50.6154397802318 -31.5383788958615 -11.9274283718763
50.5615003250529 -31.5383810580483 -10.8198851460523
50.531644650365 -31.5383828673998 -9.71142681045974
50.5712396759773 -31.5383839994129 -8.60310247470099
50.7086057663951 -31.5383842440068 -7.50248149893495
50.949262879123 -31.5383835521496 -6.41979345268599
51.2753453414905 -31.5383820490719 -5.35989362639231
51.6502092407106 -31.5383800061667 -4.31639377347898
52.0256754860211 -31.5383777867222 -3.27299581563214
52.3495410145485 -31.5383757852812 -2.21203387121594
52.5734146548884 -31.5383743653456 -1.12503785587499
