-31.348624000000001 -13.265987000000001 5.7846760000000002
-31.011228996353569 -14.282525120410837 5.1594159490315672
-30.347683854974964 -14.969135112912706 4.3681153581782288
-29.962024599832045 -15.627183886572945 3.392149933200467
-30.154618536087671 -16.447608904597484 2.4837801692543775
-30.615722982319724 -17.402386899397875 1.8429580873407054
-30.696116372032733 -18.484574527761321 1.2517611363316914
-30.120943617041416 -19.379225266128536 0.62014166425616069
-29.172439002127554 -19.844405811070946 -0.028462975583611428
-28.345571710188864 -20.211609922401991 -0.87023934849264328
-28.006450306266899 -20.863301930089658 -1.8642545731598696
-28.07347058871585 -21.766633440922025 -2.7096286722537761
-27.924580322392181 -22.773022985554782 -3.4055614240926371
-27.181005611912401 -23.552679675607045 -4.0038612930553352
-26.068271439192433 -23.824918036838945 -4.474844279915394
-24.973428539226379 -23.836233595128608 -5.046524991671391
-24.16349490517868 -24.121798821081974 -5.9301692135502462
-23.748964621904975 -24.810216136430657 -6.8725568172973599
-23.315995407092689 -25.67733864498847 -7.6332721039538454
-22.417825419343181 -26.327895127981439 -8.1604428900274737
-21.218273928549952 -26.443863628552418 -8.4319368839684898
-20.042586502403314 -26.167219264279115 -8.6945438918699391
-18.989694371806777 -26.030905919746967 -9.3146762744720224
-18.176137429091934 -26.351830088375813 -10.188099287656701
-17.428585507956317 -26.973301856205694 -10.946343079181339
-16.376309287623176 -27.443414279429746 -11.361099808654428
-15.146302316088637 -27.406566943671066 -11.392250247596015
-14.017099726867626 -26.90933639839767 -11.307815309353867
-12.937859883802451 -26.374257234321632 -11.548951319881468
-11.893337505000135 -26.231876746241937 -12.187101739784575
-10.891139659442992 -26.503606252715215 -12.854881663611884
-9.7355011747350346 -26.775567999106347 -13.154049747485645
-8.5303732857979515 -26.643843555421398 -12.96845381306888
-7.5357546010575556 -26.040498723710513 -12.551769617106594
-6.6421370072585573 -25.21712244033186 -12.359603501591716
-5.6165829550297017 -24.589567839789822 -12.614579499449713
-4.4841801132339416 -24.398269460519039 -13.067736962055303
-3.2688447281923056 -24.419200818320398 -13.231511823923508
-2.1174314901454023 -24.244208967858402 -12.854253603449129
-1.2869789585782463 -23.684594273668917 -12.135850681191918
-0.68628413657051046 -22.795778095818804 -11.530119845523528
0.059444927484634633 -21.835071978974941 -11.356166317429313
1.0677874131289378 -21.144788474861389 -11.531001118708748
2.2335131934331605 -20.760327328230574 -11.591564189527393
3.3140521177799727 -20.42802000695475 -11.124100244439282
3.9765125023462526 -19.990428203896609 -10.182904531569063
4.2452956541080198 -19.375633445739833 -9.1444513249088999
4.610698055979765 -18.528402273698553 -8.3355315496538669
5.3617202737655854 -17.627195057191077 -7.960228036879589
6.3374648843262511 -16.864151151106412 -7.9110750745105243
7.2687454074646611 -16.096804985038812 -7.6906188409107488
7.8519063516274876 -15.283883694146855 -6.9853062923889517
7.9327300325681973 -14.65512502073628 -5.9259352785476036
7.7987476172899344 -14.295026057766679 -4.7497234238808961
7.9755427165700485 -13.982058974719607 -3.5746140494989453
8.6538716655871557 -13.511006721200456 -2.663341646125398
9.5686207600243627 -12.812055880830979 -2.2140829780387481
10.327639018994509 -11.859260063142145 -2.0109189049056284
10.703447920308461 -10.754518001492144 -1.6155081207126822
10.693666901277625 -9.8269865776487908 -0.80251409702468346
10.52551912506912 -9.3732499046784756 0.33578255191478612
10.52974323268154 -9.3439510662215426 1.5739077247222131
10.918704002646667 -9.3375213934766474 2.7488511383040821
11.615824081586799 -8.9358334914473598 3.6902939703418682
12.300128086562433 -8.0427513598089178 4.2115307321914015
12.705129723241543 -6.881814148840939 4.3746663402955095
12.914357644292929 -5.6847163503428657 4.6227879927948985
13.184135603726363 -4.7081336891089709 5.3377478342053948
13.570605122154232 -4.2181292365540273 6.4087471648917536
13.970640459319307 -4.0016101208563324 7.5624637667714687
14.260738360879005 -3.4539956360869053 8.6365075539446501
14.349716280154789 -2.4180529260693291 9.3097035313200802
14.327730777439898 -1.1854448687858228 9.425059222496321
14.486676052209692 0.040022491278474792 9.3246904723772541
14.985487925941653 1.1536255675407387 9.5386427614188527
15.584887859501276 1.9932226212980146 10.224009435786133
15.900582383027107 2.7493793754890015 11.153969417339438
15.75741270306294 3.7268030064530073 11.900680839636134
15.313118368367011 4.8627361665168953 12.106030716847572
14.960353768786376 6.0167685020303896 11.829521747957717
15.016611342988309 7.2197434315700759 11.539995225212168
15.417501073155536 8.3851870068291046 11.654130023006298
15.747174514206506 9.465527229354981 12.16332116279494
15.607534165664729 10.588948445423631 12.665706159284237
14.993379255932242 11.659599919960749 12.743601436073533
14.267217182762725 12.565397682329563 12.315042639966011
13.82312522979085 13.540014019695212 11.691788863396486
13.789703056668623 14.725118119249416 11.335409805804229
13.917830326607422 15.954471689963436 11.420261632459225
13.719565147649009 17.160041461758265 11.63020709931984
13.016363276470061 18.175128352739932 11.537481713865185
12.094480071217985 18.806549563705747 11.004364461954184
11.323498081608474 19.322883445341052 10.182307825083782
10.866117973540188 20.188644027291854 9.4225224609053342
10.666723872050744 21.355388839766533 9.0541290842353153
10.330577102983083 22.544541297831678 8.9501753989489448
9.5441323409806849 23.467063865734907 8.6886273408543442
8.5179804100516439 23.850939533259563 8.1074456202244765
7.6097160987004164 23.893950354953379 7.2642438121078374
6.9062757845459162 24.227471775668011 6.3004818559219657
6.3991655040525979 25.069352353909878 5.5453214307896479
5.8754917825790178 26.100029758930358 5.1001931725628076
5.0043478847145231 26.854968095136329 4.6524466247915068
3.9313358703931134 26.98740903971278 4.0494997847284422
3.00901888190017 26.619782808092353 3.3072821659043243
2.2491955925595404 26.361909543312358 2.3661990357982141
1.5545698006167838 26.670971934293689 1.3901964426771909
0.86443912896076291 27.386275202755201 0.65059527193668532
-0.057809286600484774 27.9376438364914 0.043827520811398062
-1.1331567554752113 27.869889154680017 -0.55801912848323676
-2.0048618009735497 27.212649816338629 -1.1436721279231479
-2.6485753182146397 26.446447243998804 -1.8694321419250368
-3.3327694398975036 26.107569400525719 -2.838873751795143
-4.1179563628692186 26.308722855018786 -3.7755743171652889
-5.071395760724597 26.564867892952797 -4.5151686340379955
-6.1247829340523738 26.300665122691861 -5.0932018282522069
-6.9271851555518174 25.453512409785777 -5.5009950931456331
-7.3877082912422027 24.386017902972629 -5.9237080067547883
-7.8636862067813746 23.52597476968376 -6.6658800531493956
-8.5661879311742286 23.140588979777629 -7.607694978672348
-9.4818190697148985 22.983205140309853 -8.420675432166334
-10.467774188179854 22.47559861807094 -8.9469534602505441
-11.168919401495708 21.482345958042259 -9.1455854785735298
-11.430409068651963 20.274787647236113 -9.2177412471139366
-11.587215342233694 19.106300056023034 -9.5716380514144301
-12.020553337212334 18.211215367336045 -10.300566055442493
-12.7745156130315 17.604691454281575 -11.069809157654145
-13.645889558507815 16.869474884253396 -11.523814658007179
-14.256924045628141 15.804763798219005 -11.530872166601489
-14.366800218419838 14.601478714471705 -11.27064339994234
-14.183179205410344 13.386561100688096 -11.169918657165672
-14.17722915039759 12.201330573412088 -11.499632222662784
-14.583461146480296 11.17809570040402 -12.06035379481118
-15.251534035816167 10.201040375445869 -12.392794701706739
-15.77981987046863 9.1098826332886969 -12.21167784339959
-15.835687012734482 8.0198092195395336 -11.639709573247965
-15.449158037998679 6.9779569045329444 -11.102752846388807
-15.004573128124173 5.8388504721036911 -10.967044797451509
-14.895000512351732 4.6333647981294854 -11.207546439830505
-15.172578216784926 3.4493733535474269 -11.40164979248738
-15.530361457651715 2.314734016636137 -11.105781875689125
-15.610313005170829 1.3967104152778311 -10.290071373956534
-15.276793950541119 0.72066066276275387 -9.3104310506590693
-14.686331284126624 -0.056417488898331952 -8.5613790706326043
-14.179473310066388 -1.1394712488819763 -8.2640964514238604
-13.961952807799504 -2.3587755648498479 -8.2986209297516336
-13.870911579825931 -3.5781780023831025 -8.1677131001595136
-13.652610279879291 -4.5934637524817674 -7.5151105451152089
-13.288018029838245 -5.116327446411792 -6.4572377214410155
-12.912538471344988 -5.2705401798272584 -5.286325057690461
-12.621105561823125 -5.6258821257721996 -4.1444610458927889
-12.428175565180696 -6.4827368851753873 -3.2813945762542716
-12.236267502674039 -7.6424946857018172 -2.8941462925581756
-11.833486738815459 -8.8002854139439357 -2.7364461174113734
-11.136486173199906 -9.7358213882820266 -2.3386344242585495
-10.386213855398141 -10.247139945591355 -1.5023624300815477
-9.9349374900441312 -10.347334982836585 -0.35421274804551928
-9.9156652171750501 -10.357489297214968 0.88440213408547563
-10.125555244093713 -10.693107107396692 2.0579378947954159
-10.193902981304515 -11.515190985131877 2.9834383768214439
-9.8521469386193754 -12.597497563600491 3.4836683615745265
-9.1109692083282603 -13.577174980345914 3.6499231533506493
-8.1888467767748097 -14.361879537362661 3.9172234090226299
-7.450482608352095 -15.02892883941545 4.654950707537175
-7.2040166550474192 -15.545478418794572 5.7519703157802304
-7.2977796355620406 -15.969967053973084 6.9125298783592992
-7.1564241293794044 -16.531011267771788 8.0088185914764392
-6.4787165207464996 -17.229162601851236 8.7713045109075267
-5.473765251473778 -17.912833259768327 8.9933375259926631
-4.4888438620576459 -18.663444274913665 8.9425207023395021
-3.7517438805811398 -19.633500907736799 9.1619221195856326
-3.3626835598550633 -20.584665407454231 9.8492908647802455
-3.0138672312890562 -21.266757555206073 10.822503042680191
-2.2534051350037148 -21.693340691162028 11.700323998866962
-1.1094415759699423 -21.955398090011297 12.083734857200096
0.076223626441932701 -22.27301581245603 11.937622780634557
1.0898256052288202 -22.940020040398718 11.693031134741064
1.8507599886752022 -23.906639192619242 11.812891816640118
2.5038712126211826 -24.801255475398786 12.364845723233072
3.4199154955169511 -25.340222309504917 12.998623113958407
4.621128267343539 -25.454509467420365 13.259147808120279
5.8219645717870305 -25.362245637120093 12.984421671273287
6.9308549057020343 -25.517251832794553 12.45564729079433
7.9569250428198757 -26.140133040666662 12.16019114938465
8.875847765791228 -26.952926166734223 12.319597866105735
9.9279307206776082 -27.508334686239035 12.665309069085433
11.160926978642983 -27.549265303019443 12.74024336321613
12.269295192138046 -27.178919117099419 12.339782309161265
13.211570172654403 -26.846578420645226 11.607613470815565
14.244661680295813 -26.9689413561997 10.936757824877262
15.337052693883553 -27.489703183041154 10.678422153506933
16.494153359932927 -27.933037935660554 10.715683156894888
17.724860054728786 -27.865471693281197 10.593417191348253
18.701261509317526 -27.288090040910852 10.098441937114529
19.356086880776854 -26.604459365696844 9.2987420377326409
20.145927946105441 -26.262825766098914 8.4063447396183815
21.212009099945814 -26.388806156041639 7.7864688376108191
22.398581101635095 -26.609438515022028 7.5028910013637526
23.566997049968471 -26.374187845741105 7.165087354341849
24.354262432268065 -25.610891244980305 6.5875753520952722
24.666941814598541 -24.692236534850977 5.8157237244789526
25.053177997493211 -23.992524393182602 4.8707307123691024
25.883989586423162 -23.700494002245609 4.0004315925566383
26.980822140640026 -23.633899587986519 3.4279181318045873
28.031323458726561 -23.236119401188223 2.9155346118514731
28.630700535364966 -22.349075850019712 2.2989422114018456
28.63797408619179 -21.310213018563889 1.6228023166494683
28.539526585935853 -20.406134408900915 0.78642256053613613
28.918909243663457 -19.751280136690944 -0.18889244082721779
29.758268629569681 -19.341810942125427 -1.0034043390308049
30.631174231638692 -18.763594719250111 -1.6533841158688249
31.046717667464733 -17.780310781146248 -2.2654411614246532
30.813394277584653 -16.692870829209969 -2.8081186918563632
30.299905125653577 -15.755685368303729 -3.4283085878836603
30.135910260904442 -14.92796775991949 -4.3244098263719222
30.535712364998204 -14.227476368148091 -5.2632479321442593
31.124428471663848 -13.44853370303645 -6.015150074416896
31.316263023610329 -12.376144411393852 -6.5782087370290139
30.873008445452726 -11.282973608168062 -6.9391065137722627
30.062879547047551 -10.415621220223567 -7.2858407861177472
29.413892554159176 -9.6133568995593812 -7.9528813302990633
29.282975468519002 -8.7777440888433809 -8.8523185955616341
29.474195710825981 -7.8437097638903897 -9.6347220968568497
29.401226834625813 -6.7171483562608092 -10.10749330661503
28.779961664830143 -5.6651488934205076 -10.241327353807542
27.78260877814925 -4.9344446762657794 -10.263662259225175
26.772022716684177 -4.3126767758353646 -10.58189172728459
26.115674799267701 -3.5339799807571981 -11.273304669873493
25.846545877152145 -2.5639117331122558 -11.987950924110573
25.515325904305467 -1.445105685578449 -12.358075666474075
24.792714530088325 -0.45949594424141876 -12.277126379633764
23.743277513735872 0.11369707104508661 -11.969949135844873
22.56201400815894 0.44329329043567156 -11.865059757604691
21.488626041749402 0.94903462719597509 -12.182611037526442
20.727749470329126 1.7823499720871321 -12.681209634970449
20.111733462321137 2.8201207645235824 -12.901621692090732
19.346498996671333 3.7287707079037693 -12.60959393653166
18.381188176562858 4.1790607598047105 -11.993674027131627
17.256783064901786 4.2296120579868735 -11.492057787898514
16.033691014944157 4.3124851026726994 -11.403951787541939
14.90731617087174 4.765292289464079 -11.6128164074305
13.974963692561261 5.5625468930396771 -11.670587046401081
13.168241868076059 6.3617749402921717 -11.213022630640658
12.439954893988023 6.7672028565223465 -10.309084963206502
11.665525580536897 6.6879886588020945 -9.353512572709775
10.64256275069965 6.4311198125395634 -8.723260733684258
9.4229979636028425 6.3923676928215025 -8.5456140633835744
8.2289785756074192 6.7096929762016622 -8.558236050603659
7.1423478417313548 7.1918501990911157 -8.2548648556744286
6.3045173544224618 7.5045899812780146 -7.41488828333285
5.8642263278588773 7.4635137338417374 -6.2597936124210545
5.608477153105448 7.1941448002153097 -5.0791877663491061
5.0558000045598375 7.0013966861766379 -3.9977504700487447
4.0743712457543504 7.0652384634702505 -3.2552318935805205
2.8918989512262225 7.2940474818707113 -2.9619055705869295
1.6774244015661137 7.43146880200716 -2.7796994569474958
0.57048365295882697 7.318104741387133 -2.251540084501225
-0.13581744907640281 7.030088493011954 -1.281337896972105
-0.31956648827217565 6.8010574457321171 -0.078282071382963669
-0.25454124310898191 6.8182977118831589 1.1588343763378313
-0.43225873256558417 7.0639925918818154 2.3583355942382518
-1.1384357317687648 7.3308582721838444 3.3397145965103694
-2.2544598859203808 7.3944530907042507 3.8761029381172238
-3.4709564078419404 7.2124372571029687 4.0354770929162598
-4.6636311075773786 6.979230639633764 4.2835829056935069
-5.6825770979801309 6.9529307347189198 4.9901756334815142
-6.2764852252273826 7.1826940205402003 6.0537113577072752
-6.5725224812077325 7.43386137697079 7.2313864628214004
-7.0577446927871792 7.386233357704775 8.3712802616675095
-7.9210392835798498 6.9644378534781817 9.1515308493201246
-9.0090191265529942 6.4195020844067834 9.3731701703970955
-10.205190033432418 6.1036428980613051 9.3110240337851735
-11.428815051304349 6.1655834639822986 9.4875868322213677
-12.454408449855871 6.4080073203470933 10.134805442055399
-13.255596407193199 6.4049819576243445 11.078278387079388
-14.020986027024678 5.8869082166511024 11.899186239344814
-14.836072463777551 5.016821654041216 12.217874820638892
-15.762513622209045 4.2183172730126222 12.04182312144674
-16.898791516655667 3.7948916569575197 11.798733738584684
-18.126018615721428 3.713600149591362 11.917539940317479
-19.243265430568652 3.5927616892204974 12.435486764693222
-20.193102040777223 3.0222218806207248 12.983660153103976
-20.91215869561956 2.0316019964536278 13.133757294443372
-21.477598126786216 0.99449997062213091 12.773198396125894
-22.237883342297295 0.20024405026544823 12.204941552269641
-23.331823251052391 -0.28209985825769907 11.893800667472643
-24.507895073133596 -0.64612764451985072 12.01543649620184
-25.517794117487249 -1.3179989580105509 12.264030967635039
-26.151059888666328 -2.3765980427470019 12.213157560687254
-26.379041388598377 -3.4812994482389121 11.71099154118351
-26.611846262887635 -4.4030031690933757 10.917008081510497
-27.293642147793712 -5.1578716511015239 10.213148370327337
-28.313292344544116 -5.7918373857176482 9.915510949072095
-29.262123084221571 -6.5874179555100643 9.8601463282761905
-29.77160406599635 -7.689855756343313 9.6226160447924265
-29.715410576243588 -8.7808079128479175 9.0433672037032782
-29.45903512937435 -9.640513384330287 8.1888560329833737
-29.603391785612807 -10.439257818765151 7.2525995197813753
-30.270880380305282 -11.240823521086163 6.5842615742038282
-31.033636129150114 -12.146496004771347 6.2156138703825281
