-1.3359059540109881 -0.7582001635414618 0.050187367608450953
-1.3089137717605557 -0.69257073581067197 -0.010945159470614849
-1.2694780697015877 -0.64480016020075004 -0.098749263841583501
-1.2265276099366167 -0.61218648293994449 -0.19152604671886708
-1.1810882456349343 -0.58957150848812734 -0.28527379070227055
-1.1316170371648739 -0.57594495397481849 -0.37838751400037729
-1.0779268446146972 -0.56974285804089453 -0.46954855003333507
-1.0153200640679958 -0.56927021651928789 -0.55488934391508027
-0.94269171564866139 -0.57195506435316668 -0.63250110354745503
-0.8597231905718552 -0.57675726252793924 -0.69990735241032553
-0.76787681928014162 -0.58282647046174663 -0.75596441552082605
-0.66801513933216949 -0.58942066867942633 -0.79780625855660003
-0.56242196618347728 -0.5960035225170266 -0.82425789240791536
-0.45357974726653516 -0.60199147785549989 -0.8335397678155495
-0.34451083270547223 -0.60781287947251528 -0.82651378040378232
-0.23776610844338747 -0.61327601506819229 -0.80389851472748974
-0.1352222636871149 -0.61823480163239009 -0.76739594914097353
-0.038593792528908794 -0.62255182370263507 -0.7180978164395847
0.051041240140048544 -0.62600596429386035 -0.65784180480682775
0.13389550324479929 -0.63064857659004425 -0.58939894764489187
0.21105337479265088 -0.63768897478607323 -0.5153893368586081
0.28200543942530776 -0.6466605592012008 -0.43607379723245165
0.34655220366962047 -0.65722260432057389 -0.35210135550787336
0.4043324894817476 -0.66942133363673872 -0.26382696175312581
0.45509296511931019 -0.68401818015983673 -0.17240837503930753
0.49851556381711626 -0.69446879851144983 -0.078980260486042633
0.53289715889351619 -0.68901384351976536 0.016571489663041741
0.5586323154993007 -0.66871984476507373 0.11246146197136697
0.57597176813665107 -0.63358390928244035 0.20700436369207478
0.58911013635253395 -0.58561235453414862 0.29942486612878505
0.60722986239142351 -0.53196901798294616 0.38988545722173096
0.63133921507236235 -0.47384785295502785 0.47640980791794185
0.66051099800382229 -0.41083090658385213 0.55804643217062833
0.69457582169941945 -0.34326701205845145 0.63450571067166883
0.7339381374815287 -0.27157295517087815 0.70498075386874615
0.77856221293855443 -0.19651006499213475 0.76890534230929275
0.82788833691518471 -0.11794241930613375 0.82535338651018209
0.88028173984820046 -0.033934564857942384 0.87039227258666818
0.93387200143944782 0.054965718187253793 0.90334470930576249
0.98763435234751806 0.1481851997841713 0.92185945590012819
1.0399775054302243 0.24402555257827024 0.92419842612522907
1.0894422673398598 0.3400415565938979 0.90963797869951479
1.1351982687733599 0.43358762855612992 0.87909453812089267
1.1766373810625244 0.52236379742089412 0.83391631996389415
1.2132986500194314 0.60458903737049952 0.77575044191027176
1.2452983034580547 0.6786581239498608 0.70632457026728546
1.2727764484074073 0.74314532256247157 0.62713789049258228
1.296679939640359 0.79610303908084812 0.53943594574904741
1.319612540148281 0.83599088679978151 0.44427570598675248
1.3481902961079926 0.86735945415245796 0.34617107337406527
1.3846828565534177 0.89226427766117011 0.24790418608758033
1.4320303838760939 0.90999536927471381 0.15215772625654506
1.4896262483891427 0.91920432509159056 0.062354024206209724
1.5503810865463394 0.91575905345633268 -0.023567896137544189
1.6118807663904917 0.90095063819225452 -0.10692567294780773
1.6730629215009849 0.87612691946475618 -0.18779710201468766
1.7328762200396817 0.84133917533278568 -0.26573144102429525
1.7903122888648935 0.79662491235323374 -0.34033568378186696
1.8448607802002055 0.74278514934512174 -0.41118560297289442
1.8957422018652874 0.68021313774364178 -0.47764012017164825
1.942155406378002 0.60933727620196532 -0.53907634179957675
1.9833222168197637 0.53068344424797853 -0.59489921964413217
2.0187242704601438 0.44505992567534297 -0.64448624403052479
2.0476977574586814 0.35320020918160555 -0.68735571104296134
2.0701898926101703 0.25606656135772549 -0.72262716263029381
2.0856093215920466 0.15483696923618889 -0.74971993779424306
2.0935885278558302 0.050741259908413577 -0.76811451738673964
2.0936776234934018 -0.054779078149812283 -0.77755441428073435
2.0856729615503093 -0.16029871132696533 -0.77818914225790203
2.069534909689152 -0.26441492207420281 -0.770132772253734
2.0454109379597529 -0.36573011912506703 -0.75380016770524549
2.0135281982654591 -0.46295510636895576 -0.72974949653549259
1.974184132031239 -0.55495831889660852 -0.69864844849390662
1.9278753584498678 -0.6407767706556865 -0.6611489470732046
1.8750465167882866 -0.71949752488426366 -0.61781544796643295
1.8166686478322358 -0.79160130430998388 -0.56980677883822239
1.7557592174605645 -0.86176695052436303 -0.52127098842366915
1.6929982621480364 -0.93061507967621715 -0.47295481023737529
1.6285444496210553 -0.9981754942737604 -0.42490398984011768
1.5625412907898268 -1.0645584699621766 -0.37713591590705142
1.4951502511256383 -1.12990735699444 -0.32965856327799781
1.4265558477883578 -1.1944056201764148 -0.28247363023700811
1.3569691958521541 -1.2582792743192375 -0.2355789874600773
1.2866210295568348 -1.3217983352748184 -0.18897199730903746
1.2157887683111535 -1.3852783179436672 -0.14264409738707334
1.1455058819206971 -1.4481591774713496 -0.097085143420080108
1.073174970999641 -1.5051926436080709 -0.05216794090867094
0.99589873923899741 -1.5531138715063932 -0.0071907188140842848
0.91290685657953363 -1.592498360751792 0.038420543024611759
0.82581310135893327 -1.6277651703143616 0.0848839925059722
0.7378135329165032 -1.6633308109302287 0.13170864637833299
0.64981288200115495 -1.6984575463281257 0.17844314851576051
0.56166215318010793 -1.7327259783703177 0.22513696785264939
0.47323168836876461 -1.7657587378402753 0.27183469377813885
0.3844188313113065 -1.7972284159697647 0.31857358413260373
0.29515062288769423 -1.8268561026969017 0.36538127212555449
0.2053822665228712 -1.8544058552785738 0.41227441165695089
0.11510054582693161 -1.8796752419095928 0.45925362104468648
0.024305382212019805 -1.9024489008314196 0.50630594152171526
-0.066371101598031779 -1.9225317430279174 0.55314028873954213
-0.15862564185704409 -1.9358105962455185 0.59702625883367599
-0.25368856349130359 -1.9400210394640356 0.63635737609972165
-0.35106145476248429 -1.9351329104053272 0.67059862401725578
-0.44981118541541354 -1.9210909013056228 0.69900968745676639
-0.54887891120946131 -1.8979828256071836 0.72087445565689778
-0.64708032215201861 -1.865907570666536 0.73568262994591871
-0.74326184935615047 -1.8252312211771347 0.74309214960294689
-0.83622778426791711 -1.7764443060424278 0.74267960198151495
-0.924835342398313 -1.720233429509336 0.73430553066772131
-1.008033118151745 -1.6575454806978456 0.71787217359747879
-1.0847374942195565 -1.5893157003689269 0.69364072004899502
-1.1539899888393932 -1.5162803933102547 0.66208329103278418
-1.2149674450785242 -1.4393528896901369 0.62347492897230816
-1.26703630345811 -1.3595673699392921 0.57836977359532682
-1.3097162978543337 -1.2778549225877096 0.52740523572239217
-1.3427324230835633 -1.1952272567488407 0.47114131878621812
-1.3656574714331515 -1.1126085200704681 0.41006358693491529
-1.3786914545908862 -1.0311863892068043 0.34464370281311341
-1.3819975284483872 -0.95184374660418225 0.27562360765300231
-1.3752836910730111 -0.8756593362880396 0.20331017850604535
-1.3581995840998324 -0.79564754157350526 0.11744255952635571
-1.411620922656579 -0.7966236975237071 0.025979898703804197
-1.4842390127084473 -0.82635477853776029 -0.050315526297297512
-1.5529889002015018 -0.85206097553000859 -0.12668261511540807
-1.6217387876945577 -0.87776717252225711 -0.20304970393351987
-1.6904886751876125 -0.90347336951450541 -0.27941679275163034
-1.759238562680667 -0.92917956650675348 -0.35578388156974083
-1.8279884501737231 -0.954885763499002 -0.43215097038785255
-1.8967383376667777 -0.98059196049125052 -0.50851805920596327
-1.9647905845809774 -1.0072176279810876 -0.58505074516923661
-2.0063005041830064 -1.0412089953179917 -0.64672794117472088
-1.9477863130080819 -1.1099665020856389 -0.65670376747240145
-1.8798683372092382 -1.1863820276994312 -0.66801758898288288
-1.8054160324893131 -1.2574292584157849 -0.6724644922432973
-1.7252443800167667 -1.3222791923596382 -0.67026057742323608
-1.6404077434636513 -1.3802574987367107 -0.66116057457095256
-1.5516097233284412 -1.4304770996436529 -0.64596575689578606
-1.4597811274473687 -1.4725334745674119 -0.62476963492169335
-1.3658881940043313 -1.5059011511235167 -0.59794541238007237
-1.2708435042134152 -1.5301780438379025 -0.56597278866763301
-1.1755217769635034 -1.5450864260730792 -0.52942099409368093
-1.0809049875928964 -1.5503727900630462 -0.48864065741722174
-0.98795657827629624 -1.5457901702074037 -0.4441047833388907
-0.89761519423028457 -1.531290658303132 -0.39630513361019226
-0.81093251024762991 -1.5069777089972662 -0.34556819992636467
-0.72906560134692033 -1.4730485215330091 -0.2921803208447466
-0.6533717577424335 -1.429629445767693 -0.23632408808957137
-0.58529174288773411 -1.3770857776362415 -0.17817401659019255
-0.52729587948845968 -1.315486045887968 -0.11724331991854951
-0.4861156525106215 -1.244644869163841 -0.050354670012382863
-0.45203062219009205 -1.1765978798203096 0.024416289282274725
-0.4250141564294429 -1.1128846078844306 0.1040528447508057
-0.40827207023914769 -1.044172053854197 0.1813999914411106
-0.40024061669721855 -0.96762472746556849 0.25322250443504224
-0.397680821772875 -0.87886315339174637 0.31177843417100926
-0.39675468360330624 -0.77794581911284211 0.34969673586988748
-0.39603505455112331 -0.66996695672164941 0.36375230198513619
-0.39423203616193131 -0.56106239488059917 0.35235956130323931
-0.39004246985637503 -0.45849943931646586 0.3168683913741227
-0.38869703102157649 -0.36119494916471129 0.27123529968071691
-0.38989569475465313 -0.2685458721167423 0.21725037861992405
-0.39328766860356412 -0.18118989844762695 0.15552353181525472
-0.39869043041329549 -0.099506706044693694 0.087014468266200601
-0.4058920642983308 -0.023562916263207223 0.013029066366202574
-0.41591023283791384 0.052609133160812879 -0.0599567758300832
-0.42441693142523085 0.1257460011298745 -0.13594571688415458
-0.4265820821628139 0.20089506907840654 -0.2103840072373801
-0.42292960241435418 0.28268208678173296 -0.27789774205844253
-0.41348818358768102 0.37141488043830451 -0.33611895131048031
-0.39883332620416356 0.46721211329653395 -0.38177703401134699
-0.38128909151544477 0.5695527936723106 -0.41048740726749877
-0.36431439027526136 0.67590757119390021 -0.41811304037431662
-0.35026339668979273 0.7817789814079259 -0.40396183578434186
-0.34096998662797084 0.88270390359985695 -0.36923653040430093
-0.33708555179817001 0.97519264019948237 -0.31697428244431813
-0.33972518967048015 1.058721020940804 -0.25220066261423157
-0.35037133884962501 1.1367071297908282 -0.18206613817229014
-0.36907475434823322 1.2093303739754697 -0.1083101255407338
-0.39616471763948474 1.2768603105865126 -0.032412260230619563
-0.43312342179067864 1.3410434400422981 0.04347327117171329
-0.4776103305510031 1.4077991849495211 0.11317543862949339
-0.53720011245210153 1.4686141627819636 0.17504698988668532
-0.6071394726940269 1.521347387283879 0.23249429410741054
-0.68518241193352647 1.5659718642035694 0.28606329456142865
-0.76977657097390473 1.6021705098094101 0.33582982872305556
-0.85962142621726123 1.6297572185422762 0.381737697266746
-0.95365653253096117 1.6484284981825836 0.42355366107288006
-1.0508115443205053 1.6579974953671757 0.46111781978386823
-1.1500867844450335 1.658302634857393 0.49413337413516467
-1.2504513516706859 1.6491955151607658 0.52232397668121966
-1.3508563342289011 1.6306224656699235 0.54534542953192644
-1.4501604053694808 1.6026413587275146 0.56290698539059836
-1.5472153393149231 1.5654307567479484 0.57491885557527334
-1.6410092016147064 1.5193415278203344 0.58117626850176896
-1.7304753680801039 1.4649185561901719 0.5812388551564418
-1.81444526730947 1.4028534677030342 0.57515135177850751
-1.8918156645779123 1.3337442807803879 0.56311319625630685
-1.9618164831908012 1.258327160702654 0.54529555852742673
-2.0237246012379408 1.1777193591070407 0.52134438534830752
-2.0768296987093873 1.0931009526973985 0.49160674410384519
-2.1205686558703878 1.0054956161485529 0.45663181844888878
-2.1545259659623399 0.9158588208591264 0.41695124681188112
-2.1784737583335851 0.82521291346831005 0.37300732608410325
-2.1923028333645158 0.73456751039037171 0.32529097094151105
-2.1962855154740559 0.64417626143235052 0.27401905560646289
-2.196234705267468 0.55326863245636948 0.22097446771078563
-2.195785850284425 0.46195053905011024 0.16757317035180705
-2.1949590014378981 0.37067475623283497 0.11402118275778084
-2.1938791978812286 0.27944768413091103 0.060309433830416634
-2.1926666168674145 0.18827816977927891 0.0064214394158973592
-2.1914435681044089 0.097175716687061653 -0.04766540797654549
-2.19034188685188 0.0061554676589126445 -0.10198141054714752
-2.1894955583930065 -0.084769065349803246 -0.15655100696284796
-2.1890456380034395 -0.17558119811130179 -0.2114041801809424
-2.1891412231487148 -0.26626184734558311 -0.26657008491514983
-2.1899357305680041 -0.35678785775887001 -0.32207225229459635
-2.1913620902875834 -0.44665475797132215 -0.37754565067461043
-2.1898098331953006 -0.53546736653093308 -0.43094442915521347
-2.1784259529635288 -0.62467026727059927 -0.4796550847183072
-2.1576873648666264 -0.71449968812374787 -0.52395476500732607
-2.1277646148638776 -0.80405757282396728 -0.56333067600920184
-2.0886050760986801 -0.892427121880353 -0.59713656735548426
-2.0704483681874408 -0.97380872639337079 -0.61481831114892782
-2.0133122498723224 -0.945458542252398 -0.63030026825577268
-1.9677640757872494 -0.8480236460127657 -0.63420463974970476
-1.9251863725373604 -0.75113241983228052 -0.63731093482653167
-1.8826086692874711 -0.65424119365179534 -0.6404172299033587
-1.840030966037582 -0.55734996747131005 -0.64352352498018572
-1.797453262787694 -0.4604587412908282 -0.64662982005701242
-1.7548755595378049 -0.3635675151103428 -0.64973611513383933
-1.7122978562879156 -0.26667628892985756 -0.65284241021066636
-1.6697201530380279 -0.1697850627493756 -0.65594870528749316
-1.6271424497881388 -0.072893836568890591 -0.65905500036432008
-1.5845647465382495 0.023997389611594755 -0.6621612954411471
-1.5419870432883618 0.1208886157920768 -0.66526759051797391
-1.4994093400384725 0.21777984197256206 -0.66837388559480082
-1.4568316367885834 0.31467106815304707 -0.67148018067162785
-1.4142539335386957 0.41156229433352903 -0.67458647574845476
-1.3716762302888064 0.50845352051401438 -0.67769277082528145
-1.3290985270389171 0.60534474669449967 -0.68079906590210848
-1.2865208237890293 0.70223597287498174 -0.68390536097893539
-1.24394312053914 0.79912719905546681 -0.68701165605576231
-1.2013654172892507 0.8960184252359521 -0.69011795113258934
-1.158787714039363 0.99290965141643406 -0.69322424620941603
-1.1162100107894739 1.0898008775969192 -0.69633054128624305
-1.0736323075395848 1.1866921037774045 -0.69943683636306997
-1.0310546042896971 1.283583329957886 -0.70254313143989688
-0.98847690103980757 1.3804745561383716 -0.70564942651672391
-0.9458991977899186 1.4773657823188566 -0.70875572159355082
-0.90332149454003074 1.5742570084993386 -0.71186201667037763
-0.86074379129014145 1.6711482346798243 -0.71496831174720454
-0.81816608804025226 1.7680394608603092 -0.71807460682403146
-0.77703150035683821 1.8677854497094963 -0.72139819966083774
-0.78927179319971219 1.8991900910643491 -0.72308838287295041
-0.85585784919210628 1.844721781619324 -0.72022959404194975
-0.93673126826002551 1.7796799988854581 -0.70951857230677051
-1.0113742693871459 1.7090952165547337 -0.69116788298665222
-1.0791425939713359 1.6340572541558707 -0.66536221368859105
-1.1391920482447409 1.5553099686400051 -0.63254101380868588
-1.1911566445957495 1.4739102149101924 -0.59301183368459276
-1.2346273017821714 1.390843963998414 -0.54722928472510557
-1.2693528537885321 1.3070100692297315 -0.49568366923374119
-1.2952381304417648 1.2234886093671773 -0.43868737454718121
-1.3119110523147297 1.1412252627099302 -0.37659208478556938
-1.3195455674739405 1.0613010265997058 -0.30973868270784066
-1.3181826529141609 0.98479538513027143 -0.23850970723226525
-1.3077538375556903 0.91309757195178476 -0.16302529594678999
-1.2874325817818253 0.84832451957478827 -0.082949915410616179
-1.2582907735004196 0.79507583171605256 0.0036682712064206452
-1.2280799022232729 0.75359163337753721 0.096247864991479914
-1.191134043781134 0.72166260134238813 0.18980388483269858
-1.1460877135165508 0.69658411153821209 0.28221340953875618
-1.0932265934844607 0.67702995173098524 0.37224470449304192
-1.0327292090095068 0.66270411030701482 0.45905942348613893
-0.96305810456258689 0.65317563272363743 0.54045050737826472
-0.88268861998835457 0.64670118557178391 0.61287556463596049
-0.79257747711594384 0.64286225005360342 0.67424123411035564
-0.6940542910728722 0.64144543599731207 0.72251950555540034
-0.58894262691850985 0.64199578756744269 0.75592563281962988
-0.47966877302984468 0.6440408342241335 0.77235348160418127
-0.36926222189169611 0.64625940047037356 0.7716759199188441
-0.26068946783314306 0.64813884242721698 0.75382064816488858
-0.1564416713952263 0.64854064387222332 0.72089700906266552
-0.058110577924847223 0.64654982445797682 0.67500388309488202
0.033489700768608216 0.64144935724019103 0.61857775465712628
0.11795443303945494 0.63286093111367037 0.55348409404129983
0.19501208723103022 0.62048236520006894 0.48121950681477488
0.26416045226152052 0.60409786041945468 0.40281863810871443
0.32557777270336352 0.5836651382253446 0.3199949881823223
0.38099369206151423 0.55475124901338291 0.23642090298242788
0.4334524361380544 0.513587463794689 0.15588421964546223
0.48363532770551787 0.46657002126574765 0.075472552915926333
0.54076139765381659 0.41806131621127879 -0.00062099968451419935
0.60484349781246949 0.36881631278410087 -0.070901660811405171
0.67580820722395318 0.31907750421647096 -0.13430216185533334
0.75349662089017677 0.26944580777556199 -0.18971512829338275
0.83766168854914447 0.22103042942576934 -0.23747219838132003
0.92879934887048077 0.1696509432907454 -0.2679396790900137
1.0236174317106403 0.11587465409621744 -0.27371174901057582
1.1164665272501957 0.063515197475274621 -0.25379465603564005
1.2025405208112048 0.015782301604495147 -0.21085699848597547
1.2803987621963759 -0.021896365508094207 -0.14883573756528223
1.3545847566819418 -0.047352041638417414 -0.077545486389673998
1.4300198628467085 -0.061199609648298903 -0.0040930479698764455
1.5110130755973403 -0.067307705409801605 0.065329334074408441
1.5986336989701562 -0.069546280692208196 0.12609886188448236
1.6874236489811441 -0.05485394287402473 0.18075736885665467
1.7730205107044752 -0.025745338428740661 0.23280699407334574
1.8544785618708151 0.014496109392624773 0.28301816115890466
1.930716593933139 0.064735986794464004 0.33152115658754988
2.0009024546446543 0.12394024198774638 0.37827182363520973
2.0643955839441128 0.19112784862476612 0.42305674740378374
2.1204823622641817 0.2654349035373168 0.46566419675211967
2.1685146321947006 0.34607722370654692 0.50581538345391741
2.2081447962302527 0.43209851811459427 0.54333433837126444
2.2390750856792474 0.5225951895453318 0.57791483145754008
2.2610784704925591 0.61676404750799574 0.60916825520716955
2.2741654469754535 0.71373153700977432 0.63651005675327288
2.2781232796303903 0.8125518937877747 0.65943496461920581
2.2729161318451356 0.91228148478463456 0.67761278648156253
2.2587298195549708 1.011977512962787 0.69085247087281021
2.2358225890094081 1.1106073141410513 0.69866172198738263
2.2042206063025613 1.2071120117669893 0.70096421517951524
2.1643004384008804 1.3005886857056854 0.69706879349694373
2.1167534143858018 1.3900374720926263 0.6870188591593297
2.062164674190111 1.47437714816454 0.6709809619277638
2.0008248275658507 1.5524702255144289 0.64888696455830175
1.9335886216219578 1.6237607573385504 0.62138588226824276
1.8611890251732803 1.6874163054450961 0.58893503880120701
1.7840910469681086 1.7424849491809702 0.55172318589786551
1.7032695234975406 1.7888195557420143 0.51037085116610348
1.6195559529887786 1.8257455996185765 0.46529754812642976
1.5335480772000059 1.8526894964303484 0.41678270296150921
1.445051971862805 1.8699446264367152 0.36483708817712879
1.3549402761412512 1.8850471253921148 0.31156385884362814
1.2645405340700266 1.9006478602087526 0.25833699942407196
1.1741516701148929 1.9167140732830701 0.205366970722589
1.0837488030546429 1.9330432994793083 0.15263253529781515
0.99331106099074129 1.9494418915488654 0.10011038087578453
0.90281407204571151 1.9657169005811632 0.047776429627405512
0.81224123297326678 1.9816958572082626 -0.0044033447603558859
0.72157920472205717 1.9972189446265987 -0.056457004934245297
0.63082277849600543 2.0121371148588612 -0.10840884641381862
0.53995768807986311 2.0262818849757802 -0.16028478342863245
0.44898074142719258 2.0395384297364361 -0.21211187516318619
0.35789598332590378 2.0517829512244607 -0.26390777349487254
0.26671090007697484 2.0628971969677066 -0.31568577343454862
0.17542939643842073 2.0727450018376281 -0.3674572509686137
0.084055050379887669 2.0812167859535839 -0.41923074156325435
-0.0073916718144206306 2.0882183639498351 -0.47099901358420471
-0.098431004132521482 2.0936755565064313 -0.52253921148672899
-0.19016794399774345 2.0939227509330776 -0.57109196265604634
-0.2840479770896181 2.0853638230393612 -0.61381958414469662
-0.37955597917505357 2.0678354401269123 -0.65016115115747763
-0.47558066066326332 2.0414063801655837 -0.67964346185871094
-0.57102780173347445 2.0063994401281744 -0.70182683701404924
-0.66170575533341014 1.9670369140012223 -0.71660440633882116
-0.72442686279456237 1.9087788211954291 -0.71327939918326855
-0.75140889645033238 1.8141849084864641 -0.68691786370412078
-0.77415852584335365 1.7149364078455418 -0.65784604411888292
-0.79690815523637504 1.6156879072046195 -0.62877422453364507
-0.8196577846293962 1.5164394065636968 -0.5997024049484071
-0.84240741402241748 1.4171909059227745 -0.57063058536316924
-0.86515704341543731 1.3179424052818589 -0.54155876577793349
-0.88790667280845859 1.2186939046409364 -0.51248694619269552
-0.91065630220147986 1.1194454040000139 -0.48341512660745767
-0.93340593159450125 1.0201969033590914 -0.45434330702221981
-0.95615556098752241 0.92094840271816891 -0.42527148743698184
-0.9789051903805438 0.82169990207724664 -0.3961996678517441
-1.0016548197735635 0.72245140143633091 -0.36712784826650824
-1.0244044491665847 0.6232029007954083 -0.33805602868127027
-1.0471540785596061 0.52395440015448602 -0.30898420909603241
-1.0699037079526272 0.42470589951356369 -0.27991238951079461
-1.0926533373456486 0.32545739887264102 -0.2508405699255567
-1.11540296673867 0.22620889823171877 -0.22176875034031884
-1.1381525961316896 0.12696039759080308 -0.19269693075508296
-1.160902225524711 0.027711896949880438 -0.16362511116984502
-1.1836518549177324 -0.071536603691041978 -0.13455329158460722
-1.2064014843107533 -0.1707851043319642 -0.10548147199936936
-1.2291511137037747 -0.27003360497288686 -0.076409652414131418
-1.2519007430967961 -0.36928210561380925 -0.04733783282889361
-1.2746503724898159 -0.46853060625472487 -0.018266013243657717
-1.2974000018828371 -0.56777910689564748 0.010805806341580196
-1.3201496312758583 -0.66702760753656987 0.039877625926818025
