-1.3762306649413827 -0.76073341233740133 0.043659320482137234
-1.342556204152888 -0.70201171547243579 -0.032364660015208796
-1.3005618001127695 -0.65449040476486875 -0.11815587493550905
-1.2550789482059548 -0.62253605076263552 -0.20898558300787184
-1.2065895582474102 -0.60064232270141948 -0.30125507438724541
-1.1535147937297712 -0.58807005448918148 -0.39289826350301094
-1.0950802903374832 -0.58301769374805001 -0.48239685285587375
-1.0266641922189546 -0.58347037564642279 -0.56507464693602627
-0.94843274933787847 -0.58658327612420624 -0.63852013956210452
-0.86104426624590302 -0.59127597158847611 -0.70056219963347177
-0.7664224106176869 -0.5966254560575619 -0.75069607841168795
-0.66567515496517349 -0.60191957217463488 -0.78687399781064138
-0.56093626098671912 -0.60670989138809417 -0.80884903454776547
-0.45412142345421891 -0.61057122370261829 -0.81560118803078874
-0.34734657523697443 -0.61401477502163637 -0.80826582355546384
-0.24238578327346322 -0.61689681056919754 -0.78737259051546304
-0.14057781793504162 -0.61914143863398186 -0.75418868226284519
-0.043308700996098765 -0.62069708880750529 -0.70929657876997498
0.048471110959956404 -0.62126090548490309 -0.65379937052841419
0.13475579692693582 -0.62273709843727632 -0.58978473651887697
0.21633115598438682 -0.6264811465227389 -0.51972282840082429
0.29258558477835961 -0.63225803172401351 -0.44384966546477345
0.36316638330165463 -0.63980339073421122 -0.3626043966823802
0.42759237953589135 -0.64917728496602756 -0.27603692433014243
0.48504867751171765 -0.66150494986233332 -0.18575752422727002
0.53432338190618778 -0.67036828389690084 -0.094180059747594885
0.57325306111895724 -0.66327722494861874 -0.00075310653093701302
0.60209000745789665 -0.64080070017869495 0.093112623672216371
0.6207327230262154 -0.60352218856317486 0.18459159448436077
0.63350694026166876 -0.55422274991383413 0.27213026338181034
0.65006278326267497 -0.49976463067712229 0.35657017133141422
0.67158934906275158 -0.44115168361907342 0.43695523199996722
0.69714955081704344 -0.37791105769772515 0.5127403867170014
0.7264001241763739 -0.31039379135215389 0.58375797940909069
0.75966030379792515 -0.23891770058905548 0.64945308264701718
0.79703160619571756 -0.16426431022420734 0.70954459175388684
0.8377185304080571 -0.087772795401300008 0.76357257826997915
0.88047488101729188 -0.0075254482389105204 0.80869072785008644
0.92403105222974979 0.076984735456972264 0.84489116037705392
0.96765358569760995 0.16561514093757621 0.87086406317566556
1.0107056183350778 0.25820702689601577 0.88503581518747765
1.0523758449915721 0.35411401072430593 0.8856901390256684
1.0920627507276126 0.45182172268732029 0.87201339685738255
1.1292686167994388 0.54924815367372859 0.84376739357121766
1.1632927437699234 0.6445215414072929 0.80096406114144481
1.1939136797675181 0.73568797461178459 0.74386223614157532
1.220889413608482 0.82105741820862688 0.67240063991455934
1.2445535424758423 0.89854409182947748 0.58524066992221335
1.2654058549680613 0.96084948889581112 0.48228985378072098
1.2906231848768945 1.0088936619233415 0.37291177334840042
1.3257643677209197 1.0477690587539512 0.26121227217643517
1.3768428041098468 1.0782007269647402 0.14952894090910027
1.445670630888545 1.0978449490355362 0.041919417236101708
1.5223423053042928 1.0991836709794698 -0.062009320088136005
1.5997578137623591 1.0836046743379057 -0.16060505957759175
1.6762305372578807 1.0533838394511648 -0.25434091921411389
1.75058720622949 1.008359445909472 -0.34322743234820829
1.8208790982082621 0.94966739062414451 -0.42594011484636352
1.8862010591402085 0.87926737874422523 -0.50164087964092385
1.9454811179753539 0.79782790537349579 -0.56968820902905359
1.9975425461325096 0.70666704138290981 -0.6292690612197428
2.041621109437429 0.60755000689287708 -0.67966651144475843
2.0773108451620037 0.50234325455043838 -0.7204530255738959
2.1045857293033268 0.39261317789624783 -0.75111383434037426
2.1237705833966611 0.28006620781143021 -0.77108565584121869
2.1341145518611615 0.16646861333481064 -0.78049802242533384
2.1355812170280277 0.053662221973884094 -0.77949548013161118
2.1280888352546259 -0.056465010204104771 -0.76893618817449871
2.1121203786915479 -0.16238743490222718 -0.74975596921112142
2.0882533004367461 -0.26284779377789325 -0.72273930120831675
2.0570995755292993 -0.35684778193693567 -0.68910713592517658
2.0191898811092073 -0.44360737672392592 -0.6499542436602227
1.9752671546178466 -0.52259474022982488 -0.60627290652564636
1.9261349321481287 -0.59330217466891377 -0.55878719315458492
1.8728275594776886 -0.65663352529473606 -0.50867324158532645
1.8170183771425146 -0.72187678026208757 -0.45904070602804437
1.7602109505331636 -0.79469055286543222 -0.41216434139999558
1.7017936088030694 -0.86812994381503916 -0.36594771304718576
1.6417809199392392 -0.94086612252786628 -0.31998661581753451
1.5803607577462244 -1.0130227198588033 -0.27428158006289438
1.5177587137705146 -1.084784181215469 -0.22883334737519725
1.4542421203469753 -1.156381666091209 -0.18364353887518095
1.3901172551980066 -1.2280822758304613 -0.13872148355104488
1.3257479648171744 -1.3001901624992174 -0.09407968556984464
1.2615394254920844 -1.3729949449565986 -0.049729385278653532
1.1940229882995574 -1.4409424679758607 -0.0052959680742697551
1.1167876191942652 -1.4938663501318148 0.039626008797291279
1.032526083469441 -1.5321034468703627 0.083966342856583331
0.94650835305615366 -1.5662295106637596 0.12774463491114199
0.86097357160290622 -1.6071094889816651 0.17232320773315837
0.77646282129132238 -1.6534090061053792 0.2175065726943001
0.69156272831111809 -1.6983944581587356 0.2626764818440287
0.6060365648809094 -1.7417453209097125 0.30790210904343751
0.5197075259161239 -1.7831910077879209 0.35323478314055379
0.43245629116084006 -1.8225079202870889 0.39870726177496107
0.34421000068752172 -1.8595049905322962 0.44433457072077231
0.25492953405109642 -1.8940120895399797 0.49011503855176852
0.1645828189988344 -1.9258273173725018 0.53603093933113788
0.073046258646150136 -1.9546740219129417 0.58198065064042515
-0.023529253747197804 -1.9761144780709119 0.6257729331062527
-0.12796066638711173 -1.9830356600533412 0.66242292227195632
-0.2352242450660765 -1.9772928863337669 0.69096398270111881
-0.3420495116830205 -1.9618795193268406 0.71202186272122059
-0.44717504325778729 -1.9372730651754517 0.72512907583479969
-0.54918667606490357 -1.9041552522629679 0.73024169415574858
-0.64682464398329464 -1.8633448057185726 0.72767653527470344
-0.73921524102506841 -1.8159246431500391 0.717623952835863
-0.82558271382905379 -1.7628819780952021 0.70032932346447319
-0.90548651133172642 -1.7053289642833749 0.67635417737186931
-0.97854048265071658 -1.6441491490209645 0.64622892624124373
-1.0441919733376739 -1.5797721351593292 0.61085868536642529
-1.1020243492329957 -1.5127785376993284 0.57077351585215208
-1.151959421933648 -1.4439720506486078 0.52630648873334462
-1.1940592859860863 -1.3738673921641955 0.47815316850210154
-1.2283175959541222 -1.3029784587103181 0.42676959256609182
-1.2546076944274285 -1.2319972107151334 0.37247784585405097
-1.2729598448044495 -1.1614718971065729 0.31550472960279385
-1.283926992994235 -1.0918282279963831 0.25601559615851688
-1.2872160166091031 -1.0237797139108777 0.19461290184299387
-1.2826226760682409 -0.95817208388881436 0.13136993617244008
-1.2948144892378906 -0.90574397756980174 0.048536969886528503
-1.3534885569934378 -0.94425044759737453 0.0036875573109926979
-1.4186571877324909 -0.98053832181838008 -0.058349189746643368
-1.4877250617348228 -1.0133869485396365 -0.13188800274415505
-1.5568565601732318 -1.0460598888476154 -0.20542825053620969
-1.6260536940436234 -1.0785506112894379 -0.27897032439101038
-1.6953184450768133 -1.1108526700388968 -0.3525146132139283
-1.7646527648215813 -1.1429597078395997 -0.42606150338145476
-1.8340585737390385 -1.1748654589142118 -0.49961137857635107
-1.8966598389759348 -1.2050398581844575 -0.56673353973822616
-1.944369449696226 -1.1214411523547494 -0.53623986884096664
-1.9962823330704857 -1.1570768995890104 -0.61268965203051795
-1.9309323755932337 -1.2389270245640405 -0.63629480393587112
-1.8567044895697324 -1.3163940851769944 -0.65282318880537693
-1.7744207165463421 -1.3882828203980646 -0.6622160425853667
-1.6852646155958635 -1.4538363313906888 -0.66360475007407949
-1.5900907663099693 -1.5117045268646843 -0.65740874724037657
-1.4899596314760584 -1.5608659896277348 -0.64399906664649209
-1.3861310419792729 -1.6005504821071412 -0.62339863666773832
-1.2798708822325935 -1.6299453951601597 -0.5959774459496211
-1.1723386183975688 -1.6484683215150764 -0.562434301660653
-1.0647805944286231 -1.6556547431361952 -0.52319555927065797
-0.95863856857267249 -1.6509500467744991 -0.47874996299113148
-0.85533754637086146 -1.6340468558659023 -0.42981854843934919
-0.75632755375072402 -1.6049726484951947 -0.37692987253652688
-0.66306961317351931 -1.5639357581391511 -0.32043287753499183
-0.57734443487559528 -1.5110230045911275 -0.26053614493027416
-0.50073796985814767 -1.4463109887424319 -0.19720131691930218
-0.43617669805729431 -1.3688864170915105 -0.1289978388902373
-0.39581433457057746 -1.2850577271293249 -0.057106602659399014
-0.36598766376352682 -1.2091240270389598 0.019273825042181586
-0.3434654358078113 -1.1357510190407076 0.10258498955841408
-0.33351357363298839 -1.0560981706116475 0.18254417590576069
-0.33379126114146163 -0.97022117203360447 0.25194043646389974
-0.33977489422746643 -0.87598328704199213 0.30289073377016218
-0.34727763288886965 -0.77495237046027754 0.33204419123222229
-0.35492936618606297 -0.67095352688659782 0.33979986986025712
-0.36131390360709875 -0.56803602172322198 0.32619631381060832
-0.36519244183225141 -0.46883446619473546 0.29222548192694053
-0.37157221913897465 -0.3721934883169008 0.24913645342122839
-0.37991882951856948 -0.27980047093022087 0.19831486310384785
-0.38991053676838683 -0.19221049697629317 0.14013962932634078
-0.40140302457045124 -0.10973027645529204 0.075306873346331071
-0.41426362277997786 -0.032220819249134836 0.0046177557351934351
-0.42977145335223732 0.045736751228219047 -0.065359883106375263
-0.44343224617801813 0.12148108344946268 -0.13889118675302692
-0.45032040096995452 0.20025354461362899 -0.21130060065729217
-0.45103831390503124 0.28579924243483129 -0.27638699318273885
-0.44571612478487477 0.37786679644030807 -0.33171858989703507
-0.43513862970335582 0.47574284444352083 -0.37421703915068605
-0.421760327526993 0.57799836433443819 -0.40032040842229044
-0.40868629032190429 0.68234620994425665 -0.40730924285332237
-0.39766997886940775 0.78563131883226667 -0.39523471332699034
-0.39014273230031465 0.88482402261957238 -0.36497389273962511
-0.38662943953570489 0.9771200286911601 -0.31838271025184939
-0.38824145656574371 1.0610193052537045 -0.25913378360688261
-0.39678881795104815 1.1392246690925376 -0.19392036056972395
-0.41264502352044774 1.2123555585350565 -0.12458372331928685
-0.43603436188728506 1.2802815045695339 -0.052601324845388583
-0.46897545397785811 1.3435837545273768 0.020657413651944873
-0.50734548011489544 1.408591438985207 0.088308298377611144
-0.55950208084145592 1.4697738952604436 0.14878015308878839
-0.62397468452015481 1.5248458941287921 0.20565482289479867
-0.69795879517576997 1.572574176071031 0.25924956383072162
-0.77962863364359414 1.6122885257685111 0.30945850503520467
-0.8675335618711788 1.6436064970515876 0.35611966259289618
-0.9605438932489575 1.6660907498948383 0.39891515596826277
-1.0575400822785033 1.6794163209131507 0.43760479745078062
-1.1574671045141576 1.6833168537694443 0.47183227064977129
-1.2592468188765737 1.6775361191686113 0.50125339952656289
-1.3617650539406803 1.6619105075275715 0.52545284838852313
-1.4638214658782447 1.6363911274047707 0.54404337325874585
-1.5641375610525912 1.6010602035995964 0.5568560267919701
-1.6615021442737354 1.5562302324144688 0.56364950048002171
-1.7547226628394179 1.5024318586988934 0.56391772814016594
-1.8425608015268684 1.4403062124137003 0.55762386908696737
-1.9237322600593447 1.3704325743591375 0.54492565753954436
-1.9971725872814463 1.293692917537743 0.52598672587291173
-2.0619952368197749 1.2113589900794761 0.50045795010413785
-2.1174174417492861 1.1246373204943119 0.46870165685181309
-2.1627412447657313 1.034617400263208 0.43130717443405786
-2.1973961656773784 0.94243633119092662 0.38887520167657974
-2.2210559787078461 0.8493471091832826 0.34194823433265031
-2.2335933995227841 0.75657667367174031 0.29115501327182869
-2.2365980443161253 0.66504699595755334 0.23757934743842982
-2.2375174615496398 0.57399390594924293 0.18342938525129635
-2.2392358596316746 0.4828901205978412 0.12937766321506539
-2.2409666866935929 0.39188124552511838 0.07516253324742303
-2.2428424426227629 0.30098128966387383 0.020773973287876391
-2.2449921017259991 0.21021036989209346 -0.033803582415324857
-2.2475502731024948 0.11959624076507264 -0.088589642624033488
-2.2506609981179024 0.029172637900398729 -0.14360841397179511
-2.25446909792295 -0.061026304612717686 -0.19887641635962591
-2.2591274862407005 -0.1509553065871766 -0.25441381411135655
-2.2647955751334412 -0.2405650870696241 -0.31023645056787563
-2.2716281416377546 -0.3298093070283809 -0.36635373168226326
-2.2783192292862573 -0.41999369477306614 -0.42284711662743557
-2.27774237911721 -0.51509431059524757 -0.47845577552427476
-2.2623728598010375 -0.61460689729408957 -0.52901573346801845
-2.2355460657645687 -0.71415343430465872 -0.57350789688422099
-2.197602863116654 -0.812395213044798 -0.61124039206820213
-2.149117168305279 -0.90782058785005382 -0.64153201562900986
-2.0718034633442768 -0.90050720131066209 -0.66454204398292804
-2.1510776089143189 -0.87361564100972777 -0.63407706959968901
-2.1044543955263784 -0.78809714310948775 -0.6367927336796354
-2.0583728137085582 -0.69269696559223659 -0.63823240928125746
-2.0119381069704541 -0.59745071010848827 -0.63963375050589699
-1.9651545755015352 -0.50235650347543537 -0.64099726702527404
-1.9180267002610401 -0.40741239372262383 -0.64232348839310005
-1.8705591408775677 -0.31261635100707136 -0.64361296380274313
-1.822756733477694 -0.21796626855935886 -0.64486626183704976
-1.774624488444416 -0.12345996366026868 -0.6460839702104173
-1.7261675881062941 -0.029095178647627923 -0.64726669550321791
-1.6773913843581778 0.065130418046996069 -0.64841506288866968
-1.6283013962143982 0.15921923083219874 -0.64952971585226027
-1.5789033072953582 0.25317373586161773 -0.65061131590382837
-1.529202963248494 0.34699647991017057 -0.65166054228241033
-1.4792063691045458 0.44069007922213471 -0.65267809165396251
-1.428919686570153 0.53425721833147299 -0.65366467780207216
-1.3783492312578045 0.62770064885482213 -0.65462103131177629
-1.3275014698541618 0.72102318825765588 -0.6555478992465994
-1.2763830172278248 0.81422771859405396 -0.65644604481893709
-1.2250006334776473 0.90731718522052729 -0.65731624705390668
-1.173361220922678 1.0002945954844304 -0.65815930044678761
-1.1214718210348638 1.0931630173874329 -0.65897601461418398
-1.0693396113156846 1.1859255782245131 -0.65976721393903304
-1.0169719021178529 1.2785854631990452 -0.66053373720959796
-0.96437613341328321 1.3711459140144697 -0.66127643725257479
-0.91155987150855344 1.4636102274430354 -0.66199618056045018
-0.85853080570904539 1.5559817538722183 -0.66269384691325217
-0.80529674493303838 1.648263895829317 -0.66337032899482862
-0.75186561427701892 1.7404601064847534 -0.66402653200380035
-0.68362754512531321 1.8383815838408408 -0.66421439143514349
-0.79113853532522993 2.0103985165013132 -0.66874777462995205
-0.85980636518519638 1.8564942885692426 -0.65643592732490841
-0.93402298068517609 1.7915675386259757 -0.63512369350450615
-1.0010246194641814 1.7228984109116898 -0.60767956271627666
-1.0605782692790047 1.6514482606371788 -0.57452048869143013
-1.1122603577244916 1.5777957789388397 -0.53625370547971729
-1.1562486105865186 1.5029448435642776 -0.49320738860946756
-1.1924030464983095 1.4274503180792004 -0.44591444733790309
-1.2207669110627482 1.3520847747217297 -0.3947409463577144
-1.241228297801733 1.277772995883838 -0.33993907124146316
-1.2537007833169018 1.2051593360435209 -0.28187942322382598
-1.2586392824344528 1.1350395420331116 -0.22082288814240633
-1.2559599671733777 1.0686011022116921 -0.15724763764041944
-1.2456364296184044 1.0080100501530631 -0.091882773514546393
-1.228356764229126 0.95593145112953493 -0.025391227911384873
-1.2056902664115903 0.91179726707943076 0.046348380172710701
-1.1808638182456448 0.87352815213230828 0.12463563659112142
-1.1474979413309008 0.84015349105455051 0.20465065186116901
-1.1055654985427399 0.81033914038636123 0.28571722362050855
-1.0558106670505336 0.7840483022964968 0.36573575528261304
-0.99874588552135257 0.76144187439039057 0.44333592716429737
-0.93307472652916812 0.74215393651520667 0.51677545651876333
-0.85757907201674244 0.72463341756162925 0.58307319092513021
-0.77324339480252524 0.70872105977899025 0.64037078001168979
-0.6810057731962964 0.69445664694564957 0.68712200686984781
-0.58214807949359715 0.68170605938935069 0.72195207283779927
-0.47808136525238165 0.67050580988418762 0.74281120328115491
-0.37108743857306459 0.65994615382391109 0.74906092835346949
-0.26363900194302259 0.64986243176013625 0.73975412905855265
-0.15824773300404696 0.63948055963858852 0.7157674007274667
-0.057054511538446623 0.6279591480788187 0.67839221033903507
0.038452624496842586 0.61448643400776914 0.62954373840215294
0.12733999114146452 0.59855155362634993 0.57093907655333032
0.20900239298384063 0.57977031552719516 0.50407886772294541
0.28253925189709195 0.55776982754788862 0.42987434570276306
0.34634981213712379 0.53381123313885404 0.35073873960705071
0.39985829177650756 0.50518833332771274 0.27135921183094858
0.44807312501377261 0.46436304072198187 0.1939395549919041
0.49146593344882883 0.41443111566870955 0.11471583964383145
0.5389504998691923 0.36072719035852108 0.0383312324714703
0.59333461208296701 0.30507589662788676 -0.033141060676964554
0.65483715534630105 0.24775581589848925 -0.098675257259836099
0.72409747038479066 0.18869438719502712 -0.15707985383917
0.79883672857988752 0.13165646614099169 -0.20948030775391369
0.87824357918396012 0.073422403353256477 -0.24937862855476617
0.96395856066984387 0.010703282436454048 -0.2697643045376803
1.053610503907497 -0.054340606109639505 -0.26615064029703162
1.1440449590146731 -0.11977844848363162 -0.23680711229928211
1.2331420456379714 -0.17943127395277858 -0.17883291378282878
1.3213407566641913 -0.22563420069304785 -0.1012281259453541
1.4108656851979096 -0.25536838066937106 -0.017940211632901742
1.5015807093120794 -0.27330148420118128 0.056420773825053838
1.6054957083328607 -0.28595957235370939 0.12450646231170007
1.7238147519733709 -0.27428765213971229 0.19219377715019545
1.8371187320033777 -0.24030447942786726 0.25578205417850042
1.9417780977108339 -0.1904840585357328 0.31550135686978809
2.0376556765929621 -0.12653822881537807 0.37231612307504403
2.1237898428294395 -0.050310430706697995 0.42611498811672643
2.1993708266524399 0.036526265864069984 0.47658529734805855
2.2634492043463958 0.13269136839895934 0.52345670421319734
2.3151557996098111 0.2363746628639955 0.56622850835995042
2.3542818977797912 0.34540284387938164 0.60453742395226995
2.3808150412117075 0.45820697946861799 0.63785908982671025
2.3951127681420799 0.57320978227481967 0.66542182001227401
2.3976464974541241 0.68894740025016221 0.68652344286569134
2.3884921974577993 0.80383364877109797 0.70098652675930595
2.3685620917473593 0.91611595892342035 0.70899670069996257
2.3390049329572817 1.0245907772821947 0.71046070190266075
2.3003409482303709 1.1281095592969159 0.70532918409729306
2.2532850709823897 1.225459730615216 0.69355359582582154
2.1996504171210987 1.3158560917442501 0.6750044235174284
2.1405411976862228 1.3987994900108398 0.65117083922586139
2.0762336940176307 1.4732990767849847 0.62237180355398936
2.0077267236732568 1.5391119357828993 0.58947978421320735
1.9361618698480845 1.5968937291256122 0.55376816640984594
1.8619371652080976 1.6456525226200047 0.5152755034845401
1.7858393929362459 1.6857675263023117 0.47449491173140013
1.7086293243668362 1.7180699499494791 0.43202048732904397
1.6308394710139553 1.7418417404449513 0.38805756704882755
1.5522049084904699 1.7588074793049779 0.34278619288856149
1.468099514526469 1.7769156599715321 0.29495043129053578
1.3781287470816705 1.8026279155572817 0.2453150341292398
1.2871738531540378 1.8302640533335268 0.19570204196428895
1.1963706289656304 1.8577429210445739 0.14642430355453365
1.1056303915572503 1.8848963846499718 0.097426602423397818
1.014876789765331 1.9115541221722578 0.048659262996256988
0.92404109462799011 1.9375569341752183 7.0969281665854422e-05
0.83306762586435379 1.9627730154377858 -0.048392898763663164
0.74190586716725004 1.9870724017290613 -0.096771156296302785
0.65051873275841809 2.0103122980252088 -0.14509810357972183
0.55886974202787987 2.0323598834337009 -0.19340857848834453
0.4669405273682421 2.0531374310471739 -0.24173431173811263
0.3747156713145412 2.0725226626359259 -0.29009432958623316
0.28218536945742179 2.0903940508160797 -0.33850464778559586
0.18934190188151881 2.1066243904209041 -0.38697650938998451
0.096185883467327399 2.1211287769629013 -0.43551256185199971
0.0026941986799671747 2.1337720630992774 -0.48408194994158094
-0.092428074461530146 2.1424089450809687 -0.53153808344812292
-0.19128804164595231 2.1414192325805601 -0.57388350301913493
-0.29241641446616329 2.129293841132867 -0.60872388839833991
-0.39344167468176638 2.1081550515596117 -0.63680011924516455
-0.49325467290740888 2.0784488545567901 -0.65803124297251814
-0.59090901881427715 2.0407601138767406 -0.67224684077331875
-0.67641506388043371 1.9845921351378197 -0.67370438488013773
-0.70307756537939414 1.9102634930506099 -0.65287925880533848
-0.71498894699841187 1.8226303114615054 -0.62624847771483239
-0.74512115573118065 1.7240299485317025 -0.60091593405300059
-0.77490682177924219 1.6253601865846046 -0.57554920961009015
-0.80434149108268482 1.5266201760479956 -0.55014771129232698
-0.83342090177988315 1.4278091055912174 -0.52471086586355475
-0.8621409860010637 1.3289262024714978 -0.49923812016877911
-0.8904978715834746 1.2299707328646781 -0.47372894134948307
-0.91848788370749979 1.1309420021803187 -0.44818281705066876
-0.94610754645315698 1.0318393553609271 -0.42259925561950962
-0.97335358427638208 0.93266217716530808 -0.39697778629557923
-1.0002229234045701 0.83340989243588071 -0.3713179593925714
-1.0267126931508561 0.73408196634988432 -0.34561934647145742
-1.0528202271466631 0.63467790465433671 -0.31988154050500528
-1.0785430644920366 0.53519725388475814 -0.29410415603363332
-1.1038789508233759 0.43563960156744308 -0.26828682931250508
-1.128825839298143 0.33600457640531023 -0.24242921844984447
-1.153381891496186 0.23629184844721529 -0.21653100353641028
-1.1775454782373502 0.13650112924067573 -0.19059188676608863
-1.2013151803150692 0.036632171967914795 -0.16461159254755323
-1.2246897891456416 -0.063315228434732473 -0.13858986760697911
-1.2476683073329782 -0.16334123517423055 -0.11252648108174029
-1.2702499491485812 -0.26344596951500976 -0.086421224605086472
-1.2924341409265754 -0.36362951070996175 -0.060273912381758388
-1.3142205213736387 -0.46389189594828339 -0.034084381254519638
-1.3356089417937116 -0.56423312032022688 -0.0078524907615735093
-1.3565994662273713 -0.664653136798672 0.018421876815129162
