-20.1827828774394 -15.7166711057524 -0.957145073638848
-19.8082676807748 -16.646918989395 -0.45592364043566
-19.3756061526134 -17.5495576456259 0.0490198217512567
-18.8854363326925 -18.4204468896393 0.557240864763763
-18.3385911494238 -19.2552424407332 1.06828861562915
-17.7361287375423 -20.0494499114149 1.58157486177913
-17.0793656367576 -20.7984895283536 2.09625184255589
-16.369910474204 -21.4977706407521 2.61110612772474
-15.6096950778186 -22.142773630907 3.12447441303199
-14.8010002189113 -22.7291353833108 3.63418492368705
-13.9464742477967 -23.2527334385019 4.13752575017391
-13.049144485125 -23.7097637047003 4.63123920005264
-12.1124229731139 -24.0968072961811 5.11153943924186
-11.1401096627139 -24.4108836747888 5.57414954116559
-10.1363969582792 -24.6494895552362 6.01435368239712
-9.10587951909959 -24.8106256120861 6.42706062266127
-8.05357223607464 -24.892815433682 6.80687567456126
-6.98493743091546 -24.8951229407471 7.14817989732305
-5.90591977966865 -24.8171752297096 7.4452169670769
-4.82298456959921 -24.659197245281 7.69218978294319
-3.74315205245355 -24.4220627321662 7.88337006790341
-2.67401826869361 -24.1073626467209 8.01322475053805
-1.62375117042214 -23.7174878986024 8.07656254698156
-0.601050491581148 -23.2557183876165 8.06870273418592
0.384939142664029 -22.7263053985984 7.98566551610347
1.32476972212685 -22.1345302257281 7.82437963510819
2.20888942925901 -21.486719192693 7.58289813912134
3.02789751063221 -20.7901948086948 7.26060791707934
3.77284360035773 -20.0531453981912 6.85841359939383
4.43555101049083 -19.2844017626113 6.37887303720136
5.00893309182749 -18.4931195441889 5.82626167475775
5.48726240839294 -17.6883796128294 5.20654875300508
5.86634744160135 -16.8787346413719 4.52728086904808
6.14357566306426 -16.0717454340414 3.79738746366129
6.31780037263514 -15.2735616555577 3.02694428316036
6.38908413919848 -14.4886041051616 2.22694648361308
6.35835797217204 -13.7193968480526 1.40914253164139
6.22709394956656 -12.9665786260554 0.585957715198508
5.99709518214804 -12.2291001799661 -0.229501626551107
5.67046938157716 -11.5045952516038 -1.02340708962336
5.24978900716737 -10.7899014671697 -1.78119035227769
4.73838821486165 -10.0816988213742 -2.48760461067398
4.14072773266485 -9.37722014456208 -3.12691065577809
3.46276684877573 -8.67496576088073 -3.68322629347447
2.71229315298946 -7.97532846726199 -4.14107336931809
1.89915663002329 -7.28101738674467 -4.48614179245713
1.03533417719997 -6.59717325841652 -4.7062518594599
0.13473106629239 -5.9310998794736 -4.79243264775822
-0.787366591259531 -5.29159434729365 -4.73995986500055
-1.71522138982019 -4.68793324424849 -4.54914113202548
-2.63389472904811 -4.12864844958466 -4.22563438145846
-3.53064848522303 -3.62028494868339 -3.78015701799084
-4.39625047274285 -3.16635199309303 -3.22758228116963
-5.22592163434296 -2.7666444474611 -2.58558461593822
-6.01972515410832 -2.41702839712918 -1.87312742307075
-6.7823174702457 -2.10968075938029 -1.10913003170883
-7.52211586734602 -1.83368447759814 -0.311584436075111
-8.25003941125571 -1.57583998054911 0.502760884999191
-8.97801985734326 -1.32156871421108 1.3182156051046
-9.71746328719352 -1.05583542775934 2.1196737978755
-10.477810851489 -0.764061939316046 2.89213206965408
-11.2653344599556 -0.433012254753032 3.62045243066785
-12.0823050911992 -0.0515976523409561 4.28951536500861
-12.9266481501585 0.388485184784687 4.88475979141535
-13.792127326127 0.892373696564829 5.39297056047933
-14.6689942541887 1.46196935400886 5.80309945355125
-15.5449494225033 2.09616739293349 6.10691244196643
-16.4062155638199 2.79131433525115 6.29932915335967
-17.2385384367541 3.54178409396383 6.37842226308229
-18.0279877025694 4.34056016121151 6.34513465967142
-18.7615058870429 5.17973720314294 6.20282458587247
-19.4272200573415 6.0508962356443 5.95675777557467
-20.0145729112272 6.94534787561757 5.61364149120167
-20.5143443110317 7.85426722456648 5.18125584668524
-20.9186270614997 8.76875799719132 4.66819866397677
-21.2208017547106 9.6798843708262 4.0837309637883
-21.4155337598394 10.5787012337985 3.43769422317487
-21.4987969343102 11.4563018762267 2.74046650122272
-21.4679162714785 12.3038905074645 2.00292906647563
-21.3216160140467 13.1128777469522 1.23642440892539
-21.0600598235707 13.8749916373346 0.45269705582426
-20.6848737162124 14.5823950308426 -0.336182209716708
-20.1991486848697 15.2278019605165 -1.11790206545363
-19.6074262947885 15.8045898984418 -1.87999759711159
-18.9156753645914 16.3069103937798 -2.60993188148307
-18.1312697727618 16.7298060945323 -3.29517134712262
-17.2629755117132 17.0693461703568 -3.92326231167354
-16.3209488762038 17.3227932943277 -4.4819252333247
-15.3167372783269 17.4888123811262 -4.95919106700334
-14.2632606802996 17.5677233366491 -5.34360805519034
-13.1747373058741 17.5617869778957 -5.624544476926
-12.0665058594737 17.4754960923074 -5.79260090703184
-10.9546929509649 17.3158251571694 -5.84012345607443
-9.85568412471823 17.0923773760355 -5.76177917930727
-8.78538355622769 16.8173627072126 -5.55512230163616
-7.75829059589234 16.5053514464258 -5.22105512775168
-6.78647383824964 16.1727774681879 -4.7640824870305
-5.87857136600431 15.8372099907469 -4.19228265615533
-5.03897176319516 15.5164617761788 -3.51697171951913
-4.26732010475642 15.227638932172 -2.75211037019532
-3.55844321876116 14.9862479694239 -1.91356884887923
-2.90271183723863 14.8054533507228 -1.01840059835618
-2.2867801008943 14.6955309586285 -0.0842615297698378
-1.69459395132099 14.6635090851451 0.870947569139795
-1.10855411672243 14.7129515392495 1.82922102576049
-0.510746546080062 14.8438326270961 2.7724532479906
0.115816841321096 15.0524811482472 3.68243801041406
0.78599960034243 15.3316142993414 4.54099530843456
1.51146155677655 15.6705178970712 5.33031865759181
2.29980647020352 16.0554353312629 6.0335610865303
3.15406841601145 16.4701970239638 6.63559194610525
4.0726112161385 16.8970658005348 7.1237897818333
5.04944534163432 17.3177148003884 7.48871423003831
6.07489070575883 17.714217253455 7.72452881775523
7.13645864453706 18.0699248233531 7.8291119114393
8.21980742088811 18.3701412365413 7.80386798983395
9.30964255881106 18.6025467818307 7.65331057568625
10.3904742398653 18.75737943577 7.38451745644935
11.4471925305748 18.8274160864416 7.00655756605625
12.4654634270908 18.8078163492233 6.52996591830178
13.4319767290936 18.6958926929609 5.96631052976735
14.3345889957297 18.4908592858216 5.32786402752761
15.1624040754714 18.1935946331439 4.62736925699495
15.9058246654729 17.8064352889438 3.87787513669905
16.5565958121006 17.3330033774136 3.09261557802995
17.1078489858348 16.7780611579927 2.28490808847618
17.5541458132093 16.1473817185628 1.46805668189313
17.891514975215 15.4476254087612 0.65525299783321
18.1174744631551 14.6862155636347 -0.140522393662921
18.2310338518877 13.8712128304717 -0.906591524109277
18.2326764537073 13.0111932693663 -1.63065567104631
18.1243276246989 12.1151396277455 -2.30085331684653
17.9093212112751 11.192356237794 -2.90580378622648
17.592379032841 10.2524146689643 -3.43465193811342
17.1796163039183 9.30512901708577 -3.87714073622086
16.6785773189054 8.36054690187747 -4.22374696766477
16.0982898973989 7.42892662595745 -4.46591653442154
15.4493053137412 6.52065610272215 -4.59642511883748
14.74366703978 5.64606065968296 -4.60986439051922
13.9947346030738 4.81505147740962 -4.50321376037342
13.2167889227755 4.03658999482993 -4.27641005958774
12.4243725401748 3.31798707357305 -3.93278753596378
11.6313753716798 2.66411159521888 -3.47924884456445
10.8499546490638 2.07663486199447 -2.92606236805803
10.0894535380549 1.55346363810899 -2.28626633180032
9.35552619311644 1.0884996921705 -1.57477712921789
8.64966282539531 0.671805176735289 -0.807407642618523
7.96923152901516 0.290167481789126 -5.26223232895688e-05
7.30803833304934 -0.0720232821244703 0.831741342646773
6.65730270147127 -0.431709507846949 1.67273084692981
6.00689781439196 -0.806019367646584 2.50753482091752
5.34671363544965 -1.21109237374542 3.32002415576952
4.66801985745396 -1.66090598581633 4.09284159870268
3.96469776400662 -2.1661641729226 4.80732878304143
3.23418860792547 -2.73337341213662 5.44402267863218
2.47801349262338 -3.36427307386991 5.98370973270069
1.70177888074406 -4.05576634049292 6.40884942196171
0.914679830114837 -4.80041307044516 6.70506230558914
0.128615134142376 -5.5874273684989 6.86236085907034
-0.642901537504461 -6.40401411315727 6.87588366006605
-1.38583470506817 -7.23681769560109 6.74603609539318
-2.08656274487025 -8.07325755541011 6.47808743416205
-2.73256595700397 -8.90257805750792 6.08137747066043
-3.31285157586188 -9.71651875862053 5.56832490429325
-3.81815303091135 -10.5095883869292 4.95341118119013
-4.24096063021341 -11.2789843909692 4.25226204584493
-4.57543333080474 -12.0242335367928 3.48089177117249
-4.81722294065837 -12.7466402198241 2.65513105457534
-4.9632312429451 -13.448625577797 1.79023539276061
-5.01132825419671 -14.1330317981427 0.900661422978315
-4.96008367415233 -14.8024596709472 -7.3590396514565e-06
-4.80858535829627 -15.4587040810692 -0.899017462361106
-4.55641230689314 -16.1023446338156 -1.78433805532092
-4.20378264502953 -16.7325287308395 -2.64455897152187
-3.75182876769598 -17.3469526845163 -3.4688582893215
-3.20290268937896 -17.9420138405677 -4.24707267790854
-2.56081104412428 -18.5130851189108 -4.96986164284424
-1.8309140962224 -19.0548567756935 -5.62892454694627
-1.0200703679469 -19.5616947782822 -6.21721797147657
-0.136446447984661 -20.0279753050474 -6.72912837609712
0.810767554845828 -20.4483667014785 -7.16057218262742
1.81169057168112 -20.8180419744125 -7.50901392420178
2.85608872433683 -21.1328157893696 -7.77340800559315
3.93368563013743 -21.3892093600964 -7.95407915738792
5.03442223405217 -21.5844540119829 -8.05256103927159
6.14865419316829 -21.7164491100927 -8.07141273834195
7.26728418571086 -21.7836922722841 -8.01403042861462
8.38183393395591 -21.7851994635929 -7.88446743016851
9.48446594470397 -21.7204301126748 -7.68727133487063
10.5679679743697 -21.5892284348831 -7.42734249822531
11.6257142094753 -21.391787406743 -7.10981453120765
12.6516164418289 -21.1286370054418 -6.73995474021435
13.6400765061152 -20.8006539924558 -6.3230808605568
14.585948356425 -20.4090871247888 -5.86448988140153
15.4845148084543 -19.9555895035628 -5.36939514247997
16.3314805751954 -19.4422489418491 -4.84286899223538
17.1229801590985 -18.8716077203198 -4.28978986511236
17.8555967619855 -18.246664721201 -3.71479434601019
18.5263868692075 -17.5708553786952 -3.12223630910367
19.1329046520217 -16.8480077553471 -2.51615624307291
19.6732207413918 -16.0822759141395 -1.90026418821285
20.1459310266095 -15.2780542148072 -1.27793923269837
20.5501525797209 -14.4398779484185 -0.652247331685669
20.8855052303337 -13.5723167345134 -0.0259775725648718
21.1520784188087 -12.6798674119648 0.598304719138311
21.350383609192 -11.7668529566135 1.21819104485403
21.4812928307788 -10.8373334927693 1.83135270726611
21.545964121276 -9.89503491228455 2.43545727251021
21.5457551658601 -8.94330003363211 3.02808106882901
21.4821276632594 -7.98506655957844 3.60661863450456
21.3565471735342 -7.02287519561534 4.16818827618755
21.1703864622917 -6.05891006538139 4.7095316751388
20.9248444303013 -5.09507198221147 5.22690548687388
20.6208970897069 -4.13308325479664 5.71596478405752
20.2593008834905 -3.17462052458874 6.17164252232139
19.8406707398834 -2.22146945416728 6.58803623229285
19.3656539802643 -1.27569140113687 6.95832265245859
18.8352145394179 -0.339786797790478 7.27473197669524
18.251027802421 0.583167707570476 7.52862343998352
17.6159633094193 1.48944076322121 7.71070902890488
16.9346013652405 2.37466787118039 7.8114665351389
16.2136949556938 3.23401817769456 7.82176113446409
15.4624604336461 4.06254388660071 7.73365322294895
14.6925738751391 4.85572456803224 7.54131361647856
13.9177793264606 5.61017519040839 7.24191018236827
13.1530860629715 6.32443242362087 6.83629654248827
12.4136324147267 6.9996851543036 6.32934820522339
11.7133915599863 7.64029266491323 5.72986467563267
11.0639479612812 8.25395239584112 5.05007097414013
10.47355155407 8.85143902239509 4.30486465579473
9.94656359203633 9.44592118090112 3.51101272503976
9.4832855428986 10.0519434231004 2.6864769791246
9.08007210373675 10.6842099581719 1.84995044867899
8.72961444713282 11.356307882729 1.02057246032928
8.42133571536348 12.0794716320531 0.217708696673861
8.14191811017001 12.8614536825461 -0.539339800085045
7.87601978534197 13.7055662146601 -1.2318042513676
7.60721071845226 14.6099968694874 -1.84213208703401
7.31907881297967 15.5675364006446 -2.35484324428366
6.99638015227551 16.5658339577565 -2.75743513446135
6.62607295785374 17.5882023376336 -3.04116512300185
6.19809469206554 18.6148682902383 -3.20154679168647
5.7058002055984 19.624460813413 -3.23845881899902
5.1460502827399 20.5954938965286 -3.1558580638108
4.51900180783708 21.5076340933459 -2.96117554530582
3.82768917727736 22.3426237252955 -2.66452761844977
3.07749767571783 23.0848231613624 -2.27788526569206
2.27561794298061 23.7214120539584 -1.81431971986556
1.43054568475603 24.2423350890008 -1.28739918034447
0.551662177265743 24.6400919488614 -0.710765886998933
-0.351093903273389 24.9094618629329 -0.09788665468295
-1.26747063621267 25.0472314520098 0.538052232154932
-2.18708057107598 25.0519703960301 1.18414397810117
-3.0995339135018 24.9238791320069 1.82769237569812
-3.99454994958202 24.6647187596182 2.45610937074544
-4.86206904137849 24.2778247379611 3.05680970815866
-5.69238704772502 23.7681998084921 3.61713232472802
-6.47633346583 23.1426741369639 4.12432022680354
-7.20551268117643 22.4101088564234 4.56559367381028
-7.87262236273862 21.5816019135243 4.92835177099267
-8.47185207466462 20.6706342964074 5.20053039653439
-8.99934735624974 19.6930758451214 5.37112573537977
-9.45370069020788 18.6669615800251 5.43086118740786
-9.83640481022835 17.6119617912381 5.37293444837551
-10.1521828024108 16.5485095388505 5.19374063979202
-10.4091025365073 15.4966176855052 4.89344127867618
-10.6183982195053 14.4745019534323 4.47625333792116
-10.7939622945164 13.4972017750656 3.95037659227752
-10.9515310302121 12.5754255012481 3.32755506059641
-11.1076522843651 11.7148171478392 2.62235639770506
-11.2785730249617 10.9157492813865 1.85131844487521
-11.4791962760547 10.1736252961835 1.03212838837575
-11.7222217763962 9.47957943313675 0.182962545159199
-12.0175134497848 8.8214352869774 -0.677957980551238
-12.3716651638192 8.18481719805806 -1.5326214578483
-12.7877051080468 7.55435555849001 -2.36338222340792
-13.2649063596426 6.91493846030956 -3.1531496823837
-13.7987364304386 6.25292897784273 -3.8857311717449
-14.3810340739485 5.55722069978365 -4.54638799007918
-15.0005026253503 4.81998594038693 -5.12256179229212
-15.6435436938855 4.03700435021706 -5.60462869219426
-16.29535229465 3.20753755134731 -5.98649004946108
-16.9411056895628 2.33380926068159 -6.26583684600929
-17.5670451153937 1.42022597848461 -6.44401410707903
-18.1612830891838 0.472506639452424 -6.5255205185265
-18.7142486625985 -0.503124374748203 -6.517262031775
-19.2187732996349 -1.5005746415484 -6.42771226440213
-19.6698898988616 -2.51430546509854 -6.26611782735634
-20.0644519083019 -3.53954400349156 -6.04184169604743
-20.4006801010721 -4.57232474336671 -5.76388498212164
-20.6777228120975 -5.6094121620143 -5.44058377443097
-20.895284608569 -6.64815438683447 -5.07945062705886
-21.0533486500383 -7.68630782696382 -4.68711960365703
-21.1519948873701 -8.72186089068829 -4.26935524890148
-21.1913013751695 -9.75287434826863 -3.83109419928385
-21.1713086266102 -10.7773478269891 -3.37649895477801
-21.092025429036 -11.7931162260057 -2.90901361631111
-20.9534569824454 -12.7977759648654 -2.43141946938711
-20.7556409061829 -13.7886384563016 -1.94589346176115
-20.498682138039 -14.7627067771159 -1.45407485721744
