3.207078810725716 0.041268933289895671 0.064178748236531469
3.1089069981800699 0.54207872223569797 0.27819964763048949
2.9921817187408415 1.0402126794356588 0.55707316183595545
2.7602287431738115 1.4858388044132331 0.83850995443705301
2.4052779909818236 1.835854867494064 1.1204085118525935
1.9175768942952311 2.0416020114087798 1.3666282238393732
1.3245169439663176 2.0468056711866867 1.5028632071879762
0.72729668143935744 1.8529386977513433 1.4329239863538332
0.23485206524648611 1.5678179281344637 1.1407961094057295
-0.14950212926530265 1.3078448270385552 0.7123350970170701
-0.50178924208802278 1.0871537644383049 0.25099352705866251
-0.85241683963838843 0.86352184901749152 -0.20482304202922444
-1.1931335956092495 0.65148547774173526 -0.68148815419039399
-1.6045140908905182 0.42882289706006693 -1.1140989087333357
-2.0917988856011656 0.1089485524641865 -1.3897506302618328
-2.517504541542221 -0.35506653113395453 -1.4139781770610376
-2.7350685127338354 -0.889813954310125 -1.2448371967953678
-2.7476188458629767 -1.4103539278917006 -0.99094977391246397
-2.6021833804306378 -1.8857655977763126 -0.71054917925322092
-2.3320990650979119 -2.3025408282036226 -0.4268049330528767
-1.9645105022218872 -2.648311132677768 -0.1474929677117616
-1.5267504018761464 -2.9111246476926418 0.12725871401480116
-1.0463432337118446 -3.0750688969237556 0.4034972829335533
-0.54703673145016629 -3.1195311397543692 0.68380478144616863
-0.050461185868711386 -3.0235667491649649 0.95794099089445173
0.41563054353129503 -2.7629319015980243 1.1989718098920013
0.80438593666394842 -2.319698841911785 1.3479422056624148
1.0628032358121888 -1.7437949666172208 1.3050753118722185
1.2100302657840094 -1.1813308882443496 1.0331093900879604
1.3645977815044692 -0.70305102638933192 0.65323891441725845
1.5638386606171579 -0.23951272075464936 0.30989671888892711
1.6467668896136112 0.25711479757220945 -0.0095187199776869368
1.5747548959972535 0.74856445923287229 -0.3454709382601367
1.3965609495368865 1.2351033140767451 -0.66625776480907173
1.1377902486116116 1.7345164953628953 -0.92669075137044088
0.78745592314357116 2.2348638942934884 -1.040337466298346
0.33786583556034516 2.6408280500221188 -0.97704951756995317
-0.17274517642775944 2.8812813846830712 -0.7948666628001344
-0.69811083096058313 2.9536656016171761 -0.55262981046350368
-1.2032172031556849 2.8773069095214829 -0.2818041766098251
-1.6588426924493944 2.668807933456562 0.00026824356272579092
-2.0389706857847343 2.341485087711856 0.27802232455058096
-2.3201405589911959 1.9078930929973832 0.53300077461956452
-2.4880610765082216 1.394627923642572 0.74839174859069035
-2.5094470849629116 0.82223052131579 0.88216180588475779
-2.3808300476582875 0.23486858525158175 0.8960080251366439
-2.1484120951437986 -0.31930972606400404 0.77128111540453459
-1.8857174277808353 -0.81733801399529893 0.52617159682032888
-1.5932650344240293 -1.2647374994856433 0.2582319040819922
-1.1931474439438521 -1.6340468356291904 0.042129428194011144
-0.70266994730130539 -1.8864819796555783 -0.15703308106119152
-0.17893505842041874 -2.0113639745489524 -0.40162118031437549
0.35431777084409394 -2.0309820202780591 -0.6853705023897384
0.92354432119567242 -2.0081072342304886 -0.91865164073726302
1.5195229633517982 -1.9075534014461586 -1.0127042803966499
2.0653162961052725 -1.6779382719420304 -0.9387479298148349
2.489907787328256 -1.3192247914699653 -0.74382551205831571
2.8139729812798961 -0.89012218749652361 -0.50625315050177055
3.0215806567484274 -0.42223700216235216 -0.24692363026577652
3.0412334092197923 0.071291088246179898 -0.058473974698828132
2.8456703372906182 0.62768439585717295 -0.040227774807835327
2.6366773396380481 1.2070768599306474 -0.025321174964964679
2.4306117108809944 1.7715650427116607 -0.0084518979467268079
2.1482603595828662 2.2069492583312584 0.14097275416518948
1.7230234399319075 2.4783099291365067 0.40802505727999749
1.222717953589382 2.6506811410006836 0.65641393719623764
0.67389364919540529 2.6813419384083659 0.85694272308055486
0.10445776041731514 2.5418134293477843 0.96040696627454702
-0.43513629011831989 2.2623450367061224 0.93025968362311273
-0.91105188227904543 1.9103759507540645 0.75634015727628878
-1.3283231922166439 1.5569062040024844 0.48111624288361282
-1.6852763783645139 1.160226055432982 0.21592929038155889
-1.9360862374017727 0.67360745978995007 0.0049009468281066022
-2.0389777323744798 0.13584006313551028 -0.19803661894820318
-1.9938864949338828 -0.39825653375269365 -0.45458989649734283
-1.8862771121858988 -0.93899107049752051 -0.7227858016707247
-1.7359187764607928 -1.5140758565490438 -0.88776122502666222
-1.4904873469248103 -2.0673895249182594 -0.90794633594433327
-1.1360318042370117 -2.5266051832109668 -0.79869782787686017
-0.69598880657285267 -2.8411910688813777 -0.59476626769119578
-0.20644487570143011 -3.013550313622035 -0.34289233334108327
0.29899081991324117 -3.0601467780648246 -0.071026995348531269
0.79352809037150762 -2.9735534345958365 0.21027452745262579
1.252486064204595 -2.7628330386380484 0.49186754279592904
1.6484854183248161 -2.4389180848904228 0.76501160992283546
1.9470610176383587 -2.0139022259456008 1.026209674744621
2.1079079479378557 -1.5019140593631444 1.2652055701966818
2.0854002979469306 -0.92809003531309486 1.4484887829251334
1.8519491661975207 -0.34913988629361448 1.5026337670911867
1.4656082938551027 0.13626693836839826 1.3215613429015935
1.1037895247521583 0.46836245009262939 0.90394030008334025
0.84244912004181205 0.72521593787822802 0.39370382309882412
0.6005064574204888 0.98169287226481761 -0.11562848563785523
0.35005927096380762 1.2660288412326901 -0.61111508954269167
0.061545565335851725 1.6187653686820629 -1.0538871006817256
-0.34309168141669022 2.0267996688288816 -1.3445949607361383
-0.88545101697535422 2.3521675574079182 -1.3866547767768449
-1.4615569448827546 2.4637683685246841 -1.2264366680380239
-1.9839530014165481 2.3712031640583517 -0.97757330965382694
-2.4268845788775186 2.128564215574877 -0.69991104102768387
-2.7838252225996976 1.7748046320663433 -0.41834187367003345
-3.0515117510876419 1.3408139276550002 -0.14262048147477349
-3.2247355405999945 0.85673119010765353 0.1291251677307827
-3.2933995808853482 0.35368075029805007 0.40632784677435119
-3.2442065467043855 -0.13980549361263039 0.69254744152191994
-3.0634035120290739 -0.59893719366383791 0.97739308030722183
-2.7339085361302367 -0.99350424876813215 1.2385296642765775
-2.2364677279720944 -1.2725089737422621 1.4194513377087006
-1.6171505679268192 -1.3694766972749175 1.4107742480008305
-1.031903294286691 -1.3016762057442222 1.1504237699070907
-0.57394632451897654 -1.1982792044774202 0.714859029933547
-0.1990253215152934 -1.1372045682313225 0.21527335713924431
0.16484239877824144 -1.1060072369025029 -0.28535802903444341
0.528891574355979 -1.0755255425415089 -0.78982963104500237
0.94298753167874394 -1.0881817560298388 -1.2735827744576342
1.494091654609871 -1.0757430390233673 -1.6109413983143732
2.0979468147632137 -0.89358208362757396 -1.6839555365155521
2.5659079294089544 -0.5365428137595355 -1.5257851736305026
2.837151814636993 -0.084845531380371653 -1.2691663534724937
2.9410477679157467 0.41221144422530132 -0.99151032035927711
2.9055176401966611 0.91909282348108434 -0.70829245149424824
2.7509043500886778 1.4064293921161157 -0.42380112587953073
2.5007583393651158 1.8367056767229211 -0.14080160720623788
2.0596839295152591 2.1791245182609695 -0.05687546641801336
1.5498054292068149 2.5149127631058388 -0.046218451836170411
1.034962282277069 2.8531976684495377 -0.03643920667861103
0.53710836587270916 3.171753123406825 -0.019998925180375438
0.042993166634010233 3.2717706767407488 0.2001729022616863
-0.4588083497976605 3.2287884371793409 0.47654400900964383
-0.92887684615910082 3.0656486467745507 0.76349791485641461
-1.3311235295370123 2.7735486387508614 1.0461136683456196
-1.6285189107289098 2.3437437390572153 1.2960578274484427
-1.7657142033738102 1.7790446493131458 1.4475965912319095
-1.7034936996471401 1.1582809894337531 1.3946895769971281
-1.5200422092651018 0.61936693858163439 1.1044462539744235
-1.3446050041255153 0.19033436932229292 0.67479822316929305
-1.2004409602272605 -0.20615583769507295 0.21977275595838713
-1.047821455143352 -0.60360291051835291 -0.22627203458624398
-0.90479851897736774 -0.98557116545862711 -0.69688373418387839
-0.76684533496298324 -1.4330378473217302 -1.1255057206457639
-0.5582723040885047 -1.9690382977279559 -1.4049720614508874
-0.20525318533900805 -2.4835739598249673 -1.4530681282990352
0.26068696167081323 -2.8280116418708312 -1.2993584626916961
0.75909237430040233 -2.9612722052138629 -1.0446468011541044
1.2462629604740509 -2.9154822891397023 -0.76023503196834674
1.7024964418235573 -2.7228826987225916 -0.47790171184220537
2.1054186101883245 -2.4135573135792026 -0.20134330069928469
2.4350361978406987 -2.0181392738508714 0.072927975184100824
2.6724562477041585 -1.5608211579146278 0.34773786678795099
2.797863664034363 -1.0571464025915476 0.61559057211815715
2.7915439895426841 -0.52243435094441004 0.86014223885798291
2.6338880492920365 0.025002172627231686 1.0424272803301711
2.3237279275707903 0.55046858708050572 1.0986696919767212
1.91865104611626 1.0061996556511714 0.97213431818696427
1.5061061804122184 1.3827978021142764 0.70756784945790419
1.0750707515551914 1.7006549120268208 0.42982895384020975
0.57634174005920535 1.925711299991693 0.19894550773913192
0.028724889265774517 2.0140342185922711 -0.002418576021589478
-0.50942583818025322 1.9446366548617844 -0.23710016662685277
-1.0094139788992589 1.764164369412148 -0.5266261261858155
-1.5291146721656066 1.5398530187866792 -0.77744416865054389
-2.0600908122271622 1.2488155962337157 -0.89978568658592673
-2.5236912285878477 0.86018434773830144 -0.87342053196673963
-2.8557680087766033 0.3915541533437506 -0.72961531899939436
-3.0334305993078789 -0.11380198970220196 -0.50805403149837391
-3.0555094212057292 -0.62062429512143569 -0.24494550000852303
-2.9336448130794914 -1.1002330209972042 0.033997815456494093
-2.6770323207555817 -1.526407458288169 0.31017394973241424
-2.297451856638272 -1.8754751466976902 0.56438912918524275
-1.8184341016941545 -2.1258360392470101 0.77799992712429189
-1.2498020572148028 -2.232145461873972 0.901338879615453
-0.64444304983442324 -2.1874167279507866 0.89409506024724328
-0.067626984851897678 -2.0330241031761385 0.73378775657932949
0.44749150182065328 -1.8425426406778169 0.45121582781348252
0.90695142529195716 -1.6206561580563013 0.12499086611910563
1.3053831067816988 -1.3115166076248834 -0.19257042869744437
1.6126194822454845 -0.91107677165299228 -0.5000779735833456
1.7667694050777041 -0.4219782718017494 -0.81290132967448203
1.9024064340847504 0.10501212099500221 -1.1219449698006068
2.0674706156221974 0.68656781773389797 -1.3163067850893084
2.1592884820545817 1.3048853255682973 -1.3191538564407925
2.0943256247777029 1.8832753157692728 -1.1553331050904754
1.8691466125694973 2.3645086270809852 -0.90702093794680905
1.5201024774347662 2.7394422294394363 -0.63421505416375989
1.0847261592213764 3.0147366961796402 -0.36068748558169261
0.65765076401086486 3.2372054046752474 -0.15747486103227626
0.86918740124965155 2.8361606582881662 -0.072242369336106796
1.2535716516377606 2.3522315114810173 -0.059283017861060772
1.6379980037712254 1.8708947055335505 -0.047632723128145552
2.0224243559046986 1.3895578995860731 -0.035982428395230068
2.406850708038172 0.90822109363859582 -0.024332133662314584
2.7912770601716361 0.42688428769112957 -0.012681838929399369
