0.22935709401354137 -2.3143257864122715 0.29634120565994615
0.12489783008073357 -2.3399536248545494 0.36608578073194847
0.011619556157479838 -2.3640809234956368 0.42380306179639526
-0.10355270725522123 -2.3881738806546653 0.47441441982592952
-0.2209493277118019 -2.4115259590641798 0.51820981698135582
-0.34002408203615309 -2.4336181770815117 0.55613250139001313
-0.46094008390611507 -2.4538135992614669 0.58806771749835995
-0.58429983782697659 -2.4717469825476179 0.61473609830961862
-0.70964260326400186 -2.487318943950064 0.6369611613101307
-0.83765247504950302 -2.4994882597381749 0.65388491971944873
-0.96850122782904224 -2.5082070099717342 0.66608282860782797
-1.1018960699159506 -2.5130702343604407 0.67368579838427833
-1.2376988571640315 -2.5129081535673103 0.67585545771296762
-1.3758091752499828 -2.5080909685671737 0.67337957526221048
-1.5155453636993896 -2.497005238858105 0.66537747501937616
-1.6562482122304869 -2.4796967020829044 0.65221348071844742
-1.7977766028335667 -2.4556177280269549 0.63404172106331336
-1.9386198643378501 -2.4238245062343871 0.61068916216178559
-2.0792426406147553 -2.3846919431879514 0.58270642381972215
-2.2176651011809483 -2.3365670020788945 0.54975879140662176
-2.3534696409040823 -2.2801911235629078 0.5125385545482477
-2.4859705036129083 -2.2144308839892464 0.47088641522337021
-2.6132340094385356 -2.1395903586927396 0.42543632786313984
-2.7357551208698312 -2.0553993357603919 0.37612677034617598
-2.8506613112117751 -1.9615534155667755 0.32344299958127337
-2.9580657089029661 -1.8589620817604424 0.26783659661463249
-3.0562225563558756 -1.7469587521675485 0.20932331972246471
-3.1436000466809668 -1.6274804658956203 0.14912919549753859
-3.220579616122154 -1.4999965037357741 0.086816224969249733
-3.2845421399534516 -1.3660006322316571 0.023556415869487035
-3.3361486903251958 -1.2270369105587178 -0.040089040652926719
-3.3741011645667536 -1.0831495265840838 -0.10399454910328518
-3.3984143913158995 -0.93729661528878971 -0.16669438815061605
-3.4095388672003262 -0.78890099474603115 -0.22866412431424119
-3.406382882822995 -0.6402246636605875 -0.28858837151506916
-3.3910262500392738 -0.49284927438591369 -0.34594401945147196
-3.3626201052139693 -0.34668580484900097 -0.40061641326887315
-3.322997089063263 -0.20404078758086797 -0.45158546364545776
-3.2724778971516848 -0.064283483639335837 -0.49902945449010888
-3.2114808933048185 0.070858504373185444 -0.5419341630641934
-3.142532331667494 0.2011015953239359 -0.58030073664418724
-3.0649903958493754 0.3262873328254563 -0.61356898039050067
-2.9814368882092368 0.44572575238981232 -0.64163873603226573
-2.8919748332638475 0.55980691136094651 -0.66421337467088382
-2.7978958443960269 0.6678882018735911 -0.68098093817685124
-2.7008518920212921 0.77054276614406825 -0.69231200913899227
-2.6009096954192255 0.86745614100318602 -0.69755325815501301
-2.5000123124782463 0.95934143232192337 -0.69774437716288551
-2.39837029911329 1.046304300232769 -0.69243203957224475
-2.2966567821553148 1.1288732315439811 -0.68204014655240175
-2.1956385361290169 1.2078340467485413 -0.66730963082573003
-2.0953652017308571 1.2834161203560572 -0.64766151249593173
-1.9957377499472269 1.3569822822832085 -0.62393379107356806
-1.8973370173276047 1.4286697209775612 -0.59599625386441191
-1.7999594023742136 1.4993722395927285 -0.56295278521518366
-1.703438651016661 1.5700759608225241 -0.52533296483968617
-1.608712306310341 1.6409676734662624 -0.48272970175570468
-1.5158366258480107 1.7130903337232539 -0.43493210968537599
-1.4253882526138322 1.7865178765681946 -0.38304608962882974
-1.3381641594606422 1.8622589936412595 -0.32717702293339529
-1.2537006625384086 1.9404056474298803 -0.26879340560563258
-1.1725554502332067 2.0215029847428401 -0.20924151467796692
-1.0939462579097101 2.1055900859200536 -0.14974939828532588
-1.0175688679843886 2.1926618302985594 -0.091887732919606169
-0.94214288414390135 2.2830240685069243 -0.036885516230070622
-0.86778980433170971 2.3753977752764674 0.015651428904881026
-0.79489633150912342 2.4689370989606436 0.065241851237813217
-0.72109850341237247 2.5645920496572612 0.11018127751812551
-0.64331466643437996 2.6632040236845409 0.14930986113614164
-0.55940431863127904 2.7636835735400078 0.18180107482418889
-0.46850315904393169 2.8648024964376764 0.20773564273221673
-0.36904591386758812 2.9660864690324367 0.22705750129018504
-0.25880922084616853 3.0644479074960809 0.23748566581256642
-0.13780659121762465 3.1572138447683948 0.2385948440126589
-0.0050680937242863211 3.2424713854437313 0.23027846373061905
0.13981892946553831 3.3159959523125058 0.21165840223801008
0.29478868830332183 3.3726100182074306 0.18308613868090651
0.45649595953432193 3.40895101549975 0.14653504166014777
0.62302788866717229 3.423483741105303 0.10396560654392145
0.79179092617687408 3.4134427280646409 0.05758178895982366
0.95674415052334583 3.3779570385328355 0.011367990343905052
1.113962138018127 3.320067057200879 -0.03135211036912041
1.2620505117519252 3.24206987705031 -0.068546206082932437
1.3993152895573939 3.1462599101079753 -0.098163093539472862
1.5228150530109661 3.037352934144546 -0.11825445335402013
1.6333411714208563 2.9205834010145266 -0.1292349197959074
1.7321619254584559 2.7967598117284713 -0.13073348895532089
1.8190410528681558 2.6697969351386779 -0.12276601874508329
1.8961726244559025 2.5434469941251856 -0.10735549253572488
1.9656821431372555 2.4177635079871886 -0.084502092414988947
2.0283647178102697 2.2948454216154981 -0.054195508432672179
2.0873496102131393 2.1772740899673813 -0.019133131345992326
2.1447398178156827 2.0663096565583716 0.020247114895650231
2.2036117593848452 1.9629799938756647 0.060741050880236611
2.2673201339436324 1.8629067294471067 0.10160105703068414
2.3364780062572135 1.7575991727757712 0.14324366525773011
2.4053037327040836 1.6490538880412662 0.18435172088526322
2.4734764843981183 1.5453023969298263 0.2212740114715655
2.5431596509053898 1.4436819678506823 0.25132187681114654
2.6148593956869663 1.339498681910841 0.27474423589515756
2.6871534304775611 1.2316222059795328 0.29248013765590869
2.758116136794599 1.1211450242592316 0.30350791994991499
2.8290512874454539 1.0098661738429111 0.31155204508355144
2.8999537061485667 0.89670812017616863 0.31639838895571876
2.9700365753670388 0.78008457323114133 0.31591166427869366
3.0381108987066883 0.65922201920655499 0.3084197148444609
3.1034540481353488 0.53380411998534749 0.29350831201049815
3.1642077799604293 0.40373954809902601 0.26984860210079359
3.2184684478924108 0.27022964048017506 0.23735402064484612
3.265988047745108 0.13304655490400466 0.19653653316510108
3.3037919398677271 -0.0064836601084682245 0.14718513616404508
3.3316564095154542 -0.14683413466247544 0.09119232653371348
3.3486507413370989 -0.28837440513531276 0.028944827700101511
3.3534877766907556 -0.42902096711520188 -0.037582928489017661
3.3467045170602705 -0.56937838738931024 -0.1075240232595211
3.3262035901766893 -0.70787231883539481 -0.17917625309026597
3.2936403813539936 -0.84346347564766189 -0.25040401208692087
3.2476741901719279 -0.9764302466138266 -0.32055644476132195
3.189316557559446 -1.1047941661867955 -0.38723659328782706
3.1187047666005276 -1.2290612790697832 -0.44994855170980241
3.0355160397842891 -1.34717735255795 -0.50646221842721484
2.9430225038737219 -1.4583241517597088 -0.55592425182375305
2.8404199670238257 -1.5622927744684116 -0.59754551408712953
2.7300096213074414 -1.6574902355759802 -0.63021928886289746
2.6142949385764442 -1.7439854657971776 -0.65430762058951752
2.4937861627626887 -1.8212633656957662 -0.66922678831629456
2.370840671033402 -1.889095184158375 -0.67543631581148222
2.2472774702624143 -1.9486450101391992 -0.67444808879074469
2.1236107319196718 -2.0003584207267111 -0.66653144484378624
2.000367023931739 -2.0453989564328445 -0.65283132353143625
1.8774303933838725 -2.0864429996272436 -0.63528869076201699
1.7546878999922166 -2.1216914564986573 -0.61171123033312802
1.6328152721541729 -2.1483194987563077 -0.57967766864428372
1.5124438805497979 -2.1688331340141955 -0.54048747310868994
1.3944272397495909 -2.1839232577699224 -0.49393086917058782
1.2802486359606273 -2.1941244089894316 -0.43908497358712173
1.1700454831138161 -2.2014067554030317 -0.37544869998402725
1.061988394470919 -2.2079078562964036 -0.30251358675597712
0.9535946110380602 -2.215416588991725 -0.22570788681825249
0.8467404447130199 -2.2240139967841279 -0.14721271061174943
0.74161040983228232 -2.2343277486325035 -0.066667018009182427
0.63720386469729651 -2.2466719039424481 0.014698533670398417
0.53278599217495959 -2.2616936733095372 0.095301863785185015
0.42741461156003374 -2.2793087482250187 0.1735853088392231
0.33709236694271122 -2.2985744981171647 0.24262073304279919
0.41483769089922584 -2.3016010245980114 0.24197136509798439
0.54843351482742519 -2.3058586793177351 0.24480595034163993
0.68291139450346994 -2.3097068402677619 0.24572473137671691
0.81738927417951501 -2.3135550012177877 0.246643512411794
0.95186715385555931 -2.3174031621678135 0.24756229344687097
1.0863450335316036 -2.3212513231178398 0.24848107448194801
1.2208229132076449 -2.3250994840678665 0.24939985551702504
1.3553007928836902 -2.3289476450178928 0.25031863655210201
1.4897786725597346 -2.3327958059679186 0.25123741758717899
1.7141345001787993 -2.3670438348497824 0.25672798585498607
1.9121025866246482 -2.1508882658839132 0.2260591578304702
1.906679609340217 -1.9580001334348223 0.18734304677236313
1.908256000513304 -1.824316642239189 0.14861179212342779
1.9007686564933057 -1.6943351882084772 0.10272281373263958
1.8847671190961575 -1.5691983080245502 0.049586573045249327
1.8610008699147589 -1.4504210722940045 -0.010986501499181608
1.8315607461334698 -1.3395329909087843 -0.079177713735013269
1.7972015782699331 -1.2350149355114401 -0.15513872109947169
1.7589331872174967 -1.1287062956471576 -0.23298480795160789
1.7161458890409571 -1.0203369351224834 -0.30917884371185927
1.6694352523998066 -0.91407180196507387 -0.38542251053732518
1.6189305706281418 -0.80974318860821504 -0.46168183360905923
1.5638146572175335 -0.70602921057626444 -0.53615953988866494
1.4994306162646218 -0.59891947320306516 -0.59977217972079844
1.424312017701048 -0.49022683798420058 -0.6408727171393922
1.3470951863965122 -0.38603301579379828 -0.66579412307656316
1.270487937928676 -0.28751300585601652 -0.67662089237997525
1.1971793439823071 -0.19371713142140545 -0.67857757168004174
1.1283167217356516 -0.10540526224989072 -0.67349152686908953
1.0620279814137281 -0.019412476699550395 -0.66259238547552557
0.99232146344849503 0.068148552464550705 -0.64716551235111885
0.91775853544634312 0.15639133502603342 -0.62434488357744655
0.83527153932740239 0.24178226464020544 -0.58964094206936402
0.74569978194940167 0.32087288052886331 -0.54311847044439698
0.65177887067217799 0.39061538534875251 -0.48374195825794619
0.55535174675016741 0.44724673702374451 -0.40940945198072604
0.45910699583320691 0.48897227993221926 -0.32110421842966963
0.36620193294104791 0.51050206633497619 -0.21968075338776771
0.27903303518431666 0.51089342335455867 -0.11118191075287687
0.19349928196129507 0.50049126579552439 -0.0030313131253933492
0.1066934832329425 0.48143649473499389 0.10239933023635264
0.018367595801895426 0.45381913582354294 0.20401644000418004
-0.071823219151238987 0.41662583726400992 0.29959606944649231
-0.16375256356518522 0.37123509122280901 0.38751461556746619
-0.2571718511033072 0.31892295790150993 0.46637762116538578
-0.35208174372009549 0.26078364514886598 0.53609250862621782
-0.44781921442101358 0.19921930317978453 0.59957521160050398
-0.54096926894549646 0.13725562643869543 0.65164084025529934
-0.63075747159865225 0.076437909312044805 0.68650695380303528
-0.71826795721644621 0.016591484150194655 0.7121012520409169
-0.80324587798336389 -0.042300351814696761 0.73215773345482993
-0.88814673680667433 -0.10026197233841633 0.74874785502288455
-0.97520747953752041 -0.16016899715830413 0.76275984001460428
-1.0663869838508984 -0.22229488873975406 0.77361658983206927
-1.1638353535170252 -0.28675209959658471 0.7801244266215781
-1.269617718200694 -0.35395380314473496 0.77534992327383079
-1.3827842871087919 -0.42269915545931458 0.75406520772376862
-1.4992511466722138 -0.49268196877876275 0.71334786133070716
-1.6153891792963735 -0.56115109126140472 0.64938825506298037
-1.7227568001854949 -0.62560935101035453 0.55881980235160444
-1.8136963216400985 -0.68468338367742643 0.44370524976008957
-1.8825025686554959 -0.7359678676461705 0.30672698971423229
-1.9215127108778651 -0.77714229467684359 0.15418663766365304
-1.9286074569819245 -0.80787619330106086 -0.0062691016379336773
-1.9007931892201968 -0.82833352674666627 -0.16673587888071562
-1.8413150522971706 -0.83724324110480597 -0.31749274158925034
-1.7539242385835159 -0.83744318523464312 -0.45257445092467125
-1.6425621144082541 -0.83110128060933419 -0.56544655097123941
-1.5172805197499637 -0.81922788235779964 -0.65369513186725725
-1.384203106715431 -0.80560659276619084 -0.71735547687567469
-1.2484686253648904 -0.79121359072192388 -0.7568836071768783
-1.1163982704687554 -0.77673543887855867 -0.77669654494341955
-0.99099779157030021 -0.76447388747777323 -0.7825328233876494
-0.87320603079495041 -0.75355619182810918 -0.77780490732040652
-0.76281085390396697 -0.74579196531812464 -0.76660114808419388
-0.65698371791906018 -0.74001703697543919 -0.75168174173783919
-0.55175965806466432 -0.73335051036933929 -0.7337972895053968
-0.44491003815539598 -0.72620428979979146 -0.71165901490120587
-0.33716634025455272 -0.71927049451961189 -0.68406521136773701
-0.2283317590543508 -0.71099394521885728 -0.64551905121907227
-0.11821973670963057 -0.70074779295682199 -0.59054980321304873
-0.0090623904304240888 -0.6881569582539504 -0.51815719629652102
0.10006847972731295 -0.67337614281146918 -0.43903327808526099
0.2075749999841035 -0.65685237037301547 -0.35774516095362063
0.3134125639696333 -0.63905063519073824 -0.27310204146747175
0.41997729575535225 -0.61889220931274291 -0.18460403274856677
0.53064958467430801 -0.58416322624193384 -0.10361309313875308
0.64292822128507088 -0.53642734349242815 -0.034479156603989827
0.75438898930648168 -0.47467711800443174 0.021271135708111108
0.86099317646613849 -0.40215285120484601 0.065622617370642067
0.96013377050110238 -0.32195744149768118 0.095659015590053853
1.0577824640937734 -0.24162425722843317 0.11322444361165251
1.1578029482877956 -0.160789227328382 0.1218388485240037
1.2609197468006752 -0.078722331246167732 0.11982379355310241
1.3668665630205115 0.0050971793491233885 0.10726355398740731
1.4746821396300038 0.09015488404952185 0.080709520463110446
1.5789614152288154 0.17273927129408204 0.036117953415438594
1.6782175869412179 0.25174046260341715 -0.016947941656785162
1.7754923465857391 0.32972853413050951 -0.071438118971672238
1.8718447525795658 0.40755863111141233 -0.12592338900377364
1.9671820797476982 0.4856712491184445 -0.17945202637613367
2.0614198831391759 0.5638924554300726 -0.23158695883108718
2.1549478272305724 0.64303791887998374 -0.28131945708407041
2.2466123515817333 0.72179522866633872 -0.32934625519992694
2.3318546002656966 0.7956762291976025 -0.37657201398787193
2.41426848775138 0.86803843892013799 -0.41988987142652628
2.4990302014363226 0.94432249765940413 -0.4586013782214699
2.5861740340700745 1.0258705057656128 -0.49282677824480442
2.6757887026719103 1.1146946188540929 -0.52093790482738811
2.7674331224234949 1.212111276718532 -0.54104513583406644
2.8601551703553727 1.3188543499047631 -0.55115823964891986
2.9539167663045531 1.4357443009502175 -0.54992048758036383
3.0457285968791195 1.563686640962509 -0.53212836507716954
3.1298497923708708 1.7009963240089694 -0.49305779936718003
3.2005993992831381 1.8447497104779516 -0.43087386587608312
3.2523657144053568 1.9911087737185398 -0.34544659403789491
3.2794233133853345 2.1353879280930008 -0.23819754938913679
3.2763266701703215 2.2706136224867342 -0.11418022410674036
3.2421732100517668 2.3916830689888084 0.019341345252196607
3.1774159667486184 2.4953665196752879 0.15609359340944839
3.0835474375042882 2.5790257825546545 0.28970985447011882
2.9651863978017077 2.6400329711654971 0.41163615324312686
2.8298722093182493 2.6801516498826894 0.51702399464807369
2.6814984202762799 2.7003879809194484 0.60331160662010253
2.5268042249126363 2.7031267908166718 0.66801653569587049
2.3710055321706252 2.6912394182742787 0.71044151553320667
2.2200741811665314 2.6684191506201134 0.73196488253807512
2.0779476281925393 2.6395638454778596 0.7372810011572497
1.9453671295393469 2.6066490449279156 0.72881506863324486
1.8232300389715328 2.5720979964647621 0.70962318592857887
1.7101115885654847 2.537830982203761 0.68428622866025024
1.6037003033178687 2.5044523990376297 0.65533103711080232
1.5027925123595571 2.4722263842491312 0.62301870918319047
1.4053010434178106 2.441125400118755 0.58740969412114485
1.3088722238046531 2.4108946345736961 0.54774614935568056
1.2135127342644543 2.3820905904286871 0.50299838106087513
1.1198226363348303 2.3557295567043131 0.45168661861458798
1.0268561040682771 2.3329185873550067 0.39182313848457412
0.93565371813547615 2.3149164230440711 0.32443990602149686
0.84756664716975838 2.3043174481767981 0.24984077100236257
0.76141663867002785 2.3025117093617928 0.16843856443345817
0.67705410174303127 2.3100341873048524 0.083075032606203997
0.59322885080543586 2.3279389950702774 -0.004285217042566479
0.50908147843938878 2.3541242635770407 -0.090931354379964371
0.4243528535324137 2.3884171994951386 -0.17344381150559085
0.33822878322561761 2.4295320241849314 -0.25057648772493241
0.25106979321296707 2.4761090447119511 -0.32080927077668447
0.1615656071160651 2.5274986363668535 -0.38345619717746771
0.069314626239303262 2.5821171686186979 -0.43938275036158408
-0.025444533069757413 2.6384022896210397 -0.48849117609043197
-0.12377058324143844 2.695813742015055 -0.53117545115600073
-0.22632132272909836 2.7537700219791525 -0.56823517110267741
-0.33425521504083466 2.8111661721248589 -0.59894965705613301
-0.44763098938633061 2.8683110463104695 -0.62432054539343218
-0.56780010282731708 2.9244641846459349 -0.64362626173535387
-0.69636905285376438 2.9779834849936635 -0.65453581716028109
-0.83434216232431468 3.0273647294059014 -0.65541514911833421
-0.98133273049782288 3.0683955958118534 -0.64273379750569437
-1.1346359979756988 3.0973558869458899 -0.61500029560178682
-1.2917975544883118 3.1113747734224648 -0.57207642026164973
-1.4505923930505589 3.1076322444239057 -0.51376453317151505
-1.6053993324662974 3.0816985672707911 -0.4407536367346
-1.7503260999709511 3.0326561034544754 -0.35676689695280228
-1.8820701136245515 2.9606450969506408 -0.26509432189199628
-1.9978153792457551 2.8656920383204652 -0.16865354204430233
-2.0926111421248983 2.7491729434666192 -0.072562188885949785
-2.1646832382409014 2.6165154543309352 0.017699275001996077
-2.214400153017523 2.4714715376922802 0.099234059055569757
-2.2421320506958282 2.3168833585363711 0.16970529101699869
-2.2483853734823143 2.157951607539772 0.22602987749715819
-2.237366682350828 2.0006836706632014 0.26784486838596561
-2.2119618778142724 1.8472780503589905 0.2960362842509191
-2.1741472060107201 1.6991436471529504 0.31110246296405669
-2.1267633243918178 1.5587440798892809 0.31456871685155169
-2.0740639060615393 1.4263526612637514 0.31034053365609321
-2.01646024853647 1.3007022903998922 0.29931995287982988
-1.9548439008677991 1.18094675166756 0.28288577158935585
-1.8904014660907935 1.0654311855079659 0.26315727681930118
-1.8234323324351676 0.95275173488382958 0.24087164084792806
-1.7536994079804136 0.84231133526941737 0.21596637155268295
-1.6818447117479776 0.73305185678736107 0.18943565077737373
-1.6080226801637068 0.62492683478388655 0.16118435314885915
-1.5325983391627143 0.51782067765802897 0.1313935850831075
-1.4560229675262106 0.41168809230018055 0.10015841158181588
-1.3784328983111123 0.30668427928468872 0.067201792529221399
-1.2998931882834477 0.20259410425933938 0.032566778349055511
-1.2193839781866653 0.097755342110828952 -0.0018750484672977255
-1.1377150135819627 -0.011239272284817076 -0.026266704242592379
-1.0581219689895665 -0.12255999145997948 -0.034847090002089479
-0.98331949681946418 -0.23106986937171492 -0.033192227032208144
-0.92204747095545436 -0.3376745217863088 -0.019329702101064241
-0.87584118486556439 -0.44495179492567122 -0.0043453108582713687
-0.84566311286747375 -0.5568617081072208 0.011319521092607018
-0.82935844223882416 -0.67736539373512505 0.026790107474692057
-0.82108011305808948 -0.80811982271853167 0.031816301853322349
-0.81394110387711882 -0.94477925141774266 0.024978970032519171
-0.80725669631568719 -1.0831808613992608 0.0033307114009055935
-0.7997971001993357 -1.2177868150993649 -0.033701673856103023
-0.78941407970003696 -1.3484767884200701 -0.07411650649471048
-0.77576720712271008 -1.4786613808894953 -0.11320937704160061
-0.75819570242077694 -1.6089463643456821 -0.15025391266350496
-0.73722060427373093 -1.7393225853272327 -0.18575314732920384
-0.71150868046449645 -1.8694481337782618 -0.21924928558739096
-0.68155204681923387 -1.9991040420796853 -0.25110809415084417
-0.64593550194789573 -2.1280051482164772 -0.28067997562030106
-0.60404162855298604 -2.2558138737342452 -0.30736346361165306
-0.55602551171153669 -2.3830752521077012 -0.33159836422074279
-0.49934878982800668 -2.5092110053398344 -0.35153265719248766
-0.43340464771348686 -2.6337278437073821 -0.36624212382512472
-0.35760222634986605 -2.757034423752263 -0.37559050996571347
-0.27001442424009681 -2.8777076587509316 -0.37779083807412345
-0.16978183183334819 -2.9928354163859843 -0.37115687760211863
-0.057068452855158408 -3.1002393547906792 -0.35520573115377646
0.06867550595780042 -3.1985963172685534 -0.3295267588615402
0.20698945443355038 -3.2822446971006003 -0.29319504469630731
0.35469244496988961 -3.3474290686818358 -0.24747189051066196
0.5100293044476758 -3.3922201347956058 -0.19363274371198533
0.67163683276790564 -3.4143941881435644 -0.13268430974031797
0.83455483678549047 -3.4097052480471297 -0.067469779880058089
0.99353089764214519 -3.3792034543496396 -0.0017747835008506199
1.1463473971804727 -3.3236201661283165 0.062244100243470366
1.2905561526000662 -3.2435223143345913 0.12227623113815933
1.4210292961066646 -3.1410445600371713 0.17448182078103097
1.5354751763940717 -3.0225618025598053 0.21668065709363737
1.6336296254512799 -2.8910955429628027 0.24801325786295969
1.7151062833288677 -2.7498073446810638 0.26749734938443637
1.7791206666171677 -2.6033210963354736 0.27438818479106641
1.8277800894506133 -2.4568282515806223 0.27021298718969816
1.7794368964480689 -2.2285360656651032 0.26404109004815896
1.530577509388471 -2.3518185454895608 0.26515542349033788
1.4329982122504992 -2.3969990788267497 0.26808933701651155
1.2988107329034007 -2.3874710210239445 0.27035064197278369
1.1646232535563021 -2.3779429632211402 0.27261194692905594
1.0304357742092103 -2.3684149054183359 0.27487325188532802
0.89624829486211188 -2.3588868476155311 0.27713455684160021
0.7620608155150137 -2.3493587898127264 0.2793958617978724
0.62787333616791463 -2.3398307320099221 0.28165716675414465
0.493685856820816 -2.3303026742071169 0.28391847171041679
0.3594983774737176 -2.3207746164043122 0.28617977666668903
