1.5584121173294196 1.4613088771477138 -0.035462424532667444
1.5511793872400101 1.4965385316758586 0.13209460652781319
1.5346948182405298 1.4965385312382136 0.26325560464737768
1.5073960881487001 1.4965385303017291 0.39269317246489577
1.4692827669521169 1.4965385305565349 0.51945749726670698
1.4205718836106758 1.4965385320217717 0.64256019078893978
1.3618512309260653 1.4965385326411282 0.7612401838212669
1.2934252447840273 1.4965385324937519 0.87478322893239102
1.2155082695936061 1.4965385341563726 0.9821809679823218
1.1287786745422537 1.4965385356778242 1.0827035997675665
1.0338674398272316 1.4965385368869495 1.1756821154925126
0.93141098943955436 1.4965385384455192 1.2605549128747864
0.82196490439592718 1.4965385390464929 1.3364693562181931
0.70643951831882446 1.4965385393988357 1.4029974186788141
0.58559776341535663 1.4965385396665269 1.45963767005245
0.46023924508331443 1.496538539827506 1.5060922946898729
0.33118697573159522 1.4965385407110248 1.5416157073552565
0.19951380329073831 1.4965385410873335 1.5662492895544049
0.065968605648476231 1.4965385407939382 1.579734614644362
-0.068453759256089486 1.4965385414923484 1.5817044491289003
-0.2026721204150625 1.4965385428125877 1.5721337760635075
-0.33569065601713693 1.4965385437259211 1.5511963113926204
-0.46673019279819578 1.4965385437069962 1.5191225893827671
-0.59466270703318402 1.4965385446774624 1.4757424793126959
-0.71854123679811965 1.4965385452625175 1.4216466557797152
-0.83750860898980006 1.4965385456672149 1.3571188310199083
-0.95074973306016552 1.4965385460211591 1.2826003458077726
-1.0571776441152367 1.4965385467713939 1.1984258184948182
-1.1561015206764622 1.4965385476693438 1.1054555705771918
-1.246798293351689 1.4965385493325272 1.0042331253864838
-1.3285142700087946 1.4965385516076151 0.89549871667042202
-1.4005923113489882 1.49653854957566 0.78004879821360018
-1.4625435979677903 1.4965385488824643 0.6588138466827409
-1.5139770110723438 1.4965385492102927 0.53262075779106555
-1.5543126862758831 1.4965385489304328 0.4023542019021325
-1.5832649459309263 1.4965385477468225 0.26910010065751322
-1.6007029436344002 1.4965385469939625 0.13384283610550235
-1.6064569576181396 1.4965385463796643 -0.0025448557464307383
-1.6001871962399434 1.4965385467508652 -0.13887660693300313
-1.582320550248554 1.4965385467907857 -0.2740454425924837
-1.5529317883214897 1.4965385466550747 -0.40718828356626352
-1.5121915367208045 1.4965385465900281 -0.53732570647181044
-1.4603191127745403 1.4965385467786885 -0.66333400993040759
-1.3979872573207563 1.4965385467431955 -0.78433442533494258
-1.3255505963738956 1.4965385466390433 -0.89956698870474183
-1.2434234132162048 1.4965385466507477 -1.0080295025605766
-1.1523727987627481 1.4965385465659513 -1.108902253791805
-1.0531469308181858 1.4965385465803622 -1.2015118227767072
-0.94645410601780977 1.4965385468472805 -1.2852568660528527
-0.83304102138156444 1.4965385461739003 -1.3593927426955161
-0.71388780115366934 1.4965385453082556 -1.4235185466492568
-0.58986269863742469 1.4965385443534933 -1.4771870845897763
-0.46183676328153483 1.4965385432630345 -1.520132939876274
-0.33073063984590373 1.4965385431230656 -1.5517980361769714
-0.19766781300060793 1.4965385422679636 -1.5722695218598748
-0.063452507596417518 1.496538540950906 -1.5813933714975204
0.070903591410872324 1.496538540818493 -1.578942488604826
0.20433328601318609 1.4965385407753886 -1.5650876894086558
0.33589641427286326 1.4965385401882694 -1.5400958080114073
0.46479983804654634 1.4965385391113308 -1.5042050295164828
0.58999313999918157 1.4965385389742727 -1.4574260722105172
0.71063960653472447 1.4965385384414294 -1.4004391981763857
0.82593342773995038 1.4965385380185539 -1.3335861094379258
0.93513109273978334 1.4965385379079124 -1.257372778751269
1.0373149262669559 1.4965385377164346 -1.1722102198192794
1.1319244661974974 1.4965385386563967 -1.0789495578009918
1.2182953594230967 1.4965385411731034 -0.97814907363026138
1.2958307682137997 1.496538543928249 -0.8705465155240103
1.3639911459407987 1.4965385389328232 -0.7568947062596284
1.4224113516918251 1.4965385381758152 -0.63807025884989255
1.4707990000217046 1.4965385407380949 -0.51483558133130558
1.5085276166823574 1.4965385388401962 -0.38795543445636654
1.5354490135739338 1.4965385347449907 -0.2584451827140854
1.5525602213228205 1.4945044354316959 -0.11642342959835661
1.5577880931349974 1.4063108656221521 -0.00093167116513843268
1.5563089829166812 1.2601121736067813 -0.029433877229842028
1.5563352213183979 1.1323360915282124 -0.02806474199116725
1.556361459720115 1.0045600094496439 -0.026695606752492471
1.5563876981218319 0.87678392737107502 -0.025326471513817693
1.5564139365235483 0.74900784529250608 -0.023957336275142911
1.5564401749252657 0.62123176321393747 -0.022588201036468136
1.5564664133269825 0.49345568113536858 -0.021219065797793358
1.5564926517286994 0.3656795990568017 -0.019849930559118597
1.5565188901304166 0.23790351697823278 -0.018480795320443815
1.556545128532133 0.11012743489966384 -0.017111660081769037
1.5565713669338501 -0.017648647178904662 -0.015742524843094262
1.556597605335567 -0.14542472925747349 -0.01437338960441948
1.5566238437372841 -0.27320081133604213 -0.013004254365744703
1.556650082139001 -0.40097689341461112 -0.011635119127069922
1.5566763205407177 -0.52875297549317812 -0.010265983888395166
1.5567025589424348 -0.65652905757174695 -0.0088968486497203857
1.5567287973441515 -0.78430513965031556 -0.0075277134110456074
1.5567550357458684 -0.91208122172888428 -0.0061585781723708273
1.5567812741475853 -1.0398573038074534 -0.0047894429336960472
1.5568075125493024 -1.1676333858860219 -0.0034203076950212723
1.556833750951041 -1.2954094679646302 -0.0020511724574708524
1.5584121173294188 -1.4613088771505001 -0.035462424526285882
1.5511793872368314 -1.49653853167579 0.132094606534226
1.5346948182350222 -1.4965385312381345 0.2632556046534798
1.5073960881405886 -1.4965385303016392 0.39269317246996421
1.4692827669438795 -1.496538530556442 0.5194574972710766
1.4205718836044516 -1.4965385320216809 0.64256019079379401
1.3618512309214204 -1.4965385326410361 0.76124018382615599
1.2934252447836097 -1.4965385324936522 0.87478322894015381
1.2155082695917603 -1.4965385341562802 0.98218096798927279
1.128778674539378 -1.4965385356777379 1.0827035997731105
1.033867439825876 -1.4965385368868691 1.1756821154992381
0.93141098943881206 -1.4965385384454506 1.26055491289021
0.82196490438901204 -1.4965385390464219 1.3364693562365666
0.70643951830820328 -1.4965385393987607 1.4029974186947087
0.58559776340284697 -1.4965385396664497 1.4596376700637435
0.46023924507045377 -1.4965385398274336 1.506092294699749
0.33118697571761946 -1.4965385407109473 1.5416157073624539
0.19951380327645374 -1.4965385410872556 1.5662492895596527
0.065968605633770772 -1.4965385407938603 1.5797346146475089
-0.068453759270672376 -1.4965385414922707 1.5817044491297341
-0.20267212042931931 -1.4965385428125104 1.5721337760629488
-0.33569065603126452 -1.4965385437258458 1.5511963113907399
-0.46673019281194555 -1.4965385437069203 1.5191225893794422
-0.59466270704658308 -1.4965385446773887 1.4757424793082063
-0.71854123681106685 -1.496538545262446 1.4216466557737761
-0.83750860900207003 -1.4965385456671447 1.3571188310124647
-0.95074973307126176 -1.4965385460210905 1.2826003457989212
-1.0571776441259557 -1.4965385467713288 1.1984258184857564
-1.156101520686958 -1.4965385476692816 1.1054555705676206
-1.2467982933625352 -1.4965385493324703 1.0042331253766261
-1.3285142700222239 -1.4965385516075649 0.89549871665810266
-1.4005923113602039 -1.4965385495756069 0.78004879819746831
-1.4625435979764814 -1.4965385488824128 0.65881384666583231
-1.5139770110791848 -1.496538549210247 0.53262075777359574
-1.554312686281123 -1.4965385489303886 0.40235420188426751
-1.5832649459347461 -1.4965385477467763 0.26910010063970941
-1.6007029436377818 -1.4965385469939174 0.13384283608806657
-1.6064569576216396 -1.4965385463796228 -0.0025448557653238537
-1.6001871962393286 -1.4965385467508219 -0.13887660695258158
-1.5823205502460607 -1.4965385467907437 -0.27404544261054359
-1.5529317883186462 -1.4965385466550345 -0.40718828358386039
-1.5121915367167307 -1.4965385465899892 -0.53732570649005862
-1.4603191127671227 -1.4965385467786489 -0.66333400994779013
-1.3979872573118699 -1.4965385467431565 -0.784334425350661
-1.3255505963641232 -1.4965385466390047 -0.8995669887196297
-1.2434234132050543 -1.4965385466507075 -1.0080295025743389
-1.1523727987504391 -1.4965385465659087 -1.1089022538043609
-1.0531469308047501 -1.4965385465803152 -1.2015118227879729
-0.94645410600342617 -1.4965385468472217 -1.285256866062553
-0.83304102136647162 -1.4965385461738452 -1.3593927427035906
-0.71388780113772365 -1.4965385453082043 -1.423518546655804
-0.5898626986201716 -1.49653854435344 -1.477187084594404
-0.46183676326386863 -1.4965385432629694 -1.5201329398775993
-0.3307306398286804 -1.4965385431230145 -1.5517980361777854
-0.1976678129823895 -1.4965385422679125 -1.5722695218583627
-0.063452507578601935 -1.4965385409508527 -1.5813933714929711
0.07090359142754743 -1.4965385408184411 -1.5789424885998067
0.20433328602959988 -1.4965385407753398 -1.5650876894041321
0.33589641428846334 -1.4965385401882192 -1.5400958080074154
0.46479983806442254 -1.4965385391112767 -1.5042050295152241
0.589993140016013 -1.4965385389742207 -1.4574260722027244
0.71063960654948366 -1.4965385384413765 -1.4004391981674678
0.82593342775291378 -1.4965385380185012 -1.3335861094285104
0.93513109275105077 -1.4965385379078617 -1.2573727787423044
1.0373149262719965 -1.4965385377163871 -1.1722102198045632
1.1319244661958641 -1.496538538656361 -1.0789495577822175
1.2182953594112271 -1.4965385411730923 -0.97814907360680103
1.2958307681853911 -1.4965385439282661 -0.87054651550697448
1.3639911459276017 -1.4965385389328076 -0.75689470626297306
1.4224113516930317 -1.4965385381758087 -0.6380702588618421
1.4707990000501918 -1.4965385407381431 -0.51483558134881868
1.508527616709743 -1.4965385388402235 -0.38795543446444958
1.535449013584872 -1.4965385347449611 -0.25844518271663214
1.5525602213242584 -1.4945044354316259 -0.11642342960278575
1.5577880931300452 -1.4063108656271808 -0.00093167116478232864
1.5563089829135872 -1.2601121736111756 -0.029433877231442467
1.556335221315474 -1.1323360915326071 -0.0280647419927578
1.5563614597173605 -1.0045600094540383 -0.026695606754073124
1.5563876981192473 -0.87678392737546973 -0.025326471515388454
1.5564139365211338 -0.74900784529690101 -0.023957336276703781
1.5564401749230206 -0.62123176321833229 -0.022588201038019111
1.5564664133249071 -0.49345568113976374 -0.021219065799334441
1.5564926517267939 -0.36567959906119862 -0.019849930560649806
1.5565188901286804 -0.23790351698262988 -0.018480795321965136
1.5565451285305671 -0.11012743490406142 -0.017111660083280467
1.5565713669324539 0.017648647174507308 -0.01574252484459579
1.5565976053343407 0.14542472925307587 -0.014373389605911122
1.5566238437362272 0.27320081133164476 -0.013004254367226447
1.5566500821381137 0.40097689341021309 -0.011635119128541777
1.5566763205400003 0.52875297548878175 -0.010265983889857104
1.5567025589418872 0.65652905756735036 -0.0088968486511724343
1.5567287973437738 0.78430513964591908 -0.0075277134124877611
1.5567550357456605 0.91208122172448758 -0.0061585781738030913
1.5567812741475471 1.0398573038030563 -0.0047894429351184181
1.5568075125494336 1.1676333858816248 -0.0034203076964337488
1.5568337509513206 1.2954094679601935 -0.0020511724577490756
