1 8.81433e-06 
2 8.8151e-06 
3 8.82807e-06 
4 8.83129e-06 
5 8.83477e-06 
6 8.83856e-06 
7 8.84272e-06 
8 8.84733e-06 
9 8.85253e-06 
10 8.85851e-06 
11 8.86557e-06 
12 8.87427e-06 
13 8.88586e-06 
14 8.90399e-06 
15 8.95895e-06 
16 9.61279e-06 
17 9.6396e-06 
18 9.67386e-06 
19 9.71896e-06 
20 9.7776e-06 
21 9.84621e-06 
22 9.9156e-06 
23 9.98247e-06 
24 1.00475e-05 
25 1.01116e-05 
26 1.01751e-05 
27 1.02383e-05 
28 1.03016e-05 
29 1.0302e-05 
30 1.03655e-05 
31 1.04293e-05 
32 1.04934e-05 
33 1.05579e-05 
34 1.06227e-05 
35 1.06878e-05 
36 1.07532e-05 
37 1.0819e-05 
38 1.08851e-05 
39 1.09516e-05 
40 1.10185e-05 
41 1.10859e-05 
42 1.11533e-05 
43 1.12213e-05 
44 1.12898e-05 
45 1.13588e-05 
46 1.14283e-05 
47 1.14984e-05 
48 1.15692e-05 
49 1.16405e-05 
50 1.17126e-05 
51 1.17854e-05 
52 1.1859e-05 
53 1.19333e-05 
54 1.20088e-05 
55 1.20856e-05 
56 1.21628e-05 
57 1.22405e-05 
58 1.23185e-05 
59 1.2397e-05 
60 1.24761e-05 
61 1.25557e-05 
62 1.26361e-05 
63 1.27172e-05 
64 1.27991e-05 
65 1.28819e-05 
66 1.29657e-05 
67 1.30504e-05 
68 1.31389e-05 
69 1.33065e-05 
70 1.34251e-05 
71 1.35573e-05 
72 1.36798e-05 
73 1.38063e-05 
74 1.3929e-05 
75 1.40542e-05 
76 1.41789e-05 
77 1.43054e-05 
78 1.44338e-05 
79 1.4434e-05 
80 1.45611e-05 
81 1.46886e-05 
82 1.48221e-05 
83 1.49566e-05 
84 1.50721e-05 
85 1.5238e-05 
86 1.53424e-05 
87 1.54927e-05 
88 1.56162e-05 
89 1.57635e-05 
90 1.58935e-05 
91 1.60412e-05 
92 1.61763e-05 
93 1.63265e-05 
94 1.6466e-05 
95 1.66199e-05 
96 1.67652e-05 
97 1.69175e-05 
98 1.70799e-05 
99 1.72554e-05 
100 1.74317e-05 
101 1.76229e-05 
102 1.78089e-05 
103 1.80145e-05 
104 1.8202e-05 
105 1.84298e-05 
106 1.84313e-05 
107 1.86111e-05 
108 1.88867e-05 
109 1.90291e-05 
110 1.94432e-05 
111 1.95224e-05 
112 1.97691e-05 
113 2.00256e-05 
114 2.0918e-05 
115 2.12502e-05 
116 2.12561e-05 
117 2.12621e-05 
118 2.12683e-05 
119 2.12747e-05 
120 2.12814e-05 
121 2.12884e-05 
122 2.12958e-05 
123 2.13038e-05 
124 2.13126e-05 
125 2.13226e-05 
126 2.13345e-05 
127 2.13495e-05 
128 2.13712e-05 
129 2.13962e-05 
130 2.14314e-05 
131 2.1545e-05 
132 2.1826e-05 
133 2.18689e-05 
134 2.21159e-05 
135 2.21505e-05 
136 2.22768e-05 
137 2.24934e-05 
138 2.25339e-05 
139 2.27615e-05 
140 2.28151e-05 
141 2.41013e-05 
142 2.41073e-05 
143 2.41139e-05 
144 2.41216e-05 
145 2.41307e-05 
146 2.41419e-05 
147 2.4157e-05 
148 2.41806e-05 
149 2.4236e-05 
150 2.54163e-05 
151 2.54385e-05 
152 2.54855e-05 
153 2.55763e-05 
154 2.56635e-05 
155 2.5756e-05 
156 2.58519e-05 
157 2.59524e-05 
158 2.60586e-05 
159 2.94207e-05 
160 2.9427e-05 
161 2.95313e-05 
162 2.99395e-05 
163 2.994e-05 
164 3.03546e-05 
165 3.04901e-05 
166 3.06541e-05 
167 3.07191e-05 
168 3.10019e-05 
169 3.10404e-05 
170 3.12215e-05 
171 3.12676e-05 
172 3.15209e-05 
173 3.16043e-05 
174 3.17283e-05 
175 3.17677e-05 
176 3.21226e-05 
177 3.21447e-05 
178 3.21986e-05 
179 3.59137e-05 
180 3.59164e-05 
181 3.59216e-05 
182 3.60008e-05 
183 3.627e-05 
184 3.62963e-05 
185 3.63679e-05 
186 3.64456e-05 
187 3.69517e-05 
188 3.69581e-05 
189 3.69623e-05 
190 3.69667e-05 
191 3.69718e-05 
192 3.69776e-05 
193 3.69847e-05 
194 3.69912e-05 
195 3.69988e-05 
196 3.70084e-05 
197 3.70223e-05 
198 3.7051e-05 
199 3.74694e-05 
200 3.74769e-05 
201 3.74874e-05 
202 3.75052e-05 
203 3.75658e-05 
204 3.76965e-05 
205 3.77175e-05 
206 3.78425e-05 
207 3.78678e-05 
208 3.80898e-05 
209 3.80987e-05 
210 3.81142e-05 
211 3.81666e-05 
212 3.83237e-05 
213 3.83371e-05 
214 3.83737e-05 
215 4.13676e-05 
216 4.13699e-05 
217 4.13717e-05 
218 4.13736e-05 
219 4.13757e-05 
220 4.13781e-05 
221 4.13808e-05 
222 4.13838e-05 
223 4.13873e-05 
224 4.13916e-05 
225 4.1397e-05 
226 4.14045e-05 
227 4.14173e-05 
228 4.14551e-05 
229 4.18833e-05 
230 4.18875e-05 
231 4.18926e-05 
232 4.18993e-05 
233 4.19093e-05 
234 4.19284e-05 
235 4.20356e-05 
236 4.20607e-05 
237 4.23474e-05 
238 4.23543e-05 
239 4.23647e-05 
240 4.23863e-05 
241 4.25855e-05 
242 4.25972e-05 
243 4.26195e-05 
244 4.2769e-05 
245 4.27834e-05 
246 4.28295e-05 
247 4.31152e-05 
248 4.31214e-05 
249 4.31303e-05 
250 4.31465e-05 
251 4.32233e-05 
252 4.32695e-05 
253 4.36856e-05 
254 4.36917e-05 
255 4.36991e-05 
256 4.37093e-05 
257 4.37268e-05 
258 4.37877e-05 
259 4.38834e-05 
260 4.39102e-05 
