1 0.4719328 
2 0.4937455 
3 0.4984739 
4 0.4997665 
5 0.4999622 
6 0.4999607 
7 0.4999589 
8 0.4999122 
9 0.5 
10 0.4999998 
11 0.4999998 
12 0.4999994 
13 0.4990067 
14 0.4994513 
15 0.4999999 
16 0.4999999 
17 0.4999999 
18 0.4999994 
19 0.4999933 
20 0.4999076 
21 0.5 
22 0.5 
23 0.4999999 
24 0.499836 
25 0.5 
26 0.5 
27 0.4999999 
28 0.4999669 
29 0.4999668 
30 0.4985882 
31 0.4999889 
32 0.4999876 
33 0.4999875 
34 0.4999811 
35 0.4999809 
36 0.4999806 
37 0.4998889 
38 0.5 
39 0.4999999 
40 0.4999999 
41 0.4999904 
42 0.4999902 
43 0.4995828 
44 0.4999999 
45 0.499991 
46 0.4999909 
47 0.4999909 
48 0.4999907 
49 0.4999902 
50 0.4999891 
51 0.4986906 
52 0.4999999 
53 0.4999683 
54 0.4999159 
55 0.5 
56 0.5 
57 0.5 
58 0.4999999 
59 0.4999999 
60 0.4999998 
61 0.499997 
62 0.4999438 
63 0.5 
64 0.4999999 
65 0.4999999 
66 0.4999996 
67 0.4999996 
68 0.4999996 
69 0.4999996 
70 0.4999995 
71 0.4999555 
72 0.4995744 
73 0.5 
74 0.4999999 
75 0.4999999 
76 0.4999999 
77 0.4999999 
78 0.4999998 
79 0.4999988 
80 0.4999984 
81 0.499998 
82 0.499998 
83 0.4999979 
84 0.4999979 
85 0.4999978 
86 0.499788 
87 0.5 
88 0.5 
89 0.4999823 
90 0.4999819 
91 0.4999819 
92 0.4999817 
93 0.4999813 
94 0.4963059 
95 0.4985933 
96 0.4999999 
97 0.4999999 
98 0.4999999 
99 0.4999427 
100 0.5 
101 0.5 
102 0.4999999 
103 0.4999999 
104 0.499999 
105 0.4999986 
106 0.4999975 
107 0.4999975 
108 0.499995 
109 0.499995 
110 0.4999431 
111 0.5 
112 0.4999999 
113 0.4999999 
114 0.4999998 
115 0.4999998 
116 0.4999998 
117 0.4999998 
118 0.4999998 
119 0.4999998 
120 0.4999998 
121 0.4999626 
122 0.4999623 
123 0.4999614 
124 0.4985007 
125 0.4999052 
126 0.5 
127 0.4999991 
128 0.4999988 
129 0.4999988 
130 0.4999988 
131 0.4999988 
132 0.4999987 
133 0.4999987 
134 0.4999987 
135 0.4999987 
136 0.4999987 
137 0.4999985 
138 0.4999923 
139 0.4999923 
140 0.4999923 
141 0.499992 
142 0.499992 
143 0.499992 
144 0.4999918 
145 0.4999423 
146 0.4999441 
147 0.5 
148 0.5 
149 0.5 
150 0.5 
151 0.4999999 
152 0.4999999 
153 0.4999999 
154 0.4999999 
155 0.4999986 
156 0.4999986 
157 0.4999938 
158 0.4999938 
159 0.4999934 
160 0.4976536 
161 0.4999991 
162 0.4998954 
163 0.5 
164 0.5 
165 0.5 
166 0.4999999 
167 0.4999999 
168 0.4999999 
169 0.4999988 
170 0.4999987 
171 0.4999987 
172 0.4999961 
173 0.4999961 
174 0.499996 
175 0.4999938 
176 0.4999938 
177 0.4999938 
178 0.4999937 
179 0.4999937 
180 0.4999936 
181 0.4999882 
182 0.499988 
183 0.4999879 
184 0.4995166 
185 0.5 
186 0.4999999 
187 0.4999999 
188 0.4999999 
189 0.4999999 
190 0.4999999 
191 0.4999999 
192 0.4999999 
193 0.4999999 
194 0.4999976 
195 0.4999905 
196 0.4999905 
197 0.4999904 
198 0.4999903 
199 0.4999903 
200 0.4999901 
201 0.4999901 
202 0.4999901 
203 0.4999901 
204 0.4999891 
205 0.4999891 
206 0.4982867 
207 0.5 
208 0.5 
209 0.5 
210 0.4999999 
211 0.4999999 
212 0.4999999 
213 0.4999998 
214 0.4999998 
215 0.4999998 
216 0.4999948 
217 0.4999946 
218 0.4999946 
219 0.4999861 
220 0.499986 
221 0.4999859 
222 0.499984 
223 0.499984 
224 0.4999839 
225 0.4999838 
226 0.4999838 
227 0.4998035 
228 0.5 
229 0.5 
230 0.5 
231 0.5 
232 0.5 
233 0.5 
234 0.4999999 
235 0.4999999 
236 0.4999999 
237 0.4999999 
238 0.4999181 
239 0.5 
240 0.5 
241 0.5 
242 0.5 
243 0.5 
244 0.4999973 
245 0.4999973 
246 0.4999973 
247 0.4999973 
248 0.4999973 
249 0.4999973 
250 0.4999973 
251 0.4999972 
252 0.4999972 
253 0.4999972 
254 0.4999972 
255 0.4999972 
256 0.4999971 
257 0.4999971 
258 0.4999971 
259 0.499997 
260 0.4999574 
261 0.4985267 
262 0.5 
263 0.5 
264 0.5 
265 0.4999999 
266 0.4999999 
267 0.4999999 
268 0.4999999 
269 0.4999999 
270 0.4999998 
271 0.499999 
272 0.4999989 
273 0.4999989 
274 0.4999989 
275 0.4999919 
276 0.4999918 
277 0.4999873 
278 0.4999869 
279 0.4999864 
280 0.4999864 
281 0.4999863 
282 0.4999861 
283 0.4999858 
284 0.4999858 
285 0.4999856 
286 0.4999854 
287 0.4999853 
288 0.4999852 
289 0.4999841 
290 0.4999836 
291 0.4993962 
292 0.5 
293 0.5 
294 0.5 
295 0.5 
296 0.5 
297 0.4999995 
298 0.4999995 
299 0.4999995 
300 0.4999995 
301 0.4999992 
302 0.4999992 
303 0.4999991 
304 0.4999991 
305 0.4999991 
306 0.4999991 
307 0.4999991 
308 0.4999991 
309 0.4999991 
310 0.4999991 
311 0.4999991 
312 0.4999991 
313 0.4999991 
314 0.4999991 
315 0.4999991 
316 0.4999991 
317 0.499999 
318 0.499999 
319 0.4999964 
320 0.4999952 
321 0.4999952 
322 0.4999945 
323 0.4999945 
324 0.4999945 
325 0.4999945 
326 0.4999945 
327 0.4999507 
328 0.4986336 
329 0.5 
330 0.5 
331 0.4999999 
332 0.4999999 
333 0.4999999 
334 0.499999 
335 0.499999 
336 0.499999 
337 0.499999 
338 0.4999961 
339 0.4999961 
340 0.4999934 
341 0.4999934 
342 0.4999933 
343 0.4999933 
344 0.4999932 
345 0.4999932 
346 0.4999932 
347 0.4999932 
348 0.4999932 
349 0.4999932 
350 0.499993 
351 0.499993 
352 0.499993 
353 0.4999929 
354 0.499979 
355 0.4999788 
356 0.4999781 
357 0.4987365 
358 0.5 
359 0.5 
360 0.5 
361 0.5 
362 0.5 
363 0.5 
364 0.5 
365 0.4999999 
366 0.4999999 
367 0.4999999 
368 0.4999999 
369 0.4999999 
370 0.4999999 
371 0.4999999 
372 0.4999999 
373 0.4999999 
374 0.4999999 
375 0.4999999 
376 0.4999999 
377 0.4999999 
378 0.4999999 
379 0.4999999 
380 0.4999998 
381 0.4999911 
382 0.4999892 
383 0.4999892 
384 0.4999848 
385 0.4999848 
386 0.4999835 
387 0.4999835 
388 0.4999831 
389 0.4999826 
390 0.4999824 
391 0.4999816 
392 0.4999279 
393 0.4999999 
394 0.4999999 
395 0.4999999 
396 0.4999999 
397 0.4999999 
398 0.4999999 
399 0.4999999 
400 0.4999999 
401 0.4999999 
402 0.4999999 
403 0.4999999 
404 0.4999999 
405 0.4999999 
406 0.4999999 
407 0.4999999 
408 0.4999999 
409 0.4999999 
410 0.4999999 
411 0.4999999 
412 0.4999999 
413 0.4999999 
414 0.4999999 
415 0.4999999 
416 0.4999999 
417 0.4999999 
418 0.4999999 
419 0.4999999 
420 0.4999999 
421 0.4999999 
422 0.4999999 
423 0.4999999 
424 0.4999999 
425 0.4999999 
426 0.4999999 
427 0.4999999 
428 0.4999999 
429 0.4999999 
430 0.4999999 
431 0.4999999 
432 0.4999999 
433 0.4999999 
434 0.4999999 
435 0.4999999 
436 0.4999999 
437 0.4999999 
438 0.4999999 
439 0.4999999 
440 0.4999999 
441 0.4999999 
442 0.4999999 
443 0.4999995 
444 0.4999872 
445 0.4999871 
446 0.4994327 
447 0.5 
448 0.4999999 
449 0.4999999 
450 0.4999999 
451 0.4999999 
452 0.4999992 
453 0.4999992 
454 0.4999992 
455 0.4999992 
456 0.4999992 
457 0.4999992 
458 0.4999992 
459 0.4999991 
460 0.4999991 
461 0.499999 
462 0.499999 
463 0.499999 
464 0.499999 
465 0.499999 
466 0.499999 
467 0.499999 
468 0.499999 
469 0.499999 
470 0.4999986 
471 0.4999986 
472 0.4999986 
473 0.4999985 
474 0.4999985 
475 0.4999985 
476 0.4999985 
477 0.4999985 
478 0.4999985 
479 0.4999984 
480 0.4999984 
481 0.4999984 
482 0.4999984 
483 0.4999983 
484 0.4999787 
485 0.4999786 
486 0.4999777 
487 0.4999468 
488 0.5 
489 0.4999999 
490 0.4999999 
491 0.4999999 
492 0.4999999 
493 0.4999999 
494 0.4999999 
495 0.4999989 
496 0.4999989 
497 0.4999989 
498 0.4999989 
499 0.4999989 
500 0.4999989 
501 0.4999988 
502 0.4999988 
503 0.4999988 
504 0.4999988 
505 0.4999988 
506 0.4999988 
507 0.4999988 
508 0.4999988 
509 0.4999988 
510 0.4999988 
511 0.4999988 
512 0.4999988 
513 0.4999988 
514 0.4999974 
515 0.4999974 
516 0.4999894 
517 0.499822 
518 0.5 
519 0.5 
520 0.5 
521 0.5 
522 0.5 
523 0.4999999 
524 0.4999999 
525 0.4999999 
526 0.4999999 
527 0.4999999 
528 0.4999999 
529 0.4999999 
530 0.4999999 
531 0.4999999 
532 0.4999999 
533 0.4999999 
534 0.4999999 
535 0.4999999 
536 0.4999998 
537 0.4999998 
538 0.4999994 
539 0.4999992 
540 0.4999992 
541 0.4999992 
542 0.4999992 
543 0.4999992 
544 0.4999992 
545 0.4999992 
546 0.4999992 
547 0.4999992 
548 0.4999992 
549 0.4999992 
550 0.4999992 
551 0.4999992 
552 0.4999992 
553 0.4999992 
554 0.4999992 
555 0.4999992 
556 0.4999992 
557 0.4999992 
558 0.4999991 
559 0.4999991 
560 0.4999991 
561 0.4999991 
562 0.4999991 
563 0.4999991 
564 0.4999646 
565 0.4992902 
566 0.5 
567 0.5 
568 0.4999999 
569 0.4999999 
570 0.4999999 
571 0.4999996 
572 0.4999996 
573 0.4999995 
574 0.4999995 
575 0.4999995 
576 0.4999995 
577 0.4999993 
578 0.4999993 
579 0.4999993 
580 0.4999432 
581 0.5 
582 0.4999999 
583 0.4999999 
584 0.4999999 
585 0.4999999 
586 0.4999999 
587 0.4999999 
588 0.4999999 
589 0.4999999 
590 0.4999999 
591 0.4999997 
592 0.4999997 
593 0.4999997 
594 0.4999997 
595 0.4999997 
596 0.4999997 
597 0.4999994 
598 0.4999994 
599 0.4999994 
600 0.4999994 
601 0.4999994 
602 0.4999994 
603 0.4999994 
604 0.4999994 
605 0.4999994 
606 0.4999994 
607 0.4999994 
608 0.4999994 
609 0.4999994 
610 0.4999993 
611 0.4999957 
612 0.4999957 
613 0.4999957 
614 0.4999957 
615 0.4999956 
616 0.4999956 
617 0.4999956 
618 0.4999956 
619 0.4999432 
620 0.4999999 
621 0.4999999 
622 0.4999999 
623 0.4999999 
624 0.4999999 
625 0.4999999 
626 0.4999999 
627 0.4999999 
628 0.4999999 
629 0.4999999 
630 0.4999999 
631 0.4999999 
632 0.4999999 
633 0.4999999 
634 0.4999999 
635 0.4999998 
636 0.4999998 
637 0.4999998 
638 0.4999998 
639 0.4999998 
640 0.4999998 
641 0.4999998 
642 0.4999998 
643 0.4999998 
644 0.4999998 
645 0.4999998 
646 0.4999998 
647 0.4999998 
648 0.4999998 
649 0.4999998 
650 0.4999998 
651 0.4999998 
652 0.4999998 
653 0.4999998 
654 0.4999998 
655 0.4999998 
656 0.4999998 
657 0.4999998 
658 0.4999998 
659 0.4999998 
660 0.4999998 
661 0.4999998 
662 0.4999998 
663 0.4999998 
664 0.4999998 
665 0.4999998 
666 0.4999998 
667 0.4999998 
668 0.4999998 
669 0.4999998 
670 0.4999998 
671 0.4999998 
672 0.4999998 
673 0.4999998 
674 0.4999998 
675 0.4999998 
676 0.4999998 
677 0.4999998 
678 0.4999998 
679 0.4999998 
680 0.4999998 
681 0.4999998 
682 0.4999998 
683 0.4999998 
684 0.4999998 
685 0.4999998 
686 0.4999998 
687 0.4999998 
688 0.4999998 
689 0.4999998 
690 0.4999998 
691 0.4999998 
692 0.4999998 
693 0.4999998 
694 0.4999998 
695 0.4999998 
696 0.4999998 
697 0.4999557 
698 0.4999557 
699 0.4985199 
700 0.5 
701 0.5 
702 0.5 
703 0.5 
704 0.5 
705 0.4999996 
706 0.4999996 
707 0.4999996 
708 0.4999996 
709 0.4999994 
710 0.4999986 
711 0.4999985 
712 0.4999985 
713 0.4999985 
714 0.4999985 
715 0.4999984 
716 0.4999897 
717 0.4999895 
718 0.4999867 
719 0.499986 
720 0.499986 
721 0.4999858 
722 0.4999855 
723 0.4999845 
724 0.4999845 
725 0.4999845 
726 0.4999844 
727 0.4999843 
728 0.4999843 
729 0.4999843 
730 0.4999838 
731 0.4999836 
732 0.4999832 
733 0.4999831 
734 0.499983 
735 0.4999823 
736 0.499982 
737 0.4999812 
738 0.4999812 
739 0.4999774 
740 0.4999107 
741 0.5 
742 0.5 
743 0.4999999 
744 0.4999999 
745 0.4999999 
746 0.4999998 
747 0.4999998 
748 0.4999998 
749 0.4999998 
750 0.4999998 
751 0.4999998 
752 0.4999998 
753 0.4999998 
754 0.4999998 
755 0.4999998 
756 0.4999998 
757 0.4999998 
758 0.4999998 
759 0.4999998 
760 0.4999998 
761 0.499999 
762 0.499999 
763 0.499999 
764 0.499999 
765 0.499999 
766 0.499999 
767 0.499999 
768 0.499999 
769 0.499999 
770 0.499999 
771 0.499999 
772 0.499999 
773 0.499999 
774 0.499999 
775 0.499999 
776 0.499999 
777 0.499999 
778 0.499999 
779 0.499999 
780 0.499999 
781 0.499999 
782 0.499999 
783 0.499999 
784 0.499999 
785 0.499999 
786 0.499999 
787 0.499999 
788 0.499999 
789 0.499999 
790 0.499999 
791 0.499999 
792 0.4999989 
793 0.4999989 
794 0.4999989 
795 0.4999989 
796 0.4999053 
797 0.4999999 
798 0.4999999 
799 0.4999998 
800 0.4999998 
801 0.4999998 
802 0.4999998 
803 0.4999998 
804 0.4999998 
805 0.4999998 
806 0.4999998 
807 0.4999998 
808 0.4999998 
809 0.4999998 
810 0.4999998 
811 0.4999998 
812 0.4999998 
813 0.4999998 
814 0.4999998 
815 0.4999998 
816 0.4999998 
817 0.4999998 
818 0.4999998 
819 0.4999998 
820 0.4999998 
821 0.4999998 
822 0.4999998 
823 0.4999998 
824 0.4999998 
825 0.4999998 
826 0.4999995 
827 0.4999995 
828 0.4999995 
829 0.4999995 
830 0.4999995 
831 0.4999995 
832 0.4999995 
833 0.4999995 
834 0.4999995 
835 0.4999995 
836 0.4999995 
837 0.4999995 
838 0.4999995 
839 0.4999995 
840 0.4999995 
841 0.4999995 
842 0.4999995 
843 0.4999995 
844 0.4999995 
845 0.4999995 
846 0.4999995 
847 0.4999995 
848 0.4999995 
849 0.4999995 
850 0.4999995 
851 0.4999995 
852 0.4999995 
853 0.4999995 
854 0.4999989 
855 0.4999989 
856 0.4999989 
857 0.4999989 
858 0.4999989 
859 0.4999988 
860 0.4999988 
861 0.4999936 
862 0.499977 
863 0.4992938 
864 0.5 
865 0.4999426 
866 0.5 
867 0.4999999 
868 0.4999999 
869 0.4999999 
870 0.4999999 
871 0.4999999 
872 0.4999999 
873 0.4999999 
874 0.4999997 
875 0.4999997 
876 0.4999997 
877 0.4999997 
878 0.4999916 
879 0.4999916 
880 0.4999916 
881 0.4999916 
882 0.4999916 
883 0.4999916 
884 0.4999916 
885 0.4999916 
886 0.4999916 
887 0.4999916 
888 0.4999916 
889 0.4999915 
890 0.4999915 
891 0.4999915 
892 0.4999915 
893 0.4999915 
894 0.4999915 
895 0.4999915 
896 0.4999915 
897 0.4999915 
898 0.4999915 
899 0.4999915 
900 0.4999915 
901 0.4999914 
902 0.4999914 
903 0.4999913 
904 0.4999911 
905 0.4999907 
906 0.4999894 
907 0.4999552 
908 0.4999512 
909 0.4999512 
910 0.4994136 
911 0.5 
912 0.4999999 
913 0.4999999 
914 0.4999999 
915 0.4999999 
916 0.4999999 
917 0.4999998 
918 0.4999998 
919 0.4999786 
920 0.4999786 
921 0.4999786 
922 0.4999785 
923 0.4999784 
924 0.4999783 
925 0.4999781 
926 0.4999781 
927 0.4999781 
928 0.4999781 
929 0.4999781 
930 0.499978 
931 0.499978 
932 0.499978 
933 0.499978 
934 0.499978 
935 0.499978 
936 0.499978 
937 0.499978 
938 0.4999779 
939 0.4999779 
940 0.4999779 
941 0.4999779 
942 0.4999779 
943 0.4999776 
944 0.4997394 
945 0.5 
946 0.4999989 
947 0.4999989 
948 0.4999989 
949 0.4999989 
950 0.4999989 
951 0.4999989 
952 0.4999989 
953 0.4999989 
954 0.4999989 
955 0.4999989 
956 0.4999989 
957 0.4999989 
958 0.4999989 
959 0.4999989 
960 0.4999989 
961 0.4999984 
962 0.4999857 
963 0.4999857 
964 0.4999856 
965 0.4999856 
966 0.4999856 
967 0.4999856 
968 0.4999856 
969 0.4999854 
970 0.4999854 
971 0.4999854 
972 0.4999853 
973 0.4999853 
974 0.4999852 
975 0.4999852 
976 0.4999852 
977 0.4999852 
978 0.4999852 
979 0.4999851 
980 0.4992209 
981 0.5 
982 0.4999995 
983 0.4999995 
984 0.4999994 
985 0.4999994 
986 0.4999994 
987 0.4999994 
988 0.4999994 
989 0.4999993 
990 0.4999993 
991 0.4999993 
992 0.4999993 
993 0.4999993 
994 0.4999993 
995 0.4999993 
996 0.4999993 
997 0.4999993 
998 0.4999993 
999 0.4999992 
1000 0.499998 
1001 0.4999979 
1002 0.4999979 
1003 0.4999979 
1004 0.4999978 
1005 0.4999978 
1006 0.4999978 
1007 0.4999978 
1008 0.4999978 
1009 0.4999977 
1010 0.4999977 
1011 0.4999977 
1012 0.4999977 
1013 0.4999977 
1014 0.4999977 
1015 0.4999977 
1016 0.4999976 
1017 0.4999975 
1018 0.4999975 
1019 0.4999975 
1020 0.4999975 
1021 0.4999975 
1022 0.4999975 
1023 0.4999975 
1024 0.4999975 
1025 0.4999975 
1026 0.4999975 
1027 0.4999975 
1028 0.4999975 
1029 0.4999975 
1030 0.4999972 
1031 0.4999972 
1032 0.4999972 
1033 0.4999972 
1034 0.4999971 
1035 0.4999971 
1036 0.4999971 
1037 0.4999971 
1038 0.4999971 
1039 0.4999971 
1040 0.4999971 
1041 0.4999971 
1042 0.4999971 
1043 0.4999971 
1044 0.4999971 
1045 0.4999971 
1046 0.4999971 
1047 0.4999971 
1048 0.4999936 
1049 0.4999936 
1050 0.4999935 
1051 0.4999935 
1052 0.4999934 
1053 0.4999934 
1054 0.4999934 
1055 0.4999934 
1056 0.4999933 
1057 0.4999933 
1058 0.4999932 
1059 0.4999931 
1060 0.4999931 
1061 0.499993 
1062 0.4999927 
1063 0.4999925 
1064 0.4999837 
1065 0.4999837 
1066 0.4999836 
1067 0.4998997 
1068 0.4999999 
1069 0.4999999 
1070 0.4999999 
1071 0.4999999 
1072 0.4999998 
1073 0.4999998 
1074 0.4999998 
1075 0.4999998 
1076 0.4999998 
1077 0.4999998 
1078 0.4999998 
1079 0.4999998 
1080 0.4999998 
1081 0.4999998 
1082 0.4999998 
1083 0.4999998 
1084 0.4999996 
1085 0.4999996 
1086 0.4999996 
1087 0.4999996 
1088 0.4999996 
1089 0.4999996 
1090 0.4999996 
1091 0.4999996 
1092 0.4999996 
1093 0.4999996 
1094 0.4999996 
1095 0.4999996 
1096 0.4999996 
1097 0.4999996 
1098 0.4999996 
1099 0.4999996 
1100 0.4999996 
1101 0.4999996 
1102 0.4999996 
1103 0.4999996 
1104 0.4999996 
1105 0.4999996 
1106 0.4999996 
1107 0.4999996 
1108 0.4999996 
1109 0.4999996 
1110 0.4999996 
1111 0.4999996 
1112 0.4999996 
1113 0.4999996 
1114 0.4999996 
1115 0.4999996 
1116 0.4999996 
1117 0.4999996 
1118 0.4999996 
1119 0.4999996 
1120 0.4999996 
1121 0.4999996 
1122 0.4999996 
1123 0.4999996 
1124 0.4999996 
1125 0.4999996 
1126 0.4999996 
1127 0.4999996 
1128 0.4999996 
1129 0.4999996 
1130 0.4999996 
1131 0.4999996 
1132 0.4999991 
1133 0.4999991 
1134 0.4999991 
1135 0.4999984 
1136 0.4999983 
1137 0.4999983 
1138 0.4999983 
1139 0.4999983 
1140 0.4999982 
1141 0.4999973 
1142 0.4999973 
1143 0.4999973 
1144 0.4999924 
1145 0.499617 
1146 0.5 
1147 0.4999999 
1148 0.4999999 
1149 0.4999999 
1150 0.4999999 
1151 0.4999999 
1152 0.4999999 
1153 0.4999999 
1154 0.4999999 
1155 0.4999998 
1156 0.4999998 
1157 0.4999998 
1158 0.4999998 
1159 0.4999998 
1160 0.4999998 
1161 0.4999998 
1162 0.4999998 
1163 0.4999998 
1164 0.4999998 
1165 0.4999998 
1166 0.4999998 
1167 0.4999998 
1168 0.4999998 
1169 0.4999998 
1170 0.4999998 
1171 0.4999998 
1172 0.4999998 
1173 0.4999998 
1174 0.4999998 
1175 0.4999998 
1176 0.4999998 
1177 0.4999998 
1178 0.4999998 
1179 0.4999998 
1180 0.4999998 
1181 0.4999998 
1182 0.4999998 
1183 0.4999998 
1184 0.4999998 
1185 0.4999998 
1186 0.4999994 
1187 0.4999994 
1188 0.4999994 
1189 0.4999994 
1190 0.4999994 
1191 0.4999994 
1192 0.4999994 
1193 0.4999994 
1194 0.4999994 
1195 0.4999994 
1196 0.4999994 
1197 0.4999994 
1198 0.4999994 
1199 0.4999994 
1200 0.4999994 
1201 0.4999994 
1202 0.4999994 
1203 0.4999994 
1204 0.4999994 
1205 0.4999994 
1206 0.4999994 
1207 0.4999994 
1208 0.4999994 
1209 0.4999994 
1210 0.4999994 
1211 0.4999994 
1212 0.4999994 
1213 0.4999994 
1214 0.4999994 
1215 0.4999994 
1216 0.4999993 
1217 0.4999993 
1218 0.4999993 
1219 0.4999993 
1220 0.4999993 
1221 0.4999993 
1222 0.4999993 
1223 0.4999993 
1224 0.4999993 
1225 0.4999993 
1226 0.4999993 
1227 0.4999993 
1228 0.4999993 
1229 0.4999993 
1230 0.4999993 
1231 0.4999993 
1232 0.4999993 
1233 0.4999993 
1234 0.4999993 
1235 0.4999993 
1236 0.4999993 
1237 0.4999993 
1238 0.4999993 
1239 0.4999993 
1240 0.4999993 
1241 0.4999993 
1242 0.4999993 
1243 0.4999988 
1244 0.4999988 
1245 0.4999988 
1246 0.4999988 
1247 0.4999979 
1248 0.4999979 
1249 0.4999979 
1250 0.4999979 
1251 0.4999979 
1252 0.4999979 
1253 0.4999979 
1254 0.4999979 
1255 0.4999928 
1256 0.4999928 
1257 0.4999928 
1258 0.4999743 
1259 0.4999417 
1260 0.5 
1261 0.4999999 
1262 0.4999999 
1263 0.4999999 
1264 0.4999999 
1265 0.4999999 
1266 0.4999999 
1267 0.4999999 
1268 0.4999999 
1269 0.4999999 
1270 0.4999999 
1271 0.4999999 
1272 0.4999999 
1273 0.4999999 
1274 0.4999999 
1275 0.4999999 
1276 0.4999999 
1277 0.4999999 
1278 0.4999999 
1279 0.4999999 
1280 0.4999999 
1281 0.4999999 
1282 0.4999999 
1283 0.4999999 
1284 0.4999999 
1285 0.4999999 
1286 0.4999999 
1287 0.4999999 
1288 0.4999999 
1289 0.4999999 
1290 0.4999999 
1291 0.4999999 
1292 0.4999999 
1293 0.4999999 
1294 0.4999999 
1295 0.4999999 
1296 0.4999999 
1297 0.4999999 
1298 0.4999999 
1299 0.4999999 
1300 0.4999999 
1301 0.4999999 
1302 0.4999999 
1303 0.4999999 
1304 0.4999999 
1305 0.4999999 
1306 0.4999999 
1307 0.4999999 
1308 0.4999999 
1309 0.4999999 
1310 0.4999999 
1311 0.4999999 
1312 0.4999998 
1313 0.4999998 
1314 0.4999998 
1315 0.4999998 
1316 0.4999998 
1317 0.4999998 
1318 0.4999997 
1319 0.4999997 
1320 0.4999997 
1321 0.4999997 
1322 0.4999997 
1323 0.4999997 
1324 0.4999997 
1325 0.4999997 
1326 0.4999997 
1327 0.4999997 
1328 0.4999997 
1329 0.4999997 
1330 0.4999997 
1331 0.4999997 
1332 0.4999997 
1333 0.4999997 
1334 0.4999996 
1335 0.4999996 
1336 0.499999 
1337 0.499999 
1338 0.499999 
1339 0.499999 
1340 0.499999 
1341 0.499999 
1342 0.4999989 
1343 0.4999989 
1344 0.4999989 
1345 0.4999989 
1346 0.499998 
1347 0.4986095 
1348 0.4999998 
1349 0.4999998 
1350 0.4999936 
1351 0.4999936 
1352 0.4999936 
1353 0.4999936 
1354 0.4999936 
1355 0.4999936 
1356 0.4999936 
1357 0.4999935 
1358 0.4999935 
1359 0.4999935 
1360 0.4999935 
1361 0.4999935 
1362 0.4999935 
1363 0.4999934 
1364 0.4999934 
1365 0.4999934 
1366 0.4999934 
1367 0.4999934 
1368 0.4999934 
1369 0.4999934 
1370 0.4999934 
1371 0.4999934 
1372 0.4999934 
1373 0.4999934 
1374 0.4999934 
1375 0.4999934 
1376 0.4999934 
1377 0.4999934 
1378 0.4999934 
1379 0.4999934 
1380 0.4999934 
1381 0.4999934 
1382 0.4999934 
1383 0.4999934 
1384 0.4999934 
1385 0.4999934 
1386 0.4999933 
1387 0.4999932 
1388 0.4999932 
1389 0.4999931 
1390 0.4999931 
1391 0.4999931 
1392 0.4999931 
1393 0.4999931 
1394 0.499993 
1395 0.499993 
1396 0.499993 
1397 0.4999929 
1398 0.4999929 
1399 0.4999928 
1400 0.4999928 
1401 0.4999927 
1402 0.4999925 
1403 0.4999924 
1404 0.4999907 
1405 0.4999907 
1406 0.4999907 
1407 0.4999904 
1408 0.4999903 
1409 0.4999903 
1410 0.4999903 
1411 0.4999843 
1412 0.4999837 
1413 0.499983 
1414 0.4999641 
1415 0.4979824 
1416 0.4999999 
1417 0.4999999 
1418 0.499987 
1419 0.4999859 
1420 0.4999848 
1421 0.4999848 
1422 0.4999845 
1423 0.4999844 
1424 0.499983 
1425 0.4999827 
1426 0.4999825 
1427 0.4999819 
1428 0.4999817 
1429 0.4999803 
1430 0.4999802 
1431 0.4999801 
1432 0.4999796 
1433 0.4999796 
1434 0.4999794 
1435 0.4999789 
1436 0.4999789 
1437 0.4999789 
1438 0.4999789 
1439 0.4999789 
1440 0.4999787 
1441 0.4999786 
1442 0.4999785 
1443 0.4999783 
1444 0.4999782 
1445 0.4999781 
1446 0.4999778 
1447 0.4999778 
1448 0.4999778 
1449 0.4999778 
1450 0.4999777 
1451 0.4999774 
1452 0.4999773 
1453 0.4999771 
1454 0.4999771 
1455 0.499977 
1456 0.4999757 
1457 0.4999754 
1458 0.4999746 
1459 0.4999601 
1460 0.4999599 
1461 0.4999597 
1462 0.4999593 
1463 0.499958 
1464 0.499958 
1465 0.4999574 
1466 0.4999571 
1467 0.4999569 
1468 0.4999345 
1469 0.5 
1470 0.5 
1471 0.5 
1472 0.5 
1473 0.4999999 
1474 0.4999999 
1475 0.4999999 
1476 0.4999999 
1477 0.4999999 
1478 0.4999999 
1479 0.4999999 
1480 0.4999999 
1481 0.4999999 
1482 0.4999989 
1483 0.4999989 
1484 0.4999989 
1485 0.4999989 
1486 0.4999989 
1487 0.4999989 
1488 0.4999989 
1489 0.4999989 
1490 0.4999989 
1491 0.4999989 
1492 0.4999989 
1493 0.4999989 
1494 0.4999989 
1495 0.4999989 
1496 0.4999989 
1497 0.4999989 
1498 0.4999989 
1499 0.4999989 
1500 0.4999989 
1501 0.4999989 
1502 0.4999989 
1503 0.4999989 
1504 0.4999989 
1505 0.4999989 
1506 0.4999989 
1507 0.4999989 
1508 0.4999989 
1509 0.4999989 
1510 0.4999989 
1511 0.4999989 
1512 0.4999989 
1513 0.4999989 
1514 0.4999989 
1515 0.4999989 
1516 0.4999989 
1517 0.4999989 
1518 0.4999989 
1519 0.4999989 
1520 0.4999989 
1521 0.4999989 
1522 0.4999989 
1523 0.4999988 
1524 0.4999988 
1525 0.4999988 
1526 0.4999988 
1527 0.4999988 
1528 0.4996556 
1529 0.5 
1530 0.5 
1531 0.4999999 
1532 0.4999999 
1533 0.4999999 
1534 0.4999999 
1535 0.4999999 
1536 0.4999999 
1537 0.4999999 
1538 0.4999999 
1539 0.4999998 
1540 0.4999998 
1541 0.4999998 
1542 0.4999998 
1543 0.4999994 
1544 0.4999994 
1545 0.4999994 
1546 0.4999994 
1547 0.4999994 
1548 0.4999994 
1549 0.4999994 
1550 0.4999994 
1551 0.4999994 
1552 0.4999994 
1553 0.4999994 
1554 0.4999994 
1555 0.4999994 
1556 0.4999994 
1557 0.4999994 
1558 0.4999994 
1559 0.4999994 
1560 0.4999994 
1561 0.4999994 
1562 0.4999958 
1563 0.4999958 
1564 0.4999958 
1565 0.4999958 
1566 0.4999958 
1567 0.4999958 
1568 0.4999958 
1569 0.4999958 
1570 0.4999958 
1571 0.4999958 
1572 0.4999958 
1573 0.4999958 
1574 0.4999958 
1575 0.4999958 
1576 0.4999958 
1577 0.4999958 
1578 0.4999958 
1579 0.4999958 
1580 0.4999958 
1581 0.4999958 
1582 0.4999958 
1583 0.4999958 
1584 0.4999957 
1585 0.4999957 
1586 0.4999957 
1587 0.4999957 
1588 0.4999957 
1589 0.4999957 
1590 0.4999957 
1591 0.4999956 
1592 0.4999956 
1593 0.4999955 
1594 0.4999954 
1595 0.4999954 
1596 0.4999953 
1597 0.4999952 
1598 0.4999951 
1599 0.4999951 
1600 0.4999951 
1601 0.499995 
1602 0.4999946 
1603 0.4999945 
1604 0.4999945 
1605 0.4999945 
1606 0.4999945 
1607 0.4999945 
1608 0.4999944 
1609 0.4999943 
1610 0.4999679 
1611 0.4999395 
1612 0.5 
1613 0.5 
1614 0.5 
1615 0.5 
1616 0.5 
1617 0.5 
1618 0.4999999 
1619 0.4999999 
1620 0.4999999 
1621 0.4999999 
1622 0.4999999 
1623 0.4999999 
1624 0.4999999 
1625 0.4999999 
1626 0.4999999 
1627 0.4999999 
1628 0.4999999 
1629 0.4999999 
1630 0.4999999 
1631 0.4999999 
1632 0.4999999 
1633 0.4999999 
1634 0.4999999 
1635 0.4999999 
1636 0.4999999 
1637 0.4999999 
1638 0.4999999 
1639 0.4999999 
1640 0.4999999 
1641 0.4999999 
1642 0.4999999 
1643 0.4999999 
1644 0.4999999 
1645 0.4999999 
1646 0.4999999 
1647 0.4999999 
1648 0.4999999 
1649 0.4999999 
1650 0.4999999 
1651 0.4999999 
1652 0.4999999 
1653 0.4999999 
1654 0.4999999 
1655 0.4999999 
1656 0.4999999 
1657 0.4999999 
1658 0.4999999 
1659 0.4999999 
1660 0.4999999 
1661 0.4999999 
1662 0.4999999 
1663 0.4999999 
1664 0.4999999 
1665 0.4999999 
1666 0.4999999 
1667 0.4999999 
1668 0.4999999 
1669 0.4999999 
1670 0.4999999 
1671 0.4999999 
1672 0.4999999 
1673 0.4999999 
1674 0.4999999 
1675 0.4999999 
1676 0.4999999 
1677 0.4999999 
1678 0.4999999 
1679 0.4999999 
1680 0.4999999 
1681 0.4999999 
1682 0.4999999 
1683 0.4999999 
1684 0.4999999 
1685 0.4999999 
1686 0.4999999 
1687 0.4999999 
1688 0.4999971 
1689 0.4999971 
1690 0.4999971 
1691 0.4999971 
1692 0.4999971 
1693 0.4999971 
1694 0.4999969 
1695 0.4999968 
1696 0.4974958 
1697 0.4999602 
1698 0.4999595 
1699 0.4999592 
1700 0.4999591 
1701 0.4999589 
1702 0.4999586 
1703 0.4999583 
1704 0.499958 
1705 0.4999576 
1706 0.4999533 
1707 0.4999532 
1708 0.499953 
1709 0.4999527 
1710 0.4999526 
1711 0.4999525 
1712 0.4999524 
1713 0.4999523 
1714 0.4999523 
1715 0.499952 
1716 0.499952 
1717 0.499952 
1718 0.4999518 
1719 0.4999515 
1720 0.4999515 
1721 0.4999511 
1722 0.4999506 
1723 0.4999506 
1724 0.4999506 
1725 0.4999492 
1726 0.5 
1727 0.4999999 
1728 0.4999999 
1729 0.4999999 
1730 0.4999999 
1731 0.4999999 
1732 0.4999999 
1733 0.4999999 
1734 0.4999999 
1735 0.4999999 
1736 0.4999999 
1737 0.4999998 
1738 0.4999998 
1739 0.4999998 
1740 0.4999998 
1741 0.4999998 
1742 0.4999998 
1743 0.4999998 
1744 0.4999998 
1745 0.4999998 
1746 0.4999998 
1747 0.4999998 
1748 0.4999998 
1749 0.4999998 
1750 0.4999998 
1751 0.4999998 
1752 0.4999998 
1753 0.4999998 
1754 0.4999998 
1755 0.4999998 
1756 0.4999998 
1757 0.4999998 
1758 0.4999998 
1759 0.4999998 
1760 0.4999998 
1761 0.4999998 
1762 0.4999998 
1763 0.4999998 
1764 0.4999998 
1765 0.4999998 
1766 0.4999998 
1767 0.4999998 
1768 0.4999998 
1769 0.4999998 
1770 0.4999998 
1771 0.4999998 
1772 0.4999998 
1773 0.4999998 
1774 0.4999998 
1775 0.4999998 
1776 0.4999998 
1777 0.4999998 
1778 0.4999998 
1779 0.4999998 
1780 0.4999998 
1781 0.4999998 
1782 0.4999998 
1783 0.4999998 
1784 0.4999998 
1785 0.4999998 
1786 0.4999998 
1787 0.4999998 
1788 0.4999998 
1789 0.4999998 
1790 0.4999998 
1791 0.4999998 
1792 0.4999998 
1793 0.4999998 
1794 0.4999998 
1795 0.4999998 
1796 0.4999998 
1797 0.4999998 
1798 0.4999998 
1799 0.4999998 
1800 0.4999998 
1801 0.4999998 
1802 0.4999998 
1803 0.4999998 
1804 0.4999998 
1805 0.4999998 
1806 0.4999998 
1807 0.4999998 
1808 0.4999998 
1809 0.4999998 
1810 0.4999998 
1811 0.4999998 
1812 0.4999998 
1813 0.4999998 
1814 0.4999998 
1815 0.4999998 
1816 0.4999983 
1817 0.4999982 
1818 0.4999962 
1819 0.4999961 
1820 0.499995 
1821 0.4999895 
1822 0.4999894 
1823 0.4999894 
1824 0.4999893 
1825 0.4999892 
1826 0.4999891 
1827 0.499989 
1828 0.4999889 
1829 0.4999889 
1830 0.4999889 
1831 0.4999889 
1832 0.4999886 
1833 0.4999883 
1834 0.4999878 
1835 0.4999873 
1836 0.4999873 
1837 0.4999873 
1838 0.4999718 
1839 0.4999716 
1840 0.4999715 
1841 0.4999713 
1842 0.4999705 
1843 0.4999646 
1844 0.4999615 
1845 0.4999614 
1846 0.4993434 
1847 0.4997586 
1848 0.5 
1849 0.4999999 
1850 0.4999999 
1851 0.4999999 
1852 0.4999998 
1853 0.4999998 
1854 0.4999998 
1855 0.4999997 
1856 0.4999949 
1857 0.4999948 
1858 0.4999948 
1859 0.4999948 
1860 0.4999948 
1861 0.4999948 
1862 0.4999948 
1863 0.4999947 
1864 0.4999947 
1865 0.4999947 
1866 0.4999947 
1867 0.4999947 
1868 0.4999947 
1869 0.4999947 
1870 0.4999947 
1871 0.4999947 
1872 0.4999947 
1873 0.4999947 
1874 0.4999947 
1875 0.4999947 
1876 0.4999947 
1877 0.4999947 
1878 0.4999947 
1879 0.4999947 
1880 0.4999947 
1881 0.4999946 
1882 0.4999946 
1883 0.4999946 
1884 0.4999946 
1885 0.4999946 
1886 0.4999946 
1887 0.4999945 
1888 0.4999945 
1889 0.4999945 
1890 0.4999945 
1891 0.4999944 
1892 0.4999942 
1893 0.4999937 
1894 0.4999936 
1895 0.4999936 
1896 0.4999935 
1897 0.4999823 
1898 0.4999823 
1899 0.4990823 
1900 0.4999997 
1901 0.4999997 
1902 0.4999997 
1903 0.4999995 
1904 0.4999995 
1905 0.4999995 
1906 0.4999943 
1907 0.4999942 
1908 0.499992 
1909 0.4999919 
1910 0.4999879 
1911 0.4999878 
1912 0.4999539 
1913 0.4999538 
1914 0.4999536 
1915 0.4999536 
1916 0.4999534 
1917 0.4999533 
1918 0.4999533 
1919 0.4999528 
1920 0.4999525 
1921 0.4999523 
1922 0.4999519 
1923 0.4999517 
1924 0.4999503 
1925 0.4999504 
1926 0.4999501 
1927 0.4999499 
1928 0.4999999 
1929 0.4999999 
1930 0.4999998 
1931 0.4999998 
1932 0.4999998 
1933 0.4999998 
1934 0.4999998 
1935 0.4999998 
1936 0.4999998 
1937 0.4999998 
1938 0.4999998 
1939 0.4999998 
1940 0.4999998 
1941 0.4999998 
1942 0.4999998 
1943 0.4999998 
1944 0.4999998 
1945 0.4999998 
1946 0.4999998 
1947 0.4999998 
1948 0.4999998 
1949 0.4999998 
1950 0.4999996 
1951 0.4999996 
1952 0.4999996 
1953 0.4999996 
1954 0.4999996 
1955 0.4999996 
1956 0.4999996 
1957 0.4999996 
1958 0.4999996 
1959 0.4999996 
1960 0.4999996 
1961 0.4999996 
1962 0.4999996 
1963 0.4999996 
1964 0.4999996 
1965 0.4999996 
1966 0.4999996 
1967 0.4999996 
1968 0.4999996 
1969 0.4999996 
1970 0.4999996 
1971 0.4999996 
1972 0.4999996 
1973 0.4999996 
1974 0.4999996 
1975 0.4999996 
1976 0.4999996 
1977 0.4999996 
1978 0.4999996 
1979 0.4999996 
1980 0.4999996 
1981 0.4999996 
1982 0.4999996 
1983 0.4999996 
1984 0.4999996 
1985 0.4999996 
1986 0.4999996 
1987 0.4999996 
1988 0.4999996 
1989 0.4999996 
1990 0.4999996 
1991 0.4999996 
1992 0.4999996 
1993 0.4999996 
1994 0.4999996 
1995 0.4999996 
1996 0.4999996 
1997 0.4999996 
1998 0.4999996 
1999 0.4999996 
2000 0.4999996 
2001 0.4999996 
2002 0.4999996 
2003 0.4999996 
2004 0.4999996 
2005 0.4999996 
2006 0.4999995 
2007 0.4999995 
2008 0.4999995 
2009 0.4999995 
2010 0.4999995 
2011 0.4999995 
2012 0.4999995 
2013 0.4999995 
2014 0.4999995 
2015 0.4999995 
2016 0.4999995 
2017 0.4999995 
2018 0.4999995 
2019 0.4999978 
2020 0.4999978 
2021 0.4999978 
2022 0.4999978 
2023 0.4999925 
2024 0.4999914 
2025 0.4999914 
2026 0.499949 
2027 0.5 
2028 0.4999999 
2029 0.4999999 
2030 0.4999999 
2031 0.4999999 
2032 0.4999999 
2033 0.4999999 
2034 0.4999999 
2035 0.4999999 
2036 0.4999998 
2037 0.4999998 
2038 0.4999998 
2039 0.4999998 
2040 0.4999998 
2041 0.4999998 
2042 0.4999998 
2043 0.4999998 
2044 0.4999998 
2045 0.4999998 
2046 0.4999998 
2047 0.4999998 
2048 0.4999998 
2049 0.4999998 
2050 0.4999998 
2051 0.4999998 
2052 0.4999998 
2053 0.4999998 
2054 0.4999998 
2055 0.4999998 
2056 0.4999998 
2057 0.4999998 
2058 0.4999998 
2059 0.4999998 
2060 0.4999998 
2061 0.4999998 
2062 0.4999998 
2063 0.4999998 
2064 0.4999998 
2065 0.4999998 
2066 0.4999998 
2067 0.4999998 
2068 0.4999998 
2069 0.4999998 
2070 0.4999998 
2071 0.4999998 
2072 0.4999998 
2073 0.4999998 
2074 0.4999998 
2075 0.4999998 
2076 0.4999998 
2077 0.4999998 
2078 0.4999998 
2079 0.4999998 
2080 0.4999998 
2081 0.4999998 
2082 0.4999998 
2083 0.4999998 
2084 0.4999998 
2085 0.4999998 
2086 0.4999998 
2087 0.4999997 
2088 0.4999997 
2089 0.4999997 
2090 0.4999997 
2091 0.4999991 
2092 0.4999991 
2093 0.4999991 
2094 0.4999991 
2095 0.499999 
2096 0.499999 
2097 0.4999675 
2098 0.4999675 
2099 0.4979298 
2100 0.4999997 
2101 0.4997859 
2102 0.5 
2103 0.4999983 
2104 0.4999983 
2105 0.4999983 
2106 0.4999983 
2107 0.4999983 
2108 0.4999982 
2109 0.4999981 
2110 0.499998 
2111 0.4999978 
2112 0.4999977 
2113 0.4999965 
2114 0.4999834 
2115 0.4999834 
2116 0.4999827 
2117 0.4999827 
2118 0.4999825 
2119 0.4999824 
2120 0.4999824 
2121 0.4999824 
2122 0.4999824 
2123 0.4999823 
2124 0.4999822 
2125 0.4999821 
2126 0.4999818 
2127 0.4999816 
2128 0.4999816 
2129 0.4999816 
2130 0.4999816 
2131 0.4999815 
2132 0.4999815 
2133 0.4999815 
2134 0.4999815 
2135 0.4999815 
2136 0.4999815 
2137 0.4999814 
2138 0.4999814 
2139 0.4999814 
2140 0.4999813 
2141 0.4999812 
2142 0.4999812 
2143 0.4999812 
2144 0.4999812 
2145 0.4999812 
2146 0.4999811 
2147 0.4999811 
2148 0.4999811 
2149 0.4999811 
2150 0.499981 
2151 0.4999809 
2152 0.4999809 
2153 0.4999808 
2154 0.4999807 
2155 0.4999807 
2156 0.4999806 
2157 0.4999805 
2158 0.4999804 
2159 0.4999803 
2160 0.4999803 
2161 0.4999803 
2162 0.4999803 
2163 0.4999802 
2164 0.4999794 
2165 0.4999794 
2166 0.4999794 
2167 0.4999793 
2168 0.4999791 
2169 0.499979 
2170 0.4999783 
2171 0.4999676 
2172 0.4999425 
2173 0.5 
2174 0.5 
2175 0.5 
2176 0.4999999 
2177 0.4999998 
2178 0.4999998 
2179 0.4999998 
2180 0.4999998 
2181 0.4999998 
2182 0.4999998 
2183 0.4999998 
2184 0.4999998 
2185 0.4999998 
2186 0.4999998 
2187 0.4999998 
2188 0.4999998 
2189 0.4999998 
2190 0.4999998 
2191 0.4999998 
2192 0.4999998 
2193 0.4999998 
2194 0.4999998 
2195 0.4999998 
2196 0.4999998 
2197 0.4999998 
2198 0.4999998 
2199 0.4999998 
2200 0.4999998 
2201 0.4999998 
2202 0.4999998 
2203 0.4999998 
2204 0.4999998 
2205 0.4999998 
2206 0.4999998 
2207 0.4999998 
2208 0.4999998 
2209 0.4999998 
2210 0.4999998 
2211 0.4999998 
2212 0.4999998 
2213 0.4999998 
2214 0.4999998 
2215 0.4999998 
2216 0.4999998 
2217 0.4999998 
2218 0.4999998 
2219 0.4999998 
2220 0.4999998 
2221 0.4999998 
2222 0.4999998 
2223 0.4999998 
2224 0.4999998 
2225 0.4999998 
2226 0.4999998 
2227 0.4999998 
2228 0.4999998 
2229 0.4999998 
2230 0.4999998 
2231 0.4999998 
2232 0.4999998 
2233 0.4999998 
2234 0.4999998 
2235 0.4999998 
2236 0.4999998 
2237 0.4999998 
2238 0.4999998 
2239 0.4999998 
2240 0.4999998 
2241 0.4999998 
2242 0.4999998 
2243 0.4999998 
2244 0.4999998 
2245 0.4999998 
2246 0.4999998 
2247 0.4999998 
2248 0.4999998 
2249 0.4999998 
2250 0.4999998 
2251 0.4999998 
2252 0.4999998 
2253 0.4999998 
2254 0.4999998 
2255 0.4999998 
2256 0.4999998 
2257 0.4999998 
2258 0.4999998 
2259 0.4999998 
2260 0.4999998 
2261 0.4999998 
2262 0.4999998 
2263 0.4999998 
2264 0.4999998 
2265 0.4999998 
2266 0.4999998 
2267 0.4999998 
2268 0.4999998 
2269 0.4999998 
2270 0.4999998 
2271 0.4999997 
2272 0.4999997 
2273 0.4999997 
2274 0.4999997 
2275 0.4999997 
2276 0.4999997 
2277 0.4999997 
2278 0.4999997 
2279 0.4999996 
2280 0.4999996 
2281 0.4999996 
2282 0.4999996 
2283 0.4999996 
2284 0.4999996 
2285 0.4999996 
2286 0.4999966 
2287 0.4999935 
2288 0.4998366 
2289 0.5 
2290 0.5 
2291 0.4999999 
2292 0.4999998 
2293 0.4999998 
2294 0.4999998 
2295 0.4999998 
2296 0.4999994 
2297 0.4999994 
2298 0.4999994 
2299 0.4999994 
2300 0.4999994 
2301 0.4999994 
2302 0.4999994 
2303 0.4999994 
2304 0.4999994 
2305 0.4999994 
2306 0.4999994 
2307 0.4999994 
2308 0.4999989 
2309 0.4999989 
2310 0.4999989 
2311 0.4999989 
2312 0.4999989 
2313 0.4999989 
2314 0.4999989 
2315 0.4999989 
2316 0.4999989 
2317 0.4999989 
2318 0.4999989 
2319 0.4999989 
2320 0.4999989 
2321 0.4999989 
2322 0.4999989 
2323 0.4999989 
2324 0.4999989 
2325 0.4999989 
2326 0.4999989 
2327 0.4999989 
2328 0.4999989 
2329 0.4999989 
2330 0.4999989 
2331 0.4999989 
2332 0.4999989 
2333 0.4999989 
2334 0.4999989 
2335 0.4999989 
2336 0.4999989 
2337 0.4999989 
2338 0.4999989 
2339 0.4999989 
2340 0.4999989 
2341 0.4999989 
2342 0.4999988 
2343 0.4999988 
2344 0.4999988 
2345 0.4999988 
2346 0.4999988 
2347 0.4999988 
2348 0.4999988 
2349 0.4999988 
2350 0.4999988 
2351 0.4999988 
2352 0.4999988 
2353 0.4999988 
2354 0.4999988 
2355 0.4999988 
2356 0.4999988 
2357 0.4999988 
2358 0.4999988 
2359 0.4999988 
2360 0.4999986 
2361 0.4999986 
2362 0.4999986 
2363 0.4999986 
2364 0.4999985 
2365 0.4999985 
2366 0.4999985 
2367 0.4999982 
2368 0.4999838 
2369 0.4996447 
2370 0.5 
2371 0.4999999 
2372 0.4999999 
2373 0.4999999 
2374 0.4999999 
2375 0.4999999 
2376 0.4999998 
2377 0.4999974 
2378 0.4999974 
2379 0.4999972 
2380 0.4999972 
2381 0.4999972 
2382 0.4999972 
2383 0.4999972 
2384 0.4999972 
2385 0.4999972 
2386 0.4999972 
2387 0.4999972 
2388 0.4999972 
2389 0.4999972 
2390 0.4999972 
2391 0.4999972 
2392 0.4999972 
2393 0.4999972 
2394 0.4999972 
2395 0.4999972 
2396 0.4999972 
2397 0.4999972 
2398 0.4999972 
2399 0.4999972 
2400 0.4999972 
2401 0.4999971 
2402 0.4999971 
2403 0.4999971 
2404 0.4999971 
2405 0.4999971 
2406 0.4999971 
2407 0.4999971 
2408 0.4999971 
2409 0.4999971 
2410 0.4999971 
2411 0.4999971 
2412 0.4999971 
2413 0.4999971 
2414 0.4999971 
2415 0.4999971 
2416 0.4999971 
2417 0.4999971 
2418 0.4999971 
2419 0.4999971 
2420 0.4999971 
2421 0.4999971 
2422 0.4999971 
2423 0.4999971 
2424 0.4999971 
2425 0.4999971 
2426 0.4999971 
2427 0.4999971 
2428 0.4999971 
2429 0.4999971 
2430 0.4999971 
2431 0.499997 
2432 0.499997 
2433 0.499997 
2434 0.499997 
2435 0.4999969 
2436 0.4999969 
2437 0.4999969 
2438 0.4999956 
2439 0.4999955 
2440 0.4999903 
2441 0.4999903 
2442 0.4999903 
2443 0.4999367 
2444 0.5 
2445 0.4999999 
2446 0.4999999 
2447 0.4999999 
2448 0.4999999 
2449 0.4999999 
2450 0.4999998 
2451 0.4999998 
2452 0.4999998 
2453 0.4999976 
2454 0.4999976 
2455 0.4999976 
2456 0.4999976 
2457 0.4999976 
2458 0.4999976 
2459 0.4999976 
2460 0.4999976 
2461 0.4999976 
2462 0.4999976 
2463 0.4999976 
2464 0.4999976 
2465 0.4999976 
2466 0.4999976 
2467 0.4999976 
2468 0.4999976 
2469 0.4999976 
2470 0.4999975 
2471 0.4999975 
2472 0.4999975 
2473 0.4999975 
2474 0.4999975 
2475 0.4999975 
2476 0.4999975 
2477 0.4999975 
2478 0.4999975 
2479 0.4999969 
2480 0.4999969 
2481 0.4995898 
2482 0.5 
2483 0.4999999 
2484 0.4999999 
2485 0.4999999 
2486 0.4999999 
2487 0.4999999 
2488 0.4999999 
2489 0.4999999 
2490 0.4999999 
2491 0.4999999 
2492 0.4999999 
2493 0.4999998 
2494 0.4999998 
2495 0.4999998 
2496 0.4999998 
2497 0.4999997 
2498 0.4999997 
2499 0.4999997 
2500 0.4999997 
2501 0.4999997 
2502 0.4999997 
2503 0.4999997 
2504 0.4999997 
2505 0.4999997 
2506 0.4999997 
2507 0.4999997 
2508 0.4999997 
2509 0.4999997 
2510 0.4999997 
2511 0.4999997 
2512 0.4999997 
2513 0.4999997 
2514 0.4999997 
2515 0.4999997 
2516 0.4999997 
2517 0.4999997 
2518 0.4999997 
2519 0.4999997 
2520 0.4999997 
2521 0.4999997 
2522 0.4999997 
2523 0.4999997 
2524 0.4999997 
2525 0.4999997 
2526 0.4999997 
2527 0.4999997 
2528 0.4999997 
2529 0.4999997 
2530 0.4999997 
2531 0.4999997 
2532 0.4999997 
2533 0.4999997 
2534 0.4999997 
2535 0.4999997 
2536 0.4999997 
2537 0.4999997 
2538 0.4999997 
2539 0.4999997 
2540 0.4999997 
2541 0.4999997 
2542 0.4999997 
2543 0.4999997 
2544 0.4999997 
2545 0.4999997 
2546 0.4999997 
2547 0.4999997 
2548 0.4999997 
2549 0.4999997 
2550 0.4999997 
2551 0.4999997 
2552 0.4999997 
2553 0.4999997 
2554 0.4999997 
2555 0.4999997 
2556 0.4999997 
2557 0.4999997 
2558 0.4999997 
2559 0.4999997 
2560 0.4999997 
2561 0.4999997 
2562 0.4999997 
2563 0.4999997 
2564 0.4999997 
2565 0.4999997 
2566 0.4999997 
2567 0.4999997 
2568 0.4999997 
2569 0.4999997 
2570 0.4999997 
2571 0.4999997 
2572 0.4999997 
2573 0.4999997 
2574 0.4999997 
2575 0.4999997 
2576 0.4999997 
2577 0.4999997 
2578 0.4999997 
2579 0.4999997 
2580 0.4999997 
2581 0.4999997 
2582 0.4999997 
2583 0.4999997 
2584 0.4999997 
2585 0.4999997 
2586 0.4999997 
2587 0.4999997 
2588 0.4999997 
2589 0.4999997 
2590 0.4999997 
2591 0.4999997 
2592 0.4999997 
2593 0.4999997 
2594 0.4999997 
2595 0.4999997 
2596 0.4999997 
2597 0.4999997 
2598 0.4999997 
2599 0.4999997 
2600 0.4999997 
2601 0.4999997 
2602 0.4999997 
2603 0.4999997 
2604 0.4999997 
2605 0.4999997 
2606 0.4999997 
2607 0.4999997 
2608 0.4999997 
2609 0.4999997 
2610 0.4999997 
2611 0.4999997 
2612 0.4999997 
2613 0.4999997 
2614 0.4999985 
2615 0.4999985 
2616 0.4999985 
2617 0.4999985 
2618 0.4999985 
2619 0.4999984 
2620 0.4999984 
2621 0.4999984 
2622 0.4999984 
2623 0.4999983 
2624 0.4999983 
2625 0.4999983 
2626 0.4999983 
2627 0.4999983 
2628 0.4999983 
2629 0.4999959 
2630 0.4999887 
2631 0.499985 
2632 0.4999847 
2633 0.4999202 
2634 0.5 
2635 0.4999998 
2636 0.4999997 
2637 0.4999997 
2638 0.4999997 
2639 0.4999987 
2640 0.4999987 
2641 0.4999987 
2642 0.4999987 
2643 0.4999987 
2644 0.4999987 
2645 0.4999987 
2646 0.4999987 
2647 0.4999987 
2648 0.4999987 
2649 0.4999987 
2650 0.4999987 
2651 0.4999987 
2652 0.4999987 
2653 0.4999987 
2654 0.4999987 
2655 0.4999987 
2656 0.4999987 
2657 0.4999986 
2658 0.4999986 
2659 0.4999986 
2660 0.4999986 
2661 0.4999986 
2662 0.4999986 
2663 0.4999982 
2664 0.4999979 
2665 0.4999979 
2666 0.4999651 
2667 0.4999651 
2668 0.495718 
2669 0.4995946 
2670 0.5 
2671 0.4999999 
2672 0.4999996 
2673 0.4999996 
2674 0.4999996 
2675 0.4999501 
2676 0.49995 
2677 0.5 
2678 0.4999999 
2679 0.4999999 
2680 0.4999999 
2681 0.4999999 
2682 0.4999999 
2683 0.4999998 
2684 0.4999998 
2685 0.4999995 
2686 0.4999894 
2687 0.4999894 
2688 0.4999893 
2689 0.4999891 
2690 0.4999891 
2691 0.4999891 
2692 0.4999891 
2693 0.4999891 
2694 0.4999584 
2695 0.4999583 
2696 0.4999583 
2697 0.499958 
2698 0.499958 
2699 0.4999579 
2700 0.4999578 
2701 0.4999573 
2702 0.499957 
2703 0.4999569 
2704 0.4999569 
2705 0.4999566 
2706 0.4999561 
2707 0.4999561 
2708 0.4999559 
2709 0.4999559 
2710 0.4999558 
2711 0.4999554 
2712 0.4999553 
2713 0.4999549 
2714 0.4999546 
2715 0.4999542 
2716 0.4999542 
2717 0.4999542 
2718 0.4999542 
2719 0.4999539 
2720 0.4999538 
2721 0.4999534 
2722 0.4999533 
2723 0.4999528 
2724 0.4999527 
2725 0.4999528 
2726 0.4999528 
2727 0.4999516 
2728 0.4999512 
2729 0.4999511 
2730 0.4999511 
2731 0.499951 
2732 0.4999507 
2733 0.4999503 
2734 0.4999502 
2735 0.4999499 
2736 0.4999999 
2737 0.4999999 
2738 0.4999999 
2739 0.4999999 
2740 0.4999999 
2741 0.4999999 
2742 0.4999999 
2743 0.4999999 
2744 0.4999999 
2745 0.4999999 
2746 0.4999999 
2747 0.4999999 
2748 0.4999999 
2749 0.4999999 
2750 0.4999999 
2751 0.4999999 
2752 0.4999999 
2753 0.4999999 
2754 0.4999999 
2755 0.4999999 
2756 0.4999999 
2757 0.4999999 
2758 0.4999999 
2759 0.4999999 
2760 0.4999999 
2761 0.4999998 
2762 0.4999998 
2763 0.4999998 
2764 0.4999998 
2765 0.4999998 
2766 0.4999998 
2767 0.4999998 
2768 0.4999998 
2769 0.4999998 
2770 0.4999998 
2771 0.4999998 
2772 0.4999998 
2773 0.4999998 
2774 0.4999998 
2775 0.4999998 
2776 0.4999998 
2777 0.4999998 
2778 0.4999998 
2779 0.4999998 
2780 0.4999998 
2781 0.4999998 
2782 0.4999998 
2783 0.4999998 
2784 0.4999998 
2785 0.4999998 
2786 0.4999998 
2787 0.4999998 
2788 0.4999998 
2789 0.4999998 
2790 0.4999998 
2791 0.4999998 
2792 0.4999998 
2793 0.4999998 
2794 0.4999998 
2795 0.4999998 
2796 0.4999998 
2797 0.4999998 
2798 0.4999998 
2799 0.4999998 
2800 0.4999998 
2801 0.4999998 
2802 0.4999998 
2803 0.4999998 
2804 0.4999998 
2805 0.4999998 
2806 0.4999998 
2807 0.4999998 
2808 0.4999998 
2809 0.4999998 
2810 0.4999998 
2811 0.4999998 
2812 0.4999998 
2813 0.4999998 
2814 0.4999998 
2815 0.4999998 
2816 0.4999998 
2817 0.4999998 
2818 0.4999998 
2819 0.4999998 
2820 0.4999998 
2821 0.4999998 
2822 0.4999998 
2823 0.4999998 
2824 0.4999998 
2825 0.4999998 
2826 0.4999998 
2827 0.4999998 
2828 0.4999998 
2829 0.4999998 
2830 0.4999998 
2831 0.4999998 
2832 0.4999998 
2833 0.4999998 
2834 0.4999998 
2835 0.4999998 
2836 0.4999998 
2837 0.4999998 
2838 0.4999998 
2839 0.4999998 
2840 0.4999998 
2841 0.4999998 
2842 0.4999998 
2843 0.4999998 
2844 0.4999998 
2845 0.4999998 
2846 0.4999998 
2847 0.4999998 
2848 0.4999998 
2849 0.4999998 
2850 0.4999998 
2851 0.4999998 
2852 0.4999998 
2853 0.4999998 
2854 0.4999998 
2855 0.4999998 
2856 0.4999998 
2857 0.4999998 
2858 0.4999998 
2859 0.4999998 
2860 0.4999998 
2861 0.4999998 
2862 0.4999998 
2863 0.4999998 
2864 0.4999998 
2865 0.4999998 
2866 0.4999998 
2867 0.4999998 
2868 0.4999994 
2869 0.4999994 
2870 0.4999994 
2871 0.4999994 
2872 0.4999994 
2873 0.4999994 
2874 0.4999994 
2875 0.4999994 
2876 0.4999983 
2877 0.4999859 
2878 0.4999859 
2879 0.4998879 
2880 0.5 
2881 0.4999998 
2882 0.4999997 
2883 0.4999997 
2884 0.4999997 
2885 0.4999997 
2886 0.4999997 
2887 0.4999997 
2888 0.4999997 
2889 0.4999997 
2890 0.4999997 
2891 0.4999997 
2892 0.4999979 
2893 0.4999979 
2894 0.4999979 
2895 0.4999979 
2896 0.4999979 
2897 0.4999979 
2898 0.4999979 
2899 0.4999979 
2900 0.4999979 
2901 0.4999979 
2902 0.4999979 
2903 0.4999979 
2904 0.4999979 
2905 0.4999979 
2906 0.4999979 
2907 0.4999979 
2908 0.4999979 
2909 0.4999979 
2910 0.4999979 
2911 0.4999979 
2912 0.4999979 
2913 0.4999979 
2914 0.4999979 
2915 0.4999979 
2916 0.4999979 
2917 0.4999979 
2918 0.4999979 
2919 0.4999979 
2920 0.4999979 
2921 0.4999979 
2922 0.4999979 
2923 0.4999979 
2924 0.4999978 
2925 0.4999976 
2926 0.4999418 
2927 0.4999999 
2928 0.4999998 
2929 0.4999998 
2930 0.4999998 
2931 0.4999998 
2932 0.4999998 
2933 0.4999998 
2934 0.4999998 
2935 0.4999998 
2936 0.4999998 
2937 0.4999998 
2938 0.4999998 
2939 0.4999998 
2940 0.4999998 
2941 0.4999998 
2942 0.4999998 
2943 0.4999998 
2944 0.4999998 
2945 0.4999998 
2946 0.4999998 
2947 0.4999998 
2948 0.4999998 
2949 0.4999998 
2950 0.4999998 
2951 0.4999998 
2952 0.4999998 
2953 0.4999998 
2954 0.4999998 
2955 0.4999998 
2956 0.4999998 
2957 0.4999998 
2958 0.4999998 
2959 0.4999998 
2960 0.4999998 
2961 0.4999998 
2962 0.4999998 
2963 0.4999998 
2964 0.4999998 
2965 0.4999998 
2966 0.4999998 
2967 0.4999998 
2968 0.4999998 
2969 0.4999998 
2970 0.4999998 
2971 0.4999998 
2972 0.4999998 
2973 0.4999998 
2974 0.4999998 
2975 0.4999998 
2976 0.4999998 
2977 0.4999998 
2978 0.4999998 
2979 0.4999998 
2980 0.4999998 
2981 0.4999998 
2982 0.4999998 
2983 0.4999998 
2984 0.4999998 
2985 0.4999998 
2986 0.4999998 
2987 0.4999998 
2988 0.4999998 
2989 0.4999998 
2990 0.4999998 
2991 0.4999998 
2992 0.4999998 
2993 0.4999998 
2994 0.4999998 
2995 0.4999998 
2996 0.4999998 
2997 0.4999998 
2998 0.4999998 
2999 0.4999998 
3000 0.4999998 
3001 0.4999998 
3002 0.4999998 
3003 0.4999998 
3004 0.4999998 
3005 0.4999998 
3006 0.4999998 
3007 0.4999998 
3008 0.4999998 
3009 0.4999998 
3010 0.4999998 
3011 0.4999993 
3012 0.4999993 
3013 0.4999993 
3014 0.4999988 
3015 0.4999988 
3016 0.4999988 
3017 0.4999988 
3018 0.4999988 
3019 0.4999988 
3020 0.4999988 
3021 0.4999975 
3022 0.4999975 
3023 0.4999858 
3024 0.4999858 
3025 0.4992412 
3026 0.5 
3027 0.5 
3028 0.4999999 
3029 0.4999999 
3030 0.4999999 
3031 0.4999104 
3032 0.5 
3033 0.5 
3034 0.5 
3035 0.5 
3036 0.4999999 
3037 0.4999998 
3038 0.4999998 
3039 0.4999998 
3040 0.4999998 
3041 0.4999998 
3042 0.4999998 
3043 0.4999998 
3044 0.4999998 
3045 0.4999998 
3046 0.4999998 
3047 0.4999998 
3048 0.4999998 
3049 0.4999998 
3050 0.4999998 
3051 0.4999996 
3052 0.4999996 
3053 0.4999995 
3054 0.4999995 
3055 0.4999995 
3056 0.4999995 
3057 0.4999995 
3058 0.4999995 
3059 0.4999941 
3060 0.4999941 
3061 0.4999941 
3062 0.499994 
3063 0.499994 
3064 0.499994 
3065 0.499994 
3066 0.499994 
3067 0.499994 
3068 0.4999939 
3069 0.4999938 
3070 0.4999938 
3071 0.4999938 
3072 0.4999938 
3073 0.4999938 
3074 0.4999938 
3075 0.4999938 
3076 0.4999937 
3077 0.4999937 
3078 0.4999937 
3079 0.4999937 
3080 0.4999937 
3081 0.4999937 
3082 0.4999937 
3083 0.4999937 
3084 0.4999937 
3085 0.4999937 
3086 0.4999937 
3087 0.4999937 
3088 0.4999937 
3089 0.4999937 
3090 0.4999937 
3091 0.4999937 
3092 0.4999937 
3093 0.4999937 
3094 0.4999937 
3095 0.4999937 
3096 0.4999937 
3097 0.4999937 
3098 0.4999937 
3099 0.4999936 
3100 0.4999936 
3101 0.4999936 
3102 0.4999936 
3103 0.4999936 
3104 0.4999936 
3105 0.4999935 
3106 0.4999935 
3107 0.4999935 
3108 0.4999935 
3109 0.4999935 
3110 0.4999935 
3111 0.4999934 
3112 0.4999934 
3113 0.4999934 
3114 0.4999934 
3115 0.4999934 
3116 0.4999934 
3117 0.4999933 
3118 0.4999933 
3119 0.4999933 
3120 0.4999933 
3121 0.4999933 
3122 0.4999933 
3123 0.4999932 
3124 0.4999931 
3125 0.4999892 
3126 0.4999892 
3127 0.4999892 
3128 0.4999891 
3129 0.499989 
3130 0.4999888 
3131 0.4999888 
3132 0.4999886 
3133 0.4999886 
3134 0.49958 
3135 0.5 
3136 0.4999951 
3137 0.4999951 
3138 0.4999948 
3139 0.4999948 
3140 0.4999947 
3141 0.4999947 
3142 0.4999947 
3143 0.4999946 
3144 0.4999946 
3145 0.4999945 
3146 0.4999945 
3147 0.4999944 
3148 0.4999943 
3149 0.4999943 
3150 0.4999943 
3151 0.4999942 
3152 0.4999942 
3153 0.4999942 
3154 0.4999942 
3155 0.4999942 
3156 0.4999942 
3157 0.4999942 
3158 0.4999942 
3159 0.4999942 
3160 0.4999941 
3161 0.4999941 
3162 0.4999941 
3163 0.4999941 
3164 0.4999941 
3165 0.4999941 
3166 0.4999941 
3167 0.4999941 
3168 0.4999941 
3169 0.4999941 
3170 0.4999941 
3171 0.4999941 
3172 0.4999941 
3173 0.4999941 
3174 0.4999941 
3175 0.4999941 
3176 0.4999941 
3177 0.4999941 
3178 0.4999941 
3179 0.4999941 
3180 0.499994 
3181 0.499994 
3182 0.499994 
3183 0.499994 
3184 0.499994 
3185 0.499994 
3186 0.4999939 
3187 0.4999939 
3188 0.4999939 
3189 0.4999938 
3190 0.4999938 
3191 0.4999938 
3192 0.4999938 
3193 0.4999938 
3194 0.4999938 
3195 0.4999927 
3196 0.4999927 
3197 0.4999829 
3198 0.4999829 
3199 0.4999827 
3200 0.4999824 
3201 0.4999823 
3202 0.4975267 
3203 0.4999929 
3204 0.4999921 
3205 0.4999919 
3206 0.49999 
3207 0.4999899 
3208 0.4999894 
3209 0.499989 
3210 0.499989 
3211 0.4999888 
3212 0.4999887 
3213 0.4999886 
3214 0.4999875 
3215 0.4999872 
3216 0.4999871 
3217 0.4999865 
3218 0.4999864 
3219 0.4999864 
3220 0.4999863 
3221 0.4999766 
3222 0.4999765 
3223 0.4999765 
3224 0.4999765 
3225 0.4999764 
3226 0.4999763 
3227 0.4999762 
3228 0.499976 
3229 0.499976 
3230 0.4999759 
3231 0.4999759 
3232 0.4999759 
3233 0.4999758 
3234 0.4999758 
3235 0.4999758 
3236 0.4999757 
3237 0.4999757 
3238 0.4999755 
3239 0.4999755 
3240 0.4999754 
3241 0.4999754 
3242 0.4999753 
3243 0.4999753 
3244 0.4999753 
3245 0.4999753 
3246 0.4999752 
3247 0.4999752 
3248 0.4999751 
3249 0.499975 
3250 0.499975 
3251 0.4999749 
3252 0.4999746 
3253 0.4999746 
3254 0.4999745 
3255 0.499974 
3256 0.4999738 
3257 0.4999739 
3258 0.4999736 
3259 0.4999736 
3260 0.4999735 
3261 0.4999735 
3262 0.4999732 
3263 0.4999732 
3264 0.4999732 
3265 0.4999731 
3266 0.4999731 
3267 0.4999729 
3268 0.4999729 
3269 0.4999728 
3270 0.4999725 
3271 0.4999723 
3272 0.4999722 
3273 0.499972 
3274 0.499972 
3275 0.4999718 
3276 0.4993912 
3277 0.5 
3278 0.4999999 
3279 0.4999998 
3280 0.4999997 
3281 0.4999996 
3282 0.4999996 
3283 0.4999996 
3284 0.4999995 
3285 0.4999995 
3286 0.4999992 
3287 0.4999992 
3288 0.4999992 
3289 0.4999991 
3290 0.4999991 
3291 0.4999991 
3292 0.499999 
3293 0.499999 
3294 0.499999 
3295 0.499999 
3296 0.499999 
3297 0.499999 
3298 0.499999 
3299 0.499999 
3300 0.499999 
3301 0.499999 
3302 0.499999 
3303 0.4999989 
3304 0.4999989 
3305 0.4999989 
3306 0.4999989 
3307 0.4999989 
3308 0.4999989 
3309 0.4999989 
3310 0.4999989 
3311 0.4999989 
3312 0.4999989 
3313 0.4999987 
3314 0.4999987 
3315 0.4999987 
3316 0.4999987 
3317 0.4999987 
3318 0.4999987 
3319 0.4999987 
3320 0.499998 
3321 0.499998 
3322 0.499998 
3323 0.499998 
3324 0.499998 
3325 0.499998 
3326 0.499998 
3327 0.499998 
3328 0.499998 
3329 0.499998 
3330 0.499998 
3331 0.499998 
3332 0.499998 
3333 0.499998 
3334 0.499998 
3335 0.499998 
3336 0.499998 
3337 0.499998 
3338 0.499998 
3339 0.499998 
3340 0.499998 
3341 0.499998 
3342 0.499998 
3343 0.499998 
3344 0.499998 
3345 0.4999979 
3346 0.4999979 
3347 0.4999979 
3348 0.4999979 
3349 0.4999979 
3350 0.4999979 
3351 0.4999979 
3352 0.4999979 
3353 0.4999979 
3354 0.4999979 
3355 0.4999979 
3356 0.4999979 
3357 0.4999979 
3358 0.4999979 
3359 0.4999979 
3360 0.4999979 
3361 0.4999979 
3362 0.4999979 
3363 0.4999979 
3364 0.4999979 
3365 0.4999979 
3366 0.4999979 
3367 0.4999979 
3368 0.4999979 
3369 0.4999979 
3370 0.4999979 
3371 0.4999979 
3372 0.4999979 
3373 0.4999979 
3374 0.4999979 
3375 0.4999979 
3376 0.4999979 
3377 0.4999979 
3378 0.4999979 
3379 0.4999979 
3380 0.4999978 
3381 0.4999978 
3382 0.4999978 
3383 0.4999978 
3384 0.4999978 
3385 0.4999978 
3386 0.4999978 
3387 0.4999978 
3388 0.4999978 
3389 0.4999978 
3390 0.4999978 
3391 0.4999978 
3392 0.4999978 
3393 0.4999978 
3394 0.4999978 
3395 0.4999978 
3396 0.4999977 
3397 0.4999977 
3398 0.4999977 
3399 0.4999977 
3400 0.4999976 
3401 0.4999976 
3402 0.4999976 
3403 0.4999976 
3404 0.4999976 
3405 0.4999976 
3406 0.4999976 
3407 0.4999976 
3408 0.4999975 
3409 0.4999975 
3410 0.4999975 
3411 0.4999975 
3412 0.4999975 
3413 0.4999975 
3414 0.4999975 
3415 0.4999974 
3416 0.4999974 
3417 0.4999974 
3418 0.4999974 
3419 0.4999974 
3420 0.499996 
3421 0.499996 
3422 0.499996 
3423 0.499996 
3424 0.499996 
3425 0.4999959 
3426 0.4999957 
3427 0.499969 
3428 0.4999689 
3429 0.4999014 
3430 0.5 
3431 0.4999998 
3432 0.4999998 
3433 0.4999997 
3434 0.4999997 
3435 0.4999997 
3436 0.4999997 
3437 0.4999997 
3438 0.4999997 
3439 0.4999997 
3440 0.4999997 
3441 0.4999997 
3442 0.4999997 
3443 0.4999997 
3444 0.4999997 
3445 0.4999997 
3446 0.4999997 
3447 0.4999997 
3448 0.4999997 
3449 0.4999997 
3450 0.4999997 
3451 0.4999997 
3452 0.4999997 
3453 0.4999997 
3454 0.4999997 
3455 0.4999997 
3456 0.4999997 
3457 0.4999997 
3458 0.4999997 
3459 0.4999997 
3460 0.4999997 
3461 0.4999997 
3462 0.4999997 
3463 0.4999997 
3464 0.4999997 
3465 0.4999997 
3466 0.4999997 
3467 0.4999997 
3468 0.4999997 
3469 0.4999997 
3470 0.4999997 
3471 0.4999997 
3472 0.4999997 
3473 0.4999997 
3474 0.4999997 
3475 0.4999997 
3476 0.4999997 
3477 0.4999997 
3478 0.4999997 
3479 0.4999997 
3480 0.4999997 
3481 0.4999997 
3482 0.4999997 
3483 0.4999997 
3484 0.4999997 
3485 0.4999997 
3486 0.4999997 
3487 0.4999997 
3488 0.4999997 
3489 0.4999997 
3490 0.4999997 
3491 0.4999997 
3492 0.4999997 
3493 0.4999997 
3494 0.4999997 
3495 0.4999997 
3496 0.4999997 
3497 0.4999997 
3498 0.4999997 
3499 0.4999997 
3500 0.4999997 
3501 0.4999997 
3502 0.4999997 
3503 0.4999997 
3504 0.4999997 
3505 0.4999997 
3506 0.4999997 
3507 0.4999997 
3508 0.4999997 
3509 0.4999997 
3510 0.4999997 
3511 0.4999997 
3512 0.4999997 
3513 0.4999997 
3514 0.4999997 
3515 0.4999997 
3516 0.4999997 
3517 0.4999997 
3518 0.4999997 
3519 0.4999997 
3520 0.4999997 
3521 0.4999997 
3522 0.4999997 
3523 0.4999997 
3524 0.4999997 
3525 0.4999997 
3526 0.4999997 
3527 0.4999997 
3528 0.4999997 
3529 0.4999997 
3530 0.4999997 
3531 0.4999997 
3532 0.4999997 
3533 0.4999995 
3534 0.4999995 
3535 0.4999995 
3536 0.4999995 
3537 0.4999995 
3538 0.4999995 
3539 0.4999995 
3540 0.4999995 
3541 0.4999995 
3542 0.4999995 
3543 0.4999982 
3544 0.4999982 
3545 0.4999982 
3546 0.4999976 
3547 0.4999917 
3548 0.4989277 
3549 0.5 
3550 0.4999995 
3551 0.4999992 
3552 0.4999991 
3553 0.499999 
3554 0.499999 
3555 0.4999985 
3556 0.4999982 
3557 0.4999982 
3558 0.4999982 
3559 0.4999982 
3560 0.4999982 
3561 0.4999981 
3562 0.4999981 
3563 0.4999981 
3564 0.4999981 
3565 0.4999981 
3566 0.499998 
3567 0.499998 
3568 0.499998 
3569 0.499998 
3570 0.499998 
3571 0.499998 
3572 0.499998 
3573 0.499998 
3574 0.499998 
3575 0.499998 
3576 0.4999838 
3577 0.4999837 
3578 0.4999836 
3579 0.4999836 
3580 0.4999836 
3581 0.4999835 
3582 0.4999835 
3583 0.4999835 
3584 0.4999835 
3585 0.4999835 
3586 0.4999834 
3587 0.4999834 
3588 0.4999833 
3589 0.4999833 
3590 0.4999833 
3591 0.4999833 
3592 0.4999832 
3593 0.4999832 
3594 0.4999832 
3595 0.4999831 
3596 0.499983 
3597 0.4999829 
3598 0.4999826 
3599 0.4999823 
3600 0.4999818 
3601 0.4999817 
3602 0.4999817 
3603 0.4999815 
3604 0.4999814 
3605 0.4999812 
3606 0.4999811 
3607 0.499981 
3608 0.4999809 
3609 0.4999808 
3610 0.4999808 
3611 0.4999802 
3612 0.4999796 
3613 0.4999795 
3614 0.4999785 
3615 0.4999781 
3616 0.4999778 
3617 0.4992616 
3618 0.4999995 
3619 0.4999993 
3620 0.4999993 
3621 0.4999993 
3622 0.4999993 
3623 0.4999992 
3624 0.499999 
3625 0.499999 
3626 0.499999 
3627 0.499999 
3628 0.4999413 
3629 0.5 
3630 0.5 
3631 0.4999999 
3632 0.4999998 
3633 0.4999998 
3634 0.4999998 
3635 0.4999998 
3636 0.4999998 
3637 0.4999998 
3638 0.4999998 
3639 0.4999998 
3640 0.4999998 
3641 0.4999998 
3642 0.4999998 
3643 0.4999997 
3644 0.4999997 
3645 0.4999996 
3646 0.4999996 
3647 0.4999996 
3648 0.4999996 
3649 0.4999996 
3650 0.4999996 
3651 0.4999996 
3652 0.4999996 
3653 0.4999994 
3654 0.4999994 
3655 0.4999994 
3656 0.4999899 
3657 0.4999899 
3658 0.4999899 
3659 0.4999899 
3660 0.4999899 
3661 0.4999899 
3662 0.4999899 
3663 0.4999899 
3664 0.4999898 
3665 0.4999898 
3666 0.4999898 
3667 0.4999898 
3668 0.4999898 
3669 0.4999898 
3670 0.4999898 
3671 0.4999898 
3672 0.4999898 
3673 0.4999898 
3674 0.4999898 
3675 0.4999897 
3676 0.4999897 
3677 0.4999897 
3678 0.4999897 
3679 0.4999897 
3680 0.4999897 
3681 0.4999897 
3682 0.4999897 
3683 0.4999897 
3684 0.4999897 
3685 0.4999896 
3686 0.4999896 
3687 0.4999896 
3688 0.4999895 
3689 0.4999891 
3690 0.4999891 
3691 0.4999889 
3692 0.4999888 
3693 0.4999886 
3694 0.4999886 
3695 0.4999886 
3696 0.4999885 
3697 0.4999884 
3698 0.4999884 
3699 0.4999884 
3700 0.4999884 
3701 0.4999879 
3702 0.4999878 
3703 0.4999872 
3704 0.499987 
3705 0.4999866 
3706 0.4999864 
3707 0.4999412 
3708 0.5 
3709 0.4999999 
3710 0.4999999 
3711 0.4999999 
3712 0.4999999 
3713 0.4999999 
3714 0.4999999 
3715 0.4999999 
3716 0.4999999 
3717 0.4999999 
3718 0.4999999 
3719 0.4999999 
3720 0.4999999 
3721 0.4999999 
3722 0.4999999 
3723 0.4999999 
3724 0.4999999 
3725 0.4999998 
3726 0.4999998 
3727 0.4999998 
3728 0.4999998 
3729 0.4999998 
3730 0.4999998 
3731 0.4999998 
3732 0.4999998 
3733 0.4999998 
3734 0.4999998 
3735 0.4999998 
3736 0.4999998 
3737 0.4999998 
3738 0.4999998 
3739 0.4999998 
3740 0.4999998 
3741 0.4999998 
3742 0.4999998 
3743 0.4999998 
3744 0.4999998 
3745 0.4999998 
3746 0.4999998 
3747 0.4999998 
3748 0.4999998 
3749 0.4999998 
3750 0.4999998 
3751 0.4999998 
3752 0.4999998 
3753 0.4999998 
3754 0.4999998 
3755 0.4999998 
3756 0.4999998 
3757 0.4999998 
3758 0.4999998 
3759 0.4999998 
3760 0.4999998 
3761 0.4999998 
3762 0.4999998 
3763 0.4999998 
3764 0.4999998 
3765 0.4999998 
3766 0.4999998 
3767 0.4999998 
3768 0.4999998 
3769 0.4999998 
3770 0.4999998 
3771 0.4999998 
3772 0.4999998 
3773 0.4999998 
3774 0.4999998 
3775 0.4999998 
3776 0.4999998 
3777 0.4999998 
3778 0.4999998 
3779 0.4999998 
3780 0.4999998 
3781 0.4999998 
3782 0.4999998 
3783 0.4999998 
3784 0.4999998 
3785 0.4999998 
3786 0.4999998 
3787 0.4999998 
3788 0.4999998 
3789 0.4999998 
3790 0.4999998 
3791 0.4999998 
3792 0.4999998 
3793 0.4999998 
3794 0.4999998 
3795 0.4999998 
3796 0.4999998 
3797 0.4999998 
3798 0.4999998 
3799 0.4999998 
3800 0.4999998 
3801 0.4999998 
3802 0.4999998 
3803 0.4999998 
3804 0.4999998 
3805 0.4999998 
3806 0.4999998 
3807 0.4999998 
3808 0.4999998 
3809 0.4999998 
3810 0.4999998 
3811 0.4999998 
3812 0.4999998 
3813 0.4999998 
3814 0.4999998 
3815 0.4999998 
3816 0.4999998 
3817 0.4999998 
3818 0.4999998 
3819 0.4999998 
3820 0.4999998 
3821 0.4999998 
3822 0.4999998 
3823 0.4999998 
3824 0.4999998 
3825 0.4999998 
3826 0.4999998 
3827 0.4999998 
3828 0.4999998 
3829 0.4999998 
3830 0.4999997 
3831 0.4999997 
3832 0.4999997 
3833 0.4999997 
3834 0.4999997 
3835 0.4999997 
3836 0.4999997 
3837 0.4999997 
3838 0.4999997 
3839 0.4999997 
3840 0.4999996 
3841 0.4999996 
3842 0.4999996 
3843 0.4999996 
3844 0.4999996 
3845 0.4999996 
3846 0.4999996 
3847 0.4999996 
3848 0.4999996 
3849 0.4999996 
3850 0.4999996 
3851 0.4999995 
3852 0.4999994 
3853 0.4999994 
3854 0.4999755 
3855 0.4999755 
3856 0.4995592 
3857 0.5 
3858 0.4999999 
3859 0.4999998 
3860 0.4999998 
3861 0.4999997 
3862 0.4999997 
3863 0.4999997 
3864 0.4999994 
3865 0.4999994 
3866 0.4999994 
3867 0.4999994 
3868 0.4999994 
3869 0.4999992 
3870 0.4999992 
3871 0.4999992 
3872 0.4999992 
3873 0.4999992 
3874 0.4999991 
3875 0.4999991 
3876 0.4999991 
3877 0.4999991 
3878 0.4999991 
3879 0.499999 
3880 0.4999932 
3881 0.4999932 
3882 0.4999931 
3883 0.4999931 
3884 0.4999931 
3885 0.4999931 
3886 0.4999931 
3887 0.4999931 
3888 0.4999931 
3889 0.4999931 
3890 0.4999931 
3891 0.499993 
3892 0.499993 
3893 0.499993 
3894 0.499993 
3895 0.499993 
3896 0.499993 
3897 0.499993 
3898 0.499993 
3899 0.499993 
3900 0.499993 
3901 0.499993 
3902 0.499993 
3903 0.499993 
3904 0.499993 
3905 0.499993 
3906 0.499993 
3907 0.499993 
3908 0.499993 
3909 0.4999929 
3910 0.4999929 
3911 0.4999929 
3912 0.4999928 
3913 0.4999928 
3914 0.4999928 
3915 0.4999927 
3916 0.4999927 
3917 0.4999927 
3918 0.4999927 
3919 0.4999927 
3920 0.4999926 
3921 0.4999926 
3922 0.4999923 
3923 0.4999919 
3924 0.4998934 
3925 0.5 
3926 0.5 
3927 0.5 
3928 0.4999999 
3929 0.4999999 
3930 0.4999999 
3931 0.4999998 
3932 0.4999998 
3933 0.4999998 
3934 0.4999998 
3935 0.4999998 
3936 0.4999998 
3937 0.4999998 
3938 0.4999998 
3939 0.4999998 
3940 0.4999998 
3941 0.4999998 
3942 0.4999998 
3943 0.4999998 
3944 0.4999998 
3945 0.4999998 
3946 0.4999998 
3947 0.4999998 
3948 0.4999998 
3949 0.4999998 
3950 0.4999991 
3951 0.4999991 
3952 0.4999991 
3953 0.4999991 
3954 0.4999991 
3955 0.4999991 
3956 0.4999991 
3957 0.4999991 
3958 0.4999991 
3959 0.4999991 
3960 0.4999991 
3961 0.4999991 
3962 0.4999991 
3963 0.4999991 
3964 0.4999991 
3965 0.4999991 
3966 0.4999991 
3967 0.4999991 
3968 0.4999991 
3969 0.4999991 
3970 0.4999991 
3971 0.4999991 
3972 0.4999991 
3973 0.4999991 
3974 0.4999991 
3975 0.4999991 
3976 0.4999991 
3977 0.4999991 
3978 0.4999991 
3979 0.4999991 
3980 0.4999991 
3981 0.4999991 
3982 0.4999991 
3983 0.4999991 
3984 0.4999991 
3985 0.4999991 
3986 0.4999991 
3987 0.4999991 
3988 0.4999991 
3989 0.4999991 
3990 0.4999991 
3991 0.4999991 
3992 0.4999991 
3993 0.4999991 
3994 0.4999991 
3995 0.4999991 
3996 0.4999991 
3997 0.4999991 
3998 0.4999991 
3999 0.4999991 
4000 0.4999991 
4001 0.4999991 
4002 0.4999991 
4003 0.4999991 
4004 0.4999991 
4005 0.4999991 
4006 0.4999991 
4007 0.4999991 
4008 0.4999991 
4009 0.499999 
4010 0.499999 
4011 0.499999 
4012 0.499999 
4013 0.499999 
4014 0.499999 
4015 0.4999985 
4016 0.4999985 
4017 0.4999985 
4018 0.4998956 
4019 0.4999999 
4020 0.4999999 
4021 0.4999999 
4022 0.4999998 
4023 0.4999998 
4024 0.4999998 
4025 0.4999998 
4026 0.4999998 
4027 0.4999998 
4028 0.4999998 
4029 0.4999998 
4030 0.4999998 
4031 0.4999998 
4032 0.4999998 
4033 0.4999998 
4034 0.4999998 
4035 0.4999998 
4036 0.4999998 
4037 0.4999998 
4038 0.4999998 
4039 0.4999998 
4040 0.4999998 
4041 0.4999998 
4042 0.4999998 
4043 0.4999998 
4044 0.4999998 
4045 0.4999998 
4046 0.4999998 
4047 0.4999998 
4048 0.4999998 
4049 0.4999998 
4050 0.4999998 
4051 0.4999998 
4052 0.4999998 
4053 0.4999998 
4054 0.4999998 
4055 0.4999996 
4056 0.499999 
4057 0.499999 
4058 0.499999 
4059 0.499999 
4060 0.499999 
4061 0.499999 
4062 0.499999 
4063 0.499999 
4064 0.499999 
4065 0.499999 
4066 0.499999 
4067 0.499999 
4068 0.499999 
4069 0.499999 
4070 0.499999 
4071 0.499999 
4072 0.499999 
4073 0.499999 
4074 0.499999 
4075 0.499999 
4076 0.499999 
4077 0.499999 
4078 0.499999 
4079 0.499999 
4080 0.499999 
4081 0.499999 
4082 0.499999 
4083 0.499999 
4084 0.499999 
4085 0.499999 
4086 0.499999 
4087 0.499999 
4088 0.499999 
4089 0.499999 
4090 0.499999 
4091 0.499999 
4092 0.499999 
4093 0.499999 
4094 0.499999 
4095 0.499999 
4096 0.499999 
4097 0.499999 
4098 0.499999 
4099 0.499999 
4100 0.499999 
4101 0.499999 
4102 0.499999 
4103 0.499999 
4104 0.499999 
4105 0.499999 
4106 0.4999989 
4107 0.4999989 
4108 0.4999989 
4109 0.4999989 
4110 0.4999989 
4111 0.4999989 
4112 0.4999989 
4113 0.4999989 
4114 0.4999989 
4115 0.4999989 
4116 0.4999989 
4117 0.4999989 
4118 0.4999989 
4119 0.4999989 
4120 0.4999988 
4121 0.4997866 
4122 0.4999999 
4123 0.4999999 
4124 0.4999999 
4125 0.4999999 
4126 0.4999998 
4127 0.4999998 
4128 0.4999769 
4129 0.4999766 
4130 0.4999765 
4131 0.4999764 
4132 0.4999764 
4133 0.4999764 
4134 0.4999763 
4135 0.4999763 
4136 0.4999763 
4137 0.4999763 
4138 0.4999763 
4139 0.4999762 
4140 0.4999762 
4141 0.4999756 
4142 0.4999753 
4143 0.4999726 
4144 0.4999722 
4145 0.4998202 
4146 0.5 
4147 0.4999999 
4148 0.4999136 
4149 0.5 
4150 0.4999999 
4151 0.4999998 
4152 0.4999998 
4153 0.4999998 
4154 0.499998 
4155 0.499998 
4156 0.499998 
4157 0.499998 
4158 0.499998 
4159 0.499998 
4160 0.499998 
4161 0.4999979 
4162 0.4999979 
4163 0.4999979 
4164 0.4999979 
4165 0.4999979 
4166 0.4999979 
4167 0.4999979 
4168 0.4999979 
4169 0.4999979 
4170 0.4999979 
4171 0.4999979 
4172 0.4999979 
4173 0.4999979 
4174 0.4999979 
4175 0.4999979 
4176 0.4999979 
4177 0.4999979 
4178 0.4999979 
4179 0.4999979 
4180 0.4999979 
4181 0.4999979 
4182 0.4999979 
4183 0.4999979 
4184 0.4999979 
4185 0.4999979 
4186 0.4999979 
4187 0.4999979 
4188 0.4999979 
4189 0.4999979 
4190 0.4999979 
4191 0.4999979 
4192 0.4999979 
4193 0.4999979 
4194 0.4999979 
4195 0.4999979 
4196 0.4999979 
4197 0.4999979 
4198 0.4999979 
4199 0.4999979 
4200 0.4999979 
4201 0.4999979 
4202 0.4999979 
4203 0.4999979 
4204 0.4999979 
4205 0.4999979 
4206 0.4999979 
4207 0.4999979 
4208 0.4999979 
4209 0.4999978 
4210 0.4999978 
4211 0.4999978 
4212 0.4999978 
4213 0.4999978 
4214 0.4999978 
4215 0.4999978 
4216 0.4999978 
4217 0.4999978 
4218 0.4999978 
4219 0.4999978 
4220 0.4999978 
4221 0.4999978 
4222 0.4999978 
4223 0.4999978 
4224 0.4999978 
4225 0.4999977 
4226 0.4999976 
4227 0.4999976 
4228 0.4999964 
4229 0.4999964 
4230 0.4998164 
4231 0.4999592 
4232 0.4999592 
4233 0.4999591 
4234 0.4999591 
4235 0.4999591 
4236 0.4999591 
4237 0.4999591 
4238 0.499959 
4239 0.4999588 
4240 0.4999585 
4241 0.4999515 
4242 0.4999423 
4243 0.5 
4244 0.4999998 
4245 0.4999998 
4246 0.4999998 
4247 0.4999997 
4248 0.4999997 
4249 0.4999997 
4250 0.4999997 
4251 0.4999997 
4252 0.4999996 
4253 0.4999996 
4254 0.4999996 
4255 0.4999996 
4256 0.4999996 
4257 0.4999996 
4258 0.4999996 
4259 0.4999996 
4260 0.4999996 
4261 0.4999996 
4262 0.4999996 
4263 0.4999996 
4264 0.4999996 
4265 0.4999996 
4266 0.4999996 
4267 0.4999996 
4268 0.4999996 
4269 0.4999996 
4270 0.4999996 
4271 0.4999996 
4272 0.4999996 
4273 0.4999996 
4274 0.4999996 
4275 0.4999996 
4276 0.4999996 
4277 0.4999996 
4278 0.4999996 
4279 0.4999996 
4280 0.4999996 
4281 0.4999996 
4282 0.4999996 
4283 0.4999996 
4284 0.4999996 
4285 0.4999996 
4286 0.4999996 
4287 0.4999996 
4288 0.4999996 
4289 0.4999996 
4290 0.4999996 
4291 0.4999996 
4292 0.4999996 
4293 0.4999996 
4294 0.4999996 
4295 0.4999996 
4296 0.4999996 
4297 0.4999996 
4298 0.4999996 
4299 0.4999996 
4300 0.4999996 
4301 0.4999996 
4302 0.4999996 
4303 0.4999996 
4304 0.4999996 
4305 0.4999996 
4306 0.4999996 
4307 0.4999996 
4308 0.4999996 
4309 0.4999996 
4310 0.4999996 
4311 0.4999996 
4312 0.4999996 
4313 0.4999996 
4314 0.4999996 
4315 0.4999996 
4316 0.4999996 
4317 0.4999996 
4318 0.4999996 
4319 0.4999996 
4320 0.4999996 
4321 0.4999996 
4322 0.4999996 
4323 0.4999996 
4324 0.4999996 
4325 0.4999996 
4326 0.4999996 
4327 0.4999996 
4328 0.4999996 
4329 0.4999996 
4330 0.4999996 
4331 0.4999996 
4332 0.4999996 
4333 0.4999996 
4334 0.4999996 
4335 0.4999996 
4336 0.4999996 
4337 0.4999996 
4338 0.4999996 
4339 0.4999996 
4340 0.4999996 
4341 0.4999996 
4342 0.4999996 
4343 0.4999996 
4344 0.4999996 
4345 0.4999996 
4346 0.4999996 
4347 0.4999996 
4348 0.4999996 
4349 0.4999996 
4350 0.4999996 
4351 0.4999996 
4352 0.4999996 
4353 0.4999996 
4354 0.4999996 
4355 0.4999996 
4356 0.4999996 
4357 0.4999996 
4358 0.4999996 
4359 0.4999996 
4360 0.4999996 
4361 0.4999996 
4362 0.499999 
4363 0.499999 
4364 0.499999 
4365 0.499999 
4366 0.499999 
4367 0.499999 
4368 0.499999 
4369 0.499999 
4370 0.4999844 
4371 0.4999844 
4372 0.4996236 
4373 0.4999465 
4374 0.4999999 
4375 0.4999429 
4376 0.4998706 
4377 0.5 
4378 0.5 
4379 0.4999999 
4380 0.4999999 
4381 0.4999998 
4382 0.4999998 
4383 0.4999998 
4384 0.4999998 
4385 0.4999998 
4386 0.4999998 
4387 0.4999998 
4388 0.4999998 
4389 0.4999998 
4390 0.4999998 
4391 0.4999998 
4392 0.4999998 
4393 0.4999998 
4394 0.4999998 
4395 0.4999998 
4396 0.4999998 
4397 0.4999998 
4398 0.4999998 
4399 0.4999998 
4400 0.4999998 
4401 0.4999998 
4402 0.4999998 
4403 0.4999998 
4404 0.4999998 
4405 0.4999997 
4406 0.4999996 
4407 0.4999996 
4408 0.4999996 
4409 0.4999995 
4410 0.4999995 
4411 0.4999995 
4412 0.4999994 
4413 0.499999 
4414 0.499999 
4415 0.499999 
4416 0.4999989 
4417 0.4999989 
4418 0.4999989 
4419 0.4999989 
4420 0.4999989 
4421 0.4999989 
4422 0.4999989 
4423 0.4999989 
4424 0.4999928 
4425 0.4999928 
4426 0.4999928 
4427 0.4999928 
4428 0.4999928 
4429 0.4999928 
4430 0.4999928 
4431 0.4999928 
4432 0.4999928 
4433 0.4999928 
4434 0.4999928 
4435 0.4999928 
4436 0.4999927 
4437 0.4999927 
4438 0.4999927 
4439 0.4999927 
4440 0.4999927 
4441 0.4999927 
4442 0.4999927 
4443 0.4999927 
4444 0.4999927 
4445 0.4999927 
4446 0.4999927 
4447 0.4999927 
4448 0.4999927 
4449 0.4999927 
4450 0.4999925 
4451 0.4999924 
4452 0.4999924 
4453 0.4999924 
4454 0.4999923 
4455 0.4999921 
4456 0.499992 
4457 0.4999917 
4458 0.4999915 
4459 0.4999914 
4460 0.4999913 
4461 0.4999913 
4462 0.4999912 
4463 0.4999912 
4464 0.4999907 
4465 0.4998946 
4466 0.5 
4467 0.4999999 
4468 0.4999999 
4469 0.4999998 
4470 0.4999998 
4471 0.4999998 
4472 0.4999998 
4473 0.4999998 
4474 0.4999997 
4475 0.4999997 
4476 0.4999997 
4477 0.4999997 
4478 0.4999997 
4479 0.4999997 
4480 0.4999996 
4481 0.4999996 
4482 0.4999996 
4483 0.4999996 
4484 0.4999996 
4485 0.4999996 
4486 0.4999996 
4487 0.4999995 
4488 0.4999995 
4489 0.4999995 
4490 0.4999995 
4491 0.4999995 
4492 0.4999995 
4493 0.4999995 
4494 0.4999995 
4495 0.4999995 
4496 0.4999995 
4497 0.4999995 
4498 0.4999995 
4499 0.4999995 
4500 0.4999995 
4501 0.4999995 
4502 0.4999995 
4503 0.4999995 
4504 0.4999995 
4505 0.4999995 
4506 0.4999995 
4507 0.4999995 
4508 0.4999995 
4509 0.4999995 
4510 0.4999995 
4511 0.4999995 
4512 0.4999995 
4513 0.4999995 
4514 0.4999995 
4515 0.4999995 
4516 0.4999995 
4517 0.4999995 
4518 0.4999995 
4519 0.4999995 
4520 0.4999995 
4521 0.4999995 
4522 0.4999995 
4523 0.4999995 
4524 0.4999995 
4525 0.4999995 
4526 0.4999995 
4527 0.4999995 
4528 0.4999995 
4529 0.4999995 
4530 0.4999995 
4531 0.4999995 
4532 0.4999995 
4533 0.4999995 
4534 0.4999995 
4535 0.4999995 
4536 0.4999995 
4537 0.4999995 
4538 0.4999995 
4539 0.4999995 
4540 0.4999995 
4541 0.4999995 
4542 0.4999995 
4543 0.4999995 
4544 0.4999995 
4545 0.4999995 
4546 0.4999995 
4547 0.4999995 
4548 0.4999995 
4549 0.4999995 
4550 0.4999995 
4551 0.4999995 
4552 0.4999995 
4553 0.4999995 
4554 0.4999995 
4555 0.4999995 
4556 0.4999995 
4557 0.4999995 
4558 0.4999995 
4559 0.4999995 
4560 0.4999995 
4561 0.4999995 
4562 0.4999995 
4563 0.4999995 
4564 0.4999995 
4565 0.4999995 
4566 0.4999995 
4567 0.4999995 
4568 0.4999995 
4569 0.4999995 
4570 0.4999995 
4571 0.4999995 
4572 0.4999995 
4573 0.4999995 
4574 0.4999995 
4575 0.4999995 
4576 0.4999995 
4577 0.4999995 
4578 0.4999995 
4579 0.4999995 
4580 0.4999995 
4581 0.4999995 
4582 0.4999995 
4583 0.4999995 
4584 0.4999995 
4585 0.4999995 
4586 0.4999995 
4587 0.4999995 
4588 0.4999995 
4589 0.4999994 
4590 0.4999994 
4591 0.4999994 
4592 0.4999994 
4593 0.4999994 
4594 0.4999994 
4595 0.4999994 
4596 0.4999994 
4597 0.4999994 
4598 0.4999994 
4599 0.4999994 
4600 0.4999994 
4601 0.4999994 
4602 0.4999994 
4603 0.4999994 
4604 0.4999994 
4605 0.4999994 
4606 0.4999994 
4607 0.4999994 
4608 0.4999991 
4609 0.4999991 
4610 0.4999991 
4611 0.4999991 
4612 0.4999991 
4613 0.4999895 
4614 0.4999895 
4615 0.4998517 
4616 0.4998752 
4617 0.5 
4618 0.5 
4619 0.5 
4620 0.4999999 
4621 0.4999999 
4622 0.4999999 
4623 0.4999999 
4624 0.4999999 
4625 0.4999999 
4626 0.4999999 
4627 0.4999999 
4628 0.4999999 
4629 0.4999999 
4630 0.4999999 
4631 0.4999999 
4632 0.4999999 
4633 0.4999999 
4634 0.4999995 
4635 0.4999995 
4636 0.4999995 
4637 0.4999995 
4638 0.4999995 
4639 0.4999995 
4640 0.4999994 
4641 0.4999994 
4642 0.4999994 
4643 0.4999994 
4644 0.4999994 
4645 0.4999974 
4646 0.4999974 
4647 0.4999974 
4648 0.4999974 
4649 0.4999974 
4650 0.4999974 
4651 0.4999974 
4652 0.4999974 
4653 0.4999974 
4654 0.4999974 
4655 0.4999974 
4656 0.4999974 
4657 0.4999974 
4658 0.4999974 
4659 0.4999974 
4660 0.4999974 
4661 0.4999974 
4662 0.4999974 
4663 0.4999974 
4664 0.4999974 
4665 0.4999974 
4666 0.4999974 
4667 0.4999974 
4668 0.4999974 
4669 0.4999974 
4670 0.4999974 
4671 0.4999974 
4672 0.4999974 
4673 0.4999974 
4674 0.4999974 
4675 0.4999974 
4676 0.4999974 
4677 0.4999974 
4678 0.4999974 
4679 0.4999974 
4680 0.4999974 
4681 0.4999974 
4682 0.4999974 
4683 0.4999974 
4684 0.4999973 
4685 0.4999973 
4686 0.4999973 
4687 0.4999973 
4688 0.4999973 
4689 0.4999973 
4690 0.4999973 
4691 0.4999972 
4692 0.4999972 
4693 0.4999972 
4694 0.4999971 
4695 0.4999971 
4696 0.4999971 
4697 0.499997 
4698 0.4999967 
4699 0.4999967 
4700 0.4999965 
4701 0.4999963 
4702 0.4999378 
4703 0.4999816 
4704 0.4999816 
4705 0.4999815 
4706 0.4999815 
4707 0.4999815 
4708 0.4999815 
4709 0.4999815 
4710 0.4999812 
4711 0.4999788 
4712 0.4999788 
4713 0.4999263 
4714 0.4999999 
4715 0.4999999 
4716 0.4999999 
4717 0.4999999 
4718 0.4999999 
4719 0.4999999 
4720 0.4999999 
4721 0.4999999 
4722 0.4999999 
4723 0.4999818 
4724 0.4999815 
4725 0.4999815 
4726 0.4999814 
4727 0.4999812 
4728 0.4999812 
4729 0.499981 
4730 0.499981 
4731 0.4999809 
4732 0.4999808 
4733 0.499926 
4734 0.5 
4735 0.5 
4736 0.5 
4737 0.5 
4738 0.5 
4739 0.5 
4740 0.5 
4741 0.5 
4742 0.5 
4743 0.5 
4744 0.5 
4745 0.4999999 
4746 0.4999999 
4747 0.4999999 
4748 0.4999999 
4749 0.4999999 
4750 0.4999999 
4751 0.4999999 
4752 0.4999999 
4753 0.4999999 
4754 0.4999999 
4755 0.4999999 
4756 0.4999999 
4757 0.4999999 
4758 0.4999999 
4759 0.4999999 
4760 0.4999999 
4761 0.4999999 
4762 0.4999999 
4763 0.4999999 
4764 0.4999999 
4765 0.4999999 
4766 0.4999999 
4767 0.4999999 
4768 0.4999999 
4769 0.4999999 
4770 0.4999999 
4771 0.4999999 
4772 0.4999999 
4773 0.4999999 
4774 0.4999999 
4775 0.4999999 
4776 0.4999999 
4777 0.4999999 
4778 0.4999998 
4779 0.4999998 
4780 0.4999998 
4781 0.4999998 
4782 0.4999998 
4783 0.4999998 
4784 0.4999998 
4785 0.4999998 
4786 0.4999998 
4787 0.4999998 
4788 0.4999998 
4789 0.4999991 
4790 0.4999991 
4791 0.4999991 
4792 0.499998 
4793 0.4999976 
4794 0.4999872 
4795 0.4999818 
4796 0.4999817 
4797 0.4999446 
4798 0.5 
4799 0.4999999 
4800 0.4999999 
4801 0.4999999 
4802 0.4999998 
4803 0.4999998 
4804 0.4999998 
4805 0.4999998 
4806 0.4999998 
4807 0.4999998 
4808 0.4999986 
4809 0.4999986 
4810 0.4999986 
4811 0.4999986 
4812 0.4999986 
4813 0.4999985 
4814 0.4999985 
4815 0.4999985 
4816 0.4999985 
4817 0.4999985 
4818 0.4999985 
4819 0.4999985 
4820 0.4999985 
4821 0.4999985 
4822 0.4999985 
4823 0.4999985 
4824 0.4999985 
4825 0.4999985 
4826 0.4999985 
4827 0.4999985 
4828 0.499998 
4829 0.4999319 
4830 0.5 
4831 0.4999999 
4832 0.4999999 
4833 0.4999999 
4834 0.4999999 
4835 0.4999999 
4836 0.4999999 
4837 0.4999999 
4838 0.4999999 
4839 0.4999999 
4840 0.4999998 
4841 0.4999998 
4842 0.4999998 
4843 0.4999998 
4844 0.4999998 
4845 0.4999998 
4846 0.4999998 
4847 0.4999998 
4848 0.4999998 
4849 0.4999998 
4850 0.4999998 
4851 0.4999998 
4852 0.4999998 
4853 0.4999998 
4854 0.4999998 
4855 0.4999998 
4856 0.4999998 
4857 0.4999998 
4858 0.4999998 
4859 0.4999998 
4860 0.4999998 
4861 0.4999998 
4862 0.4999998 
4863 0.4999998 
4864 0.4999998 
4865 0.4999998 
4866 0.4999998 
4867 0.4999998 
4868 0.4999998 
4869 0.4999998 
4870 0.4999998 
4871 0.4999998 
4872 0.4999987 
4873 0.4999987 
4874 0.4999987 
4875 0.4999987 
4876 0.4999987 
4877 0.4999987 
4878 0.4999987 
4879 0.4999987 
4880 0.499959 
4881 0.4999589 
4882 0.4999588 
4883 0.4999587 
4884 0.4999586 
4885 0.4999577 
4886 0.4999575 
4887 0.4999575 
4888 0.4999574 
4889 0.4999573 
4890 0.4999528 
4891 0.4999501 
4892 0.4999491 
4893 0.5 
4894 0.4999999 
4895 0.4999999 
4896 0.4999999 
4897 0.4999992 
4898 0.4999992 
4899 0.4999992 
4900 0.4999992 
4901 0.4999992 
4902 0.4999992 
4903 0.4999992 
4904 0.4999992 
4905 0.4999992 
4906 0.4999992 
4907 0.4999992 
4908 0.4999992 
4909 0.4999992 
4910 0.4999992 
4911 0.4999992 
4912 0.4999992 
4913 0.4999992 
4914 0.4999992 
4915 0.4999992 
4916 0.4999992 
4917 0.4999992 
4918 0.4999992 
4919 0.4999992 
4920 0.4999992 
4921 0.4999992 
4922 0.4999992 
4923 0.4999992 
4924 0.4999992 
4925 0.4999992 
4926 0.4999992 
4927 0.4999992 
4928 0.4999992 
4929 0.4999992 
4930 0.4999992 
4931 0.4999992 
4932 0.4999992 
4933 0.4999992 
4934 0.4999992 
4935 0.4999992 
4936 0.4999992 
4937 0.4999992 
4938 0.4999992 
4939 0.4999992 
4940 0.4999992 
4941 0.4999992 
4942 0.4999992 
4943 0.4999992 
4944 0.4999992 
4945 0.4999992 
4946 0.4999992 
4947 0.4999992 
4948 0.4999992 
4949 0.4999992 
4950 0.4999992 
4951 0.4999992 
4952 0.4999992 
4953 0.4999992 
4954 0.4999992 
4955 0.4999992 
4956 0.4999992 
4957 0.4999992 
4958 0.4999992 
4959 0.4999992 
4960 0.4999992 
4961 0.4999992 
4962 0.4999992 
4963 0.4999992 
4964 0.4999992 
4965 0.4999992 
4966 0.4999992 
4967 0.4999992 
4968 0.4999992 
4969 0.4999992 
4970 0.4999992 
4971 0.4999992 
4972 0.4999992 
4973 0.4999992 
4974 0.4999992 
4975 0.4999985 
4976 0.4999985 
4977 0.4999985 
4978 0.4999985 
4979 0.4999985 
4980 0.4999984 
4981 0.499914 
4982 0.5 
4983 0.5 
4984 0.5 
4985 0.5 
4986 0.5 
4987 0.4999999 
4988 0.4999999 
4989 0.4999999 
4990 0.4999999 
4991 0.4999998 
4992 0.4999998 
4993 0.4999998 
4994 0.4999998 
4995 0.4999998 
4996 0.4999998 
4997 0.4999998 
4998 0.4999997 
4999 0.4999997 
5000 0.4999997 
5001 0.4999997 
5002 0.4999957 
5003 0.4999957 
5004 0.4999957 
5005 0.4999957 
5006 0.4999957 
5007 0.4999957 
5008 0.4999957 
5009 0.4999957 
5010 0.4999957 
5011 0.4999957 
5012 0.4999957 
5013 0.4999957 
5014 0.4999957 
5015 0.4999957 
5016 0.4999956 
5017 0.4999956 
5018 0.4999956 
5019 0.4999955 
5020 0.4999951 
5021 0.4999951 
5022 0.4999841 
5023 0.4998986 
5024 0.5 
5025 0.5 
5026 0.5 
5027 0.5 
5028 0.5 
5029 0.5 
5030 0.5 
5031 0.5 
5032 0.5 
5033 0.4999999 
5034 0.4999999 
5035 0.4999999 
5036 0.4999999 
5037 0.4999999 
5038 0.4999999 
5039 0.4999997 
5040 0.4999997 
5041 0.4999997 
5042 0.4999996 
5043 0.4999996 
5044 0.4999996 
5045 0.4999996 
5046 0.4999996 
5047 0.4999996 
5048 0.4999996 
5049 0.4999996 
5050 0.4999996 
5051 0.4999996 
5052 0.4999996 
5053 0.4999996 
5054 0.4999996 
5055 0.4999996 
5056 0.4999996 
5057 0.4999996 
5058 0.4999996 
5059 0.4999996 
5060 0.4999996 
5061 0.4999996 
5062 0.4999996 
5063 0.4999996 
5064 0.4999996 
5065 0.4999996 
5066 0.4999996 
5067 0.4999996 
5068 0.4999996 
5069 0.4999996 
5070 0.4999996 
5071 0.4999996 
5072 0.4999996 
5073 0.4999996 
5074 0.4999996 
5075 0.4999996 
5076 0.4999996 
5077 0.4999996 
5078 0.4999996 
5079 0.4999996 
5080 0.4999996 
5081 0.4999996 
5082 0.4999996 
5083 0.4999996 
5084 0.4999996 
5085 0.4999996 
5086 0.4999996 
5087 0.4999996 
5088 0.4999996 
5089 0.4999996 
5090 0.4999996 
5091 0.4999996 
5092 0.4999996 
5093 0.4999996 
5094 0.4999996 
5095 0.4999996 
5096 0.4999996 
5097 0.4999996 
5098 0.4999996 
5099 0.4999996 
5100 0.4999996 
5101 0.4999996 
5102 0.4999996 
5103 0.4999996 
5104 0.4999996 
5105 0.4999996 
5106 0.4999996 
5107 0.4999996 
5108 0.4999996 
5109 0.4999996 
5110 0.4999996 
5111 0.4999996 
5112 0.4999996 
5113 0.4999996 
5114 0.4999996 
5115 0.4999996 
5116 0.4999996 
5117 0.4999996 
5118 0.4999996 
5119 0.4999996 
5120 0.4999996 
5121 0.4999996 
5122 0.4999996 
5123 0.4999996 
5124 0.4999996 
5125 0.4999996 
5126 0.4999996 
5127 0.4999996 
5128 0.4999996 
5129 0.4999996 
5130 0.4999996 
5131 0.4999996 
5132 0.4999996 
5133 0.4999995 
5134 0.4999995 
5135 0.4999995 
5136 0.4999995 
5137 0.4999995 
5138 0.4999995 
5139 0.4999995 
5140 0.4999995 
5141 0.4999995 
5142 0.4999995 
5143 0.4999995 
5144 0.4999995 
5145 0.4999995 
5146 0.4999995 
5147 0.4999984 
5148 0.4999984 
5149 0.4999978 
5150 0.4999978 
5151 0.4999978 
5152 0.4999978 
5153 0.4999651 
5154 0.4999655 
5155 0.4989325 
5156 0.4998741 
5157 0.4999982 
5158 0.4999982 
5159 0.4999982 
5160 0.4999982 
5161 0.4999982 
5162 0.4999982 
5163 0.4999981 
5164 0.4999981 
5165 0.4999981 
5166 0.499998 
5167 0.499998 
5168 0.4999979 
5169 0.4999979 
5170 0.4999755 
5171 0.4999752 
5172 0.4999749 
5173 0.4999749 
5174 0.4999749 
5175 0.4999747 
5176 0.4999747 
5177 0.4999747 
5178 0.4999747 
5179 0.4999747 
5180 0.4999747 
5181 0.4999745 
5182 0.4999744 
5183 0.4999744 
5184 0.4999743 
5185 0.4999743 
5186 0.4999742 
5187 0.4999742 
5188 0.499974 
5189 0.4999739 
5190 0.4999738 
5191 0.4999737 
5192 0.4999736 
5193 0.4999735 
5194 0.4999729 
5195 0.499972 
5196 0.4999715 
5197 0.4999689 
5198 0.4999686 
5199 0.4999676 
5200 0.4999658 
5201 0.4999651 
5202 0.4999639 
5203 0.4999637 
5204 0.49996 
5205 0.4999597 
5206 0.4998183 
5207 0.4999999 
5208 0.4999998 
5209 0.4999998 
5210 0.4999998 
5211 0.4999998 
5212 0.4999998 
5213 0.4999998 
5214 0.4999997 
5215 0.4999997 
5216 0.4999997 
5217 0.4999996 
5218 0.4999996 
5219 0.4999996 
5220 0.4999996 
5221 0.4999996 
5222 0.4999996 
5223 0.4999995 
5224 0.4999995 
5225 0.4999995 
5226 0.4999994 
5227 0.4999994 
5228 0.4999994 
5229 0.4999994 
5230 0.4999994 
5231 0.4999993 
5232 0.4999993 
5233 0.4999993 
5234 0.4999993 
5235 0.4999993 
5236 0.4999993 
5237 0.4999993 
5238 0.4999993 
5239 0.4999993 
5240 0.4999993 
5241 0.4999993 
5242 0.4999993 
5243 0.4999993 
5244 0.4999993 
5245 0.4999993 
5246 0.4999993 
5247 0.4999993 
5248 0.4999993 
5249 0.4999993 
5250 0.4999993 
5251 0.4999993 
5252 0.4999993 
5253 0.4999993 
5254 0.4999993 
5255 0.4999993 
5256 0.4999993 
5257 0.4999993 
5258 0.4999993 
5259 0.4999993 
5260 0.4999993 
5261 0.4999993 
5262 0.4999993 
5263 0.4999993 
5264 0.4999993 
5265 0.4999993 
5266 0.4999993 
5267 0.4999993 
5268 0.4999993 
5269 0.4999993 
5270 0.4999993 
5271 0.4999993 
5272 0.4999993 
5273 0.4999993 
5274 0.4999993 
5275 0.4999993 
5276 0.4999993 
5277 0.4999993 
5278 0.4999993 
5279 0.4999993 
5280 0.4999993 
5281 0.4999993 
5282 0.4999993 
5283 0.4999993 
5284 0.4999993 
5285 0.4999993 
5286 0.4999993 
5287 0.4999993 
5288 0.4999993 
5289 0.4999993 
5290 0.4999993 
5291 0.4999993 
5292 0.4999993 
5293 0.4999993 
5294 0.4999993 
5295 0.4999993 
5296 0.4999993 
5297 0.4999993 
5298 0.4999993 
5299 0.4999993 
5300 0.4999993 
5301 0.4999993 
5302 0.4999993 
5303 0.4999993 
5304 0.4999993 
5305 0.4999993 
5306 0.4999993 
5307 0.4999993 
5308 0.4999993 
5309 0.4999993 
5310 0.4999993 
5311 0.4999993 
5312 0.4999993 
5313 0.4999992 
5314 0.4999992 
5315 0.4999992 
5316 0.4999992 
5317 0.4999992 
5318 0.4999992 
5319 0.4999992 
5320 0.4999992 
5321 0.4999992 
5322 0.4999992 
5323 0.4999992 
5324 0.4999992 
5325 0.4999992 
5326 0.4999992 
5327 0.4999992 
5328 0.4999992 
5329 0.4999991 
5330 0.4999991 
5331 0.4999991 
5332 0.4999991 
5333 0.4999991 
5334 0.499999 
5335 0.499999 
5336 0.4999989 
5337 0.4999989 
5338 0.4999986 
5339 0.4999986 
5340 0.4999986 
5341 0.4999978 
5342 0.4999978 
5343 0.4999978 
5344 0.4999978 
5345 0.4999977 
5346 0.4999959 
5347 0.4999958 
5348 0.4998106 
5349 0.5 
5350 0.5 
5351 0.4999999 
5352 0.4999999 
5353 0.4999999 
5354 0.4999999 
5355 0.4999999 
5356 0.4999998 
5357 0.4999998 
5358 0.4999998 
5359 0.4999998 
5360 0.4999998 
5361 0.4999998 
5362 0.4999998 
5363 0.4999997 
5364 0.4999997 
5365 0.4999996 
5366 0.4999996 
5367 0.4999996 
5368 0.4999996 
5369 0.4999996 
5370 0.4999996 
5371 0.4999995 
5372 0.4999995 
5373 0.4999995 
5374 0.4999995 
5375 0.4999995 
5376 0.4999995 
5377 0.4999994 
5378 0.4999994 
5379 0.4999994 
5380 0.4999984 
5381 0.499998 
5382 0.499998 
5383 0.499998 
5384 0.499998 
5385 0.499998 
5386 0.499998 
5387 0.499998 
5388 0.499998 
5389 0.499998 
5390 0.499998 
5391 0.499998 
5392 0.499998 
5393 0.499998 
5394 0.499998 
5395 0.499998 
5396 0.499998 
5397 0.499998 
5398 0.499998 
5399 0.499998 
5400 0.499998 
5401 0.499998 
5402 0.4999979 
5403 0.4999979 
5404 0.4999979 
5405 0.4999979 
5406 0.4999979 
5407 0.4999979 
5408 0.4999979 
5409 0.4999979 
5410 0.4999979 
5411 0.4999979 
5412 0.4999979 
5413 0.4999979 
5414 0.4999979 
5415 0.4999979 
5416 0.4999979 
5417 0.4999979 
5418 0.4999979 
5419 0.4999979 
5420 0.4999979 
5421 0.4999979 
5422 0.4999979 
5423 0.4999979 
5424 0.4999979 
5425 0.4999979 
5426 0.4999979 
5427 0.4999979 
5428 0.4999979 
5429 0.4999978 
5430 0.4999978 
5431 0.4999978 
5432 0.4999978 
5433 0.4999977 
5434 0.4999977 
5435 0.4999977 
5436 0.4999977 
5437 0.4999976 
5438 0.4999976 
5439 0.4999975 
5440 0.4999975 
5441 0.4999975 
5442 0.4999975 
5443 0.4999975 
5444 0.4999975 
5445 0.4999975 
5446 0.4999974 
5447 0.4999974 
5448 0.4999974 
5449 0.4999974 
5450 0.4999974 
5451 0.4999974 
5452 0.4999974 
5453 0.4999973 
5454 0.499997 
5455 0.499997 
5456 0.499997 
5457 0.4999969 
5458 0.4999969 
5459 0.4999968 
5460 0.4999629 
5461 0.4999629 
5462 0.4999628 
5463 0.499962 
5464 0.4999616 
5465 0.4999609 
5466 0.4999276 
5467 0.5 
5468 0.5 
5469 0.5 
5470 0.4999999 
5471 0.4999999 
5472 0.4999998 
5473 0.4999998 
5474 0.4999998 
5475 0.4999998 
5476 0.4999998 
5477 0.4999998 
5478 0.4999998 
5479 0.4999998 
5480 0.4999998 
5481 0.4999998 
5482 0.4999998 
5483 0.4999998 
5484 0.4999998 
5485 0.4999998 
5486 0.4999996 
5487 0.4999996 
5488 0.4999996 
5489 0.4999996 
5490 0.4999996 
5491 0.4999996 
5492 0.4999996 
5493 0.4999996 
5494 0.4999996 
5495 0.4999996 
5496 0.4999996 
5497 0.4999996 
5498 0.4999996 
5499 0.4999995 
5500 0.4999995 
5501 0.4999995 
5502 0.4999995 
5503 0.4999995 
5504 0.4999995 
5505 0.4999995 
5506 0.4999995 
5507 0.4999995 
5508 0.4999995 
5509 0.4999995 
5510 0.4999995 
5511 0.4999995 
5512 0.4999995 
5513 0.4999995 
5514 0.4999995 
5515 0.4999995 
5516 0.4999995 
5517 0.4999995 
5518 0.4999995 
5519 0.4999995 
5520 0.4999995 
5521 0.4999995 
5522 0.4999995 
5523 0.4999995 
5524 0.4999995 
5525 0.4999995 
5526 0.4999995 
5527 0.4999995 
5528 0.4999995 
5529 0.4999995 
5530 0.4999995 
5531 0.4999995 
5532 0.4999995 
5533 0.4999995 
5534 0.4999995 
5535 0.4999995 
5536 0.4999995 
5537 0.4999995 
5538 0.4999995 
5539 0.4999995 
5540 0.4999995 
5541 0.4999995 
5542 0.4999995 
5543 0.4999995 
5544 0.4999995 
5545 0.4999995 
5546 0.4999995 
5547 0.4999995 
5548 0.4999995 
5549 0.4999995 
5550 0.4999995 
5551 0.4999995 
5552 0.4999995 
5553 0.4999995 
5554 0.4999995 
5555 0.4999995 
5556 0.4999995 
5557 0.4999995 
5558 0.4999995 
5559 0.4999995 
5560 0.4999995 
5561 0.4999995 
5562 0.4999995 
5563 0.4999995 
5564 0.4999995 
5565 0.4999995 
5566 0.4999995 
5567 0.4999995 
5568 0.4999995 
5569 0.4999995 
5570 0.4999995 
5571 0.4999995 
5572 0.4999995 
5573 0.4999995 
5574 0.4999995 
5575 0.4999995 
5576 0.4999995 
5577 0.4999995 
5578 0.4999995 
5579 0.4999995 
5580 0.4999994 
5581 0.4999994 
5582 0.4999994 
5583 0.4999994 
5584 0.4999994 
5585 0.4999993 
5586 0.4999993 
5587 0.4999992 
5588 0.4999921 
5589 0.4999921 
5590 0.4999759 
5591 0.4999759 
5592 0.4999759 
5593 0.4999725 
5594 0.4999725 
5595 0.4999725 
5596 0.4999709 
5597 0.4999708 
5598 0.4999673 
5599 0.4999521 
5600 0.4999496 
5601 0.4999999 
5602 0.4999999 
5603 0.4999999 
5604 0.4999999 
5605 0.4999998 
5606 0.4999988 
5607 0.4999988 
5608 0.4999988 
5609 0.4999988 
5610 0.4999988 
5611 0.4999988 
5612 0.4999988 
5613 0.4999988 
5614 0.4999988 
5615 0.4999988 
5616 0.4999988 
5617 0.4999987 
5618 0.4999987 
5619 0.4999987 
5620 0.4999987 
5621 0.4999987 
5622 0.4999987 
5623 0.4999987 
5624 0.4999987 
5625 0.4999987 
5626 0.4999987 
5627 0.4999987 
5628 0.4999987 
5629 0.4999987 
5630 0.4999987 
5631 0.4999987 
5632 0.4999987 
5633 0.4999987 
5634 0.4999987 
5635 0.4999987 
5636 0.4999987 
5637 0.4999987 
5638 0.4999987 
5639 0.4999987 
5640 0.4999987 
5641 0.4999987 
5642 0.4999987 
5643 0.4999987 
5644 0.4999987 
5645 0.4999987 
5646 0.4999987 
5647 0.4999987 
5648 0.4999987 
5649 0.4999987 
5650 0.499997 
5651 0.499997 
5652 0.4998443 
5653 0.4999999 
5654 0.4999999 
5655 0.4999999 
5656 0.4999999 
5657 0.4999999 
5658 0.4999998 
5659 0.4999998 
5660 0.4999998 
5661 0.4999998 
5662 0.4999997 
5663 0.4999997 
5664 0.4999997 
5665 0.4999997 
5666 0.4999997 
5667 0.4999997 
5668 0.4999992 
5669 0.4999992 
5670 0.4999991 
5671 0.4999991 
5672 0.4999991 
5673 0.4999991 
5674 0.4999991 
5675 0.4999991 
5676 0.4999991 
5677 0.4999991 
5678 0.4999991 
5679 0.4999991 
5680 0.4999991 
5681 0.4999991 
5682 0.4999991 
5683 0.4999991 
5684 0.4999991 
5685 0.4999991 
5686 0.4999991 
5687 0.4999991 
5688 0.4999991 
5689 0.4999991 
5690 0.4999991 
5691 0.4999991 
5692 0.4999991 
5693 0.4999991 
5694 0.4999991 
5695 0.4999991 
5696 0.4999991 
5697 0.4999991 
5698 0.4999991 
5699 0.4999991 
5700 0.4999991 
5701 0.4999991 
5702 0.4999991 
5703 0.4999991 
5704 0.4999991 
5705 0.4999991 
5706 0.4999991 
5707 0.4999991 
5708 0.4999991 
5709 0.4999991 
5710 0.4999991 
5711 0.4999991 
5712 0.4999991 
5713 0.4999991 
5714 0.4999991 
5715 0.4999991 
5716 0.4999991 
5717 0.4999991 
5718 0.4999991 
5719 0.4999991 
5720 0.4999991 
5721 0.4999991 
5722 0.4999991 
5723 0.4999991 
5724 0.4999991 
5725 0.4999991 
5726 0.4999991 
5727 0.4999991 
5728 0.4999991 
5729 0.4999991 
5730 0.4999991 
5731 0.4999991 
5732 0.4999991 
5733 0.4999991 
5734 0.499999 
5735 0.499999 
5736 0.499999 
5737 0.499999 
5738 0.499999 
5739 0.499999 
5740 0.4999989 
5741 0.4999989 
5742 0.4999989 
5743 0.4999989 
5744 0.4999989 
5745 0.4999968 
5746 0.4999967 
5747 0.4999967 
5748 0.4999729 
5749 0.4999733 
5750 0.4999733 
5751 0.4999732 
5752 0.4999731 
5753 0.4999502 
5754 0.4999502 
5755 0.499949 
5756 0.5 
5757 0.5 
5758 0.5 
5759 0.5 
5760 0.5 
5761 0.5 
5762 0.5 
5763 0.5 
5764 0.4999995 
5765 0.4999995 
5766 0.4999994 
5767 0.4999994 
5768 0.4999994 
5769 0.4999994 
5770 0.4999994 
5771 0.4999994 
5772 0.4999994 
5773 0.4999994 
5774 0.4999993 
5775 0.4999993 
5776 0.4999993 
5777 0.4999993 
5778 0.4999993 
5779 0.4999993 
5780 0.4999993 
5781 0.4999993 
5782 0.4999993 
5783 0.4999993 
5784 0.4999993 
5785 0.4999992 
5786 0.4999992 
5787 0.4999992 
5788 0.4999992 
5789 0.4999992 
5790 0.4999992 
5791 0.4999992 
5792 0.4999992 
5793 0.4999992 
5794 0.4999992 
5795 0.4999992 
5796 0.4999992 
5797 0.4999992 
5798 0.4999992 
5799 0.4999992 
5800 0.4999992 
5801 0.4999992 
5802 0.4999992 
5803 0.4999992 
5804 0.4999992 
5805 0.4999992 
5806 0.4999992 
5807 0.4999992 
5808 0.4999992 
5809 0.4999992 
5810 0.4999992 
5811 0.4999992 
5812 0.4999992 
5813 0.4999992 
5814 0.4999992 
5815 0.4999992 
5816 0.4999992 
5817 0.4999992 
5818 0.4999992 
5819 0.4999992 
5820 0.4999992 
5821 0.4999992 
5822 0.4999992 
5823 0.4999992 
5824 0.4999992 
5825 0.4999992 
5826 0.4999992 
5827 0.4999992 
5828 0.4999992 
5829 0.4999992 
5830 0.4999992 
5831 0.4999992 
5832 0.4999992 
5833 0.4999992 
5834 0.4999992 
5835 0.4999992 
5836 0.4999989 
5837 0.4999989 
5838 0.4999989 
5839 0.4999989 
5840 0.4999987 
5841 0.4999987 
5842 0.4999987 
5843 0.4999987 
5844 0.4999862 
5845 0.4999862 
5846 0.4999861 
5847 0.4999861 
5848 0.4999861 
5849 0.4999861 
5850 0.4999846 
5851 0.4999846 
5852 0.4999846 
5853 0.4999792 
5854 0.4999792 
5855 0.4999772 
5856 0.4999759 
5857 0.4999699 
5858 0.4999685 
