-1.483109353285184 -0.68179396274245874 0.2027429576638532
-1.4808535020817319 -0.72908615927695863 0.17557206105993917
-1.4757216365418968 -0.77580356385082783 0.14780449171753321
-1.4677149354116172 -0.82182892742624303 0.11956547446875554
-1.4568574084089561 -0.86702945361308725 0.090949200232185598
-1.4431448235067106 -0.91140397266992823 0.062265927013489646
-1.4266208162287395 -0.95477795325391557 0.033534129070745829
-1.4074171459811637 -0.99686129230006693 0.0045501060662618432
-1.3856276306752833 -1.0374875837351836 -0.024682770354399468
-1.3612243048882311 -1.0766617155230136 -0.05383232111678856
-1.3342865286983385 -1.11423551355487 -0.082856049161662573
-1.3048749548065697 -1.1501511182649402 -0.11157536521019672
-1.2730894785656428 -1.1843952655942922 -0.1398036963737678
-1.2390761143590181 -1.2166901667289993 -0.16773061508055415
-1.2029472590774388 -1.2469119630448027 -0.19531888725144739
-1.1647476553994021 -1.2750610083292517 -0.22230363333102529
-1.1245970091587618 -1.3010364234783238 -0.24862740335653646
-1.0825960735502034 -1.3247943590028408 -0.27414598079347557
-1.0388854445831257 -1.3462542959879409 -0.29881475489028098
-0.99367782106452873 -1.3652434649056402 -0.32280209065700405
-0.94708637192340261 -1.3816865212386211 -0.3460085099748399
-0.89914570670633398 -1.3957708009384 -0.36798531467652351
-0.84998603836899522 -1.4075200128369381 -0.38859891703055011
-0.79983460228070036 -1.4166799329676949 -0.40810663762233451
-0.74885564498219692 -1.4232197488910314 -0.42649154098800979
-0.69714499791477302 -1.4271805303316403 -0.4435174240741428
-0.64483217916533564 -1.4286553443153291 -0.45903526191903549
-0.59211276423986137 -1.4275263322352183 -0.47313976590076734
-0.53915013990369109 -1.4237935350550943 -0.48581051308971956
-0.48605330357383497 -1.4175710591165234 -0.49683469568100846
-0.43300509727521963 -1.4088299729814409 -0.50626717748799555
-0.38014670302859721 -1.3976336969754899 -0.51402017253097265
-0.32763030476996513 -1.3840228248000592 -0.52004029746686453
-0.2756434526214287 -1.3679802669058223 -0.52444973708110021
-0.22428253882602664 -1.349676487325542 -0.52699037278894123
-0.17371431894396364 -1.3291411788078307 -0.52774696285030875
-0.12409003683855709 -1.3064322985986467 -0.52668200370596785
-0.075510910700295253 -1.2817310330452303 -0.52363698603048991
-0.028177182669293567 -1.2549898162262747 -0.51875933509366234
0.017796938508204387 -1.2263593955238337 -0.51197812410762422
0.0623165794336192 -1.1960345956816627 -0.50316162152290833
0.10519255356377474 -1.1639834432108542 -0.49249725074474604
0.14632302418857879 -1.1303791693205019 -0.4799135813449511
0.1856206307142321 -1.0954160827061339 -0.46533408234654217
0.22296753641288636 -1.0592128425822462 -0.44878649409339849
0.25826557659147076 -1.0219631968124958 -0.43019051513262679
0.29143423257249057 -0.98383716307176461 -0.40956251642686947
0.32239657978384423 -0.94501173422199092 -0.38690855156465792
0.35106671590759447 -0.90565261757322146 -0.36224738167342851
0.37740615656410553 -0.86601207653487122 -0.33552380370783308
0.40136784883426541 -0.82632109949702293 -0.3067186947161944
0.42280992961766484 -0.78680139262471205 -0.27577218991385416
0.44168810576881462 -0.74774011481636893 -0.24265023723851625
0.45801392494703214 -0.70944750464645978 -0.20734203730081488
0.47186932574771717 -0.67247025925356219 -0.1696508719703545
0.48335768272381618 -0.63762451376875462 -0.12923245981980586
0.4926921675537238 -0.6061859423474969 -0.085641376118204326
0.50181419175246356 -0.57871590116587091 -0.039371078527340876
0.51308519341859915 -0.55314924995135895 0.0075164589505227163
0.52809627279320037 -0.52988669800151478 0.054563604718916761
0.54549741692170439 -0.5078110868217014 0.10133595524316057
0.56677777778436644 -0.48425108318463306 0.14569298116178972
0.59039896049716756 -0.4574064943936198 0.18690723762564268
0.61508888314548604 -0.42738713273233581 0.2252225937044923
0.63997775391136946 -0.39448567928116879 0.26096287149714875
0.66440663330324523 -0.35886199563396065 0.29433484465152776
0.68809861979544484 -0.32075944887632524 0.32542221121065107
0.71086183387221769 -0.28042392964600515 0.3543110833838275
0.73250374108813243 -0.23803111536600899 0.38103609053553256
0.75279655553615299 -0.1937273909505399 0.40563585718874712
0.77158748704097224 -0.14767776353605183 0.42813191539666573
0.78875371075045719 -0.10003295247612612 0.44850390161528897
0.80414635363284648 -0.050966196239110334 0.46681450763957438
0.81765132808676622 -0.00063047548294462811 0.48305479826563624
0.82914135889193108 0.050803720000906424 0.49727944789332956
0.83857575166194709 0.10317433065988955 0.50945112835463424
0.84585301496595522 0.15631591553510593 0.51959026716632917
0.85099980919245244 0.210054431198896 0.52768031217175804
0.85386134236075195 0.26421303468036478 0.53388721509143855
0.8543972034571069 0.31862880239867181 0.53818820041145032
0.85276852447666607 0.37314597775531272 0.54043504371474138
0.84876516070373043 0.42758536819013837 0.54087687507060678
0.84243753270107624 0.48178658196345159 0.53944430183500836
0.83380356332857575 0.53558790041685578 0.53616789273026677
0.82283142960092015 0.58882274630118614 0.53111500989252702
0.80954971053077596 0.64133263080213543 0.5243202393752231
0.79400401898514783 0.69295915657079687 0.51578290781174951
0.77624078348757963 0.7435482826280907 0.50553302030820191
0.75617762232202868 0.7929455870971408 0.49381838008779189
0.73401955945459763 0.84100250024805845 0.48042396446767943
0.70978837696248787 0.887578239288632 0.4654772672436619
0.68340959422047542 0.93253139613901381 0.44925276028390304
0.65511721670996048 0.97572412136271414 0.43153882095575669
0.62498847059824669 1.0170319759884161 0.41241375180653878
0.59295128517516726 1.056332377279976 0.39219108301055183
0.55914105550056137 1.0935046689539254 0.37086169085957765
0.52385238016901847 1.128461861411123 0.34822171119399542
0.48709864724072255 1.1610811156149949 0.3244521402946231
0.44878016640066287 1.1912711701736873 0.29995491703781002
0.4090532504985836 1.2189358100442775 0.27473009262369402
0.36816500181173617 1.2439828899290624 0.24864102550824474
0.32622008539376668 1.2663332587349663 0.22179093022527691
0.28332019514876233 1.2859253268388808 0.19430278917168819
0.23956002448186012 1.302701781882917 0.16631278379390693
0.19496680373124986 1.3166339432274343 0.13807812773083378
0.14975433987915557 1.3276509398272136 0.10954226167622522
0.10418211906755401 1.3357296530596268 0.080598421803178472
0.058450964289089233 1.3408723205080171 0.051237905648093836
0.012580819887271508 1.3430430819601238 0.021724296173206613
-0.033472320010380821 1.3422470603632064 -0.0075729367889659409
-0.079446419999016846 1.3384683834333269 -0.036760955087092713
-0.12518664746845989 1.3317102707688364 -0.065777981587035184
-0.17054742624595665 1.3219938982444248 -0.094549865439689032
-0.21523557646430558 1.309378358202919 -0.12324919627922631
-0.25919505699509476 1.2938832735640888 -0.15166219062736247
-0.3023825679544988 1.2755462414623573 -0.17956245672106905
-0.34466322078558853 1.2544179231450749 -0.20687120422641267
-0.38594662509487004 1.2305636755081459 -0.23345089553126555
-0.4260426338498825 1.2040644646127352 -0.25933382707705788
-0.46471538235177856 1.1750039057039869 -0.28462575724409628
-0.50205827042910378 1.1435087561877961 -0.3089861719481361
-0.53804715258794433 1.109626108383174 -0.33215045879876298
-0.5724257794017712 1.0734603090841124 -0.35428561791627128
-0.60501554192818818 1.0351223021859655 -0.37545015876371407
-0.63578119588412518 0.99471799569504604 -0.3954700506172999
-0.66477149189572904 0.95236546339218786 -0.41406152301419424
-0.69184186653640922 0.90819800992208566 -0.43127364414196367
-0.71677489735909661 0.86234644852741593 -0.44726762397842823
-0.73967503119988687 0.81494473511129295 -0.46170642190987438
-0.76048045400893993 0.76613986166113757 -0.47455322219544915
-0.77902743994383983 0.7160751036870836 -0.48592738700601962
-0.79537926690218341 0.66489803341510612 -0.49559004394609046
-0.80942919994321361 0.61276705213655247 -0.50363948377442291
-0.82119143208294743 0.55983412962806234 -0.50993083492968083
-0.83066202929698141 0.50626553433006838 -0.51446624368281868
-0.83782128068773809 0.45221604973188778 -0.51715583810808086
-0.84268762733147706 0.39785104065190702 -0.51795555206777688
-0.8451377612180957 0.34332745274412169 -0.5169425830379244
-0.84536712540738235 0.2888241115315161 -0.51391739295123284
-0.84331455078679762 0.2345006019210554 -0.50895191279403207
-0.83890483879353572 0.18052374969451523 -0.50209878541814268
-0.83233581408333779 0.12706701487488059 -0.49320593747163088
-0.8236303083283415 0.074299653979252991 -0.48226591484287268
-0.81285621063906033 0.022388141967055613 -0.46926615610293854
-0.80006925569866494 -0.028504840623096724 -0.45422252427438747
-0.78536296291562813 -0.078204542775112504 -0.43708918540685698
-0.76886999977343895 -0.12655791966036711 -0.4178594406358882
-0.75073097364885555 -0.17340184290441571 -0.39649389005141944
-0.73106511076142244 -0.218573290126161 -0.37298453623258149
-0.71000687479762614 -0.26190807482288708 -0.3473245253063294
-0.68778965300744899 -0.30326794315659361 -0.319478609236101
-0.66454247938878863 -0.34240922304270277 -0.28935799885686497
-0.6404981042884319 -0.37911515679408136 -0.25688825943021543
-0.61595338794355337 -0.41320360834762593 -0.2220280684782508
-0.59153839085011661 -0.44453275119333324 -0.18459128510142964
-0.56804487587237196 -0.47280507607327643 -0.14426218992594406
-0.54641574374195334 -0.49788480294406162 -0.10091799959724135
-0.52875914882616015 -0.52083964803434923 -0.054667867169923057
-0.51351630094297518 -0.54487245499630688 -0.0080846885525132361
-0.50223023793606469 -0.571118296515714 0.038426106491573839
-0.49306623238532471 -0.59879199969574792 0.084566948408130116
-0.48419339068778128 -0.63059296977804635 0.12799050809138462
-0.47344422845453132 -0.66583125868938997 0.16825972573139381
-0.46034101324686955 -0.70330168033393459 0.20573219569487361
-0.44469142306642484 -0.74218511120140906 0.24070249644549188
-0.42645612702201813 -0.78188092018853539 0.27343195219564209
-0.40566795973198277 -0.82205490818022309 0.30398274327336672
-0.38243626304061573 -0.86245861169647631 0.33239569678221853
-0.35683243600815356 -0.9028512761718217 0.35870763721430099
-0.32885540077721748 -0.94292900127090606 0.38300719730937338
-0.2985844927109374 -0.98249752312730387 0.40530945193480339
-0.26607747970066242 -1.0213796783894891 0.42557916006208218
-0.2314130157053097 -1.0593770617374108 0.44385465966159415
-0.19467957794724328 -1.096349911753151 0.46007426429254328
-0.15596390438069224 -1.1320827740129298 0.47434516702001628
-0.1153907504457731 -1.1664702548193639 0.48662292580272093
-0.073038001913567047 -1.1992982198106115 0.49701742084191342
-0.029010806328605282 -1.2304060169195676 0.50558259589610355
0.016516418604475742 -1.2597879700505015 0.51216997184095203
0.063416632512023424 -1.2873217087328606 0.51683521609383509
0.11158672324729044 -1.3128365573395704 0.5196876640910294
0.16085202888356312 -1.3363201849243169 0.52066026801279974
0.21109534188892459 -1.3576375050792993 0.51982183285383377
0.26217437675852345 -1.3767074267288413 0.51721195455467839
0.31393913953561631 -1.3934647898898174 0.5128354505448165
0.36625410143615733 -1.4078236072778165 0.50678931435637764
0.41894660665549177 -1.4197647349936708 0.49900986831199273
0.47191615618383076 -1.4291429177992778 0.4897419589418896
0.52495166126124759 -1.4360369738581329 0.47881797962451444
0.57789257239215319 -1.4404207114511582 0.4662598892865526
0.63065956625970399 -1.4421243703696174 0.45238774757500072
0.68304910323554269 -1.4412627569422274 0.43708193020014746
0.73486987839938822 -1.4378502478457691 0.42026803805834345
0.78602634377524327 -1.4318271979128094 0.40219996521062806
0.83637795987515151 -1.4231882497225907 0.38296814596959583
0.88574724337514255 -1.4120807552968586 0.36249766109086423
0.93395990489961522 -1.3984770875379329 0.34081192458424048
0.98093229296889839 -1.3823209739673721 0.31817599044656203
1.0265722750749819 -1.3636071699152561 0.29479625655620234
1.0706898916744696 -1.3424807360538851 0.27056529503744214
1.1131320024020779 -1.319017830739212 0.24550539168966592
1.1537640500255752 -1.2932931253919728 0.21967622735397463
1.1924833961522909 -1.2653630078249298 0.19320695991660855
1.2292378250896774 -1.2352046616356551 0.1663837830129514
1.2638783362936907 -1.2030626065248102 0.13905568448096622
1.296266263905854 -1.1690597383432355 0.11122258329597759
1.3263181525606729 -1.13319110109141 0.083112102850723651
1.353918524940855 -1.0956163390449147 0.054718264276807926
1.3790436849601051 -1.0563782684998744 0.026276303450224418
1.4016719199494265 -1.0155348791899574 -0.0020015126988053044
1.4216751086986372 -0.97324744049268774 -0.030134587208330406
1.4389502958779397 -0.9297502335411616 -0.058230591945707066
1.4534094353335851 -0.88527773481201499 -0.086389932444269735
1.4650525626401356 -0.83984450529067756 -0.11431954165532182
1.4738609123613851 -0.79353437907820168 -0.14184366815552071
1.4798091227665491 -0.74649012840174511 -0.16888512884884577
1.4828884727089409 -0.69882225374836204 -0.19530604248977668
1.4830673865246022 -0.65077464169990595 -0.22121285453412765
1.4803251259551991 -0.60253430081175152 -0.2466125621687017
1.4746645317042542 -0.55416750993906305 -0.27127700418931111
1.4662831061731429 -0.50564990375270602 -0.29484728870803428
1.4551372731418812 -0.45716965182114144 -0.31732339497771894
1.4411532611376832 -0.40903178888727776 -0.33893277874965422
1.4243908320696295 -0.36134939905004121 -0.35955228491144886
1.4049740577479639 -0.31413605017767487 -0.37888170112114866
1.3829436081428885 -0.26756086801250362 -0.39691411349796074
1.3583002016280084 -0.22188016692554291 -0.41381768776428801
1.3312031033545588 -0.17707656654211276 -0.42924864389537987
1.3017474452640168 -0.13326807953688463 -0.4431382305441024
1.269935972612491 -0.090730375269062039 -0.45572125500984673
1.2359420255205622 -0.049452654670920852 -0.46668985501945465
1.1998731060963035 -0.0095534256197060598 -0.47600709027596599
1.1618247764759366 0.02881959594928685 -0.48372514810971118
1.1219287394493731 0.06559380219455202 -0.48970036646046805
1.0803148847327635 0.10066215297479843 -0.49397027899462054
1.0371193307795052 0.13394586253450755 -0.49643786030087883
0.99249722037973209 0.1653819775880655 -0.4970403702497132
0.94654344351020714 0.19481919502368636 -0.49583628462222235
0.89942478017287264 0.222205513260744 -0.49274806686767519
0.8513463454379897 0.24755378340365503 -0.48768081838269761
0.80237310676140206 0.27066224281938822 -0.48079410765421116
0.75273178818553954 0.29156299507136368 -0.47192556421636628
0.70262157767629563 0.31026696103683243 -0.46102403894092736
0.65219346787293808 0.32670174100355093 -0.44811612025452086
0.60164151323610793 0.34087979507762184 -0.4331757541078024
0.55112660635319677 0.35276056493226787 -0.41623813754974132
0.50086993392083878 0.36235607094925548 -0.39721294748886865
0.45107410186594787 0.36975879921605276 -0.37611036006374327
0.40195392642390776 0.37497296931225621 -0.3528762537615095
0.35371485139424247 0.37804574088976428 -0.3275134325349438
0.30660051864908278 0.3790140321669106 -0.29996279168623435
0.2608644642078447 0.37787105043471536 -0.27018642345567984
0.21677897745404967 0.37482908206875987 -0.23813915895732782
0.17462043607760389 0.37011191787326747 -0.20378339520325855
0.13479322100314334 0.36399169692099581 -0.16695883053686345
0.097897290591165961 0.35695476896072065 -0.12736226718468963
0.064769206350830263 0.3495834226596139 -0.084651110832225221
0.035588801794664518 0.34421766175739016 -0.038835483740969998
0.0067596291499543194 0.34175279282836318 0.0074393230168555554
-0.021956149880170472 0.34333573616657453 0.053837718218021649
-0.050663103348800677 0.34749116192438184 0.10006722061021202
-0.083223696560688981 0.35424205193747121 0.14331665354214501
-0.11944803253224667 0.36097934415203614 0.18357439535311432
-0.15879666558410849 0.36705291270589618 0.22091371892485218
-0.20055864337492707 0.37183785093553912 0.25573996565974189
-0.24437424458271639 0.37495970701611092 0.28814694624529885
-0.28991685987613885 0.37619941410617935 0.31821553522902335
-0.33689801962267707 0.37545123879116921 0.34600018086941908
-0.38504840997113715 0.37273790031955523 0.37157362031497571
-0.43410875081410299 0.36792972518408357 0.39502267640942718
-0.48388183265616719 0.36094512236395437 0.41632363390313448
-0.53417078714060151 0.35179976414686753 0.43548668583481814
-0.58476565589383589 0.34043309685105311 0.4525411036910677
-0.6354572548628431 0.32679689572250858 0.46751870579919513
-0.68606496645022907 0.31092048614662626 0.4804296739711818
-0.73640347548012608 0.29280491552974791 0.49128024893050476
-0.78630743620175936 0.27249848468973403 0.50006024986013442
-0.83559645653324632 0.25003651968332941 0.50683890196356141
-0.88403321880721475 0.22534219418573265 0.51173615637763292
-0.93153681493265672 0.19860468548400401 0.51462920932015543
-0.97794649045705107 0.16987905343002579 0.51557410771799306
-1.0230649278075974 0.13916386608189624 0.51467907937058777
-1.0668235179824801 0.10665182272859471 0.51184292740921333
-1.1090100406481 0.072320937132026017 0.50719874636646178
-1.1495245634721232 0.03630144339579431 0.50078922631417855
-1.188232513862836 -0.0013045070648129847 0.49257948705724697
-1.2249455599467935 -0.040512582628981282 0.48284415521184376
-1.2596119182273176 -0.081097929721662868 0.47140233928212777
-1.2921148446712423 -0.12297853715742288 0.45838361255657112
-1.3223416271110318 -0.16606449463429265 0.44389934862389158
-1.3502108766056737 -0.21016882372600362 0.42783651902435127
-1.3756081068923627 -0.25524382103734689 0.41042599413256903
-1.3984344558630997 -0.30119112893299799 0.39177923227561523
-1.4186766100352715 -0.34776114287567217 0.37174512570559587
-1.4362685481023905 -0.3948570084260189 0.35047516708859155
-1.4510626580464427 -0.4424648748225733 0.32823695402427699
-1.4631424760738783 -0.4903237186068013 0.30492434405997793
-1.4724744279579243 -0.53823720614675186 0.28048928626630565
-1.4789296116368829 -0.58616594423895296 0.25516974004757514
-1.4824848071471621 -0.63405843842603227 0.22921636238018422
