Component 1 of 1:
-30.692075 -12.996885 5.525811
-30.733190 -13.885893 4.846781
-30.715015 -14.762453 4.150780
-30.637822 -15.624094 3.440345
-30.502130 -16.468448 2.718023
-30.308661 -17.293255 1.986346
-30.058288 -18.096355 1.247818
-29.751998 -18.875675 0.504906
-29.390863 -19.629217 -0.239956
-28.976027 -20.355040 -0.984365
-28.508705 -21.051259 -1.725941
-27.990199 -21.716042 -2.462319
-27.421912 -22.347620 -3.191146
-26.805371 -22.944295 -3.910086
-26.142232 -23.504462 -4.616818
-25.434292 -24.026610 -5.309047
-24.683482 -24.509338 -5.984505
-23.891860 -24.951354 -6.640959
-23.061604 -25.351474 -7.276206
-22.194997 -25.708616 -7.888080
-21.294429 -26.021802 -8.474447
-20.362395 -26.290161 -9.033207
-19.401498 -26.512941 -9.562306
-18.414453 -26.689523 -10.059745
-17.404094 -26.819446 -10.523596
-16.373365 -26.902432 -10.952025
-15.325312 -26.938401 -11.343314
-14.263066 -26.927489 -11.695885
-13.189823 -26.870048 -12.008310
-12.108812 -26.766634 -12.279329
-11.023281 -26.617990 -12.507852
-9.936470 -26.425023 -12.692959
-8.851599 -26.188768 -12.833890
-7.771861 -25.910371 -12.930031
-6.700412 -25.591068 -12.980896
-5.640377 -25.232177 -12.986103
-4.594847 -24.835101 -12.945343
-3.566886 -24.401337 -12.858357
-2.559537 -23.932487 -12.724905
-1.575832 -23.430282 -12.544752
-0.618804 -22.896588 -12.317666
0.308508 -22.333429 -12.043435
1.203065 -21.742998 -11.721914
2.061857 -21.127678 -11.353093
2.881971 -20.490067 -10.937175
3.660700 -19.832999 -10.474670
4.395703 -19.159575 -9.966460
5.085200 -18.473170 -9.413847
5.728185 -17.777427 -8.818558
6.324631 -17.076207 -8.182702
6.875644 -16.373503 -7.508708
7.383538 -15.673295 -6.799250
7.851814 -14.979368 -6.057184
8.285032 -14.295075 -5.285529
8.688586 -13.623087 -4.487482
9.068417 -12.965127 -3.666479
9.430677 -12.321728 -2.826258
9.781391 -11.692041 -1.970913
10.126130 -11.073740 -1.104915
10.469711 -10.463046 -0.233087
10.815953 -9.854890 0.639469
11.167469 -9.243216 1.507463
11.525532 -8.621389 2.365541
11.890007 -7.982662 3.208414
12.259367 -7.320645 4.030999
12.630811 -6.629713 4.828548
13.000460 -5.905312 5.596763
13.363638 -5.144149 6.331880
13.715203 -4.344250 7.030694
14.049887 -3.504917 7.690535
14.362613 -2.626603 8.309209
14.648755 -1.710748 8.884900
14.904322 -0.759586 9.416084
15.126042 0.224039 9.901454
15.311372 1.236849 10.339873
15.458426 2.275270 10.730351
15.565855 3.335546 11.072047
15.632722 4.413821 11.364279
15.658360 5.506187 11.606536
15.642284 6.608712 11.798490
15.584122 7.717457 11.940002
15.483595 8.828479 12.031123
15.340536 9.937842 12.072090
15.154914 11.041629 12.063333
14.926877 12.135967 12.005462
14.656777 13.217049 11.899268
14.345178 14.281163 11.745713
13.992851 15.324712 11.545912
13.600743 16.344226 11.301113
13.169948 17.336366 11.012680
12.701668 18.297907 10.682068
12.197190 19.225729 10.310810
11.657876 20.116801 9.900510
11.085153 20.968171 9.452846
10.480533 21.776972 8.969575
9.845621 22.540436 8.452553
9.182131 23.255921 7.903745
8.491899 23.920944 7.325234
7.776878 24.533218 6.719231
7.039138 25.090678 6.088066
6.280848 25.591504 5.434173
5.504256 26.034134 4.760077
4.711672 26.417260 4.068370
3.905448 26.739819 3.361687
3.087961 27.000978 2.642688
2.261601 27.200110 1.914037
1.428764 27.336774 1.178397
0.591845 27.410698 0.438419
-0.246763 27.421758 -0.303257
-1.084668 27.369970 -1.044005
-1.919480 27.255484 -1.781200
-2.748812 27.078576 -2.512220
-3.570275 26.839663 -3.234438
-4.381484 26.539302 -3.945216
-5.180053 26.178216 -4.641911
-5.963609 25.757308 -5.321878
-6.729796 25.277688 -5.982484
-7.476289 24.740696 -6.621121
-8.200817 24.147917 -7.235235
-8.901180 23.501198 -7.822345
-9.575275 22.802643 -8.380069
-10.221114 22.054605 -8.906143
-10.836841 21.259660 -9.398430
-11.420735 20.420576 -9.854924
-11.971211 19.540279 -10.273747
-12.486804 18.621823 -10.653133
-12.966156 17.668362 -10.991419
-13.408004 16.683144 -11.287039
-13.811164 15.669504 -11.538517
-14.174545 14.630877 -11.744479
-14.497159 13.570803 -11.903668
-14.778157 12.492937 -12.014963
-15.016854 11.401046 -12.077401
-15.212769 10.298997 -12.090182
-15.365633 9.190738 -12.052671
-15.475392 8.080278 -11.964387
-15.542182 6.971668 -11.824979
-15.566302 5.868997 -11.634214
-15.548180 4.776390 -11.391968
-15.488371 3.698014 -11.098245
-15.387592 2.638073 -10.753206
-15.246803 1.600770 -10.357231
-15.067340 0.590228 -9.910978
-14.851079 -0.389637 -9.415443
-14.600595 -1.335307 -8.872000
-14.319284 -2.243884 -8.282412
-14.011406 -3.113322 -7.648822
-13.682016 -3.942639 -6.973722
-13.336775 -4.732075 -6.259933
-12.981640 -5.483165 -5.510591
-12.622475 -6.198726 -4.729169
-12.264606 -6.882763 -3.919506
-11.912388 -7.540300 -3.085832
-11.568818 -8.177155 -2.232773
-11.235265 -8.799661 -1.365313
-10.911338 -9.414347 -0.488710
-10.594907 -10.027587 0.391615
-10.282284 -10.645233 1.270210
-9.968519 -11.272266 2.141723
-9.647774 -11.912493 3.001034
-9.313735 -12.568336 3.843362
-8.960002 -13.240735 4.664362
-8.580436 -13.929187 5.460177
-8.169440 -14.631895 6.227456
-7.722166 -15.346011 6.963322
-7.234651 -16.067928 7.665293
-6.703902 -16.793575 8.331190
-6.127918 -17.518694 8.959047
-5.505680 -18.239052 9.547043
-4.837097 -18.950603 10.093485
-4.122916 -19.649584 10.596817
-3.364608 -20.332557 11.055671
-2.564229 -20.996410 11.468921
-1.724273 -21.638327 11.835727
-0.847535 -22.255752 12.155552
0.063014 -22.846344 12.428155
1.004323 -23.407934 12.653544
1.973324 -23.938500 12.831919
2.966967 -24.436138 12.963610
3.982228 -24.899060 13.049021
5.016101 -25.325583 13.088588
6.065581 -25.714134 13.082770
7.127649 -26.063253 13.032048
8.199262 -26.371600 12.936946
9.277349 -26.637959 12.798057
10.358812 -26.861245 12.616071
11.440537 -27.040510 12.391793
12.519405 -27.174946 12.126158
13.592307 -27.263889 11.820235
14.656151 -27.306825 11.475224
15.707878 -27.303395 11.092446
16.744473 -27.253395 10.673337
17.762972 -27.156781 10.219437
18.760476 -27.013673 9.732382
19.734161 -26.824347 9.213897
20.681289 -26.589242 8.665792
21.599225 -26.308951 8.089955
22.485442 -25.984217 7.488343
23.337531 -25.615926 6.862976
24.153211 -25.205096 6.215928
24.930329 -24.752869 5.549315
25.666860 -24.260498 4.865288
26.360904 -23.729337 4.166018
27.010682 -23.160834 3.453695
27.614529 -22.556517 2.730518
28.170890 -21.917990 1.998693
28.678311 -21.246928 1.260435
29.135440 -20.545073 0.517965
29.541024 -19.814233 -0.226485
29.893913 -19.056279 -0.970672
30.193062 -18.273154 -1.712335
30.437542 -17.466866 -2.449201
30.626547 -16.639495 -3.178981
30.759409 -15.793193 -3.899376
30.835612 -14.930186 -4.608078
30.854799 -14.052769 -5.302786
30.816790 -13.163307 -5.981210
30.721589 -12.264223 -6.641079
30.569391 -11.357996 -7.280161
30.360588 -10.447143 -7.896263
30.095767 -9.534215 -8.487243
29.775711 -8.621780 -9.051018
29.401395 -7.712409 -9.585563
28.973985 -6.808671 -10.088922
28.494830 -5.913112 -10.559204
27.965462 -5.028255 -10.994592
27.387586 -4.156590 -11.393347
26.763074 -3.300568 -11.753818
26.093965 -2.462599 -12.074456
25.382451 -1.645049 -12.353824
24.630875 -0.850238 -12.590617
23.841725 -0.080429 -12.783672
23.017624 0.662181 -12.931978
22.161332 1.375478 -13.034674
21.275735 2.057447 -13.091040
20.363840 2.706190 -13.100477
19.428772 3.319930 -13.062474
18.473768 3.897012 -12.976583
17.502169 4.435887 -12.842387
16.517428 4.935083 -12.659497
15.523111 5.393185 -12.427555
14.522904 5.808820 -12.146281
13.520625 6.180681 -11.815530
12.520222 6.507589 -11.435374
11.525760 6.788628 -11.006182
10.541381 7.023315 -10.528683
9.571232 7.211825 -10.003999
8.619354 7.355211 -9.433639
7.689541 7.455599 -8.819454
6.785170 7.516305 -8.163568
5.909021 7.541850 -7.468319
5.063104 7.537840 -6.736218
4.248492 7.510739 -5.969967
3.465178 7.467522 -5.172514
2.711959 7.415264 -4.347145
1.986359 7.360709 -3.497578
1.284605 7.309835 -2.628017
0.601683 7.267487 -1.743163
-0.068508 7.237085 -0.848156
-0.732882 7.220434 0.051534
-1.398806 7.217640 0.950234
-2.073656 7.227128 1.842224
-2.764363 7.245756 2.721877
-3.476984 7.269009 3.583803
-4.216370 7.291263 4.422962
-4.985943 7.306119 5.234757
-5.787609 7.306760 6.015086
-6.621792 7.286346 6.760351
-7.487565 7.238377 7.467420
-8.382850 7.157036 8.133582
-9.304654 7.037444 8.756485
-10.249313 6.875824 9.334091
-11.212732 6.669564 9.864659
-12.190586 6.417165 10.346737
-13.178483 6.118108 10.779168
-14.172079 5.772657 11.161091
-15.167142 5.381646 11.491930
-16.159569 4.946275 11.771363
-17.145389 4.467944 11.999288
-18.120736 3.948150 12.175780
-19.081832 3.388433 12.301051
-20.024976 2.790377 12.375433
-20.946548 2.155636 12.399367
-21.843031 1.485975 12.373419
-22.711045 0.783305 12.298292
-23.547377 0.049697 12.174851
-24.349019 -0.712616 12.004133
-25.113186 -1.501272 11.787350
-25.837315 -2.313806 11.525877
-26.519062 -3.147697 11.221224
-27.156265 -4.000394 10.875012
-27.746919 -4.869342 10.488935
-28.289142 -5.751994 10.064745
-28.781147 -6.645801 9.604232
-29.221235 -7.548209 9.109228
-29.607800 -8.456642 8.581613
-29.939355 -9.368493 8.023334
-30.214568 -10.281118 7.436427
-30.432304 -11.191846 6.823025
-30.591676 -12.097992 6.185371
