Component 1 of 1:
-30.943321 -13.005688 5.453868
-30.994113 -13.880608 4.757102
-30.986654 -14.744790 4.045284
-30.920914 -15.595981 3.320921
-30.797067 -16.431965 2.586520
-30.615472 -17.250560 1.844579
-30.376655 -18.049626 1.097577
-30.081297 -18.827057 0.347968
-29.730219 -19.580788 -0.401820
-29.324375 -20.308784 -1.149387
-28.864848 -21.009049 -1.892360
-28.352853 -21.679622 -2.628385
-27.789746 -22.318592 -3.355135
-27.177022 -22.924097 -4.070305
-26.516329 -23.494342 -4.771613
-25.809463 -24.027607 -5.456810
-25.058377 -24.522255 -6.123677
-24.265174 -24.976747 -6.770034
-23.432106 -25.389648 -7.393742
-22.561567 -25.759636 -7.992713
-21.656093 -26.085512 -8.564908
-20.718356 -26.366211 -9.108350
-19.751155 -26.600813 -9.621131
-18.757416 -26.788558 -10.101422
-17.740179 -26.928859 -10.547486
-16.702589 -27.021316 -10.957692
-15.647881 -27.065727 -11.330529
-14.579360 -27.062095 -11.664619
-13.500382 -27.010631 -11.958729
-12.414331 -26.911753 -12.211775
-11.324596 -26.766071 -12.422823
-10.234551 -26.574380 -12.591085
-9.147538 -26.337641 -12.715908
-8.066854 -26.056967 -12.796755
-6.995749 -25.733607 -12.833189
-5.937416 -25.368938 -12.824847
-4.894999 -24.964461 -12.771430
-3.871596 -24.521805 -12.672680
-2.870253 -24.042738 -12.528383
-1.893967 -23.529184 -12.338369
-0.945669 -22.983243 -12.102533
-0.028195 -22.407219 -11.820863
0.855755 -21.803641 -11.493478
1.703688 -21.175278 -11.120677
2.513397 -20.525152 -10.702982
3.283064 -19.856526 -10.241181
4.011376 -19.172882 -9.736363
4.697635 -18.477868 -9.189932
5.341865 -17.775224 -8.603609
5.944889 -17.068687 -7.979421
6.508366 -16.361866 -7.319671
7.034785 -15.658108 -6.626918
7.527401 -14.960349 -5.903942
7.990116 -14.270969 -5.153729
8.427315 -13.591652 -4.379454
8.843661 -12.923260 -3.584483
9.243872 -12.265746 -2.772361
9.632482 -11.618090 -1.946810
10.013618 -10.978295 -1.111709
10.390796 -10.343425 -0.271071
10.766742 -9.709712 0.570996
11.143269 -9.072708 1.410329
11.521191 -8.427497 2.242757
11.900296 -7.768931 3.064144
12.279366 -7.091898 3.870429
12.656260 -6.391580 4.657665
13.028035 -5.663697 5.422051
13.391114 -4.904710 6.159963
13.741482 -4.111969 6.867987
14.074887 -3.283801 7.542945
14.387050 -2.419536 8.181913
14.673846 -1.519469 8.782248
14.931449 -0.584782 9.341590
15.156449 0.382574 9.857867
15.345905 1.380014 10.329291
15.497373 2.404453 10.754347
15.608885 3.452437 11.131776
15.678914 4.520246 11.460559
15.706325 5.603986 11.739896
15.690319 6.699656 11.969200
15.630389 7.803191 12.148075
15.526282 8.910502 12.276320
15.377974 10.017503 12.353917
15.185652 11.120130 12.381033
14.949705 12.214364 12.358018
14.670713 13.296248 12.285400
14.349441 14.361910 12.163880
13.986826 15.407573 11.994325
13.583966 16.429572 11.777757
13.142102 17.424360 11.515343
12.662610 18.388515 11.208381
12.146981 19.318743 10.858299
11.596815 20.211885 10.466642
11.013816 21.064916 10.035074
10.399780 21.874958 9.565381
9.756600 22.639293 9.059466
9.086255 23.355375 8.519358
8.390806 24.020852 7.947205
7.672390 24.633582 7.345275
6.933204 25.191649 6.715947
6.175493 25.693378 6.061701
5.401532 26.137333 5.385099
4.613611 26.522326 4.688774
3.814019 26.847398 3.975410
3.005028 27.111816 3.247725
2.188885 27.315045 2.508457
1.367802 27.456735 1.760355
0.543957 27.536695 1.006170
-0.280509 27.554877 0.248652
-1.103487 27.511360 -0.509450
-1.922897 27.406340 -1.265388
-2.736678 27.240125 -2.016411
-3.542783 27.013141 -2.759764
-4.339175 26.725937 -3.492686
-5.123818 26.379198 -4.212411
-5.894682 25.973768 -4.916179
-6.649742 25.510660 -5.601239
-7.386981 24.991083 -6.264868
-8.104405 24.416453 -6.904386
-8.800047 23.788403 -7.517172
-9.471981 23.108788 -8.100688
-10.118338 22.379686 -8.652488
-10.737310 21.603385 -9.170241
-11.327162 20.782372 -9.651732
-11.886237 19.919316 -10.094874
-12.412960 19.017055 -10.497706
-12.905838 18.078576 -10.858394
-13.363463 17.107012 -11.175233
-13.784514 16.105626 -11.446644
-14.167769 15.077816 -11.671183
-14.512107 14.027104 -11.847546
-14.816531 12.957138 -11.974580
-15.080181 11.871683 -12.051297
-15.302350 10.774614 -12.076884
-15.482508 9.669898 -12.050715
-15.620311 8.561579 -11.972355
-15.715619 7.453757 -11.841570
-15.768508 6.350563 -11.658325
-15.779288 5.256135 -11.422791
-15.748525 4.174587 -11.135351
-15.677070 3.109969 -10.796616
-15.566103 2.066210 -10.407444
-15.417173 1.047048 -9.968968
-15.232247 0.055921 -9.482619
-15.013743 -0.904143 -8.950154
-14.764539 -1.830677 -8.373667
-14.487950 -2.721913 -7.755593
-14.187661 -3.576920 -7.098696
-13.867608 -4.395713 -6.406038
-13.531825 -5.179315 -5.680949
-13.184247 -5.929765 -4.926986
-12.828499 -6.650053 -4.147891
-12.467691 -7.344011 -3.347564
-12.104221 -8.016130 -2.530028
-11.739625 -8.671347 -1.699413
-11.374474 -9.314809 -0.859924
-11.008329 -9.951616 -0.015822
-10.639765 -10.586577 0.828606
-10.266448 -11.223993 1.669086
-9.885270 -11.867460 2.501392
-9.492527 -12.519731 3.321388
-9.084115 -13.182615 4.125075
-8.655750 -13.856947 4.908622
-8.203177 -14.542601 5.668405
-7.722366 -15.238552 6.401031
-7.209684 -15.942985 7.103354
-6.662030 -16.653425 7.772485
-6.076935 -17.366885 8.405801
-5.452623 -18.080014 9.000943
-4.788037 -18.789241 9.555829
-4.082826 -19.490899 10.068652
-3.337304 -20.181332 10.537896
-2.552389 -20.856977 10.962340
-1.729519 -21.514430 11.341060
-0.870562 -22.150480 11.673423
0.022273 -22.762132 11.959078
0.946525 -23.346613 12.197924
1.899553 -23.901369 12.390081
2.878599 -24.424049 12.535849
3.880831 -24.912486 12.635671
4.903371 -25.364685 12.690095
5.943312 -25.778802 12.699742
6.997723 -26.153131 12.665290
8.063648 -26.486100 12.587460
9.138100 -26.776264 12.467015
10.218060 -27.022311 12.304763
11.300472 -27.223063 12.101570
12.382248 -27.377488 11.858369
13.460267 -27.484711 11.576174
14.531391 -27.544020 11.256083
15.592471 -27.554877 10.899295
16.640361 -27.516927 10.507103
17.671934 -27.430002 10.080901
18.684099 -27.294124 9.622177
19.673813 -27.109506 9.132516
20.638097 -26.876549 8.613586
21.574052 -26.595840 8.067138
22.478870 -26.268144 7.494994
23.349847 -25.894400 6.899045
24.184393 -25.475709 6.281240
24.980038 -25.013327 5.643579
25.734446 -24.508655 4.988107
26.445411 -23.963226 4.316905
27.110873 -23.378701 3.632088
27.728908 -22.756852 2.935795
28.297741 -22.099556 2.230187
28.815740 -21.408785 1.517440
29.281419 -20.686594 0.799748
29.693439 -19.935118 0.079314
30.050607 -19.156560 -0.641645
30.351878 -18.353187 -1.360903
30.596359 -17.527324 -2.076224
30.783313 -16.681350 -2.785365
30.912165 -15.817693 -3.486077
30.982508 -14.938821 -4.176105
30.994113 -14.047243 -4.853197
30.946938 -13.145497 -5.515106
30.841130 -12.236142 -6.159597
30.677038 -11.321750 -6.784455
30.455215 -10.404895 -7.387487
30.176415 -9.488139 -7.966538
29.841600 -8.574025 -8.519488
29.451927 -7.665063 -9.044265
29.008748 -6.763723 -9.538852
28.513602 -5.872427 -10.001285
27.968203 -4.993542 -10.429666
27.374433 -4.129381 -10.822166
26.734334 -3.282196 -11.177028
26.050098 -2.454180 -11.492575
25.324061 -1.647468 -11.767214
24.558696 -0.864135 -11.999437
23.756613 -0.106195 -12.187827
22.920552 0.624398 -12.331063
22.053384 1.325752 -12.427915
21.158112 1.996042 -12.477257
20.237874 2.633515 -12.478065
19.295944 3.236497 -12.429430
18.335738 3.803408 -12.330572
17.360811 4.332778 -12.180857
16.374863 4.823279 -11.979831
15.381724 5.273765 -11.727243
14.385343 5.683326 -11.423090
13.389753 6.051353 -11.067649
12.399027 6.377623 -10.661516
11.417211 6.662381 -10.205631
10.448235 6.906422 -9.701298
9.495807 7.111162 -9.150189
8.563289 7.278683 -8.554341
7.653560 7.411739 -7.916136
6.768886 7.513720 -7.238277
5.910789 7.588563 -6.523760
5.079941 7.640611 -5.775844
4.276086 7.674433 -4.998026
3.497993 7.694612 -4.194017
2.743457 7.705507 -3.367719
2.009343 7.711027 -2.523198
1.291678 7.714413 -1.664664
0.585788 7.718058 -0.796438
-0.113521 7.723373 0.077081
-0.811755 7.730699 0.951446
-1.514487 7.739298 1.822194
-2.227117 7.747384 2.684879
-2.954628 7.752225 3.535100
-3.701362 7.750294 4.368530
-4.470838 7.737462 5.180946
-5.265616 7.709217 5.968269
-6.087219 7.660898 6.726593
-6.936116 7.587929 7.452230
-7.811766 7.486021 8.141748
-8.712706 7.351351 8.792003
-9.636688 7.180686 9.400171
-10.580823 6.971455 9.963767
-11.541744 6.721772 10.480650
-12.515745 6.430416 10.949023
-13.498918 6.096776 11.367416
-14.487246 5.720772 11.734673
-15.476686 5.302773 12.049923
-16.463219 4.843520 12.312560
-17.442886 4.344048 12.522225
-18.411810 3.805635 12.678788
-19.366216 3.229756 12.782340
-20.302442 2.618058 12.833189
-21.216959 1.972329 12.831849
-22.106384 1.294488 12.779046
-22.967500 0.586564 12.675706
-23.797268 -0.149321 12.522947
-24.592835 -0.910973 12.322067
-25.351542 -1.696145 12.074522
-26.070914 -2.502561 11.781911
-26.748659 -3.327927 11.445948
-27.382646 -4.169950 11.068444
-27.970893 -5.026343 10.651290
-28.511554 -5.894831 10.196440
-29.002902 -6.773147 9.705909
-29.443332 -7.659028 9.181761
-29.831355 -8.550210 8.626119
-30.165614 -9.444418 8.041161
-30.444896 -10.339370 7.429127
-30.668152 -11.232768 6.792317
-30.834515 -12.122309 6.133092
