Component 1 of 1:
-30.882306 -13.119613 5.417908
-30.942298 -13.998019 4.725155
-30.943865 -14.867819 4.019070
-30.886528 -15.726716 3.302044
-30.770008 -16.572332 2.576454
-30.594238 -17.402218 1.844658
-30.359376 -18.213864 1.108989
-30.065810 -19.004718 0.371755
-29.714171 -19.772202 -0.364769
-29.305331 -20.513737 -1.098341
-28.840403 -21.226765 -1.826758
-28.320739 -21.908768 -2.547856
-27.747927 -22.557298 -3.259514
-27.123779 -23.169998 -3.959658
-26.450323 -23.744629 -4.646258
-25.729790 -24.279093 -5.317336
-24.964601 -24.771454 -5.970962
-24.157346 -25.219965 -6.605262
-23.310769 -25.623085 -7.218416
-22.427746 -25.979499 -7.808662
-21.511259 -26.288129 -8.374300
-20.564376 -26.548149 -8.913689
-19.590220 -26.758992 -9.425251
-18.591945 -26.920348 -9.907470
-17.572714 -27.032163 -10.358889
-16.535670 -27.094632 -10.778105
-15.483921 -27.108182 -11.163765
-14.420520 -27.073457 -11.514558
-13.348455 -26.991298 -11.829203
-12.270646 -26.862717 -12.106440
-11.189944 -26.688880 -12.345020
-10.109139 -26.471083 -12.543695
-9.030969 -26.210732 -12.701209
-7.958145 -25.909335 -12.816296
-6.893360 -25.568495 -12.887683
-5.839319 -25.189905 -12.914093
-4.798746 -24.775360 -12.894268
-3.774407 -24.326767 -12.826991
-2.769106 -23.846165 -12.711125
-1.785682 -23.335744 -12.545653
-0.826985 -22.797862 -12.329736
0.104158 -22.235064 -12.062774
1.004996 -21.650081 -11.744463
1.872926 -21.045826 -11.374862
2.705574 -20.425363 -10.954448
3.500885 -19.791865 -10.484155
4.257219 -19.148547 -9.965407
4.973440 -18.498579 -9.400120
5.648992 -17.844988 -8.790690
6.283954 -17.190547 -8.139953
6.879071 -16.537661 -7.451129
7.435742 -15.888267 -6.727751
7.955990 -15.243737 -5.973584
8.442379 -14.604809 -5.192550
8.897921 -13.971544 -4.388652
9.325944 -13.343306 -3.565918
9.729957 -12.718777 -2.728360
10.113502 -12.095996 -1.879953
10.480010 -11.472422 -1.024626
10.832668 -10.845025 -0.166277
11.174295 -10.210385 0.691214
11.507244 -9.564820 1.543956
11.833317 -8.904510 2.388030
12.153714 -8.225647 3.219477
12.468997 -7.524574 4.034295
12.779085 -6.797930 4.828457
13.083271 -6.042784 5.597946
13.380266 -5.256750 6.338798
13.668260 -4.438088 7.047176
13.945006 -3.585760 7.719431
14.207917 -2.699473 8.352187
14.454163 -1.779666 8.942404
14.680781 -0.827488 9.487440
14.884774 0.155269 9.985096
15.063198 1.166250 10.433638
15.213243 2.202626 10.831801
15.332287 3.261200 11.178774
15.417947 4.338492 11.474166
15.468100 5.430834 11.717959
15.480896 6.534443 11.910456
15.454765 7.645478 12.052222
15.388403 8.760088 12.144029
15.280765 9.874441 12.186800
15.131052 10.984739 12.181569
14.938694 12.087233 12.129435
14.703344 13.178218 12.031546
14.424866 14.254035 11.889067
14.103335 15.311062 11.703182
13.739037 16.345716 11.475081
13.332467 17.354450 11.205970
12.884339 18.333757 10.897077
12.395591 19.280178 10.549660
11.867388 20.190318 10.165025
11.301127 21.060861 9.744536
10.698436 21.888594 9.289628
10.061174 22.670430 8.801820
9.391421 23.403439 8.282720
8.691465 24.084873 7.734038
7.963786 24.712194 7.157582
7.211036 25.283098 6.555263
6.436008 25.795540 5.929091
5.641613 26.247748 5.281169
4.830843 26.638236 4.613688
4.006742 26.965811 3.928917
3.172371 27.229577 3.229197
2.330776 27.428926 2.516926
1.484958 27.563536 1.794554
0.637845 27.633349 1.064575
-0.207732 27.638565 0.329518
-1.049061 27.579613 -0.408061
-1.883563 27.457140 -1.145578
-2.708804 27.271983 -1.880434
-3.522504 27.025154 -2.610008
-4.322538 26.717820 -3.331671
-5.106934 26.351285 -4.042778
-5.873869 25.926976 -4.740678
-6.621658 25.446432 -5.422716
-7.348743 24.911294 -6.086235
-8.053677 24.323303 -6.728584
-8.735108 23.684292 -7.347123
-9.391764 22.996192 -7.939232
-10.022430 22.261028 -8.502317
-10.625931 21.480931 -9.033826
-11.201121 20.658138 -9.531256
-11.746858 19.795004 -9.992165
-12.262000 18.894006 -10.414185
-12.745389 17.957760 -10.795037
-13.195850 16.989023 -11.132537
-13.612185 15.990709 -11.424615
-13.993181 14.965897 -11.669322
-14.337617 13.917844 -11.864849
-14.644284 12.849993 -12.009534
-14.912011 11.765981 -12.101891
-15.139698 10.669646 -12.140621
-15.326358 9.565021 -12.124643
-15.471167 8.456325 -12.053126
-15.573524 7.347933 -11.925520
-15.633109 6.244344 -11.741602
-15.649945 5.150110 -11.501509
-15.624457 4.069759 -11.205779
-15.557512 3.007693 -10.855384
-15.450458 1.968061 -10.451746
-15.305130 0.954630 -9.996744
-15.123833 -0.029356 -9.492704
-14.909303 -0.981308 -8.942362
-14.664634 -1.899408 -8.348817
-14.393183 -2.782700 -7.715467
-14.098457 -3.631134 -7.045936
-13.783986 -4.445580 -6.343999
-13.453191 -5.227789 -5.613510
-13.109257 -5.980313 -4.858347
-12.755013 -6.706391 -4.082367
-12.392834 -7.409804 -3.289375
-12.024553 -8.094709 -2.483115
-11.651404 -8.765468 -1.667267
-11.273977 -9.426476 -0.845454
-10.892210 -10.081990 -0.021253
-10.505388 -10.735979 0.801798
-10.112173 -11.391987 1.620200
-9.710657 -12.053014 2.430491
-9.298430 -12.721424 3.229266
-8.872668 -13.398875 4.013187
-8.430237 -14.086276 4.779009
-7.967814 -14.783766 5.523609
-7.482007 -15.490723 6.244005
-6.969482 -16.205795 6.937381
-6.427092 -16.926955 7.601112
-5.851988 -17.651578 8.232771
-5.241723 -18.376530 8.830151
-4.594339 -19.098273 9.391262
-3.908424 -19.812979 9.914338
-3.183158 -20.516640 10.397835
-2.418326 -21.205184 10.840423
-1.614309 -21.874574 11.240976
-0.772058 -22.520901 11.598562
0.106948 -23.140459 11.912425
1.020761 -23.729803 12.181966
1.967021 -24.285790 12.406731
2.943025 -24.805601 12.586386
3.945785 -25.286750 12.720709
4.972090 -25.727077 12.809573
6.018549 -26.124741 12.852941
7.081643 -26.478197 12.850860
8.157752 -26.786179 12.803464
9.243193 -27.047676 12.710977
10.334240 -27.261918 12.573727
11.427150 -27.428361 12.392154
12.518185 -27.546671 12.166823
13.603633 -27.616718 11.898442
14.679831 -27.638565 11.587869
15.743189 -27.612465 11.236126
16.790218 -27.538850 10.844406
17.817553 -27.418321 10.414073
18.821981 -27.251639 9.946663
19.800459 -27.039705 9.443879
20.750137 -26.783548 8.907582
21.668374 -26.484298 8.339774
22.552744 -26.143168 7.742590
23.401042 -25.761430 7.118276
24.211278 -25.340387 6.469173
24.981671 -24.881361 5.797700
25.710631 -24.385664 5.106337
26.396739 -23.854593 4.397611
27.038726 -23.289413 3.674084
27.635446 -22.691357 2.938341
28.185850 -22.061627 2.192985
28.688962 -21.401403 1.440630
29.143857 -20.711853 0.683896
29.549643 -19.994154 -0.074590
29.905449 -19.249512 -0.832196
30.210413 -18.479189 -1.586290
30.463690 -17.684525 -2.334236
30.664449 -16.866967 -3.073401
30.811889 -16.028095 -3.801157
30.905256 -15.169637 -4.514888
30.943865 -14.293492 -5.212001
30.927123 -13.401740 -5.889934
30.854559 -12.496651 -6.546172
30.725849 -11.580679 -7.178260
30.540845 -10.656460 -7.783823
30.299598 -9.726799 -8.360578
30.002375 -8.794648 -8.906356
29.649679 -7.863087 -9.419116
29.242258 -6.935294 -9.896956
28.781104 -6.014518 -10.338128
28.267462 -5.104048 -10.741038
27.702816 -4.207183 -11.104256
27.088886 -3.327207 -11.426508
26.427620 -2.467356 -11.706673
25.721177 -1.630799 -11.943769
24.971927 -0.820612 -12.136947
24.182440 -0.039754 -12.285471
23.355482 0.708954 -12.388704
22.494020 1.422858 -12.446099
21.601221 2.099501 -12.457187
20.680452 2.736654 -12.421571
19.735288 3.332364 -12.338925
18.769503 3.884994 -12.209007
17.787057 4.393280 -12.031664
16.792079 4.856383 -11.806853
15.788823 5.273943 -11.534668
14.781620 5.646132 -11.215362
13.774805 5.973690 -10.849377
12.772641 6.257951 -10.437371
11.779217 6.500850 -9.980245
10.798348 6.704903 -9.479161
9.833474 6.873164 -8.935561
8.887553 7.009158 -8.351175
7.962977 7.116782 -7.728027
7.061486 7.200189 -7.068427
6.184120 7.263658 -6.374963
5.331174 7.311440 -5.650480
4.502190 7.347614 -4.898059
3.695968 7.375936 -4.120978
2.910599 7.399699 -3.322686
2.143520 7.421608 -2.506754
1.391594 7.443682 -1.676846
0.651198 7.467169 -0.836677
-0.081667 7.492504 0.010013
-0.811257 7.519286 0.859479
-1.541956 7.546288 1.707983
-2.278140 7.571498 2.551787
-3.024029 7.592188 3.387151
-3.783546 7.605009 4.210309
-4.560167 7.606109 5.017462
-5.356786 7.591271 5.804759
-6.175594 7.556072 6.568307
-7.017978 7.496044 7.304183
-7.884458 7.406845 8.008473
-8.774663 7.284416 8.677325
-9.687338 7.125134 9.307020
-10.620408 6.925923 9.894048
-11.571074 6.684355 10.435186
-12.535930 6.398700 10.927571
-13.511110 6.067943 11.368755
-14.492438 5.691770 11.756746
-15.475566 5.270518 12.090023
-16.456106 4.805106 12.367538
-17.429736 4.296948 12.588693
-18.392284 3.747859 12.753312
-19.339780 3.159963 12.861598
-20.268497 2.535602 12.914093
-21.174956 1.877258 12.911629
-22.055935 1.187481 12.855297
-22.908449 0.468839 12.746401
-23.729734 -0.276131 12.586434
-24.517228 -1.044952 12.377051
-25.268546 -1.835230 12.120045
-25.981459 -2.644665 11.817329
-26.653875 -3.471055 11.470919
-27.283823 -4.312295 11.082922
-27.869438 -5.166369 10.655518
-28.408951 -6.031332 10.190949
-28.900682 -6.905301 9.691508
-29.343037 -7.786428 9.159529
-29.734505 -8.672884 8.597375
-30.073664 -9.562833 8.007432
-30.359187 -10.454417 7.392102
-30.589850 -11.345731 6.753794
-30.764548 -12.234809 6.094925
