Component 1 of 1:
-31.248848 -13.382998 5.414070
-31.291377 -14.251477 4.707592
-31.275201 -15.110219 3.988235
-31.200305 -15.957187 3.258711
-31.066838 -16.790326 2.521665
-30.875121 -17.607550 1.779669
-30.625645 -18.406750 1.035216
-30.319069 -19.185787 0.290716
-29.956223 -19.942501 -0.451506
-29.538104 -20.674714 -1.189212
-29.065877 -21.380238 -1.920243
-28.540876 -22.056888 -2.642523
-27.964596 -22.702492 -3.354048
-27.338697 -23.314909 -4.052882
-26.664999 -23.892042 -4.737149
-25.945479 -24.431861 -5.405028
-25.182268 -24.932417 -6.054743
-24.377644 -25.391866 -6.684557
-23.534028 -25.808488 -7.292766
-22.653975 -26.180707 -7.877695
-21.740166 -26.507114 -8.437689
-20.795393 -26.786479 -8.971116
-19.822555 -27.017771 -9.476362
-18.824634 -27.200175 -9.951828
-17.804690 -27.333097 -10.395934
-16.765838 -27.416179 -10.807115
-15.711241 -27.449301 -11.183828
-14.644089 -27.432586 -11.524548
-13.567588 -27.366403 -11.827779
-12.484950 -27.251364 -12.092054
-11.399376 -27.088321 -12.315945
-10.314052 -26.878367 -12.498070
-9.232134 -26.622826 -12.637109
-8.156744 -26.323253 -12.731815
-7.090955 -25.981427 -12.781036
-6.037779 -25.599345 -12.783733
-5.000157 -25.179210 -12.739011
-3.980938 -24.723429 -12.646142
-2.982856 -24.234591 -12.504597
-2.008504 -23.715454 -12.314075
-1.060307 -23.168920 -12.074536
-0.140480 -22.598004 -11.786224
0.749003 -22.005796 -11.449694
1.606453 -21.395422 -11.065824
2.430501 -20.769983 -10.635831
3.220133 -20.132508 -10.161260
3.974722 -19.485885 -9.643986
4.694042 -18.832799 -9.086187
5.378287 -18.175669 -8.490318
6.028058 -17.516586 -7.859077
6.644353 -16.857262 -7.195363
7.228534 -16.198977 -6.502235
7.782281 -15.542549 -5.782865
8.307537 -14.888311 -5.040503
8.806438 -14.236098 -4.278443
9.281235 -13.585255 -3.499988
9.734220 -12.934654 -2.708441
10.167636 -12.282725 -1.907087
10.583603 -11.627503 -1.099194
10.984039 -10.966679 -0.288018
11.370594 -10.297672 0.523189
11.744595 -9.617702 1.331163
12.107001 -8.923872 2.132618
12.458370 -8.213264 2.924232
12.798846 -7.483031 3.702642
13.128151 -6.730494 4.464444
13.445600 -5.953237 5.206205
13.750122 -5.149197 5.924474
14.040295 -4.316742 6.615820
14.314394 -3.454737 7.276864
14.570439 -2.562595 7.904322
14.806260 -1.640304 8.495058
15.019555 -0.688441 9.046135
15.207959 0.291837 9.554860
15.369098 1.298825 10.018836
15.500656 2.330306 10.435994
15.600418 3.383614 10.804623
15.666321 4.455694 11.123390
15.696487 5.543174 11.391344
15.689251 6.642436 11.607911
15.643180 7.749685 11.772882
15.557081 8.861012 11.886385
15.430011 9.972452 11.948859
15.261273 11.080030 11.961018
15.050410 12.179805 11.923815
14.797201 13.267896 11.838404
14.501650 14.340509 11.706105
14.163976 15.393951 11.528369
13.784608 16.424640 11.306749
13.364177 17.429111 11.042877
12.903504 18.404022 10.738437
12.403602 19.346153 10.395155
11.865668 20.252408 10.014779
11.291078 21.119816 9.599079
10.681384 21.945535 9.149833
10.038312 22.726853 8.668832
9.363753 23.461197 8.157878
8.659761 24.146133 7.618784
7.928539 24.779381 7.053381
7.172437 25.358816 6.463522
6.393933 25.882482 5.851086
5.595624 26.348598 5.217987
4.780212 26.755567 4.566177
3.950481 27.101985 3.897657
3.109286 27.386648 3.214474
2.259528 27.608558 2.518737
1.404140 27.766930 1.812612
0.546059 27.861194 1.098331
-0.311788 27.891002 0.378195
-1.166507 27.856226 -0.345430
-2.015257 27.756964 -1.070108
-2.855268 27.593533 -1.793337
-3.683858 27.366475 -2.512553
-4.498451 27.076547 -3.225132
-5.296586 26.724721 -3.928401
-6.075933 26.312176 -4.619639
-6.834301 25.840292 -5.296093
-7.569640 25.310643 -5.954982
-8.280046 24.724988 -6.593510
-8.963762 24.085263 -7.208873
-9.619170 23.393575 -7.798274
-10.244791 22.652191 -8.358931
-10.839271 21.863538 -8.888089
-11.401377 21.030195 -9.383031
-11.929983 20.154896 -9.841091
-12.424066 19.240525 -10.259669
-12.882691 18.290127 -10.636242
-13.305014 17.306904 -10.968391
-13.690276 16.294224 -11.253812
-14.037806 15.255625 -11.490351
-14.347031 14.194810 -11.676029
-14.617488 13.115653 -11.809072
-14.848841 12.022178 -11.887956
-15.040905 10.918550 -11.911439
-15.193668 9.809036 -11.878604
-15.307320 8.697968 -11.788901
-15.382276 7.589688 -11.642177
-15.419198 6.488480 -11.438710
-15.419012 5.398489 -11.179228
-15.382912 4.323639 -10.864918
-15.312362 3.267540 -10.497422
-15.209074 2.233395 -10.078817
-15.074985 1.223918 -9.611584
-14.912216 0.241259 -9.098563
-14.723021 -0.713053 -8.542894
-14.509725 -1.638148 -7.947956
-14.274661 -2.533826 -7.317302
-14.020096 -3.400551 -6.654595
-13.748166 -4.239408 -5.963548
-13.460802 -5.052052 -5.247876
-13.159675 -5.840629 -4.511255
-12.846139 -6.607682 -3.757295
-12.521186 -7.356050 -2.989523
-12.185413 -8.088759 -2.211376
-11.839002 -8.808910 -1.426203
-11.481712 -9.519572 -0.637271
-11.112883 -10.223677 0.152229
-10.731460 -10.923925 0.939168
-10.336023 -11.622700 1.720476
-9.924836 -12.321995 2.493138
-9.495908 -13.023354 3.254194
-9.047056 -13.727827 4.000742
-8.575987 -14.435941 4.729953
-8.080372 -15.147688 5.439078
-7.557930 -15.862528 6.125469
-7.006502 -16.579411 6.786592
-6.424125 -17.296804 7.420047
-5.809096 -18.012746 8.023580
-5.160026 -18.724898 8.595105
-4.475878 -19.430610 9.132705
-3.756007 -20.126990 9.634652
-3.000168 -20.810976 10.099401
-2.208529 -21.479403 10.525598
-1.381664 -22.129074 10.912072
-0.520541 -22.756822 11.257831
0.373503 -23.359561 11.562052
1.298785 -23.934334 11.824070
2.253314 -24.478355 12.043363
3.234818 -24.989032 12.219542
4.240783 -25.463988 12.352336
5.268486 -25.901081 12.441579
6.315027 -26.298398 12.487203
7.377358 -26.654268 12.489232
8.452311 -26.967247 12.447775
9.536618 -27.236119 12.363024
10.626942 -27.459887 12.235260
11.719885 -27.637758 12.064858
12.812019 -27.769141 11.852288
13.899892 -27.853630 11.598130
14.980056 -27.891002 11.303082
16.049078 -27.881203 10.967969
17.103560 -27.824346 10.593753
18.140160 -27.720695 10.181539
19.155607 -27.570665 9.732585
20.146724 -27.374808 9.248305
21.110442 -27.133808 8.730265
22.043820 -26.848467 8.180189
22.944058 -26.519701 7.599950
23.808514 -26.148521 6.991564
24.634709 -25.736032 6.357183
25.420342 -25.283413 5.699079
26.163287 -24.791910 5.019640
26.861600 -24.262831 4.321348
27.513513 -23.697528 3.606775
28.117434 -23.097402 2.878561
28.671941 -22.463888 2.139407
29.175771 -21.798461 1.392061
29.627814 -21.102631 0.639307
30.027107 -20.377949 -0.116048
30.372822 -19.626008 -0.871180
30.664260 -18.848451 -1.623263
30.900848 -18.046982 -2.369475
31.082131 -17.223368 -3.107009
31.207773 -16.379452 -3.833083
31.277555 -15.517162 -4.544947
31.291377 -14.638516 -5.239900
31.249260 -13.745631 -5.915292
31.151350 -12.840728 -6.568544
30.997925 -11.926129 -7.197154
30.789396 -11.004265 -7.798707
30.526317 -10.077668 -8.370892
30.209389 -9.148967 -8.911506
29.839461 -8.220882 -9.418468
29.417544 -7.296212 -9.889821
28.944805 -6.377825 -10.323745
28.422580 -5.468642 -10.718558
27.852374 -4.571622 -11.072723
27.235863 -3.689741 -11.384844
26.574905 -2.825979 -11.653676
25.871540 -1.983289 -11.878121
25.127995 -1.164578 -12.057227
24.346686 -0.372679 -12.190197
23.530224 0.389681 -12.276384
22.681415 1.119913 -12.315298
21.803254 1.815603 -12.306610
20.898917 2.474553 -12.250158
19.971752 3.094818 -12.145955
19.025252 3.674752 -11.994194
18.063030 4.213048 -11.795260
17.088779 4.708780 -11.549729
16.106226 5.161432 -11.258379
15.119078 5.570932 -10.922190
14.130957 5.937664 -10.542340
13.145340 6.262482 -10.120205
12.165484 6.546693 -9.657349
11.194363 6.792048 -9.155514
10.234602 7.000695 -8.616604
9.288418 7.175137 -8.042678
8.357575 7.318164 -7.435926
7.443342 7.432778 -6.798660
6.546472 7.522111 -6.133300
5.667190 7.589331 -5.442356
4.805197 7.637548 -4.728421
3.959686 7.669720 -3.994160
3.129374 7.688562 -3.242298
2.312544 7.696458 -2.475616
1.507100 7.695389 -1.696939
0.710624 7.686870 -0.909135
-0.079550 7.671901 -0.115104
-0.866265 7.650939 0.682219
-1.652460 7.623886 1.479868
-2.441096 7.590092 2.274842
-3.235069 7.548384 3.064102
-4.037131 7.497105 3.844565
-4.849812 7.434170 4.613094
-5.675341 7.357133 5.366494
-6.515573 7.263271 6.101508
-7.371921 7.149669 6.814818
-8.245304 7.013313 7.503053
-9.136096 6.851188 8.162808
-10.044096 6.660368 8.790672
-10.968517 6.438114 9.383261
-11.907982 6.181953 9.937268
-12.860551 5.889752 10.449509
-13.823760 5.559779 10.916984
-14.794675 5.190748 11.336929
-15.769959 4.781845 11.706866
-16.745957 4.332742 12.024656
-17.718771 3.843586 12.288530
-18.684355 3.314980 12.497120
-19.638587 2.747948 12.649472
-20.577350 2.143887 12.745050
-21.496597 1.504518 12.783733
-22.392406 0.831831 12.765797
-23.261021 0.128023 12.691891
-24.098889 -0.604550 12.563014
-24.902676 -1.363428 12.380478
-25.669281 -2.146091 12.145881
-26.395843 -2.949995 11.861071
-27.079736 -3.772607 11.528112
-27.718563 -4.611427 11.149257
-28.310153 -5.464007 10.726916
-28.852545 -6.327957 10.263633
-29.343985 -7.200958 9.762057
-29.782909 -8.080756 9.224921
-30.167941 -8.965161 8.655023
-30.497884 -9.852038 8.055201
-30.771716 -10.739300 7.428325
-30.988582 -11.624897 6.777268
-31.147799 -12.506801 6.104900
