Component 1 of 1:
-31.229899 -13.312283 5.396608
-31.124383 -14.089433 4.698465
-31.018335 -14.921841 3.962280
-30.913057 -15.757696 3.230032
-30.808404 -16.597204 2.501985
-30.704226 -17.440489 1.778311
-30.607502 -18.255106 1.087790
-30.262133 -18.965052 0.385852
-29.814749 -19.661289 -0.339761
-29.360994 -20.371218 -1.071920
-28.906913 -21.084693 -1.800552
-28.452437 -21.801327 -2.525975
-28.006537 -22.508620 -3.235357
-27.422963 -23.112907 -3.907204
-26.679707 -23.606088 -4.544011
-25.922552 -24.109739 -5.192167
-25.165056 -24.613919 -5.839562
-24.407340 -25.118013 -6.486753
-23.652839 -25.619363 -7.131384
-22.858310 -26.061989 -7.741100
-21.896348 -26.288181 -8.224603
-20.921016 -26.515845 -8.718040
-19.946374 -26.740807 -9.213861
-18.972577 -26.962727 -9.712500
-17.999777 -27.181335 -10.214326
-17.033953 -27.395280 -10.716620
-15.965466 -27.340064 -11.008882
-14.888101 -27.258701 -11.287325
-13.811662 -27.173771 -11.569820
-12.736498 -27.085451 -11.856261
-11.662565 -26.993967 -12.146542
-10.586600 -26.899210 -12.441138
-9.503921 -26.628040 -12.560714
-8.447298 -26.258397 -12.574479
-7.394087 -25.887929 -12.590809
-6.341271 -25.516202 -12.609221
-5.288667 -25.143700 -12.629150
-4.229348 -24.768142 -12.649309
-3.183877 -24.314406 -12.570529
-2.255608 -23.726374 -12.283962
-1.342937 -23.148543 -12.000865
-0.429859 -22.572343 -11.716040
0.483660 -21.998183 -11.428862
1.397907 -21.426251 -11.138646
2.345790 -20.832152 -10.827285
3.083735 -20.137416 -10.254244
3.775589 -19.467872 -9.683608
4.465386 -18.803710 -9.110187
5.154847 -18.143185 -8.532224
5.843890 -17.486224 -7.949585
6.545669 -16.818840 -7.349430
7.157434 -16.131567 -6.638653
7.645300 -15.462676 -5.855438
8.121423 -14.811100 -5.084034
8.596198 -14.162272 -4.309342
9.069594 -13.515713 -3.531767
9.541617 -12.870892 -2.751770
10.018279 -12.218099 -1.959507
10.405907 -11.553669 -1.127127
10.777497 -10.897662 -0.301118
11.147430 -10.242063 0.523868
11.516371 -9.585327 1.348341
11.884486 -8.926881 2.171728
12.253885 -8.262571 2.997598
12.616605 -7.549886 3.814366
12.931450 -6.739152 4.547151
13.239691 -5.939452 5.262621
13.547830 -5.136526 5.974148
13.856085 -4.330093 6.681525
14.164625 -3.520043 7.384547
14.484579 -2.674327 8.108058
14.712304 -1.673129 8.687837
14.878316 -0.649507 9.155490
15.041032 0.357690 9.608386
15.204261 1.366829 10.056648
15.368059 2.377812 10.500747
15.534300 3.402627 10.946654
15.652999 4.503617 11.339612
15.580613 5.655074 11.473549
15.509027 6.762770 11.595970
15.437708 7.870526 11.717307
15.366507 8.978327 11.838380
15.295256 10.086048 11.959991
15.220905 11.218405 12.085008
14.921508 12.314817 11.944350
14.584236 13.366493 11.753738
14.247091 14.414231 11.566935
13.908697 15.462157 11.384056
13.568826 16.510276 11.205553
13.225638 17.563195 11.030903
12.757117 18.538349 10.722782
12.174005 19.388352 10.284230
11.590448 20.235907 9.852021
11.004384 21.084203 9.424579
10.415822 21.933141 9.001698
9.824458 22.783134 8.582796
9.197036 23.594122 8.131779
8.427802 24.134089 7.522700
7.658716 24.672430 6.918141
6.887901 25.210843 6.315688
6.115741 25.749129 5.714715
5.342654 26.287095 5.114564
4.567471 26.825548 4.513176
3.714649 27.051799 3.824251
2.857111 27.207848 3.125491
2.001064 27.362824 2.425344
1.146734 27.516694 1.722993
0.294583 27.669402 1.017897
-0.552480 27.820599 0.311752
-1.399870 27.765869 -0.400784
-2.226349 27.516507 -1.101712
-3.052182 27.265409 -1.809416
-3.874071 27.013409 -2.521324
-4.691933 26.760652 -3.237526
-5.502160 26.507837 -3.954826
-6.278857 26.187087 -4.645933
-6.961114 25.575167 -5.242999
-7.655082 24.952283 -5.856794
-8.346080 24.329495 -6.474206
-9.034556 23.706970 -7.094873
-9.720809 23.085040 -7.718189
-10.379734 22.486048 -8.322076
-10.878909 21.641299 -8.749276
-11.369034 20.734774 -9.162160
-11.862850 19.823538 -9.578217
-12.357745 18.913003 -9.994442
-12.854159 18.003419 -10.410129
-13.338487 17.118573 -10.814101
-13.693316 16.151482 -11.065464
-13.942112 15.096879 -11.186646
-14.201630 14.017987 -11.308463
-14.464835 12.939748 -11.427179
-14.731859 11.862321 -11.542403
-14.999715 10.794904 -11.652108
-15.217436 9.757695 -11.699323
-15.228184 8.706777 -11.486787
-15.245372 7.613281 -11.264178
-15.266063 6.520620 -11.037568
-15.289976 5.428754 -10.807142
-15.316771 4.338290 -10.573310
-15.344075 3.287637 -10.341832
-15.206532 2.334870 -9.882910
-15.020317 1.385566 -9.348347
-14.833338 0.426961 -8.807201
-14.647103 -0.531305 -8.265118
-14.461197 -1.489224 -7.722854
-14.277172 -2.433744 -7.186519
-14.060168 -3.300708 -6.599271
-13.761509 -4.050486 -5.874874
-13.452510 -4.825087 -5.132623
-13.141749 -5.601258 -4.392881
-12.828954 -6.379306 -3.656103
-12.514010 -7.159296 -2.922887
-12.200831 -7.929460 -2.202926
-11.852062 -8.634100 -1.442807
-11.481730 -9.324370 -0.657049
-11.106669 -10.021822 0.129392
-10.729194 -10.722414 0.911933
-10.349481 -11.426122 1.690680
-9.967692 -12.132916 2.465846
-9.578680 -12.843481 3.235287
-9.074735 -13.559693 3.929274
-8.570250 -14.277544 4.619866
-8.065189 -14.997325 5.308184
-7.559914 -15.718708 5.994797
-7.054798 -16.441317 6.680305
-6.553260 -17.160250 7.360589
-5.945214 -17.867483 7.944418
-5.227106 -18.560010 8.425650
-4.504430 -19.258011 8.913170
-3.783094 -19.955544 9.403161
-3.063247 -20.652265 9.896259
-2.346532 -21.346331 10.391834
-1.636510 -22.013189 10.860493
-0.728188 -22.561303 11.081653
0.205849 -23.125233 11.317316
1.139277 -23.687719 11.558563
2.072171 -24.248589 11.805494
3.004615 -24.807703 12.058086
3.922456 -25.357505 12.313404
4.943569 -25.749457 12.361752
6.004206 -26.080140 12.334131
7.070337 -26.410771 12.310873
8.137134 -26.739839 12.291555
9.204551 -27.067401 12.275527
10.276496 -27.394355 12.261499
11.377786 -27.605629 12.128817
12.465314 -27.650665 11.842286
13.544554 -27.694109 11.558230
14.623654 -27.736798 11.273617
15.702413 -27.778953 10.987670
16.785974 -27.820599 10.697652
17.894066 -27.817230 10.357013
18.886898 -27.558677 9.828177
19.844619 -27.307142 9.312612
20.800237 -27.056379 8.793006
21.753613 -26.806608 8.269012
22.704929 -26.557955 7.740222
23.693482 -26.294751 7.179693
24.490968 -25.788653 6.481891
25.214145 -25.271418 5.794401
25.929555 -24.759626 5.107399
26.642482 -24.249644 4.416383
27.353290 -23.741298 3.721556
28.083583 -23.215213 3.000250
28.641307 -22.534051 2.219573
29.051660 -21.799943 1.450145
29.451650 -21.081910 0.694396
29.850974 -20.364508 -0.062367
30.250098 -19.647204 -0.819684
30.655318 -18.914676 -1.590700
30.944937 -18.093365 -2.379309
30.999558 -17.207210 -3.116586
31.051209 -16.348572 -3.828296
31.104155 -15.488071 -4.537522
31.158592 -14.625272 -5.243835
31.214433 -13.754597 -5.950662
31.229899 -12.827964 -6.674192
30.920899 -11.866793 -7.265638
30.624186 -10.947180 -7.824039
30.329124 -10.024368 -8.378024
30.035593 -9.098368 -8.927546
29.743269 -8.168774 -9.472950
29.431722 -7.193800 -10.036117
28.838487 -6.250152 -10.418874
28.220376 -5.363816 -10.738045
27.608444 -4.483725 -11.050469
26.996786 -3.602237 -11.359844
26.384889 -2.719468 -11.666822
25.752102 -1.812949 -11.978585
24.954434 -0.968982 -12.134719
24.084453 -0.232015 -12.156545
23.231352 0.488464 -12.176450
22.377088 1.207469 -12.197022
21.521259 1.924771 -12.218954
20.655431 2.644888 -12.241601
19.727480 3.318769 -12.180069
18.735774 3.802408 -11.893731
17.762254 4.272359 -11.615253
16.786358 4.739582 -11.340841
15.808001 5.204078 -11.070818
14.826986 5.665981 -10.805368
13.838843 6.122202 -10.536732
12.872610 6.352081 -10.013676
11.916080 6.554690 -9.474318
10.957088 6.755499 -8.939381
9.995501 6.954858 -8.408385
9.031619 7.153049 -7.880985
8.067800 7.348491 -7.355326
7.152231 7.460402 -6.730185
6.301168 7.482488 -6.008775
5.448357 7.504709 -5.288045
4.594981 7.527275 -4.567966
3.741586 7.550427 -3.847946
2.888686 7.574382 -3.127362
2.035846 7.598511 -2.402646
1.236878 7.577752 -1.618275
0.449492 7.552037 -0.826456
-0.334956 7.527650 -0.032460
-1.116375 7.504633 0.764420
-1.894411 7.482992 1.564476
-2.666879 7.462596 2.365605
-3.440136 7.432381 3.145826
-4.273098 7.352373 3.862887
-5.113114 7.272737 4.593458
-5.949761 7.194058 5.328046
-6.783187 7.116198 6.066462
-7.613564 7.039020 6.808386
-8.424095 6.963989 7.539193
-9.301041 6.778991 8.142462
-10.233949 6.518914 8.670070
-11.177488 6.255991 9.206193
-12.120321 5.993050 9.743648
-13.062790 5.730040 10.281705
-14.000615 5.468034 10.817008
-14.932546 5.162695 11.291935
-15.876112 4.656078 11.522742
-16.838818 4.140976 11.756164
-17.802334 3.626162 11.986434
-18.766859 3.111768 12.212936
-19.732517 2.597973 12.435124
-20.683626 2.093206 12.649309
-21.529604 1.400732 12.594378
-22.361444 0.670087 12.483909
-23.196676 -0.060978 12.367693
-24.032806 -0.790159 12.246051
-24.869853 -1.517328 12.119133
-25.693717 -2.230299 11.988999
-26.379336 -3.015341 11.705062
-26.948792 -3.860175 11.291901
-27.528495 -4.715874 10.869671
-28.109154 -5.569603 10.444503
-28.690743 -6.421488 10.017129
-29.265037 -7.260837 9.592765
-29.739965 -8.085018 9.126127
-29.977073 -8.935222 8.512317
-30.227138 -9.819553 7.877749
-30.478440 -10.704370 7.244428
-30.730949 -11.590131 6.613031
-30.984610 -12.477275 5.984199
