1 0.4999976 
2 0.4999976 
3 0.4999976 
4 0.4999976 
5 0.4999976 
6 0.4999976 
7 0.4999976 
8 0.4999976 
9 0.4999975 
10 0.4999974 
11 0.4999973 
12 0.4999972 
13 0.4999972 
14 0.4999972 
15 0.4999971 
16 0.499997 
17 0.4999969 
18 0.4999969 
19 0.4999968 
20 0.4999967 
21 0.4999967 
22 0.4999965 
23 0.4999965 
24 0.4999964 
25 0.4999963 
26 0.4999963 
27 0.4999961 
28 0.4999961 
29 0.4999961 
30 0.499996 
31 0.4999959 
32 0.4999958 
33 0.4999955 
34 0.4999955 
35 0.4999954 
36 0.4999953 
37 0.4999953 
38 0.4999951 
39 0.4999951 
40 0.4999951 
41 0.4999949 
42 0.4999949 
43 0.4999946 
44 0.4999946 
45 0.4999943 
46 0.4999942 
47 0.4999942 
48 0.4999942 
49 0.4999942 
50 0.4999942 
51 0.4999942 
52 0.499994 
53 0.499994 
54 0.4999939 
55 0.4999936 
56 0.4999936 
57 0.4999936 
58 0.4999935 
59 0.4999934 
60 0.4999934 
61 0.4999931 
62 0.4999931 
63 0.4999929 
64 0.4999929 
65 0.4999929 
66 0.4999929 
67 0.4999929 
68 0.4999928 
69 0.4999928 
70 0.499993 
71 0.4999929 
72 0.4999929 
73 0.4999929 
74 0.4999928 
75 0.4999926 
76 0.4999926 
77 0.4999926 
78 0.4999925 
79 0.4999924 
80 0.4999924 
81 0.4999923 
82 0.4999923 
83 0.4999922 
84 0.4999921 
85 0.4999915 
86 0.4999914 
87 0.4999911 
88 0.4999911 
89 0.4999908 
90 0.4999908 
91 0.4999908 
92 0.4999908 
93 0.4999908 
94 0.4999908 
95 0.4999908 
96 0.4999907 
97 0.4999904 
98 0.4999904 
99 0.4999904 
100 0.4999904 
101 0.4999904 
102 0.4999904 
103 0.4999903 
104 0.4999902 
105 0.49999 
106 0.49999 
107 0.49999 
108 0.4999899 
109 0.4999896 
110 0.4999895 
111 0.4999892 
112 0.4999892 
113 0.4999892 
114 0.4999892 
115 0.499989 
116 0.499989 
117 0.4999888 
118 0.4999888 
119 0.4999886 
120 0.4999886 
121 0.4999885 
122 0.4999885 
123 0.4999885 
124 0.4999881 
125 0.4999881 
126 0.4999881 
127 0.4999881 
128 0.499988 
129 0.499988 
130 0.4999879 
131 0.4999877 
132 0.4999876 
133 0.4999876 
134 0.4999876 
135 0.4999876 
136 0.4999875 
137 0.4999872 
138 0.4999872 
139 0.499987 
140 0.499987 
141 0.499987 
142 0.499987 
143 0.4999866 
144 0.4999866 
145 0.4999865 
146 0.4999871 
147 0.4999869 
148 0.4999869 
149 0.4999869 
150 0.4999869 
151 0.4999869 
152 0.4999869 
153 0.4999869 
154 0.4999869 
155 0.4999869 
156 0.4999869 
157 0.4999869 
158 0.4999869 
159 0.4999869 
160 0.4999869 
161 0.4999869 
162 0.4999869 
163 0.4999869 
164 0.4999869 
165 0.4999869 
166 0.4999869 
167 0.4999869 
168 0.4999869 
169 0.4999868 
170 0.4999868 
171 0.4999868 
172 0.4999867 
173 0.4999864 
174 0.4999864 
175 0.4999864 
176 0.4999864 
177 0.4999863 
178 0.4999862 
179 0.4999854 
180 0.4999854 
181 0.4999854 
182 0.4999854 
183 0.4999854 
184 0.4999854 
185 0.4999854 
186 0.4999854 
187 0.4999852 
188 0.4999852 
189 0.499985 
190 0.499985 
191 0.4999847 
192 0.4999846 
193 0.4999846 
194 0.4999846 
195 0.4999845 
196 0.4999844 
197 0.499983 
198 0.499983 
199 0.499983 
200 0.499983 
201 0.499983 
202 0.499983 
203 0.4999829 
204 0.4999829 
205 0.4999829 
206 0.4999829 
207 0.4999829 
208 0.4999829 
209 0.4999821 
210 0.4999821 
211 0.4999821 
212 0.4999821 
213 0.4999821 
214 0.4999821 
215 0.4999821 
216 0.4999821 
217 0.4999821 
218 0.499982 
219 0.499982 
220 0.4999811 
221 0.4999811 
222 0.499981 
223 0.499981 
224 0.49998 
225 0.49998 
226 0.49998 
227 0.49998 
228 0.49998 
229 0.49998 
230 0.49998 
231 0.49998 
232 0.49998 
233 0.49998 
234 0.49998 
235 0.49998 
236 0.49998 
237 0.49998 
238 0.49998 
239 0.49998 
240 0.4999799 
241 0.4999797 
242 0.4999795 
243 0.4999795 
244 0.4999789 
245 0.4999789 
246 0.4999789 
247 0.4999789 
248 0.4999789 
249 0.4999788 
250 0.4999788 
251 0.4999788 
252 0.4999791 
253 0.4999791 
254 0.4999791 
255 0.4999791 
256 0.499979 
257 0.4999789 
258 0.4999789 
259 0.4999777 
260 0.4999777 
261 0.4999777 
262 0.4999777 
263 0.4999777 
264 0.4999777 
265 0.4999777 
266 0.4999777 
267 0.4999777 
268 0.4999777 
269 0.4999777 
270 0.4999777 
271 0.4999777 
272 0.4999777 
273 0.4999776 
274 0.4999776 
275 0.4999774 
276 0.4999774 
277 0.4999774 
278 0.4999773 
279 0.4999772 
280 0.4999771 
281 0.4999769 
282 0.4999769 
283 0.4999769 
284 0.4999767 
285 0.4999767 
286 0.4999766 
287 0.4999763 
288 0.4999763 
289 0.4999763 
290 0.4999762 
291 0.4999762 
292 0.4999761 
293 0.4999761 
294 0.4999759 
295 0.4999759 
296 0.4999758 
297 0.4999757 
298 0.4999749 
299 0.4999999 
300 0.4999999 
301 0.4999998 
302 0.4999997 
303 0.4999997 
304 0.4999997 
305 0.4999997 
306 0.4999997 
307 0.4999997 
308 0.4999997 
309 0.4999997 
310 0.4999997 
311 0.4999997 
312 0.4999997 
313 0.4999997 
314 0.4999997 
315 0.4999997 
316 0.4999997 
317 0.4999997 
318 0.4999997 
319 0.4999997 
320 0.4999997 
321 0.4999997 
322 0.4999997 
323 0.4999997 
324 0.4999997 
325 0.4999997 
326 0.4999997 
327 0.4999997 
328 0.4999997 
329 0.4999995 
330 0.4999995 
331 0.4999995 
332 0.4999995 
333 0.4999995 
334 0.4999995 
335 0.4999995 
336 0.4999995 
337 0.4999995 
338 0.4999995 
339 0.4999995 
340 0.4999995 
341 0.4999995 
342 0.4999995 
343 0.4999995 
344 0.4999995 
345 0.4999994 
346 0.4999994 
347 0.4999981 
348 0.4999981 
349 0.4999981 
350 0.4999981 
351 0.4999981 
352 0.499998 
353 0.499998 
354 0.499998 
