1 0.000261295 
2 0.000232875 
3 0.00025758 
4 0.000215042 
5 0.0014788 
6 0.00121651 
7 0.00116051 
8 0.00410098 
9 0.00614193 
10 0.00749417 
11 0.0040904 
12 0.0691292 
13 5.36511e-06 
14 0.000570883 
15 0.000569173 
16 0.000320898 
17 0.000493796 
18 0.00105132 
19 0.00660213 
20 0.000868188 
21 0.0037767 
22 0.00285677 
23 0.00716427 
24 0.000732865 
25 0.00239122 
26 0.0183862 
27 0.000221344 
28 0.000291746 
29 0.000415558 
30 0.000717275 
31 0.00223321 
32 0.0233761 
33 0.000186578 
34 0.000226422 
35 0.000296335 
36 0.000420939 
37 0.000730275 
38 0.00232131 
39 0.0229761 
40 0.000181758 
41 0.000220532 
42 0.000285237 
43 0.000409435 
44 0.000727627 
45 0.00199285 
46 0.145944 
47 0.000173536 
48 7.58983e-05 
49 7.79944e-05 
50 8.08758e-05 
51 8.06474e-05 
52 8.49554e-05 
53 9.02561e-05 
54 9.6414e-05 
55 0.000104533 
56 0.000114313 
57 0.000119465 
58 0.000131661 
59 0.000147723 
60 0.000169629 
61 0.000201539 
62 0.000251189 
63 0.000339106 
64 0.000508094 
65 0.0010606 
66 0.00932607 
67 0.000829288 
68 0.00271518 
69 0.0198562 
70 0.000354839 
71 0.000477256 
72 0.000746412 
73 0.00167511 
74 0.0524961 
75 0.000130811 
76 0.000120564 
77 0.000126456 
78 0.00014047 
79 0.000159169 
80 0.000185672 
81 0.000224929 
82 0.000289572 
83 0.000412214 
84 0.000695097 
85 0.00182324 
86 0.0459926 
87 0.00337453 
88 0.00377882 
89 0.00275097 
90 0.0100533 
91 0.000507337 
92 0.0009485 
93 0.00422301 
94 0.00322856 
95 0.00815453 
96 0.00101026 
97 0.00353467 
98 0.00611142 
99 0.00162555 
100 0.031137 
101 0.000178159 
102 0.000215304 
103 0.000270347 
104 0.000359011 
105 0.000539016 
106 0.0009845 
107 0.00353642 
108 0.0086748 
109 0.000921182 
110 0.00288113 
111 0.024271 
112 7.27431e-06 
113 0.00023755 
114 0.000312776 
115 0.00042979 
116 0.000674493 
117 0.0014161 
118 0.0130269 
119 0.000614477 
120 0.0011206 
121 0.00466084 
122 0.00345674 
123 0.00992841 
124 0.000775613 
125 0.00188666 
126 0.145439 
127 1.23401e-05 
128 0.000254753 
129 6.67194e-05 
130 3.51155e-05 
131 1.5435e-05 
132 1.44341e-05 
133 2.44628e-06 
134 5.47244e-06 
135 8.35293e-06 
136 1.46887e-06 
137 3.07772e-06 
138 2.65299e-06 
139 5.8872e-06 
140 1.81927e-06 
141 1.38527e-05 
142 4.06279e-06 
143 3.67718e-06 
144 4.22851e-06 
145 2.20674e-06 
146 3.65715e-06 
147 3.56227e-06 
148 2.52016e-06 
149 2.18933e-06 
150 1.42608e-06 
151 1.77436e-06 
152 2.81612e-06 
153 3.27328e-06 
154 1.63591e-06 
155 2.6755e-06 
156 1.44674e-06 
157 1.65732e-06 
158 1.524e-06 
159 3.49134e-06 
160 3.31444e-06 
161 1.84785e-06 
162 6.76769e-06 
163 2.93904e-06 
164 4.09797e-06 
165 3.18597e-06 
166 8.80201e-06 
167 4.56565e-06 
168 1.15425e-05 
169 4.52035e-06 
170 7.87056e-06 
171 2.20951e-06 
172 7.8886e-06 
173 5.62615e-06 
174 6.4625e-06 
175 2.07304e-05 
176 6.02306e-06 
177 4.43976e-06 
178 3.0447e-06 
179 1.1036e-05 
180 5.30857e-06 
181 2.02521e-05 
182 1.2232e-05 
183 1.27285e-05 
184 9.71205e-06 
185 1.51139e-05 
186 8.94029e-06 
187 7.10181e-06 
188 1.73303e-05 
189 1.66346e-05 
190 1.5435e-05 
191 8.86648e-06 
192 4.8777e-06 
193 3.93664e-06 
194 9.80927e-06 
195 7.90473e-06 
196 1.30706e-05 
197 1.59868e-05 
198 9.98142e-06 
199 8.68901e-06 
200 1.07329e-05 
201 1.67075e-05 
202 1.20653e-05 
203 1.4729e-05 
204 8.21686e-06 
205 1.98826e-05 
206 6.42345e-06 
207 1.07516e-05 
208 2.53931e-05 
209 3.05574e-05 
210 3.01686e-05 
211 1.92108e-05 
212 2.07826e-05 
213 3.05574e-05 
214 3.77511e-05 
215 2.52273e-05 
216 4.89824e-05 
217 0.000146328 
218 0.00013246 
219 6.37151e-05 
220 0.000115588 
221 0.000119646 
222 0.000112112 
223 1.63263e-05 
224 1e-06 
225 6.78241e-05 
226 6.17022e-05 
227 5.90597e-05 
228 5.59241e-05 
229 5.50563e-05 
230 5.55913e-05 
231 5.59439e-05 
232 0.000118955 
233 0.000131607 
234 0.00012201 
235 0.000125573 
236 0.000120818 
237 0.00146148 
238 0.00231762 
239 0.0029815 
240 0.00824742 
241 0.00574179 
242 0.00404122 
243 0.00211914 
244 0.0227101 
245 0.000259195 
246 0.00034611 
247 0.000523272 
248 0.00101702 
249 0.0028921 
250 0.0263322 
251 0.00021521 
252 0.000269596 
253 0.00036454 
254 0.000559956 
255 0.00101576 
256 0.00350511 
257 0.00965479 
258 0.000825324 
259 0.00213784 
260 1.16785 
261 0.000289013 
262 0.000339871 
263 0.000715755 
264 6.67807e-06 
265 0.00309969 
266 0.020969 
267 0.00381668 
268 0.0040521 
269 0.00295793 
270 0.00827189 
271 0.00105245 
272 0.00145375 
273 0.0612923 
274 0.000201883 
275 0.000137295 
276 0.000148791 
277 0.000154481 
278 0.00015936 
279 0.000164679 
280 0.000171504 
281 0.000179958 
282 0.000190836 
283 0.000210817 
284 0.000229156 
285 0.000253701 
286 0.000286623 
287 0.000335977 
288 0.00041456 
289 0.000558227 
290 0.000890674 
291 0.00212893 
292 0.0239412 
293 3.54986e-05 
294 0.000985315 
295 0.00257049 
296 0.317569 
297 3.38515e-05 
298 0.000138976 
299 0.000102238 
300 9.62811e-05 
301 7.16113e-05 
302 9.93457e-05 
303 9.8362e-05 
304 9.8362e-05 
305 0.00017248 
306 0.000161512 
307 0.000173536 
308 0.000571092 
309 5.64654e-05 
310 0.000948313 
311 0.00134765 
312 0.000298237 
313 0.000209667 
314 0.00023121 
315 0.000239223 
316 0.000248061 
317 0.000280325 
318 0.000294256 
319 0.000305068 
320 0.000317541 
321 0.00032773 
322 0.000338552 
323 0.000310999 
324 0.000327262 
325 0.000348195 
326 0.000369096 
327 0.000392934 
328 0.000403014 
329 0.000419586 
330 0.000453934 
331 0.000492079 
332 0.000392406 
333 0.00041884 
334 0.000452987 
335 0.000493883 
336 0.000492127 
337 0.000540246 
338 0.000600875 
339 0.000677178 
340 0.000832359 
341 0.000996284 
342 0.00123972 
343 0.00163679 
344 0.0020724 
345 0.00173975 
346 0.00254024 
347 0.00228829 
348 0.00247552 
349 0.00376238 
350 0.0276134 
351 0.02206 
352 0.00546968 
353 0.0345532 
354 0.00313101 
355 0.0210518 
356 0.00450789 
357 0.0305568 
358 0.00805438 
359 0.0682461 
360 0.000123176 
361 0.000131781 
362 0.00014501 
363 0.000162343 
364 0.00018505 
365 0.000216224 
366 0.000261716 
367 0.000335861 
368 0.000470123 
369 0.000786725 
370 0.00212228 
371 0.0207323 
372 0.0132052 
373 0.0048881 
374 0.00466301 
375 0.00546581 
376 0.00374962 
377 0.00834509 
378 0.00643112 
379 0.00412556 
380 0.00860341 
381 0.00120795 
382 0.00582542 
383 0.00789195 
384 0.00230597 
385 0.150993 
386 1.63204e-06 
387 0.000632788 
388 0.000601545 
389 0.000803909 
390 0.00130713 
391 0.00347056 
392 0.00808939 
393 0.0106488 
394 0.000726632 
395 0.00167968 
396 0.00342929 
397 0.204588 
398 1.5435e-05 
399 7.98753e-05 
400 7.95519e-05 
401 7.60879e-05 
402 7.78481e-05 
403 8.02235e-05 
404 8.30204e-05 
405 8.61999e-05 
406 8.98501e-05 
407 9.41641e-05 
408 9.92945e-05 
409 0.000105448 
410 0.000113233 
411 0.000122131 
412 0.000133654 
413 0.000148437 
414 0.000168015 
415 0.000194991 
416 0.000233948 
417 0.000271702 
418 0.000352067 
419 0.000507479 
420 0.000425752 
421 0.00174694 
422 0.017352 
423 0.000751102 
424 0.00140184 
425 0.00815027 
426 0.0012741 
427 0.00405562 
428 0.0131241 
429 0.000562631 
430 0.00104309 
431 0.00178094 
432 0.100299 
433 0.000350812 
434 0.000285038 
435 0.000319661 
436 0.000417118 
437 0.000537858 
438 0.000783634 
439 0.00144187 
440 0.00658504 
441 0.00209816 
442 0.0113955 
443 0.0503078 
444 0.000150586 
445 0.000160441 
446 0.000182988 
447 0.000215925 
448 0.000262763 
449 0.000336127 
450 5.87905e-05 
451 0.000305571 
452 1.44176e-05 
453 4.57229e-06 
454 1.54283e-06 
455 3.45742e-06 
456 1.71284e-06 
457 1.09988e-06 
458 5.37487e-06 
459 3.41455e-06 
460 3.19879e-06 
461 2.3786e-06 
462 2.61316e-06 
463 4.72954e-06 
464 3.78882e-06 
465 1.7443e-06 
466 2.99894e-06 
467 1.5609e-06 
468 1.95285e-06 
469 6.62621e-06 
470 3.59304e-06 
471 5.08188e-06 
472 3.17046e-06 
473 6.30957e-06 
474 5.78566e-06 
475 4.26522e-06 
476 4.62087e-06 
477 6.43892e-06 
478 8.77502e-06 
479 6.14824e-06 
480 4.88338e-06 
481 7.44033e-06 
482 4.76083e-06 
483 5.75637e-06 
484 4.11417e-06 
485 4.20381e-06 
486 9.48154e-06 
487 6.4625e-06 
488 7.81449e-06 
489 6.48048e-06 
490 1.02055e-05 
491 8.64106e-06 
492 9.42424e-06 
493 1.72081e-05 
494 1.2299e-05 
495 5.62615e-06 
496 1.38527e-05 
497 5.72586e-06 
498 7.12571e-06 
499 5.03798e-06 
500 1.26999e-05 
501 1.92576e-05 
502 1.11325e-05 
503 6.14799e-06 
504 9.35815e-06 
505 8.64496e-06 
506 7.362e-06 
507 1.27257e-05 
508 1.03963e-05 
509 1.31014e-05 
510 1.32354e-05 
511 5.2654e-06 
512 1.05882e-05 
513 1.28173e-05 
514 1.51921e-05 
515 1.67441e-05 
516 8.68299e-06 
517 3.37268e-06 
518 6.1619e-06 
519 8.94917e-06 
520 1.60782e-05 
521 2.23148e-05 
522 1.32325e-05 
523 2.51028e-05 
524 2.01021e-05 
525 1.00982e-05 
526 1.95512e-05 
527 3.28336e-05 
528 2.91506e-05 
529 3.54986e-05 
530 3.54986e-05 
531 3.25094e-05 
532 8.13086e-05 
533 6.19269e-05 
534 0.000142883 
535 0.000139619 
536 4.09733e-05 
537 5.19529e-05 
538 0.000112112 
539 0.000121212 
540 0.000128572 
541 1.72177e-05 
542 1e-06 
543 5.59202e-05 
544 5.6753e-05 
545 5.72298e-05 
546 5.69835e-05 
547 5.79196e-05 
548 5.32482e-05 
549 6.06715e-05 
550 5.49993e-05 
551 4.5777e-05 
552 4.62993e-05 
553 4.70214e-05 
554 4.23778e-05 
555 4.28579e-05 
556 4.34731e-05 
557 4.41037e-05 
558 3.38277e-05 
559 3.42052e-05 
560 3.4591e-05 
561 3.4984e-05 
562 3.25051e-05 
563 3.28336e-05 
564 3.32722e-05 
565 3.36557e-05 
566 3.32895e-05 
567 3.33964e-05 
568 3.37728e-05 
569 3.33365e-05 
570 3.37126e-05 
571 3.40966e-05 
572 3.58144e-05 
573 3.32862e-05 
574 3.36671e-05 
575 3.40501e-05 
576 3.34621e-05 
577 3.38467e-05 
578 3.42409e-05 
579 3.46443e-05 
580 3.57317e-05 
581 3.61711e-05 
582 3.5744e-05 
583 3.56182e-05 
584 3.60522e-05 
585 3.70612e-05 
586 3.37823e-05 
587 3.41685e-05 
588 3.45643e-05 
589 3.49675e-05 
590 3.53823e-05 
591 0.000378509 
592 0.0032054 
593 0.00113546 
594 0.0013621 
595 0.00160074 
596 0.00184337 
597 0.00238356 
598 0.00285376 
599 0.00366333 
600 0.00513104 
601 0.00919484 
602 0.0144658 
603 0.12941 
604 2.03125e-05 
605 2.58565e-05 
606 8.62528e-05 
607 8.74416e-05 
608 8.80973e-05 
609 9.21072e-05 
610 9.6414e-05 
611 0.000102312 
612 0.000108902 
613 0.00011685 
614 0.000125565 
615 0.000135936 
616 0.000149833 
617 0.000167502 
618 0.000190923 
619 0.000223302 
620 0.000265097 
621 0.000314391 
622 0.000416747 
623 0.000620622 
624 0.00118267 
625 0.000935738 
626 0.00173601 
627 0.00554701 
628 0.0412175 
629 7.65573e-05 
630 0.015569 
631 0.00034328 
632 0.0273391 
633 0.00066838 
634 0.00108573 
635 0.00248395 
636 0.0355827 
637 0.00391586 
638 0.000565437 
639 0.00709263 
640 0.00211914 
641 0.00700624 
642 0.0686206 
643 0.000649962 
644 0.000398319 
645 0.000474512 
646 0.000648578 
647 0.00108222 
648 0.00314779 
649 0.00834509 
650 0.00558881 
651 0.00217305 
652 0.0850369 
653 6.24817e-05 
654 0.000130312 
655 0.0026784 
656 0.0101559 
657 0.0992508 
658 0.000301464 
659 0.00265771 
660 0.00281839 
661 0.0157523 
662 0.0025995 
663 0.434186 
664 0.000207166 
665 0.000112112 
666 3.33431e-05 
667 3.3162e-05 
668 3.04886e-05 
669 1.35837e-05 
670 1.81259e-05 
671 3.31105e-06 
672 0.000107553 
673 4.90662e-05 
674 8.36052e-05 
675 8.20429e-05 
676 8.41295e-05 
677 9.85407e-05 
678 0.000112112 
679 0.000177308 
680 0.000279312 
681 0.000535129 
682 0.000907204 
683 0.000521575 
684 0.00345078 
685 0.00141323 
686 0.00195002 
687 0.00405961 
688 0.0113955 
689 0.000620622 
690 0.0226636 
691 0.000707378 
692 0.00122151 
693 0.00332801 
694 0.0473342 
695 0.000721488 
696 0.00124028 
697 0.00333681 
698 0.0902956 
699 1.37889e-05 
700 0.00273294 
701 0.00140504 
702 0.00254227 
703 0.007284 
704 0.0324277 
705 0.0159188 
706 0.00557836 
707 0.00103496 
708 0.00163117 
709 0.0683285 
710 0.00024862 
711 0.000280492 
712 0.000317664 
713 0.000367918 
714 0.000440081 
715 0.000563413 
716 0.000811243 
717 0.00152212 
718 0.00759592 
719 0.00227896 
720 0.00217305 
721 0.155207 
722 1.32325e-05 
723 0.000130438 
724 0.00039782 
725 0.0010671 
726 0.00288929 
727 0.0745319 
728 0.000857696 
729 0.00288696 
730 0.00510465 
731 0.00165978 
732 0.0833296 
733 0.000586434 
734 0.000732637 
735 0.00113546 
736 0.0026395 
737 0.000309058 
738 0.00703692 
739 0.00673156 
740 0.0124452 
741 0.00043762 
742 0.00160106 
743 0.0101172 
744 0.0015285 
745 0.00823861 
746 0.00160429 
747 0.000339871 
748 0.0374999 
749 0.000349591 
750 0.000416234 
751 0.000529117 
752 0.000751069 
753 0.00133236 
754 0.00501549 
755 0.00451611 
756 0.0080535 
757 0.00130713 
758 0.013495 
759 0.00104966 
760 0.00258302 
761 0.00649485 
762 0.345442 
763 0.000281129 
764 1e-06 
765 2.78101e-05 
766 2.54232e-05 
767 1.40581e-05 
768 1e-06 
769 1e-06 
770 3.3464e-06 
771 1.19346e-05 
772 1.07765e-05 
773 6.89933e-06 
774 5.78569e-06 
775 5.41596e-06 
776 8.51075e-06 
777 4.52035e-06 
778 4.92397e-06 
779 6.5492e-06 
780 4.78392e-06 
781 6.74114e-06 
782 5.67422e-06 
783 6.55767e-06 
784 4.81131e-06 
785 5.25836e-06 
786 6.55403e-06 
787 5.65837e-06 
788 4.73348e-06 
789 1.22465e-05 
790 6.37277e-06 
791 7.4458e-06 
792 1.11984e-05 
793 1.17758e-05 
794 1.49595e-05 
795 9.80927e-06 
796 1.16591e-05 
797 2.19234e-05 
798 9.43154e-06 
799 5.36511e-06 
800 1.14349e-05 
801 1.48773e-05 
802 1.2355e-05 
803 1.59673e-05 
804 1.82479e-05 
805 1.84557e-05 
806 5.62615e-06 
807 9.61579e-06 
808 1.221e-05 
809 2.10876e-05 
810 1.06448e-05 
811 1.96903e-05 
812 2.31374e-05 
813 9.91391e-06 
814 1.20145e-05 
815 1.71284e-05 
816 1.88342e-05 
817 2.58565e-05 
818 1.5435e-05 
819 3.61277e-05 
820 2.62453e-05 
821 2.21735e-05 
822 2.38311e-05 
823 8.66422e-05 
824 6.06715e-05 
825 6.74771e-05 
826 0.000159174 
827 0.00012336 
828 0.000190351 
829 0.000207166 
830 0.000142358 
831 0.000270392 
832 0.000108636 
833 5.87905e-05 
834 1e-06 
835 0.00178094 
836 0.00155985 
837 2.28026e-05 
838 0.000739374 
839 0.000791851 
840 0.000921776 
841 0.00103017 
842 0.00118167 
843 0.00129406 
844 0.00407697 
845 0.00995702 
846 0.010147 
847 0.0379819 
848 0.000332536 
849 0.000670918 
850 0.000879847 
851 0.00128053 
852 0.00211914 
853 0.0027559 
854 0.0836596 
855 1.3228e-05 
856 0.00110338 
857 0.00153774 
858 0.0117916 
859 0.000714452 
860 0.00108639 
861 0.000715755 
862 0.00382663 
863 0.017088 
864 0.00187439 
865 0.000356273 
866 0.00700624 
867 0.0205678 
868 0.00701329 
869 0.00922129 
870 0.000545518 
871 0.000849119 
872 0.00191961 
873 0.00410098 
874 0.16559 
875 0.000135936 
876 9.28998e-05 
877 9.7388e-05 
878 9.7388e-05 
879 0.000101074 
880 0.000106365 
881 0.000113478 
882 0.00012255 
883 0.000134029 
884 0.000149154 
885 0.000168678 
886 3.91816e-05 
887 3.01686e-05 
888 0.00022521 
889 0.000271972 
890 0.00034347 
891 0.000445897 
892 0.000669166 
893 0.00118388 
894 0.0045726 
895 0.00776967 
896 0.0013229 
897 0.00396261 
898 0.0208547 
899 0.000348353 
900 0.000485364 
901 0.00079849 
902 0.00196342 
903 0.0113955 
904 0.00688341 
905 0.00202588 
906 0.0130506 
907 0.00629268 
908 0.00248591 
909 1.1169 
910 0.000802194 
911 1.524e-06 
912 1.62039e-05 
913 0.000295239 
914 0.000186913 
915 0.000145379 
916 0.000149945 
917 0.000147815 
918 0.000227951 
919 0.000322752 
920 0.000729309 
921 0.000421219 
922 0.000141225 
923 0.00015171 
924 0.000134429 
925 0.000142906 
926 0.000157505 
927 0.000176722 
928 0.000158711 
929 0.000178159 
930 0.000187312 
931 0.000221098 
932 0.000268273 
933 0.000349439 
934 0.000493983 
935 0.00266424 
936 0.0049639 
937 0.000367244 
938 0.00218504 
939 0.000803536 
940 0.000902354 
941 0.00103002 
942 0.000991282 
943 0.00117723 
944 0.00135784 
945 0.0019545 
946 0.00299836 
947 0.00355946 
948 0.00470233 
949 0.00561401 
950 0.00781846 
951 0.00883819 
952 0.0245347 
953 0.000227564 
954 0.000240065 
955 0.000300325 
956 0.000400262 
957 0.000596478 
958 0.00113546 
959 0.00529815 
960 0.00292864 
961 0.0137033 
962 0.00245711 
963 0.0712748 
964 0.0160135 
965 0.0257499 
966 0.000209491 
967 0.000138801 
968 0.000155421 
969 0.000175329 
970 0.000204301 
971 0.000244115 
972 0.000304485 
973 0.000406181 
974 0.000614477 
975 0.00123478 
976 0.00781544 
977 0.00148822 
978 0.0129941 
979 0.000571359 
980 0.00108156 
981 0.00450789 
982 0.0043511 
983 0.00469482 
984 0.00469938 
985 0.00464551 
986 0.00488837 
987 0.00416739 
988 0.00673135 
989 0.00180994 
990 0.0502712 
991 0.000300498 
992 0.000339274 
993 0.000397837 
994 0.000493229 
995 0.000673737 
996 0.00109977 
997 0.00305956 
998 0.0446249 
999 0.000296498 
1000 0.000332536 
1001 0.000391958 
1002 0.000482734 
1003 0.000649355 
1004 0.0010325 
1005 0.00261605 
1006 0.091972 
1007 0.000272273 
1008 1.81342e-05 
1009 1.77685e-05 
1010 1.5435e-05 
1011 1.95973e-05 
1012 1.16591e-05 
1013 1.735e-05 
1014 1.42121e-05 
1015 1.4228e-05 
1016 1.67555e-05 
1017 1.32143e-05 
1018 1.60179e-05 
1019 1.45368e-05 
1020 1.23012e-05 
1021 2.0311e-05 
1022 1.55894e-05 
1023 2.17599e-05 
1024 2.28026e-05 
1025 2.91506e-05 
1026 3.51205e-05 
1027 2.7556e-05 
1028 2.74511e-05 
1029 2.85215e-05 
1030 2.54329e-05 
1031 3.38515e-05 
1032 2.10503e-05 
1033 3.05574e-05 
1034 3.91361e-05 
1035 2.29511e-05 
1036 3.35129e-05 
1037 4.28543e-05 
1038 3.75345e-05 
1039 9.57993e-05 
1040 7.83963e-05 
1041 0.000138389 
1042 0.000176548 
1043 0.000165596 
1044 0.000307861 
1045 0.00039468 
1046 0.000305997 
1047 0.000679009 
1048 0.000316829 
1049 0.000638759 
1050 0.000764794 
1051 0.000898221 
1052 0.00124543 
1053 0.000898221 
1054 0.00171996 
1055 0.00158489 
1056 0.000121212 
1057 2.04308e-06 
1058 0.00309969 
1059 0.00346205 
1060 0.00289936 
1061 0.00399041 
1062 0.00399652 
1063 0.00682898 
1064 0.0132955 
1065 0.163385 
1066 0.00039468 
1067 0.00289465 
1068 0.000369685 
1069 0.000488464 
1070 0.000866273 
1071 0.000742863 
1072 0.00431789 
1073 0.00716427 
1074 0.00207718 
1075 0.0487071 
1076 0.000162367 
1077 0.000176704 
1078 0.000152751 
1079 0.000232251 
1080 0.000283157 
1081 0.000366861 
1082 0.000526346 
1083 0.00092737 
1084 0.00280376 
1085 0.0453058 
1086 0.000159831 
1087 0.000172859 
1088 0.000199725 
1089 0.000237628 
1090 0.000295173 
1091 0.000388594 
1092 0.000270392 
1093 0.0007221 
1094 0.00158489 
1095 0.0205257 
1096 0.000530963 
1097 0.000744669 
1098 0.00130713 
1099 0.00502954 
1100 0.00387709 
1101 0.00869151 
1102 0.00121656 
1103 0.00621982 
1104 0.00278761 
1105 0.0535062 
1106 0.000271062 
1107 2.74933e-05 
1108 2.60736e-05 
1109 1.91046e-05 
1110 1.62428e-05 
1111 1.62328e-05 
1112 1.36202e-05 
1113 1.37385e-05 
1114 1.58436e-05 
1115 1.9717e-05 
1116 1.55894e-05 
1117 1.47576e-05 
1118 1.32809e-05 
1119 2.31039e-05 
1120 3.62475e-05 
1121 2.53155e-05 
1122 3.18501e-05 
1123 3.11438e-05 
1124 1.61629e-05 
1125 3.44807e-05 
1126 2.91506e-05 
1127 4.11832e-05 
1128 4.58978e-05 
1129 3.98107e-05 
1130 5.16541e-05 
1131 6.139e-05 
1132 0.000207166 
1133 0.000387345 
1134 0.000696055 
1135 0.000332536 
1136 0.00029707 
1137 3.36061e-06 
1138 0.00102936 
1139 0.00175234 
1140 0.00108037 
1141 0.00261143 
1142 0.00239017 
1143 0.00969161 
1144 0.104972 
1145 0.00043762 
1146 0.00286805 
1147 0.000876034 
1148 0.00125397 
1149 0.0130268 
1150 0.000498453 
1151 0.000847055 
1152 0.00239122 
1153 0.0795333 
1154 0.000320668 
1155 0.000723742 
1156 0.0014955 
1157 0.0121546 
1158 0.000891569 
1159 0.001865 
1160 0.0230022 
1161 0.00031513 
1162 0.00042408 
1163 0.000652863 
1164 0.00134617 
1165 0.00802222 
1166 0.00173148 
1167 0.0168438 
1168 0.000444698 
1169 0.000768407 
1170 0.00181477 
1171 0.0368946 
1172 0.000552378 
1173 0.000456966 
1174 0.000593329 
1175 0.000876797 
1176 0.0018042 
1177 0.0215182 
1178 0.000335911 
1179 0.000464159 
1180 0.000750868 
1181 0.00174762 
1182 0.0282524 
1183 0.00040122 
1184 0.00050145 
1185 0.000700304 
1186 0.00117243 
1187 0.00361543 
1188 0.0171006 
1189 0.000626963 
1190 0.00100803 
1191 0.00244453 
1192 0.225379 
1193 0.000345118 
1194 5.81164e-05 
1195 4.36508e-05 
1196 2.89729e-05 
1197 3.06534e-05 
1198 2.50247e-05 
1199 5.32305e-05 
1200 2.28244e-05 
1201 4.47353e-05 
1202 5.72625e-05 
1203 4.86661e-05 
1204 5.64654e-05 
1205 5.92636e-05 
1206 8.88527e-05 
1207 7.91883e-05 
1208 9.26817e-05 
1209 7.78606e-05 
1210 0.000363608 
1211 0.000628031 
1212 0.000944236 
1213 0.00155073 
1214 0.00214444 
1215 0.00309969 
1216 1.00982e-05 
1217 0.00679074 
1218 0.0874157 
1219 0.000177755 
1220 0.000121005 
1221 0.000129516 
1222 0.000142789 
1223 0.000159931 
1224 0.000182824 
1225 0.00021138 
1226 0.00025646 
1227 0.000325591 
1228 0.000449284 
1229 0.000726552 
1230 0.000375476 
1231 0.00243953 
1232 0.0113335 
1233 0.00429296 
1234 0.00785122 
1235 0.00144821 
1236 0.0120507 
1237 0.00101807 
1238 0.00246887 
1239 0.181698 
1240 0.000413883 
1241 0.00187439 
1242 0.00337644 
1243 0.057725 
1244 0.000109378 
1245 0.000117653 
1246 0.00012851 
1247 0.000142172 
1248 0.000160079 
1249 0.000183986 
1250 0.000216563 
1251 0.000263149 
1252 0.000338541 
1253 0.00047967 
1254 0.000347849 
1255 0.00105109 
1256 0.00337327 
1257 0.0204787 
1258 0.000349968 
1259 0.000503347 
1260 0.000880285 
1261 0.00232384 
1262 0.168508 
1263 1.61207e-05 
1264 0.00681805 
1265 0.00561939 
1266 6.85034e-06 
1267 0.000123884 
1268 1e-06 
1269 2.37523e-05 
1270 2.38266e-06 
1271 0.000158387 
1272 7.88771e-05 
1273 8.08299e-05 
1274 0.000121212 
1275 0.00016696 
1276 0.000166952 
1277 0.000316466 
1278 0.000693824 
1279 0.00163117 
1280 0.00391586 
1281 0.00992077 
1282 0.00723591 
1283 0.00513592 
1284 0.0006061 
1285 0.000721401 
1286 0.000963793 
1287 0.00317577 
1288 0.0289937 
1289 0.00043241 
1290 0.000542724 
1291 0.000770486 
1292 0.00140484 
1293 0.00643173 
1294 0.00207718 
1295 0.142602 
1296 0.0022731 
1297 0.00591737 
1298 0.000736886 
1299 0.00164413 
1300 0.01173 
1301 0.00259978 
1302 0.0867729 
1303 0.00256515 
1304 0.115363 
1305 0.000413883 
1306 0.00258282 
1307 0.00261143 
1308 0.0632879 
1309 0.00813139 
1310 0.00775456 
1311 0.00658063 
1312 0.025761 
1313 5.008e-05 
1314 0.000115391 
1315 7.43e-05 
1316 3.28336e-05 
1317 5.80095e-05 
1318 4.51646e-05 
1319 3.94125e-05 
1320 5.11065e-05 
1321 4.61206e-05 
1322 5.00729e-05 
1323 6.06715e-05 
1324 7.62583e-05 
1325 5.07932e-05 
1326 6.78503e-05 
1327 7.91883e-05 
1328 0.000181758 
1329 0.000356273 
1330 0.00080028 
1331 0.000948313 
1332 0.00094828 
1333 0.00239122 
1334 0.00524163 
1335 0.0157286 
1336 7.57124e-05 
1337 0.00916151 
1338 0.00103187 
1339 0.00367812 
1340 0.000786725 
1341 0.024753 
1342 0.000260023 
1343 0.000335861 
1344 0.000474599 
1345 0.000809036 
1346 0.00218542 
1347 0.00125397 
1348 0.13453 
1349 0.000170921 
1350 0.0017279 
1351 0.000909104 
1352 0.00130713 
1353 0.00302196 
1354 0.115799 
1355 3.70261e-05 
1356 0.000989923 
1357 0.0011888 
1358 0.00167543 
1359 0.00281755 
1360 0.0061669 
1361 0.0312414 
1362 0.0329648 
1363 0.00885986 
1364 0.00373871 
1365 0.00170606 
1366 0.0109692 
1367 0.000857696 
1368 0.000693824 
1369 0.0295972 
1370 0.000679969 
1371 0.0010455 
1372 0.00237921 
1373 0.0259699 
1374 0.0021808 
1375 0.00687852 
1376 0.00899066 
1377 0.0427079 
1378 0.000468801 
1379 0.000586588 
1380 0.00081775 
1381 0.00154218 
1382 0.00535758 
1383 0.0910547 
1384 0.0112652 
1385 0.0462799 
1386 0.0260752 
1387 0.00139585 
1388 0.00250138 
1389 0.00892093 
1390 0.0257336 
1391 0.000418996 
1392 0.000169598 
1393 0.000237968 
1394 0.000236827 
1395 0.000223981 
1396 0.00221933 
1397 0.0111466 
1398 0.0009341 
1399 0.00283892 
1400 0.0187197 
1401 0.00804105 
1402 0.00282354 
1403 0.00451611 
1404 0.971659 
1405 0.000602248 
1406 1e-06 
1407 1e-06 
1408 0.000177505 
1409 0.000277727 
1410 5.57917e-05 
1411 0.000240874 
1412 0.00017298 
1413 0.000149509 
1414 0.0001522 
1415 0.000144116 
1416 0.000154278 
1417 0.000154393 
1418 0.000223981 
1419 0.000207166 
1420 0.000332536 
1421 0.000339871 
1422 0.000535129 
1423 0.000849119 
1424 0.000445806 
1425 0.000134576 
1426 0.000143683 
1427 0.000156293 
1428 0.000172971 
1429 0.00214444 
1430 0.00241538 
1431 0.00396261 
1432 0.000658339 
1433 0.00478215 
1434 0.0054117 
1435 0.00239 
1436 0.00226604 
1437 0.0031595 
1438 0.0033871 
1439 0.00809512 
1440 0.0191303 
1441 0.0364239 
1442 0.0136154 
1443 0.000924395 
1444 0.00212007 
1445 0.00792988 
1446 0.0159454 
1447 0.00180762 
1448 0.00419837 
1449 0.0808424 
1450 0.00705616 
1451 0.00895348 
1452 0.00803659 
1453 0.0132981 
1454 0.00369077 
1455 0.0859355 
1456 0.000520495 
1457 0.000442934 
1458 0.000582359 
1459 0.000866273 
1460 0.00186524 
1461 0.00978716 
1462 0.00343207 
1463 0.0765373 
1464 0.000200664 
1465 1.52805e-05 
1466 1.92838e-05 
1467 4.15288e-05 
1468 3.22515e-05 
1469 7.01231e-06 
1470 8.35293e-06 
1471 7.40748e-06 
1472 7.04356e-06 
1473 1.52798e-05 
1474 1.00792e-05 
1475 7.82645e-06 
1476 8.83004e-06 
1477 1.01433e-05 
1478 7.71688e-06 
1479 9.48308e-06 
1480 1.25762e-05 
1481 1.19314e-05 
1482 5.91568e-06 
1483 1.20243e-05 
1484 9.88173e-06 
1485 1.12171e-05 
1486 1.33053e-05 
1487 1.06616e-05 
1488 2.25654e-05 
1489 1.43674e-05 
1490 1.59673e-05 
1491 1.20397e-05 
1492 1.2525e-05 
1493 2.12307e-05 
1494 7.985e-06 
1495 1.49227e-05 
1496 1.74573e-05 
1497 1.84293e-05 
1498 2.20664e-05 
1499 3.28336e-05 
1500 2.61916e-05 
1501 3.10485e-05 
1502 1.46586e-05 
1503 3.71263e-05 
1504 3.15583e-05 
1505 2.19332e-05 
1506 3.38515e-05 
1507 4.10239e-05 
1508 3.23878e-05 
1509 5.08805e-05 
1510 4.58978e-05 
1511 0.000117736 
1512 0.000186381 
1513 0.000181758 
1514 0.000276908 
1515 0.000258524 
1516 0.000315474 
1517 0.000258524 
1518 0.000234373 
1519 0.000455312 
1520 0.000526791 
1521 0.000309058 
1522 0.00048609 
1523 0.00043762 
1524 0.000680432 
1525 0.00102936 
1526 0.00190105 
1527 0.00249026 
1528 0.00193371 
1529 0.00289845 
1530 0.0020312 
1531 0.00289936 
1532 0.00088383 
1533 0.00280002 
1534 0.00770514 
1535 0.00639977 
1536 0.0179443 
1537 0.000508021 
1538 0.199874 
1539 6.22995e-05 
1540 0.00211914 
1541 0.00750222 
1542 0.0148249 
1543 0.0368037 
1544 0.010292 
1545 0.000363608 
1546 0.000684091 
1547 0.000770445 
1548 0.00129406 
1549 0.00229296 
1550 0.00772946 
1551 0.00753317 
1552 0.015251 
1553 0.0021897 
1554 0.00980582 
1555 0.00605859 
1556 0.0186498 
1557 0.00375504 
1558 0.100653 
1559 0.00038664 
1560 0.000389319 
1561 0.000440005 
1562 0.00050983 
1563 0.000614477 
1564 0.000791892 
1565 0.00113546 
1566 0.00204889 
1567 0.00835461 
1568 0.00856934 
1569 0.00696638 
1570 0.014181 
1571 0.0023296 
1572 0.0130516 
1573 0.00387709 
1574 0.0979947 
1575 0.000303893 
1576 1e-06 
1577 6.99489e-05 
1578 7.1207e-06 
1579 6.12006e-06 
1580 1.45569e-05 
1581 1.73633e-05 
1582 3.89424e-05 
1583 2.77047e-05 
1584 2.54713e-05 
1585 2.49419e-05 
1586 2.25632e-05 
1587 3.17169e-05 
1588 5.57961e-05 
1589 3.22248e-05 
1590 4.67541e-05 
1591 5.77436e-05 
1592 5.78585e-05 
1593 4.21358e-05 
1594 5.01447e-05 
1595 6.139e-05 
1596 0.000112112 
1597 6.139e-05 
1598 9.0512e-05 
1599 0.000259698 
1600 0.000628031 
1601 0.00100432 
1602 0.0016135 
1603 0.00306702 
1604 0.00289126 
1605 0.000628031 
1606 0.00623685 
1607 0.00315193 
1608 0.00361441 
1609 0.00428893 
1610 0.00533167 
1611 0.00788262 
1612 0.0193756 
1613 0.127589 
1614 0.000110991 
1615 0.0066591 
1616 0.0153026 
1617 0.00152259 
1618 0.00435128 
1619 0.0591664 
1620 0.00351481 
1621 0.0332146 
1622 0.0120292 
1623 0.155984 
1624 0.000580977 
1625 0.00681805 
1626 0.0775167 
1627 0.00369031 
1628 0.00566739 
1629 0.0344961 
1630 0.00295793 
1631 0.003095 
1632 0.00920915 
1633 0.112838 
1634 0.00132261 
1635 0.000190548 
1636 0.000103521 
1637 8.51415e-05 
1638 6.47645e-05 
1639 7.78606e-05 
1640 9.7388e-05 
1641 0.000154278 
1642 0.000138389 
1643 0.000258524 
1644 0.000367516 
1645 0.000771391 
1646 0.000870096 
1647 0.000914582 
1648 0.00150782 
1649 0.0042968 
1650 0.00556972 
1651 0.0103226 
1652 0.00838389 
1653 0.0158028 
1654 0.00258672 
1655 0.0138115 
1656 0.0020724 
1657 0.0139329 
1658 0.00228001 
1659 0.0084993 
1660 0.00758395 
1661 0.0531832 
1662 0.0012064 
1663 0.00158489 
1664 0.00117875 
1665 0.00180967 
1666 0.00374242 
1667 0.0283955 
1668 0.00379554 
1669 0.0964482 
1670 0.000623389 
1671 0.000768749 
1672 0.00102817 
1673 0.0016436 
1674 0.00267239 
1675 0.00769111 
1676 0.0300209 
1677 0.00133534 
1678 0.00113546 
1679 0.00165979 
1680 0.00299894 
1681 0.0108522 
1682 0.0384763 
1683 0.000661285 
1684 0.000760177 
1685 0.00096235 
1686 0.00132025 
1687 0.00209816 
1688 0.00484517 
1689 0.198364 
1690 9.9126e-05 
1691 0.000121157 
1692 2.57385e-05 
1693 4.21358e-05 
1694 5.38637e-05 
1695 2.15443e-05 
1696 2.40503e-05 
1697 2.2317e-05 
1698 3.11128e-05 
1699 2.07555e-05 
1700 2.43426e-05 
1701 2.9718e-05 
1702 3.07776e-05 
1703 3.02444e-05 
1704 7.04725e-05 
1705 3.18384e-05 
1706 4.99604e-05 
1707 6.06715e-05 
1708 5.08709e-05 
1709 5.7628e-05 
1710 0.000105383 
1711 0.000265859 
1712 0.000240796 
1713 0.000251189 
1714 0.000636408 
1715 0.000729309 
1716 0.000950552 
1717 0.00206557 
1718 0.00236844 
1719 0.00317618 
1720 0.00337644 
1721 0.00779368 
1722 0.0097443 
1723 3.75345e-05 
1724 0.0101454 
1725 0.0243583 
1726 0.0234587 
1727 0.00995741 
1728 0.136859 
1729 0.000693824 
1730 0.0049639 
1731 4.05292e-05 
1732 0.0408577 
1733 0.00529707 
1734 0.0535905 
1735 0.0129349 
1736 0.00491105 
1737 0.0615512 
1738 0.00177163 
1739 0.000988839 
1740 0.00186621 
1741 0.00261335 
1742 0.00661222 
1743 0.118817 
1744 0.00346359 
1745 0.0249234 
1746 0.0109947 
1747 0.0280893 
1748 0.00906411 
1749 0.021641 
1750 0.0146429 
1751 0.00757347 
1752 0.0959419 
1753 5.7628e-05 
1754 0.0011895 
1755 0.00155626 
1756 0.00239122 
1757 0.00351481 
1758 0.0136546 
1759 0.00651148 
1760 0.171124 
1761 7.05207e-05 
1762 0.00844064 
1763 0.066343 
1764 0.000892675 
1765 0.00120033 
1766 0.00184013 
1767 0.00383831 
1768 0.0356466 
1769 0.00158489 
1770 0.000274925 
1771 0.00276304 
1772 0.00391586 
1773 0.0146803 
1774 0.00207718 
1775 0.00475241 
1776 0.369324 
1777 0.000390733 
1778 0.000137694 
1779 5.10372e-05 
1780 5.15536e-05 
1781 5.09856e-05 
1782 4.77208e-05 
1783 4.81609e-05 
1784 4.63469e-05 
1785 4.67795e-05 
1786 4.72226e-05 
1787 4.76771e-05 
1788 4.77335e-05 
1789 4.45534e-05 
1790 4.4949e-05 
1791 4.53532e-05 
1792 4.57677e-05 
1793 4.62043e-05 
1794 4.66539e-05 
1795 4.71146e-05 
1796 4.71118e-05 
1797 4.7567e-05 
1798 4.80335e-05 
1799 4.85114e-05 
1800 4.90125e-05 
1801 4.9534e-05 
1802 4.11582e-05 
1803 4.14493e-05 
1804 4.17459e-05 
1805 4.20484e-05 
1806 4.23563e-05 
1807 4.26708e-05 
1808 4.29914e-05 
1809 4.33175e-05 
1810 4.36509e-05 
1811 4.39908e-05 
1812 4.43383e-05 
1813 4.46923e-05 
1814 4.50536e-05 
1815 4.54228e-05 
1816 4.58001e-05 
1817 4.61823e-05 
1818 4.65665e-05 
1819 4.69586e-05 
1820 4.73571e-05 
1821 4.77653e-05 
1822 4.81821e-05 
1823 4.8608e-05 
1824 4.90441e-05 
1825 4.94895e-05 
1826 4.99453e-05 
1827 5.04122e-05 
1828 5.089e-05 
1829 5.13786e-05 
1830 5.18795e-05 
1831 5.21763e-05 
1832 5.27034e-05 
1833 5.34527e-05 
1834 5.40055e-05 
1835 5.45715e-05 
1836 5.51522e-05 
1837 5.57498e-05 
1838 5.63612e-05 
1839 5.69913e-05 
1840 5.76358e-05 
1841 5.82996e-05 
1842 5.89815e-05 
1843 5.96832e-05 
1844 6.06715e-05 
1845 6.13846e-05 
1846 6.23085e-05 
1847 6.32668e-05 
1848 6.4255e-05 
1849 6.52825e-05 
1850 6.63448e-05 
1851 6.74464e-05 
1852 6.85916e-05 
1853 6.97829e-05 
1854 7.10211e-05 
1855 7.23106e-05 
1856 7.35642e-05 
1857 7.50534e-05 
1858 7.65162e-05 
1859 7.80454e-05 
1860 7.96442e-05 
1861 8.13181e-05 
1862 8.30722e-05 
1863 8.4913e-05 
1864 8.6848e-05 
1865 8.8882e-05 
1866 9.09712e-05 
1867 9.30629e-05 
1868 9.54467e-05 
1869 9.7388e-05 
1870 0.000100184 
1871 0.000102755 
1872 0.000105473 
1873 0.000108354 
1874 0.000110991 
1875 0.000114738 
1876 0.000118279 
1877 0.000122067 
1878 0.000126125 
1879 0.000130486 
1880 0.000134576 
1881 0.000140232 
1882 0.000145725 
1883 0.000151697 
1884 0.000158213 
1885 0.000165349 
1886 0.000173197 
1887 0.000181862 
1888 0.00019149 
1889 0.000202245 
1890 0.000214344 
1891 0.000228047 
1892 0.000242019 
1893 0.000257681 
1894 0.000275624 
1895 0.000296352 
1896 0.000320568 
1897 0.000349232 
1898 0.000382811 
1899 0.000426083 
1900 0.00047941 
1901 0.000548337 
1902 0.000640882 
1903 0.000771703 
1904 0.000970136 
1905 0.00130713 
1906 0.00201621 
1907 0.00446325 
1908 0.153755 
1909 1.19996e-05 
1910 0.000778349 
1911 9.2546e-05 
1912 7.03248e-05 
1913 7.18846e-05 
1914 7.35642e-05 
1915 7.52441e-05 
1916 7.70553e-05 
1917 7.89647e-05 
1918 8.09799e-05 
1919 8.31089e-05 
1920 8.53317e-05 
1921 8.76704e-05 
1922 9.0152e-05 
1923 9.27898e-05 
1924 9.55999e-05 
1925 9.86003e-05 
1926 0.00010181 
1927 0.000105253 
1928 0.000108859 
1929 0.000113233 
1930 0.000116945 
1931 0.000121553 
1932 0.00012657 
1933 0.000132044 
1934 0.000138047 
1935 0.000144657 
1936 0.000151973 
1937 0.000160582 
1938 0.000169763 
1939 0.000179958 
1940 0.000191884 
1941 0.000205094 
1942 0.000221022 
1943 0.000239379 
1944 0.000261213 
1945 0.00028762 
1946 0.000320203 
1947 0.000361426 
1948 0.000415223 
1949 0.000488371 
1950 0.000584096 
1951 0.000707378 
1952 0.000889504 
1953 0.0012033 
1954 0.00185235 
1955 0.00376033 
1956 0.0413211 
1957 0.000742228 
1958 0.000937783 
1959 0.00127646 
1960 0.00200416 
1961 0.00466113 
1962 0.0313525 
1963 0.00493828 
1964 0.240676 
1965 6.93581e-05 
1966 0.00118202 
1967 0.000215044 
1968 0.000226699 
1969 0.000239907 
1970 0.000255008 
1971 0.000272446 
1972 0.000292821 
1973 0.000316917 
1974 0.000345878 
1975 0.000382811 
1976 0.000426696 
1977 0.00048517 
1978 0.000563638 
1979 0.000675262 
1980 0.000844532 
1981 0.0011176 
1982 0.00166894 
1983 0.00331628 
1984 0.00808939 
1985 0.000433087 
1986 0.0332949 
1987 0.00387709 
1988 0.00871613 
1989 0.0288476 
1990 0.18061 
1991 0.0151702 
1992 0.00180019 
1993 0.00106555 
1994 0.000258314 
1995 0.000280061 
1996 0.000306087 
1997 0.000337795 
1998 0.00037728 
1999 0.000427797 
2000 0.000494735 
2001 0.000587636 
2002 0.000265859 
2003 0.000803245 
2004 0.00108965 
2005 0.00169725 
2006 0.00349866 
2007 0.022016 
2008 0.00377674 
2009 0.043161 
2010 0.000857696 
2011 0.00106884 
2012 0.00142728 
2013 0.00211914 
2014 0.00392703 
2015 0.014737 
2016 0.0363404 
2017 0.00104484 
2018 0.00027504 
2019 0.000298405 
2020 0.000326147 
2021 0.000359771 
2022 0.000401354 
2023 0.000454122 
2024 0.000523288 
2025 0.000620622 
2026 0.000755832 
2027 0.000973229 
2028 0.00136832 
2029 0.00230421 
2030 0.0070479 
2031 0.552322 
2032 8.34908e-05 
2033 0.00415384 
2034 0.000563218 
2035 0.000620622 
2036 0.000696111 
2037 0.00079537 
2038 0.000928214 
2039 0.00111496 
2040 0.00139629 
2041 0.00186704 
2042 0.0028098 
2043 0.00562026 
2044 0.0712577 
2045 0.000778787 
2046 0.000748224 
2047 0.000794032 
2048 0.000894536 
2049 0.00107303 
2050 0.00129406 
2051 0.00173764 
2052 0.00274536 
2053 0.00748893 
2054 0.194956 
2055 1.18696e-05 
2056 0.00115779 
2057 0.0012444 
2058 0.00147248 
2059 0.00177654 
2060 0.00224141 
2061 0.00304885 
2062 0.00475436 
2063 0.0593902 
2064 0.00470935 
2065 0.000242643 
2066 0.000261228 
2067 0.000285499 
2068 0.000227334 
2069 0.000248677 
2070 0.000287853 
2071 0.000338119 
2072 0.000411847 
2073 0.000548234 
2074 0.00098257 
2075 0.00373871 
2076 0.00272717 
2077 0.0782541 
2078 0.00922129 
2079 0.000216252 
2080 0.00012156 
2081 0.00013051 
2082 0.000141607 
2083 8.96158e-05 
2084 0.000189173 
2085 0.000218426 
2086 0.000257534 
2087 0.000316307 
2088 0.000414478 
2089 0.000682331 
2090 0.00135524 
2091 0.00621484 
2092 0.00275791 
2093 0.000169566 
2094 0.0587424 
2095 0.000304592 
2096 0.000374051 
2097 0.000512283 
2098 0.000815192 
2099 0.00191395 
2100 0.00396261 
2101 0.080681 
2102 0.000306607 
2103 0.00038664 
2104 0.000532226 
2105 0.00045229 
2106 0.00129406 
2107 0.00482553 
2108 0.00778671 
2109 0.00063023 
2110 0.000898492 
2111 0.00194395 
2112 0.013261 
2113 0.00298415 
2114 0.210976 
2115 1.08787e-05 
2116 6.50019e-05 
2117 5.64829e-05 
2118 5.73536e-05 
2119 5.82838e-05 
2120 5.92672e-05 
2121 6.00647e-05 
2122 6.1394e-05 
2123 6.25549e-05 
2124 6.37959e-05 
2125 6.5105e-05 
2126 6.64946e-05 
2127 6.79713e-05 
2128 6.95344e-05 
2129 7.12015e-05 
2130 7.35642e-05 
2131 7.71992e-05 
2132 8.15752e-05 
2133 8.65364e-05 
2134 9.22084e-05 
2135 9.87476e-05 
2136 0.000106364 
2137 0.000115368 
2138 0.000126158 
2139 0.000139327 
2140 0.000155766 
2141 0.000176848 
2142 0.000201632 
2143 0.000228778 
2144 0.000264399 
2145 0.000312944 
2146 0.000382811 
2147 0.000490113 
2148 0.000674471 
2149 0.00104959 
2150 0.00197079 
2151 0.00920611 
2152 0.0141007 
2153 0.000422884 
2154 0.000606145 
2155 0.00104165 
2156 0.00299265 
2157 0.100117 
2158 0.000105018 
2159 8.61597e-05 
2160 8.04794e-05 
2161 8.46973e-05 
2162 9.01099e-05 
2163 9.63348e-05 
2164 0.000103562 
2165 0.000112112 
2166 0.00012225 
2167 0.000134576 
2168 0.000149977 
2169 0.000169472 
2170 0.000195063 
2171 0.000230105 
2172 0.000264945 
2173 0.000329211 
2174 0.000434759 
2175 0.000636287 
2176 0.00115392 
2177 0.00417098 
2178 0.00678383 
2179 0.0031511 
2180 0.0321973 
2181 0.000359474 
2182 0.000457098 
2183 0.000676518 
2184 0.00125627 
2185 0.00498164 
2186 0.00516943 
2187 0.00476161 
2188 0.00593788 
2189 0.00329391 
2190 0.0325736 
2191 0.000255669 
2192 0.000313562 
2193 0.000405141 
2194 0.000570127 
2195 0.000944577 
2196 0.00239122 
2197 0.357087 
2198 0.00012087 
2199 3.18597e-06 
2200 3.55049e-05 
2201 3.15038e-05 
2202 3.94125e-05 
2203 1.99108e-05 
2204 6.46777e-06 
2205 4.68176e-06 
2206 3.83589e-06 
2207 1.20015e-06 
2208 1e-06 
2209 2.94734e-06 
2210 3.24575e-06 
2211 1.36523e-05 
2212 7.20147e-06 
2213 7.17467e-06 
2214 3.80203e-05 
2215 2.2809e-05 
2216 1.93231e-05 
2217 2.44563e-05 
2218 1.69521e-05 
2219 2.00409e-05 
2220 2.24771e-05 
2221 2.11992e-05 
2222 2.77534e-05 
2223 2.31555e-05 
2224 3.1137e-05 
2225 4.84078e-05 
2226 3.44211e-05 
2227 2.15443e-05 
2228 3.94125e-05 
2229 4.07753e-05 
2230 3.2252e-05 
2231 4.58978e-05 
2232 2.53198e-05 
2233 3.28336e-05 
2234 4.09409e-05 
2235 4.84973e-05 
2236 4.72552e-05 
2237 7.05207e-05 
2238 0.00013421 
2239 0.000165596 
2240 0.000367244 
2241 0.000344404 
2242 0.000282261 
2243 0.000359836 
2244 3.41455e-06 
2245 0.000326496 
2246 0.00100432 
2247 0.00102936 
2248 0.00145375 
2249 0.00205428 
2250 0.00217305 
2251 0.0051878 
2252 0.00234049 
2253 0.0123739 
2254 0.0207658 
2255 0.0149767 
2256 0.000482212 
2257 0.000751551 
2258 0.00160525 
2259 0.01918 
2260 0.000382811 
2261 0.000544936 
2262 0.000949178 
2263 0.00302199 
2264 0.0207006 
2265 0.000365694 
2266 0.00050781 
2267 0.000837247 
2268 0.00217343 
2269 0.020059 
2270 0.0516474 
2271 6.70309e-06 
2272 1.00982e-05 
2273 0.0004287 
2274 0.000497089 
2275 0.000776517 
2276 0.00168874 
2277 0.00460163 
2278 0.00405248 
2279 0.0372721 
2280 0.000205094 
2281 0.000240518 
2282 0.000291229 
2283 0.000371102 
2284 0.000513921 
2285 0.000843022 
2286 0.00217134 
2287 0.0223458 
2288 0.0106078 
2289 0.00172724 
2290 0.00749417 
2291 0.00583204 
2292 0.00255348 
2293 0.0098842 
2294 0.00261143 
2295 0.0092202 
2296 0.00844826 
2297 0.0142051 
2298 0.00141323 
2299 6.25526e-05 
2300 0.00694227 
2301 0.00367876 
2302 0.00324443 
2303 0.0185714 
2304 0.000425578 
2305 0.000367244 
2306 0.00090089 
2307 0.00233233 
2308 0.070073 
2309 0.244972 
2310 6.67807e-06 
2311 0.00012407 
2312 0.000122823 
2313 0.000129975 
2314 0.000138633 
2315 0.000149281 
2316 0.000162004 
2317 0.000178159 
2318 0.000199538 
2319 0.000227999 
2320 0.000266243 
2321 0.000323795 
2322 0.00041625 
2323 0.000588466 
2324 0.00100651 
2325 0.00308248 
2326 0.00984197 
2327 0.00310897 
2328 0.00292864 
2329 0.145901 
2330 2.30501e-06 
2331 0.000130016 
2332 0.00012856 
2333 0.000139411 
2334 0.000153105 
2335 0.000171012 
2336 0.000194586 
2337 0.000227032 
2338 0.000274457 
2339 0.000342079 
2340 0.000456736 
2341 0.000694949 
2342 0.00137785 
2343 0.00814067 
2344 0.0013581 
2345 0.00315254 
2346 0.0581282 
2347 0.000170801 
2348 0.000189644 
2349 0.000214881 
2350 0.000251189 
2351 0.000298258 
2352 0.000370288 
2353 0.000488624 
2354 0.000731143 
2355 0.00145805 
2356 0.0099193 
2357 0.000970378 
2358 0.00284388 
2359 0.0430359 
2360 0.000192208 
2361 0.000190351 
2362 0.00026605 
2363 0.000327534 
2364 0.000429108 
2365 0.000621192 
2366 0.00111182 
2367 0.00400655 
2368 0.00735798 
2369 0.000658339 
2370 0.0031305 
2371 0.0241868 
2372 0.000335861 
2373 0.000438677 
2374 0.000641188 
2375 0.00117567 
2376 0.00472961 
2377 0.00429057 
2378 0.00179875 
2379 0.137278 
2380 4.25931e-06 
2381 0.000112112 
2382 0.000109078 
2383 0.000113951 
2384 0.000119697 
2385 0.000126542 
2386 0.000134576 
2387 0.000143866 
2388 0.00015514 
2389 0.000169318 
2390 0.000187606 
2391 0.000211978 
2392 0.000243815 
2393 0.000285344 
2394 0.000347859 
2395 0.000452692 
2396 0.000664321 
2397 0.00124573 
2398 0.00584563 
2399 0.00274117 
2400 0.0237373 
2401 0.000874457 
2402 0.00216973 
2403 0.384836 
2404 9.39121e-05 
2405 0.000100541 
2406 0.000103505 
2407 0.000106776 
2408 9.57846e-05 
2409 9.83642e-05 
2410 0.000101325 
2411 0.000104738 
2412 0.000109018 
2413 0.000113661 
2414 0.000119119 
2415 0.000125595 
2416 0.000133266 
2417 0.000141783 
2418 0.0001522 
2419 0.000165173 
2420 0.000181758 
2421 0.000203357 
2422 0.000232808 
2423 0.000273821 
2424 0.000317457 
2425 0.000412447 
2426 0.000596923 
2427 0.000885102 
2428 0.00205459 
2429 0.0032054 
2430 0.0407599 
2431 0.00164351 
2432 0.00178395 
2433 0.00244289 
2434 0.0054117 
2435 0.0244366 
2436 0.0821979 
2437 0.0119472 
2438 0.00200709 
2439 0.00224958 
2440 0.00808939 
2441 0.0149049 
2442 0.491704 
2443 0.0828206 
2444 0.0499621 
2445 0.00459707 
2446 0.00387709 
2447 5.73105e-06 
2448 1e-06 
2449 0.00106888 
2450 0.000372451 
2451 0.000322252 
2452 0.000192876 
2453 0.000820326 
2454 0.000494153 
2455 0.00104177 
2456 0.00130713 
2457 0.00096905 
2458 0.000857696 
2459 0.000464159 
2460 0.00196478 
2461 0.00464778 
2462 1.36025e-05 
2463 2.39113e-05 
2464 4.07577e-05 
2465 1.77685e-05 
2466 1.11567e-05 
2467 3.52757e-05 
2468 0.000130858 
2469 5.72499e-05 
2470 5.62751e-05 
2471 1.89458e-05 
2472 7.69299e-05 
2473 7.07852e-05 
2474 3.42807e-05 
2475 2.63433e-05 
2476 1.79463e-05 
2477 3.71457e-05 
2478 3.04874e-05 
2479 5.4694e-05 
2480 0.000189955 
2481 0.000631541 
2482 0.000504939 
2483 0.0020253 
2484 0.00107884 
2485 0.000614477 
2486 0.00069073 
2487 0.00104188 
2488 0.000777636 
2489 0.000808173 
2490 0.000542567 
2491 0.000682703 
2492 0.00107667 
2493 0.00118859 
2494 0.00247534 
2495 0.00124891 
2496 0.00175907 
2497 0.0118947 
2498 0.000135936 
2499 1.92869e-05 
2500 7.57097e-05 
2501 4.19509e-05 
2502 0.000149369 
2503 5.34077e-06 
2504 1.524e-06 
2505 1e-06 
2506 3.84255e-05 
2507 2.6734e-05 
2508 2.97209e-05 
2509 1.77685e-05 
2510 3.17886e-05 
2511 1.87463e-05 
2512 3.41759e-05 
2513 2.43923e-05 
2514 2.31524e-05 
2515 1.5797e-05 
2516 2.92039e-05 
2517 1.69795e-05 
2518 1.65959e-05 
2519 2.64792e-05 
2520 2.01272e-05 
2521 4.0859e-05 
2522 2.37844e-05 
2523 1.55894e-05 
2524 2.92617e-05 
2525 1.73804e-05 
2526 2.80175e-05 
2527 4.03628e-05 
2528 6.80972e-05 
2529 2.59194e-05 
2530 3.25051e-05 
2531 6.12783e-05 
2532 7.89283e-05 
2533 7.81686e-05 
2534 0.000101967 
2535 4.5054e-05 
2536 0.000244766 
2537 0.000238998 
2538 0.000873175 
2539 0.0020144 
2540 0.00260967 
2541 0.00225621 
2542 0.00221841 
2543 0.0018272 
2544 0.000866273 
2545 0.00374248 
2546 0.00369581 
2547 0.00307473 
2548 0.00260025 
2549 0.00187896 
2550 0.00574048 
2551 0.00866115 
2552 2.63814e-05 
2553 5.69553e-05 
2554 0.000305953 
2555 1.08596e-06 
2556 0.000251189 
2557 5.14244e-05 
2558 3.98107e-05 
2559 4.1348e-05 
2560 5.01085e-05 
2561 0.000120686 
2562 0.000154488 
2563 0.00011001 
2564 0.000433087 
2565 0.000425752 
2566 0.000413 
2567 0.00847562 
2568 0.00602983 
2569 0.00470051 
2570 0.00809535 
2571 0.00798844 
2572 5.98794e-06 
2573 1.15425e-05 
2574 8.95147e-06 
2575 2.26311e-05 
2576 0.000201171 
2577 0.000142265 
2578 4.78573e-05 
2579 6.38596e-05 
2580 6.00647e-05 
2581 4.41259e-05 
2582 4.69538e-05 
2583 5.05736e-05 
2584 5.38659e-05 
2585 9.38395e-05 
2586 0.000121518 
2587 0.000118743 
2588 0.000269639 
2589 0.000284282 
2590 0.000398375 
2591 0.0421989 
2592 2.51231e-06 
2593 0.000540063 
2594 0.00038683 
2595 0.000158203 
2596 0.000187892 
2597 0.000662999 
2598 0.000268717 
2599 0.000145798 
2600 0.000455854 
2601 0.000122882 
2602 0.000217857 
2603 0.000202229 
2604 0.000157395 
2605 0.000238819 
2606 0.000182021 
2607 0.000169696 
2608 0.000137295 
2609 0.00013253 
2610 0.000231911 
2611 0.00018731 
2612 0.000298909 
2613 0.000413029 
2614 0.00059675 
2615 0.00095183 
2616 0.00101473 
2617 0.00113546 
2618 0.000943291 
2619 0.00179954 
2620 0.0103483 
2621 0.000392451 
2622 0.000148958 
2623 2.29218e-05 
2624 5.6077e-05 
2625 3.71457e-05 
2626 4.44134e-06 
2627 4.47505e-06 
2628 8.93214e-05 
2629 8.67271e-06 
2630 1.06661e-05 
2631 6.37453e-06 
2632 1.92952e-05 
2633 1.77685e-05 
2634 3.98275e-06 
2635 4.40586e-06 
2636 8.49062e-06 
2637 8.16598e-06 
2638 3.26731e-06 
2639 4.83417e-06 
2640 8.43656e-06 
2641 3.82806e-06 
2642 7.78154e-06 
2643 4.9458e-06 
2644 7.01881e-06 
2645 4.88926e-06 
2646 7.76781e-06 
2647 1.04076e-05 
2648 1.13198e-05 
2649 5.25591e-06 
2650 6.37277e-06 
2651 7.29269e-06 
2652 8.35293e-06 
2653 6.59358e-06 
2654 6.59684e-06 
2655 7.49143e-06 
2656 4.62006e-06 
2657 7.1039e-06 
2658 9.39841e-06 
2659 9.89278e-06 
2660 1.04951e-05 
2661 1.2264e-05 
2662 1.40809e-05 
2663 5.11571e-06 
2664 1.73679e-05 
2665 6.1194e-06 
2666 1.0364e-05 
2667 1.52805e-05 
2668 1.48165e-05 
2669 1.26571e-05 
2670 2.75899e-05 
2671 2.53695e-05 
2672 2.82362e-05 
2673 3.28336e-05 
2674 4.02089e-05 
2675 7.28285e-05 
2676 0.000103012 
2677 7.05509e-05 
2678 7.59164e-05 
2679 9.44963e-05 
2680 7.06456e-05 
2681 0.000181758 
2682 0.000270191 
2683 0.00200668 
2684 0.0456274 
2685 4.09733e-05 
2686 0.000323641 
2687 0.00199582 
2688 0.000126591 
2689 0.000141522 
2690 0.000594692 
2691 0.000317598 
2692 0.000340123 
2693 0.000378454 
2694 0.00032312 
2695 0.000369595 
2696 0.0007455 
2697 0.00104473 
2698 0.00128152 
2699 0.00220436 
2700 0.00314011 
2701 0.0143427 
2702 2.50192e-05 
2703 0.000141646 
2704 1e-06 
2705 4.46483e-05 
2706 1.71259e-05 
2707 9.23984e-05 
2708 2.28776e-05 
2709 3.85996e-05 
2710 1.06245e-05 
2711 1.50866e-06 
2712 3.81691e-05 
2713 1.19091e-05 
2714 1.79969e-05 
2715 2.37275e-05 
2716 1.79724e-05 
2717 1.07e-05 
2718 8.35293e-06 
2719 2.04487e-05 
2720 8.35293e-06 
2721 3.99021e-06 
2722 1.66181e-06 
2723 2.22026e-06 
2724 3.91535e-06 
2725 5.35968e-06 
2726 5.78255e-06 
2727 2.31705e-05 
2728 4.13184e-06 
2729 5.98503e-06 
2730 7.59958e-06 
2731 4.76836e-06 
2732 9.24153e-06 
2733 4.45315e-06 
2734 1.64482e-06 
2735 8.45349e-06 
2736 2.15183e-06 
2737 2.2507e-06 
2738 3.46041e-06 
2739 2.22619e-06 
2740 3.25022e-06 
2741 1.04999e-05 
2742 6.6803e-06 
2743 6.30957e-06 
2744 2.56404e-06 
2745 2.50893e-06 
2746 3.33013e-06 
2747 3.58509e-06 
2748 2.08991e-06 
2749 1.03555e-05 
2750 3.69908e-06 
2751 2.31382e-06 
2752 2.51409e-06 
2753 3.71053e-06 
2754 7.30934e-06 
2755 1.17758e-05 
2756 1.19471e-05 
2757 3.91184e-06 
2758 2.57068e-06 
2759 3.97317e-06 
2760 6.8872e-06 
2761 3.59976e-06 
2762 6.92384e-06 
2763 1.06933e-05 
2764 4.66988e-06 
2765 4.40037e-06 
2766 5.52598e-06 
2767 7.16149e-06 
2768 3.79792e-06 
2769 4.0085e-06 
2770 4.34903e-06 
2771 7.23925e-06 
2772 2.00037e-05 
2773 7.03066e-06 
2774 9.4676e-06 
2775 3.0828e-06 
2776 7.78384e-06 
2777 2.36118e-06 
2778 5.88258e-06 
2779 7.87411e-06 
2780 9.83702e-06 
2781 9.07168e-06 
2782 1.36922e-05 
2783 8.92482e-06 
2784 1.77685e-05 
2785 1.40371e-05 
2786 4.90551e-06 
2787 1.22804e-05 
2788 1.57522e-05 
2789 8.58445e-06 
2790 3.82447e-06 
2791 3.9155e-05 
2792 4.29652e-05 
2793 2.3289e-05 
2794 5.11099e-05 
2795 1.11693e-05 
2796 3.48331e-05 
2797 3.73785e-05 
2798 2.3681e-05 
2799 6.79823e-05 
2800 0.000110465 
2801 0.000132161 
2802 0.000300792 
2803 0.00010936 
2804 0.000357811 
2805 0.000168256 
2806 0.00119491 
2807 0.00311036 
2808 0.00787519 
2809 0.00507994 
2810 0.00604943 
2811 0.0054117 
2812 0.00128097 
2813 0.00391586 
2814 0.00306419 
2815 0.00432514 
2816 0.00227246 
2817 0.00392298 
2818 0.0129776 
2819 3.72331e-06 
2820 3.32724e-06 
2821 2.90683e-05 
2822 0.000464159 
2823 0.000280472 
2824 0.000308568 
2825 0.000764794 
2826 0.00166938 
2827 0.00464524 
2828 0.0285029 
2829 2.2582e-06 
2830 1e-06 
2831 0.000372477 
2832 0.000255857 
2833 0.000251189 
2834 9.99188e-05 
2835 9.63577e-05 
2836 7.98082e-05 
2837 0.00011344 
2838 0.000190351 
2839 0.000211453 
2840 0.000221741 
2841 0.000227856 
2842 0.000500389 
2843 0.000339871 
2844 0.000632532 
2845 0.000875789 
2846 0.00140839 
2847 0.0125107 
2848 0.102545 
2849 1e-06 
2850 0.000505112 
2851 0.0003676 
2852 0.000422655 
2853 0.000685124 
2854 3.32652e-05 
2855 2.70407e-05 
2856 0.000122365 
2857 0.000230404 
2858 0.00013323 
2859 0.000211002 
2860 7.03382e-05 
2861 0.000160563 
2862 0.000114027 
2863 0.000207166 
2864 4.14834e-05 
2865 3.82673e-05 
2866 1.94089e-05 
2867 7.94724e-05 
2868 2.95655e-05 
2869 3.90079e-05 
2870 4.84003e-05 
2871 1.92347e-05 
2872 2.42581e-05 
2873 2.89782e-05 
2874 4.25535e-05 
2875 2.6707e-05 
2876 3.58804e-05 
2877 5.08224e-05 
2878 1.34268e-05 
2879 2.21595e-05 
2880 5.73652e-05 
2881 1.91977e-05 
2882 3.38167e-05 
2883 5.32305e-05 
2884 5.03834e-05 
2885 1.31575e-05 
2886 1.88741e-05 
2887 2.95587e-05 
2888 2.15443e-05 
2889 1.5435e-05 
2890 2.52029e-05 
2891 1.60499e-05 
2892 1.69433e-05 
2893 2.01436e-05 
2894 1.6584e-05 
2895 2.37926e-05 
2896 1.73026e-05 
2897 1.459e-05 
2898 1.45353e-05 
2899 2.79024e-05 
2900 3.36328e-05 
2901 3.04181e-05 
2902 5.70621e-05 
2903 2.24832e-05 
2904 2.20664e-05 
2905 3.28336e-05 
2906 3.10886e-05 
2907 5.21763e-05 
2908 2.59545e-05 
2909 7.84336e-05 
2910 4.68933e-05 
2911 8.4515e-05 
2912 0.000106459 
2913 2.60692e-05 
2914 0.000148781 
2915 7.92754e-05 
2916 2.6759e-05 
2917 8.41261e-05 
2918 7.43164e-05 
2919 3.36782e-05 
2920 4.14784e-05 
2921 0.000227951 
2922 4.79507e-05 
2923 4.09733e-05 
2924 8.6511e-05 
2925 0.000120523 
2926 0.000110337 
2927 4.27701e-05 
2928 9.49279e-05 
2929 9.89987e-05 
2930 6.00647e-05 
2931 7.6275e-05 
2932 9.7388e-05 
2933 0.000138753 
2934 0.000130712 
2935 0.000138836 
2936 8.76929e-05 
2937 4.62736e-05 
2938 0.000150328 
2939 5.87794e-05 
2940 0.000228479 
2941 0.000225057 
2942 0.000275242 
2943 0.000127955 
2944 0.000221741 
2945 6.32421e-05 
2946 9.07683e-05 
2947 0.000232463 
2948 0.000112112 
2949 0.000114199 
2950 0.000324803 
2951 0.000169171 
2952 0.000302259 
2953 0.000124133 
2954 0.000243575 
2955 0.000224307 
2956 0.000114366 
2957 0.000260736 
2958 0.000137295 
2959 0.000336073 
2960 7.96784e-05 
2961 0.000392869 
2962 0.000161198 
2963 0.000134576 
2964 0.000421219 
2965 0.0011489 
2966 0.000683424 
2967 0.00120242 
2968 0.000794689 
2969 0.000717472 
2970 0.00254873 
2971 0.00122565 
2972 0.00437773 
2973 0.00953451 
2974 0.0420901 
2975 1e-06 
2976 5.8872e-06 
2977 0.000564273 
2978 8.65472e-05 
2979 2.02524e-05 
2980 1.06141e-05 
2981 3.09361e-05 
2982 1.69502e-05 
2983 5.97873e-05 
2984 1.58801e-05 
2985 3.68232e-05 
2986 2.25838e-05 
2987 9.90736e-06 
2988 3.38042e-05 
2989 5.03173e-06 
2990 7.6019e-06 
2991 8.69187e-06 
2992 1.03462e-05 
2993 1.79463e-05 
2994 1.82302e-05 
2995 1.107e-05 
2996 3.41455e-06 
2997 9.71205e-06 
2998 3.61908e-06 
2999 3.7658e-06 
3000 5.78306e-06 
3001 4.59145e-06 
3002 4.52035e-06 
3003 5.74638e-06 
3004 2.94278e-06 
3005 4.02332e-06 
3006 5.62629e-06 
3007 6.24638e-06 
3008 4.16713e-06 
3009 3.03194e-06 
3010 6.47681e-06 
3011 3.66028e-06 
3012 3.78588e-06 
3013 5.25591e-06 
3014 7.35972e-06 
3015 8.59478e-06 
3016 7.91029e-06 
3017 5.67387e-06 
3018 5.94689e-06 
3019 1.00442e-05 
3020 7.99876e-06 
3021 4.72781e-06 
3022 1.74281e-05 
3023 1.06606e-05 
3024 3.95256e-06 
3025 1.14279e-05 
3026 6.93077e-06 
3027 2.88068e-05 
3028 1.12949e-05 
3029 1.51338e-05 
3030 9.03461e-06 
3031 1.05016e-05 
3032 2.13288e-05 
3033 1.92605e-05 
3034 1.05358e-05 
3035 1.79728e-05 
3036 1.83409e-05 
3037 2.24099e-05 
3038 8.53718e-06 
3039 1.95083e-05 
3040 4.14977e-05 
3041 1.88648e-05 
3042 2.17599e-05 
3043 1.12722e-05 
3044 1.70958e-05 
3045 2.17599e-05 
3046 2.05333e-05 
3047 4.53392e-05 
3048 2.28969e-05 
3049 5.70492e-05 
3050 1.59515e-05 
3051 2.2955e-05 
3052 5.14793e-05 
3053 7.12756e-05 
3054 1.65367e-05 
3055 2.24518e-05 
3056 2.51817e-05 
3057 2.94245e-05 
3058 1.77685e-05 
3059 5.08224e-05 
3060 3.16319e-05 
3061 0.000149474 
3062 3.98107e-05 
3063 4.58757e-05 
3064 0.000108724 
3065 4.86367e-05 
3066 2.66236e-05 
3067 9.00533e-05 
3068 6.3957e-05 
3069 5.32305e-05 
3070 0.000185267 
3071 6.25526e-05 
3072 0.000109942 
3073 0.000357449 
3074 0.000202619 
3075 0.000421219 
3076 0.000409698 
3077 0.00188309 
3078 0.00206956 
3079 0.0284614 
3080 0.00205867 
3081 0.0123713 
3082 0.0341568 
3083 0.0158416 
3084 1.07141e-06 
3085 0.000179958 
3086 1.17758e-05 
3087 9.06044e-05 
3088 3.69214e-05 
3089 3.28336e-05 
3090 3.73808e-05 
3091 1.25254e-05 
3092 4.73838e-05 
3093 3.51745e-05 
3094 5.58459e-05 
3095 4.56565e-06 
3096 1.46727e-05 
3097 2.81327e-05 
3098 1.01611e-05 
3099 2.15575e-06 
3100 1.4285e-05 
3101 3.77752e-06 
3102 9.10425e-06 
3103 3.37195e-05 
3104 1.09399e-05 
3105 1.21017e-05 
3106 3.43573e-05 
3107 1.01992e-05 
3108 1.80241e-05 
3109 5.63751e-06 
3110 1.0143e-05 
3111 1.0504e-05 
3112 8.73827e-06 
3113 5.73958e-06 
3114 1.22305e-05 
3115 1.32107e-05 
3116 7.43779e-06 
3117 5.40224e-06 
3118 7.61688e-06 
3119 7.09898e-06 
3120 7.11488e-06 
3121 6.12695e-06 
3122 6.68105e-06 
3123 7.54026e-06 
3124 6.48833e-06 
3125 9.89172e-06 
3126 8.8321e-06 
3127 8.43656e-06 
3128 8.82744e-06 
3129 1.5435e-05 
3130 6.79188e-06 
3131 7.96249e-06 
3132 1.2136e-05 
3133 5.62615e-06 
3134 9.35342e-06 
3135 1.16591e-05 
3136 1.39278e-05 
3137 1.92229e-05 
3138 1.9339e-05 
3139 2.10841e-05 
3140 1.59724e-05 
3141 1.5435e-05 
3142 1.69566e-05 
3143 3.42906e-05 
3144 1.89054e-05 
3145 3.22045e-05 
3146 1.967e-05 
3147 1.57022e-05 
3148 2.97216e-05 
3149 2.75761e-05 
3150 1.48758e-05 
3151 2.65487e-05 
3152 1.52805e-05 
3153 2.15443e-05 
3154 1.75907e-05 
3155 4.48748e-05 
3156 3.20047e-05 
3157 2.54422e-05 
3158 1.68204e-05 
3159 5.21791e-05 
3160 2.55519e-05 
3161 3.48572e-05 
3162 3.15937e-05 
3163 2.6598e-05 
3164 3.77129e-05 
3165 2.49882e-05 
3166 7.35642e-05 
3167 5.15024e-05 
3168 2.56315e-05 
3169 3.04041e-05 
3170 4.02089e-05 
3171 3.91536e-05 
3172 9.08027e-05 
3173 4.25946e-05 
3174 5.27034e-05 
3175 7.35642e-05 
3176 7.26925e-05 
3177 7.21999e-05 
3178 0.000209619 
3179 0.000175302 
3180 8.3007e-05 
3181 0.0003653 
3182 0.00020107 
3183 0.000193314 
3184 0.000382811 
3185 0.00420871 
3186 0.00345594 
3187 0.0670961 
3188 3.13217e-06 
3189 0.000198964 
3190 0.000191234 
3191 0.000117501 
3192 8.12801e-05 
3193 0.000238135 
3194 0.00043762 
3195 0.000292539 
3196 0.000236158 
3197 0.000258514 
3198 0.000265859 
3199 0.000669271 
3200 0.000586549 
3201 0.000946904 
3202 0.00133418 
3203 0.00459415 
3204 0.00535272 
3205 0.0354974 
3206 0.0121824 
3207 0.0740067 
3208 0.000139914 
3209 0.0003513 
3210 0.000255885 
3211 9.99154e-05 
3212 0.000140337 
3213 8.70158e-05 
3214 9.98269e-05 
3215 8.71366e-05 
3216 9.54389e-05 
3217 0.000151136 
3218 0.000186874 
3219 0.000190351 
3220 0.000167408 
3221 0.000209619 
3222 0.000382811 
3223 0.00024795 
3224 0.000580333 
3225 0.00122726 
3226 0.00179716 
3227 0.00180875 
3228 0.000526791 
3229 0.00244564 
3230 0.00691617 
3231 0.0093952 
3232 0.00249394 
3233 0.00554963 
3234 0.0122063 
3235 0.00409837 
3236 0.0208797 
3237 0.000844675 
3238 0.00146059 
3239 0.00584579 
3240 0.00270758 
3241 0.0311482 
3242 0.000223092 
3243 0.000253701 
3244 0.000327246 
3245 0.000432543 
3246 0.000668761 
3247 0.00154663 
3248 0.0346793 
3249 0.000239289 
3250 1e-06 
3251 4.45261e-05 
3252 3.16922e-06 
3253 4.77498e-05 
3254 0.000150801 
3255 7.33172e-06 
3256 3.77214e-05 
3257 3.1063e-05 
3258 1.72146e-05 
3259 1.09459e-05 
3260 1.63808e-05 
3261 2.82362e-05 
3262 2.30735e-05 
3263 0.000119064 
3264 6.4123e-05 
3265 8.39381e-05 
3266 0.000133359 
3267 9.8362e-05 
3268 0.000108106 
3269 0.000155127 
3270 0.000154278 
3271 0.000223981 
3272 0.000194732 
3273 0.000444955 
3274 0.000921515 
3275 0.00108375 
3276 0.00220951 
3277 0.000377366 
3278 0.00217051 
3279 0.00608209 
3280 0.00509032 
3281 0.00814061 
3282 0.00805542 
3283 0.000778308 
3284 0.00181708 
3285 0.0127096 
3286 0.00600001 
3287 0.00152884 
3288 0.0140827 
3289 0.00258123 
3290 0.0100736 
3291 0.000927196 
3292 0.00300234 
3293 0.00894094 
3294 0.000904767 
3295 0.00271014 
3296 0.0101618 
3297 0.0010268 
3298 0.00331839 
3299 0.00852288 
3300 0.000690406 
3301 0.00185266 
3302 0.0259342 
3303 0.000323473 
3304 0.000453504 
3305 0.000769416 
3306 0.00229359 
3307 0.0283283 
3308 0.000163654 
3309 0.000181984 
3310 0.000207166 
3311 0.000245344 
3312 0.000305888 
3313 0.000415164 
3314 0.000657416 
3315 0.00153258 
3316 0.0275384 
3317 0.000574376 
3318 0.0010994 
3319 0.00590515 
3320 0.0010961 
3321 0.0054117 
3322 0.00202663 
3323 0.0194889 
3324 0.00572775 
3325 3.97489e-06 
3326 3.69108e-05 
3327 8.78769e-06 
3328 0.000216867 
3329 0.000116284 
3330 5.9309e-05 
3331 6.06715e-05 
3332 4.87399e-05 
3333 8.81106e-05 
3334 8.5684e-05 
3335 8.73523e-05 
3336 0.000146328 
3337 0.00015672 
3338 0.000370943 
3339 0.00104484 
3340 0.00249026 
3341 0.00559765 
3342 0.00530077 
3343 0.0054117 
3344 0.000827401 
3345 0.00241538 
3346 0.00670738 
3347 0.0091476 
3348 0.000906353 
3349 0.00145375 
3350 0.0437713 
3351 0.000162173 
3352 0.000178159 
3353 0.000201551 
3354 0.000233593 
3355 0.000283074 
3356 0.000365697 
3357 0.000527615 
3358 0.000958791 
3359 0.003597 
3360 3.98107e-05 
3361 0.00988847 
3362 0.00055053 
3363 0.00128865 
3364 0.00102936 
3365 0.0277301 
3366 0.000279549 
3367 0.000422428 
3368 0.000614477 
3369 0.00107618 
3370 0.00377253 
3371 0.00684482 
3372 0.00182359 
3373 0.0222791 
3374 0.000474217 
3375 0.000799495 
3376 0.00219257 
3377 0.000339871 
3378 0.0534004 
3379 0.00423936 
3380 0.00789228 
3381 0.00109183 
3382 0.00509524 
3383 0.001974 
3384 0.0533635 
3385 5.08224e-05 
3386 0.0010649 
3387 0.0049262 
3388 0.00200023 
3389 0.0420461 
3390 0.000220818 
3391 0.000261666 
3392 0.000324371 
3393 0.000432425 
3394 0.000656995 
3395 0.0012683 
3396 0.00599834 
3397 0.00257886 
3398 0.0851746 
3399 0.000160932 
3400 0.000173263 
3401 0.000193378 
3402 0.000220933 
3403 0.000260913 
3404 0.000317031 
3405 0.000409535 
3406 0.000588731 
3407 0.00104541 
3408 0.00358901 
3409 0.0179922 
3410 0.000479511 
3411 0.000740865 
3412 0.00151976 
3413 0.0111758 
3414 0.000977666 
3415 0.00263742 
3416 0.0266944 
3417 0.00191265 
3418 0.0266485 
3419 0.000248677 
3420 0.000295029 
3421 0.000364305 
3422 0.000481204 
3423 0.000719232 
3424 0.00135813 
3425 0.000882742 
3426 0.00985672 
3427 0.00144747 
3428 0.0109225 
3429 0.00101675 
3430 0.00257726 
3431 0.052784 
3432 0.00557027 
3433 0.00111935 
3434 0.00158489 
3435 0.0366749 
3436 0.000359956 
3437 0.000475796 
3438 0.000756133 
3439 0.00152873 
3440 0.00504942 
3441 0.0136287 
3442 0.00060474 
3443 0.0010339 
3444 0.00155985 
3445 0.0235546 
3446 0.000408623 
3447 0.000556658 
3448 0.000918944 
3449 0.00248447 
3450 0.183503 
3451 0.000117736 
3452 6.93581e-05 
3453 0.00013092 
3454 0.000137901 
3455 0.000146438 
3456 0.000157049 
3457 0.000170472 
3458 0.000187869 
3459 0.000211149 
3460 0.000243678 
3461 0.000291879 
3462 0.000368908 
3463 0.000507048 
3464 0.000823418 
3465 0.0019863 
3466 0.064378 
3467 0.000197008 
3468 0.000216869 
3469 0.000242366 
3470 0.000277964 
3471 0.000332536 
3472 0.000410848 
3473 0.000551193 
3474 0.000857696 
3475 0.0018849 
3476 0.0155312 
3477 0.000220012 
3478 0.00228681 
3479 0.0150467 
3480 0.00177587 
3481 0.00168481 
3482 0.00478505 
3483 0.245428 
3484 0.000234373 
3485 7.27431e-06 
3486 0.000107479 
3487 1e-06 
3488 0.000112112 
3489 3.63721e-05 
3490 4.217e-05 
3491 4.92811e-05 
3492 4.871e-05 
3493 5.13237e-05 
3494 4.39064e-05 
3495 7.07381e-05 
3496 6.8119e-05 
3497 6.71641e-05 
3498 7.91883e-05 
3499 0.000117736 
3500 0.00011344 
3501 0.000344404 
3502 0.000339871 
3503 0.000638755 
3504 0.000822211 
3505 0.00080028 
3506 0.00179875 
3507 0.00315254 
3508 0.00396261 
3509 0.00244398 
3510 0.000414894 
3511 0.000216389 
3512 0.000224545 
3513 0.00023331 
3514 0.000264033 
3515 0.000278437 
3516 0.000294411 
3517 0.000312228 
3518 0.000332536 
3519 0.000354847 
3520 0.000378983 
3521 0.000410098 
3522 0.000444515 
3523 0.000476954 
3524 0.000523854 
3525 0.000580762 
3526 0.000651357 
3527 0.000740548 
3528 0.000857696 
3529 0.00102441 
3530 0.001272 
3531 0.00165587 
3532 0.00248151 
3533 0.0054117 
3534 0.0341073 
3535 0.0454277 
3536 4.09797e-06 
3537 0.00202328 
3538 0.00241538 
3539 0.00132584 
3540 0.00204595 
3541 0.00514776 
3542 0.0981271 
3543 1.0212e-05 
3544 0.0016135 
3545 0.00029933 
3546 0.000320877 
3547 0.000346142 
3548 0.000376224 
3549 0.000412683 
3550 0.000457896 
3551 0.00051562 
3552 0.000592188 
3553 0.000699326 
3554 0.000857696 
3555 0.00113546 
3556 0.0017537 
3557 0.00470486 
3558 0.0467712 
3559 3.0447e-06 
3560 0.000934924 
3561 0.000423763 
3562 0.000470693 
3563 0.00052978 
3564 0.000606691 
3565 0.000714452 
3566 0.000866273 
3567 0.0011098 
3568 0.00158489 
3569 0.00296276 
3570 0.0851806 
3571 0.00346359 
3572 0.0488591 
3573 0.00356767 
3574 0.000402117 
3575 0.000251189 
3576 0.000262209 
3577 0.000273329 
3578 0.000285761 
3579 0.000299724 
3580 0.000315492 
3581 0.000332536 
3582 0.00035381 
3583 0.000377445 
3584 0.000405017 
3585 0.000437589 
3586 0.000476653 
3587 0.000524372 
3588 0.000584014 
3589 0.000660796 
3590 0.000763584 
3591 0.000908877 
3592 0.00113546 
3593 0.00152378 
3594 0.00241538 
3595 0.00735797 
3596 0.0921117 
3597 8.35293e-06 
3598 0.021679 
3599 0.00356042 
3600 0.00592309 
3601 0.00702834 
3602 0.000314151 
3603 0.000367245 
3604 0.000448396 
3605 0.000585377 
3606 0.000857696 
3607 0.00161403 
3608 0.00749726 
3609 0.00353413 
3610 0.0560024 
3611 4.1596e-06 
3612 0.000259132 
3613 0.000295275 
3614 0.000342176 
3615 0.000412546 
3616 0.000531345 
3617 0.000787837 
3618 0.00149177 
3619 0.00723591 
3620 0.00230571 
3621 0.109041 
3622 1.27609e-05 
3623 0.000209238 
3624 0.000224558 
3625 0.000241664 
3626 0.000264161 
3627 0.000293055 
3628 0.000332536 
3629 0.000394827 
3630 0.00050694 
3631 0.000707378 
3632 0.00122907 
3633 0.00431955 
3634 0.00716427 
3635 0.00281788 
3636 0.0490642 
3637 2.99074e-06 
3638 0.00975772 
3639 0.00111295 
3640 0.00315302 
3641 0.0122881 
3642 0.00456507 
3643 0.0124349 
3644 0.000786725 
3645 0.00207718 
3646 0.0403128 
3647 2.27366e-06 
3648 0.00031352 
3649 0.000370899 
3650 0.000464159 
3651 0.000627252 
3652 0.000998572 
3653 0.00241538 
3654 0.00451611 
3655 0.225624 
3656 5.51304e-05 
3657 0.00055706 
3658 0.000482757 
3659 0.000642499 
3660 0.00097521 
3661 0.00200015 
3662 0.015537 
3663 0.0013202 
3664 0.00402962 
3665 0.0298717 
3666 0.000387023 
3667 0.000519043 
3668 0.000810547 
3669 0.00167211 
3670 0.00994143 
3671 0.00146957 
3672 0.00614466 
3673 0.0042119 
3674 0.0171394 
3675 0.000737682 
3676 0.00137917 
3677 0.00483893 
3678 0.00964791 
3679 0.00177313 
3680 0.0117222 
3681 0.001285 
3682 0.00405955 
3683 0.0210017 
3684 0.000614477 
3685 0.000933944 
3686 0.00178094 
3687 0.0136042 
3688 0.00101455 
3689 0.00243953 
3690 0.117822 
3691 1.03963e-05 
3692 0.000176022 
3693 0.000186128 
3694 0.000198527 
3695 0.000213731 
3696 0.000231394 
3697 0.00025408 
3698 0.000284113 
3699 0.000325494 
3700 0.00038664 
3701 0.000480496 
3702 0.000648265 
3703 0.00101567 
3704 0.00230722 
3705 0.00556972 
3706 0.0763105 
3707 3.61397e-06 
3708 0.000217356 
3709 0.000236174 
3710 0.000260533 
3711 0.00029309 
3712 0.000337938 
3713 0.000404108 
3714 0.000510439 
3715 0.000707378 
3716 0.00116141 
3717 0.00309625 
3718 0.00195002 
3719 0.517432 
3720 0.000282261 
3721 0.000115588 
3722 0.00405562 
3723 0.000556307 
3724 0.000875181 
3725 0.00202494 
3726 0.00306702 
3727 0.000447979 
3728 0.000217747 
3729 0.000222636 
3730 0.000227739 
3731 0.000233054 
3732 0.000238604 
3733 0.000244399 
3734 0.000251189 
3735 0.000256807 
3736 0.000263438 
3737 0.000270377 
3738 0.000277657 
3739 0.000285295 
3740 0.000293309 
3741 0.000301741 
3742 0.00031061 
3743 0.000319946 
3744 0.000329211 
3745 0.000340169 
3746 0.000351155 
3747 0.000362768 
3748 0.000375081 
3749 0.000388133 
3750 0.000401995 
3751 0.000416753 
3752 0.000432463 
3753 0.000449231 
3754 0.000468801 
3755 0.000486403 
3756 0.000506982 
3757 0.000529096 
3758 0.000552903 
3759 0.000578591 
3760 0.000606362 
3761 0.000636464 
3762 0.000669168 
3763 0.000707378 
3764 0.000743804 
3765 0.00078639 
3766 0.000832885 
3767 0.000884065 
3768 0.000529978 
3769 0.000555984 
3770 0.000584478 
3771 0.000614477 
3772 0.000650151 
3773 0.000688229 
3774 0.000730454 
3775 0.000777465 
3776 0.000830052 
3777 0.000889166 
3778 0.000955973 
3779 0.00103193 
3780 0.00111887 
3781 0.00121912 
3782 0.00133565 
3783 0.00151436 
3784 0.00168779 
3785 0.00189667 
3786 0.00215158 
3787 0.00246733 
3788 0.00286489 
3789 0.00337491 
3790 0.00404262 
3791 0.0049363 
3792 0.00615991 
3793 0.00788124 
3794 0.0103359 
3795 0.0138289 
3796 0.0187505 
3797 0.0256536 
3798 0.0358856 
3799 0.0585304 
3800 0.34686 
3801 0.000504803 
3802 0.000689939 
3803 0.00102312 
3804 0.00137973 
3805 0.00199523 
3806 0.00321277 
3807 0.00615011 
3808 0.0143744 
3809 0.017106 
3810 0.301078 
3811 0.000137295 
3812 0.000110991 
3813 0.000112112 
3814 0.000112112 
3815 0.000113433 
3816 0.000114748 
3817 0.000114142 
3818 0.000115468 
3819 0.000117056 
3820 0.000118936 
3821 0.000119672 
3822 0.000122102 
3823 0.000124508 
3824 0.0001273 
3825 0.000130531 
3826 0.000134273 
3827 0.000174909 
3828 0.000179958 
3829 0.000186478 
3830 0.000193845 
3831 0.000202583 
3832 0.000213035 
3833 0.000225666 
3834 0.000241142 
3835 0.000260426 
3836 0.000283571 
3837 0.000311848 
3838 0.000349025 
3839 0.000399747 
3840 0.000472556 
3841 0.000584885 
3842 0.000778288 
3843 0.00117735 
3844 0.00239122 
3845 0.00246635 
3846 0.0019873 
3847 0.00319389 
3848 0.00598414 
3849 0.0177219 
3850 0.00871615 
3851 0.0120857 
3852 0.00782953 
3853 0.0131893 
3854 0.00411685 
3855 0.014258 
3856 0.00342007 
3857 0.0140876 
3858 0.00418901 
3859 0.0159129 
3860 0.00212311 
3861 0.00660458 
3862 0.0183092 
3863 0.00118163 
3864 0.00357813 
3865 0.0140908 
3866 0.00402285 
3867 0.0192377 
3868 0.000921763 
3869 0.00198117 
3870 0.00602438 
3871 0.0179595 
3872 0.000814569 
3873 0.00156139 
3874 0.00479035 
3875 0.0221698 
3876 0.000434643 
3877 0.000387836 
3878 0.000486322 
3879 0.000666953 
3880 0.00108823 
3881 0.00274888 
3882 0.00930509 
3883 0.0116444 
3884 0.00634086 
3885 0.0162163 
3886 0.00193401 
3887 0.005709 
3888 0.0190792 
3889 0.000447631 
3890 0.000592265 
3891 0.000897348 
3892 0.00186205 
3893 0.00636127 
3894 0.00991313 
3895 0.00168789 
3896 0.00747653 
3897 0.004567 
3898 0.0065598 
3899 0.0145016 
3900 0.00105866 
3901 0.00250712 
3902 0.00827141 
3903 0.0129951 
3904 0.00483813 
3905 0.0159099 
3906 0.000649488 
3907 0.0010291 
3908 0.0023538 
3909 0.00781527 
3910 0.0131758 
3911 0.00484464 
3912 0.0107376 
3913 0.00100208 
3914 0.00223906 
3915 0.00754755 
3916 0.0157367 
3917 0.00354179 
3918 0.0152842 
3919 0.00380132 
3920 0.0127783 
3921 0.00112282 
3922 0.00284854 
3923 0.00972598 
3924 0.00989552 
3925 0.00965513 
3926 0.010473 
3927 0.00940034 
3928 0.0143106 
3929 0.00518548 
3930 0.0282467 
3931 0.000242012 
3932 0.000516359 
3933 0.000393193 
3934 0.000481018 
3935 0.000635942 
3936 0.00112411 
3937 0.00241538 
3938 0.0101805 
3939 0.0107056 
3940 0.00186163 
3941 0.00635158 
3942 0.00984717 
3943 0.00206783 
3944 0.00925216 
3945 0.00559495 
3946 0.00865793 
3947 0.00312277 
3948 0.00970427 
3949 0.0144639 
3950 0.0064427 
3951 0.0218582 
3952 0.000481331 
3953 0.000608332 
3954 0.000857696 
3955 0.00152133 
3956 0.00566267 
3957 0.00870999 
3958 0.00292864 
3959 0.0111615 
3960 0.0142209 
3961 0.00723591 
3962 0.0178151 
3963 0.000608332 
3964 0.000857696 
3965 0.00152109 
3966 0.00567605 
3967 0.00850099 
3968 0.00308118 
3969 0.0120408 
3970 0.010772 
3971 0.015772 
3972 0.00609434 
3973 0.0183044 
3974 0.000498574 
3975 0.000656383 
3976 0.000961327 
3977 0.00187314 
3978 0.00289936 
3979 0.00905922 
3980 0.0160214 
3981 0.00627954 
3982 0.0218157 
3983 0.000492257 
3984 0.000648032 
3985 0.000961053 
3986 0.00187012 
3987 0.00692726 
3988 0.00728934 
3989 0.00333046 
3990 0.0139433 
3991 0.00835846 
3992 0.00962906 
3993 0.00156238 
3994 0.00364708 
3995 0.0140046 
3996 0.00863986 
3997 0.0104641 
3998 0.00105528 
3999 0.00227728 
4000 0.00403691 
4001 0.0120897 
4002 0.012379 
4003 0.028579 
4004 0.00178094 
4005 0.00209816 
4006 0.00463323 
4007 0.0157425 
4008 0.00690828 
4009 0.00922377 
4010 0.00121289 
4011 0.00312872 
4012 0.0155676 
4013 0.0119776 
4014 0.0187145 
4015 0.000557964 
4016 0.000775932 
4017 0.00132877 
4018 0.0039164 
4019 0.00515071 
4020 0.00807075 
4021 0.0191884 
4022 0.000790955 
4023 0.00138525 
4024 0.00440605 
4025 0.00693903 
4026 0.00769999 
4027 0.00394465 
4028 0.00977646 
4029 0.0054117 
4030 0.00769871 
4031 0.00313003 
4032 0.0140837 
4033 0.0322255 
4034 0.00282524 
4035 0.00638665 
4036 0.0116698 
4037 0.0241072 
4038 0.00622901 
4039 0.0084603 
4040 0.00233211 
4041 0.0103723 
4042 0.00490286 
4043 0.00597544 
4044 0.00480553 
4045 0.0073228 
4046 0.00257555 
4047 0.0156021 
4048 0.0129622 
4049 0.0151108 
4050 0.000707378 
4051 0.00115632 
4052 0.00319576 
4053 0.0107017 
4054 0.0104029 
4055 0.00313622 
4056 0.0137358 
4057 0.00441862 
4058 0.0049971 
4059 0.00639831 
4060 0.00375217 
4061 0.0172539 
4062 0.0010539 
4063 0.00267206 
4064 0.0176592 
4065 0.0238043 
4066 0.014501 
4067 0.0201229 
4068 0.000394665 
4069 0.000464159 
4070 0.000581335 
4071 0.000807565 
4072 0.00135284 
4073 0.00396318 
4074 0.0137338 
4075 0.00266151 
4076 0.0228525 
4077 0.0171279 
4078 0.0211471 
4079 0.000552531 
4080 0.000741086 
4081 0.00115104 
4082 0.00253236 
4083 0.0139433 
4084 0.0108248 
4085 0.00446325 
4086 0.0167201 
4087 0.00134321 
4088 0.00513448 
4089 0.00421469 
4090 0.0122959 
4091 0.00105562 
4092 0.00267889 
4093 0.0249707 
4094 0.0260663 
4095 0.00802564 
4096 0.000733839 
4097 0.00123785 
4098 0.00409464 
4099 0.0137418 
4100 0.000926008 
4101 0.00197477 
4102 0.0310405 
4103 0.000514919 
4104 0.000664258 
4105 0.00098684 
4106 0.00213894 
4107 0.0308174 
4108 0.00178142 
4109 0.00528749 
4110 0.00450789 
4111 0.00882109 
4112 0.00183419 
4113 0.0174086 
4114 0.000716251 
4115 0.00118432 
4116 0.00364191 
4117 0.0172838 
4118 0.000457163 
4119 0.000614477 
4120 0.000963805 
4121 0.0022208 
4122 0.0390592 
4123 0.000537845 
4124 0.00079284 
4125 0.00152823 
4126 0.00829162 
4127 0.00186893 
4128 0.0207791 
4129 0.000543133 
4130 0.000804454 
4131 0.00156847 
4132 0.00909743 
4133 0.00162622 
4134 0.0104053 
4135 0.00130713 
4136 0.00489643 
4137 0.00665963 
4138 0.00289936 
4139 0.0417144 
4140 0.00132422 
4141 0.00513129 
4142 0.00574432 
4143 0.00407998 
4144 0.0127882 
4145 0.00095469 
4146 0.0022243 
4147 0.0368382 
4148 0.000653761 
4149 0.00106919 
4150 0.00282582 
4151 0.035498 
4152 0.00941299 
4153 0.000478495 
4154 0.000667422 
4155 0.00112411 
4156 0.00334931 
4157 0.0343334 
4158 0.000347049 
4159 0.00042877 
4160 0.000570085 
4161 0.000866273 
4162 0.00179423 
4163 0.0160127 
4164 0.000784677 
4165 0.00152351 
4166 0.00758595 
4167 0.00248036 
4168 0.038651 
4169 0.00664153 
4170 0.00217362 
4171 0.0404446 
4172 0.00257191 
4173 0.0435758 
4174 0.0311137 
4175 0.00167746 
4176 0.00129406 
4177 0.00421845 
4178 0.0223883 
4179 0.000438656 
4180 0.00059422 
4181 0.000938797 
4182 0.00222626 
4183 0.0341285 
4184 0.0025665 
4185 0.0700643 
4186 0.000624456 
4187 0.000770404 
4188 0.00102194 
4189 0.00156512 
4190 0.00343073 
4191 0.0313548 
4192 0.00454219 
4193 0.00450789 
4194 0.0119823 
4195 0.000945646 
4196 0.00226204 
4197 0.0421718 
4198 0.00306702 
4199 0.0146624 
4200 0.000814761 
4201 0.00160349 
4202 0.0101626 
4203 0.0013202 
4204 0.00534625 
4205 0.00481061 
4206 0.00612772 
4207 0.00318812 
4208 0.0499641 
4209 0.000259931 
4210 0.000294237 
4211 0.000343534 
4212 0.000419654 
4213 0.000550376 
4214 0.000820948 
4215 0.00164486 
4216 0.0121036 
4217 0.000932559 
4218 0.0022027 
4219 0.133794 
4220 0.000195103 
4221 0.000169703 
4222 0.000179958 
4223 0.000191736 
4224 0.000207166 
4225 0.000223706 
4226 0.000245013 
4227 0.000273539 
4228 0.000313378 
4229 0.000372379 
4230 0.000468801 
4231 0.000644753 
4232 0.0010674 
4233 0.00297189 
4234 0.00373871 
4235 0.237533 
4236 0.000144404 
4237 0.000135936 
4238 0.000140238 
4239 0.000144676 
4240 0.000149827 
4241 0.000155853 
4242 0.000162974 
4243 0.00017148 
4244 0.000181766 
4245 0.000194402 
4246 0.000210223 
4247 0.000230523 
4248 0.000257381 
4249 0.000294378 
4250 0.000348223 
4251 0.000433042 
4252 0.000584139 
4253 0.000918394 
4254 0.00212209 
4255 0.0859337 
4256 0.000270575 
4257 0.000278424 
4258 0.000319144 
4259 0.000378983 
4260 0.000475532 
4261 0.000652459 
4262 0.00106266 
4263 0.0027612 
4264 0.0155415 
4265 0.00452156 
4266 0.00934152 
4267 0.00129406 
4268 0.00534013 
4269 0.00398721 
4270 0.0105862 
4271 0.00108078 
4272 0.00319384 
4273 0.0370697 
4274 0.000289248 
4275 0.000342943 
4276 0.000427767 
4277 0.000579601 
4278 0.000918857 
4279 0.0021747 
4280 0.138994 
4281 0.000144369 
4282 0.00015068 
4283 0.000158278 
4284 0.000167536 
4285 0.000178159 
4286 0.000192645 
4287 0.000209238 
4288 0.000228265 
4289 0.000254408 
4290 0.000290442 
4291 0.000342882 
4292 0.000425411 
4293 0.000572123 
4294 0.000895314 
4295 0.00204049 
4296 0.060575 
4297 0.00020957 
4298 0.000230955 
4299 0.000259519 
4300 0.000299375 
4301 0.000358444 
4302 0.00045404 
4303 0.000632128 
4304 0.0010628 
4305 0.00307626 
4306 0.0483946 
4307 0.000240835 
4308 0.000273197 
4309 0.000319286 
4310 0.000389621 
4311 0.000508724 
4312 0.000748573 
4313 0.00143415 
4314 0.00760952 
4315 0.00188778 
4316 0.0307556 
4317 0.000335861 
4318 0.000416145 
4319 0.000557817 
4320 0.000866273 
4321 0.00191323 
4322 0.035084 
4323 0.000305749 
4324 0.000366407 
4325 0.000464159 
4326 0.000650548 
4327 0.00110777 
4328 0.00334875 
4329 0.0281278 
4330 0.000361133 
4331 0.000456202 
4332 0.000633376 
4333 0.00106175 
4334 0.00304107 
4335 0.0537439 
4336 0.000228227 
4337 0.000254654 
4338 0.000291101 
4339 0.000344189 
4340 0.000427847 
4341 0.000576885 
4342 0.000906464 
4343 0.00207718 
4344 0.0676504 
4345 0.000197103 
4346 0.000215401 
4347 0.000239273 
4348 0.000271559 
4349 0.000317367 
4350 0.000386879 
4351 0.000503518 
4352 0.000734448 
4353 0.00136894 
4354 0.00609409 
4355 0.00337881 
4356 0.0271049 
4357 0.000368863 
4358 0.000469703 
4359 0.000661637 
4360 0.00114682 
4361 0.00373116 
4362 0.0135236 
4363 0.000782305 
4364 0.00154972 
4365 0.0102964 
4366 0.00112411 
4367 0.00357369 
4368 0.0175798 
4369 0.000567886 
4370 0.000890867 
4371 0.00204195 
4372 0.0657405 
4373 0.000201111 
4374 0.000220184 
4375 0.000244978 
4376 0.000277424 
4377 0.000323786 
4378 0.000394816 
4379 0.000515769 
4380 0.000761828 
4381 0.00147427 
4382 0.00847493 
4383 0.00150979 
4384 0.00952552 
4385 0.00125188 
4386 0.00478599 
4387 0.00546581 
4388 0.0037319 
4389 0.0142068 
4390 0.000727342 
4391 0.00135141 
4392 0.00612526 
4393 0.00286699 
4394 0.103541 
4395 0.000161634 
4396 0.000170745 
4397 0.000181842 
4398 0.000195598 
4399 0.000213015 
4400 0.000235674 
4401 0.000266203 
4402 0.000309238 
4403 0.000374044 
4404 0.000481538 
4405 0.00069046 
4406 0.00124211 
4407 0.00474611 
4408 0.00553327 
4409 0.00364691 
4410 0.0154861 
4411 0.000655271 
4412 0.00113546 
4413 0.00368737 
4414 0.0148168 
4415 0.000688629 
4416 0.00124511 
4417 0.00477504 
4418 0.00546581 
4419 0.00376613 
4420 0.0133488 
4421 0.000787869 
4422 0.00158489 
4423 0.0117456 
4424 0.000926459 
4425 0.00220175 
4426 0.171587 
4427 0.000184917 
4428 0.000143735 
4429 0.00014926 
4430 0.000155759 
4431 0.00016348 
4432 0.000172767 
4433 0.000184104 
4434 0.000198191 
4435 0.000216083 
4436 0.000239455 
4437 0.000271264 
4438 0.000316566 
4439 0.00038664 
4440 0.000502683 
4441 0.000737614 
4442 0.00140697 
4443 0.00969928 
4444 0.00128053 
4445 0.00522163 
4446 0.00404974 
4447 0.0096015 
4448 0.00124204 
4449 0.00473659 
4450 0.00557136 
4451 0.00358268 
4452 0.0170625 
4453 0.000587796 
4454 0.000941914 
4455 0.00230726 
4456 0.695958 
4457 0.00020417 
4458 0.000123022 
4459 0.00012203 
4460 0.000115827 
4461 0.000116779 
4462 0.000117799 
4463 0.000119042 
4464 0.000121286 
4465 0.0001204 
4466 0.00012221 
4467 0.000124347 
4468 0.000126848 
4469 0.000129759 
4470 0.000133155 
4471 0.000137295 
4472 0.000141802 
4473 0.000147323 
4474 0.000153904 
4475 0.000161825 
4476 0.000171455 
4477 0.000182691 
4478 0.000196071 
4479 0.000213045 
4480 0.000235148 
4481 0.00026493 
4482 0.000306944 
4483 0.000370132 
4484 0.00047369 
4485 0.000671385 
4486 0.00117771 
4487 0.00405431 
4488 0.00930123 
4489 0.00123662 
4490 0.00477259 
4491 0.00508019 
4492 0.00423838 
4493 0.00759876 
4494 0.00174775 
4495 0.0205044 
4496 0.000468801 
4497 0.000667922 
4498 0.00118712 
4499 0.00431114 
4500 0.00699291 
4501 0.0020678 
4502 0.0936804 
4503 0.000166691 
4504 0.000176767 
4505 0.000188643 
4506 0.000203537 
4507 0.000222656 
4508 0.000247939 
4509 0.000282705 
4510 0.000332536 
4511 0.000410987 
4512 0.000547819 
4513 0.000841653 
4514 0.00182112 
4515 0.0263576 
4516 0.000377317 
4517 0.000490123 
4518 0.000714566 
4519 0.00133879 
4520 0.00628607 
4521 0.00256834 
4522 0.913736 
4523 0.0008112 
4524 0.000248677 
4525 0.000234711 
4526 0.000258477 
4527 0.000291191 
4528 0.000338425 
4529 0.000371215 
4530 0.000370139 
4531 0.000404097 
4532 0.000526626 
4533 0.000539816 
4534 0.000593113 
4535 0.000795982 
4536 0.00156587 
4537 0.00992006 
4538 0.00112411 
4539 0.0034767 
4540 0.0204151 
4541 0.000484248 
4542 0.000707378 
4543 0.00127502 
4544 0.00505624 
4545 0.00454642 
4546 0.00668976 
4547 0.00239122 
4548 1.32605 
4549 0.000682713 
4550 0.000176731 
4551 0.000169019 
4552 0.000177529 
4553 0.000169661 
4554 0.000176761 
4555 0.000183359 
4556 0.000193079 
4557 0.000199276 
4558 0.000200264 
4559 0.000213429 
4560 0.000229955 
4561 0.000251189 
4562 0.000280181 
4563 0.00032018 
4564 0.000378983 
4565 0.000473414 
4566 0.000647501 
4567 0.00100597 
4568 0.00205981 
4569 0.0232352 
4570 0.000595545 
4571 0.000889823 
4572 0.00182688 
4573 0.0148349 
4574 0.000905223 
4575 0.00183221 
4576 0.0163492 
4577 0.00068985 
4578 0.00110501 
4579 0.00275151 
4580 1.13015 
4581 0.00197699 
4582 0.00464841 
4583 0.0079928 
4584 0.0281988 
4585 0.000251189 
4586 0.000284721 
4587 0.000335861 
4588 0.000411147 
4589 0.00054287 
4590 0.000793395 
4591 0.00140123 
4592 0.00458074 
4593 0.0618113 
4594 0.000310966 
4595 0.000354104 
4596 0.000412857 
4597 0.000502679 
4598 0.000664574 
4599 0.00104041 
4600 0.00237846 
4601 0.0152195 
4602 0.00113546 
4603 0.00307797 
4604 0.0601417 
4605 0.0696583 
4606 0.000721597 
4607 0.000171469 
4608 0.000174713 
4609 0.000178159 
4610 0.000182767 
4611 0.000187848 
4612 0.000193779 
4613 0.000200413 
4614 0.000207166 
4615 0.000215896 
4616 0.000225698 
4617 0.000237283 
4618 0.000251189 
4619 0.00026633 
4620 0.000284125 
4621 0.000305942 
4622 0.000320273 
4623 0.000346992 
4624 0.000397537 
4625 0.000382811 
4626 0.000411605 
4627 0.000447211 
4628 0.000494146 
4629 0.000555702 
4630 0.000639931 
4631 0.000761883 
4632 0.000953556 
4633 0.00130713 
4634 0.00211914 
4635 0.00524618 
4636 0.0781377 
4637 0.000668122 
4638 0.000907277 
4639 0.00140203 
4640 0.00295793 
4641 0.0223922 
4642 0.0145444 
4643 0.00158489 
4644 0.00238411 
4645 0.0139381 
4646 0.00300791 
4647 0.0365637 
4648 0.00121162 
4649 0.00205962 
4650 0.00596412 
4651 0.129151 
4652 0.000372162 
4653 0.000436193 
4654 0.000535489 
4655 0.000682386 
4656 0.000901984 
4657 0.00136339 
4658 0.00285243 
4659 0.0286444 
4660 0.00193545 
4661 0.00829768 
4662 0.00402623 
4663 0.102078 
4664 0.000342627 
4665 0.000382811 
4666 0.00043913 
4667 0.000519512 
4668 0.00064425 
4669 0.000857696 
4670 0.0013202 
4671 0.002755 
4672 0.0240837 
4673 0.00173852 
4674 0.0048429 
4675 0.122196 
4676 0.000337135 
4677 0.000269958 
4678 0.0002951 
4679 0.000327084 
4680 0.000369685 
4681 0.000429682 
4682 0.000512973 
4683 0.000642199 
4684 0.000870078 
4685 0.0013754 
4686 0.00325576 
4687 0.0221272 
4688 0.0035536 
4689 0.0327887 
4690 0.0019196 
4691 0.0055436 
4692 0.0209008 
4693 0.00124981 
4694 0.00300071 
4695 0.189774 
4696 0.00879821 
4697 0.00042944 
4698 0.000526365 
4699 0.000692608 
4700 0.00103517 
4701 0.00205948 
4702 0.0132839 
4703 0.0020273 
4704 0.0142067 
4705 0.00161174 
4706 0.0060992 
4707 0.00843609 
4708 0.00257358 
4709 0.117691 
4710 0.000228935 
4711 0.000247457 
4712 0.000271798 
4713 0.00030176 
4714 0.000336029 
4715 0.000382811 
4716 0.000456166 
4717 0.000574737 
4718 0.0008005 
4719 0.00136923 
4720 0.00440202 
4721 0.0172633 
4722 0.000898793 
4723 0.00170862 
4724 0.00908637 
4725 0.00215611 
4726 0.0267756 
4727 0.000576063 
4728 0.000808261 
4729 0.00139367 
4730 0.00464677 
4731 0.0128017 
4732 0.0013202 
4733 0.00398403 
4734 0.0290574 
4735 0.000537996 
4736 0.000726583 
4737 0.00116079 
4738 0.00289936 
4739 3.89652 
4740 0.000478302 
4741 0.000291165 
4742 0.000294273 
4743 0.000228373 
4744 0.00024216 
4745 0.000243789 
4746 0.000264481 
4747 0.000258442 
4748 0.000281504 
4749 0.000313287 
4750 0.000359339 
4751 0.000430368 
4752 0.000545777 
4753 0.000739566 
4754 0.00120584 
4755 0.00309626 
4756 0.0166554 
4757 0.00205998 
