-50.37477189724 54.7296030324641 -11.3843373373946
-49.843829950054 55.3816006765665 -10.6647949776817
-49.2137740858756 55.9130143118128 -9.92697024675768
-48.5271949866985 56.3434121363883 -9.17489889324138
-47.8300297501917 56.7193929797322 -8.40431019317912
-47.1639528044013 57.0992651098816 -7.60858633618585
-46.5628519421226 57.5339538073892 -6.78922135585059
-46.0469035087347 58.0522080754549 -5.96030498534416
-45.6137607417602 58.6556905234731 -5.14194329379171
-45.2338659487832 59.3240941684897 -4.34832486085472
-44.8560716313808 60.0239923844488 -3.5813365966239
-44.4231012614457 60.7147297545513 -2.83493573820459
-43.8908751101569 61.352264676747 -2.10472800120477
-43.243287503968 61.8972498415306 -1.3925352287575
-42.4950600715382 62.328263114926 -0.7014594281797
-41.6818687326301 62.6523569443015 -0.0263792931868028
-40.8459736727854 62.9047217745136 0.650843407084063
-40.0274765647383 63.1368540982594 1.35585533855911
-39.2622932303449 63.3991455468051 2.10890584688028
-38.5787808991717 63.7250358644703 2.91416509188162
-37.9881738711623 64.122432540946 3.75967939732736
-37.4747066327547 64.5749223866437 4.62720943678401
-36.9951456599157 65.0497503302145 5.5020440656975
-36.4911313673942 65.5063347544273 6.37328920420902
-35.9092810401692 65.9030682301611 7.22601348235902
-35.219505200073 66.2056221724144 8.03656334804747
-34.4223237594887 66.3977932406611 8.7795132158198
-33.5418079210262 66.4893912321328 9.44252284126802
-32.6105524969151 66.5150361122247 10.0373780021368
-31.6588036832292 66.5238292684626 10.5985514970137
-30.7140610672368 66.5647395210119 11.1701129708412
-29.8048736728565 66.6723978030995 11.7892044143537
-28.9580477902393 66.8569241856228 12.4752303682395
-28.1877276007613 67.1014029007139 13.2291088153364
-27.4856275321128 67.3681129502855 14.0395922236529
-26.8217566583026 67.6100430801719 14.889047900994
-26.156115400799 67.7831148830695 15.7540872482815
-25.4538476860358 67.8571938682533 16.604600782984
-24.6951827470276 67.8246520554821 17.4081664905949
-23.8762966313799 67.7032699718328 18.1407416443715
-23.003814521857 67.5310352282315 18.7967037329686
-22.0893206313191 67.354656299573 19.3908793328093
-21.1478020732354 67.2162190207385 19.9516517390962
-20.1978545350026 67.141495603379 20.5102173661345
-19.2589194577869 67.1323141240162 21.0917859159672
-18.3450856489516 67.1653516498439 21.711198960571
-17.4604282564186 67.1983115024618 22.3717586070418
-16.6003310902817 67.1817262338219 23.0649680490717
-15.7573076137458 67.0731171440577 23.7711866685368
-14.9255098246057 66.8497625716449 24.4638370558282
-14.1000778862042 66.5157476388273 25.1183291301426
-13.2732332922718 66.1003282050039 25.7219554963993
-12.4326185633163 65.6490093118592 26.278514841515
-11.5654147462491 65.2118921227504 26.8047236916102
-10.6658379014752 64.8322717239429 27.3213586064853
-9.7393478386812 64.5359080637027 27.845002361881
-8.79920300920644 64.3226661033094 28.3843754418084
-7.85828770856834 64.1645385720984 28.9409263042437
-6.9239541036674 64.0123858911603 29.5103118309494
-6.00038867604228 63.8095834674498 30.08224269042
-5.09469482774548 63.5083284170679 30.6401485774981
-4.21859741085752 63.0834894457256 31.1644302750926
-3.38223106057499 62.5386742722195 31.6401609114099
-2.5847226044115 61.9020900381035 32.0650147670838
-1.80988950274932 61.2158246140545 32.4517502377814
-1.03151990434456 60.5253307790076 32.8231602311007
-0.22518387689987 59.8719979167729 33.2023757480559
0.621440645010906 59.2861800036249 33.6038482709227
1.50624977378126 58.7789434831505 34.0292296193375
2.4181699203775 58.3362423293646 34.4688975226942
3.3439005108945 57.9208700706298 34.9063815650273
4.26967129724856 57.4833229696967 35.3223197501454
5.17854010635199 56.9775772949416 35.6973866144079
6.04973453947585 56.3753296140364 36.0161296767827
6.86464037259405 55.6727178573591 36.2722831260339
7.61655882628963 54.8871787275633 36.4729101865005
8.31669354590296 54.0479267838926 36.6381042900999
8.99127417529122 53.1868754757764 36.7955531857807
9.671194970359 52.333789638581 36.9720667647333
10.3803479324295 51.5133873430352 37.1852406140923
11.128857933924 50.7405789935056 37.4381949384448
11.9133511939072 50.0146092169357 37.7191340323232
12.7214090819198 49.3170683935304 38.0052395318217
13.5355154627682 48.6173592107352 38.2686391311928
14.3347905532634 47.8840027181306 38.4826279901377
15.0971256953037 47.0960358287058 38.6277240954915
15.8045380367422 46.2486376272577 38.696912711382
16.4503406792089 45.3509189281953 38.6981080668573
17.0433163873126 44.4189205139709 38.6521729596461
17.6053166898407 43.4692975620845 38.5870424239517
18.1630465021595 42.5167155514455 38.5301575570554
18.7382603543887 41.5732846792177 38.5013397643378
19.3409487192335 40.6467085165215 38.5076722159869
19.9677004270777 39.7368451129754 38.5417215054658
20.6042001153315 38.8340333145063 38.583729466529
21.2292524800288 37.9223577604889 38.6070813018148
21.8190021461643 36.9870822749667 38.5854991409614
22.3520796958151 36.0216441761918 38.5002295967545
22.8160519026936 35.0295201635173 38.3452507698743
23.2130156723409 34.0201942502183 38.1286180398536
23.5609103505254 33.0030488394325 37.8695245879344
23.8889514180213 31.984142008763 37.5926670622748
24.2287153141531 30.967399125522 37.3220581978283
24.6043594780172 29.9571275435757 37.0754030209977
25.0255721020731 28.9577839635125 36.8595561719202
25.4854103555097 27.9705423034046 36.6681829934583
25.9627434409514 26.9903679028468 36.4830069336104
26.4272230291567 26.0075263248968 36.2789017111325
26.8452211502426 25.0134414365487 36.0314685482096
27.1868014895864 24.0064577357048 35.724634707424
27.4335296589411 22.9926050150339 35.3554513961647
27.5847299006127 21.9804981617132 34.9341289615426
27.6589500184135 20.9744780244836 34.4796897581484
27.6895306748252 19.9716251156254 34.0139217439205
27.716026151558 18.9649649013298 33.5563317189793
27.7742524342141 17.949872769708 33.1206564263017
27.8874038421899 16.9281166732592 32.7119916939904
28.060426569217 15.9064794681382 32.3244800734613
28.2791798061702 14.8920437258428 31.9411268241798
28.5141580309805 13.8890739107033 31.5373352895738
28.7271435868128 12.9003039330301 31.0880294082103
28.8794306231458 11.9305151430196 30.5761122611792
28.9407506296836 10.98759654683 29.9986748964548
28.8970415793433 10.078542900545 29.3678317334816
28.754198288956 9.20275176120263 28.7058049357369
28.5362815800057 8.34792734527705 28.0373776359397
28.2794841543375 7.49248459846553 27.3840032607382
28.0243520322243 6.61388667828125 26.761376377053
27.8076155509488 5.69818632707526 26.1787104587553
27.654152155773 4.74510990452968 25.637186074127
27.5706522658678 3.7661581544996 25.12750906396
27.5434021659251 2.77831831677577 24.6290616628927
27.5412359431197 1.79896010712422 24.113125817934
27.5225576814705 0.845397751855883 23.5504676542288
27.4446233522632 -0.0628736962385657 22.9209037944469
27.2734156297659 -0.904633498465374 22.2206235024601
26.9917568959839 -1.66314152756871 21.4631913025945
26.6027187715368 -2.33554213331196 20.6731603668941
26.1271580288255 -2.93935641880648 19.8758563535195
25.5977067392448 -3.51119464474042 19.0896025243006
25.0530359058491 -4.09718202561183 18.3245832954079
24.5335185165147 -4.7387433755403 17.5868703155376
24.0757742828751 -5.45964195004858 16.8819012086525
23.7042191113576 -6.26008567245697 16.2129829632147
23.422290874732 -7.12038952247737 15.5757462348747
23.2086421760079 -8.01066762518808 14.9537752567618
23.0211754824746 -8.89889893925479 14.3204964202538
22.8075686523366 -9.75255246481984 13.6483695684727
22.5189244454946 -10.5370970925161 12.9212503151071
22.1227483313008 -11.2191831595967 12.1425866540493
21.610704331889 -11.7773817881322 11.3335109886024
20.9975420993014 -12.2146389954757 10.5211375534836
20.3125397521783 -12.5634615048893 9.72456822885531
19.5902602979996 -12.879517274061 8.94821661971402
18.8666164478106 -13.2260885765841 8.18634243239622
18.1784233721372 -13.6552730737315 7.43334750029541
17.5590245798481 -14.1926695985136 6.68988715712365
17.0272851683441 -14.8319310141453 5.95955062462317
16.5765908541389 -15.5412197000513 5.24004186067633
16.1729831619842 -16.2755888707093 4.51810138113423
15.7653585390204 -16.9861556222989 3.7745589395529
15.3031583167841 -17.6242458143121 2.99708785129436
14.753454125343 -18.1474662073458 2.19056430334604
14.1095660666559 -18.5319989885121 1.37566157051618
13.3874073546042 -18.7850008133947 0.575684191819757
12.6136754044572 -18.9473430330453 -0.198322075564098
11.8160895608389 -19.083719219567 -0.952447661035715
11.0223300954797 -19.264782742352 -1.70152793016284
10.2630341343024 -19.5475266016872 -2.45556922988584
9.56851477089841 -19.9595211341663 -3.21293940070129
8.95656886018872 -20.4930941787118 -3.96541307673514
8.42004687869142 -21.1119925404338 -4.70948282552998
7.92476265146994 -21.764597084817 -5.45307630282644
7.42059864813605 -22.3942129489801 -6.21091864342297
6.86011300241417 -22.9444026934263 -6.99181544575251
6.21533652868314 -23.3658987755804 -7.78861037418648
5.48466855944115 -23.6287387826089 -8.57971106174729
4.68696615356644 -23.7336483625837 -9.34169113017417
3.84770036074039 -23.7141321602806 -10.0638790075428
2.98736217382236 -23.6276374501085 -10.7547021082459
2.11969184530755 -23.5411523818139 -11.4359912497174
1.25787984347302 -23.5165306988881 -12.1300024622756
0.419366204285178 -23.5973741662071 -12.848321613826
-0.377898298467009 -23.7993882041154 -13.5894486757098
-1.12560226703689 -24.1079389672918 -14.3450067182396
-1.83300169895232 -24.4840463722077 -15.1082647182109
-2.52562900683741 -24.8748950191928 -15.8775694362158
-3.23478761884715 -25.2240649069614 -16.6523210120788
-3.98410205914667 -25.4808130815323 -17.4261615768248
-4.78097849648447 -25.6099028666059 -18.1846773609019
-5.61742469128005 -25.600311920829 -18.9107710363551
-6.47858766258764 -25.4682213751901 -19.5941429406669
-7.35243875992792 -25.2520669724794 -20.2379898695288
-8.23389143109419 -25.0023088653759 -20.8582646484232
-9.12169968969238 -24.7701687162054 -21.4761780517193
-10.0127140550354 -24.5972860367721 -22.1088810479904
-10.8999019470485 -24.506727156319 -22.7637906875225
-11.776320768205 -24.4971763768713 -23.4389228516304
-12.6411590959652 -24.5429627121499 -24.1271676869189
-13.5017161672628 -24.6003532567623 -24.8199550176699
-14.3686401350626 -24.6179375640167 -25.5074117701366
-15.2477474462595 -24.5486449967312 -26.1765755862708
-16.1350326150799 -24.3612717246926 -26.8119376975749
-17.0191623825549 -24.0483491276413 -27.4004883347292
-17.8897976868731 -23.6270313073082 -27.9387392732818
-18.7454343456383 -23.1328900263578 -28.4366808189521
-19.5948380033176 -22.6104721682295 -28.9154043892674
-20.4512349847416 -22.1045451043793 -29.3992593316269
-21.3240836511802 -21.6524454616153 -29.9066587329437
-22.2148091586561 -21.2762682500815 -30.4441636384335
-23.1190587338856 -20.9761680299604 -31.0062075230019
-24.0322010497411 -20.7285224962668 -31.5791195354896
-24.9521230413696 -20.4912413111504 -32.1456633592929
-25.8764121255017 -20.2149369721159 -32.6874798768424
-26.7970843312215 -19.8564288782579 -33.1864512591893
-27.6991459170394 -19.390324382684 -33.6277533809239
-28.5661280944228 -18.8145156782869 -34.0050508560441
-29.3893785794258 -18.1476324023501 -34.324880135327
-30.1743363990641 -17.4208694429877 -34.6067230100696
-30.9391502561872 -16.6694225669502 -34.8778245884077
-31.7065858932483 -15.9267040808277 -35.1647572264028
-32.494574132631 -15.220008795991 -35.4851165376363
-33.3109003445083 -14.5651614100346 -35.8425117847015
-34.1537809108269 -13.9611053926859 -36.2264670829766
-35.0155491441096 -13.3884395671326 -36.6163876907084
-35.8851533303764 -12.8146604581874 -36.987080587927
-36.7480384783689 -12.2048008944183 -37.3140428345527
-37.5862071252429 -11.5328770942414 -37.5785305190513
-38.3819291701203 -10.7890137798883 -37.7724791424004
-39.124729336676 -9.97950885979699 -37.9016942898223
-39.8172152966887 -9.12128235809036 -37.9851703274483
-40.4753007793612 -8.23519459513222 -38.0500826111068
-41.1221958819173 -7.34178456261307 -38.1241027723587
-41.7795834988349 -6.45904843261649 -38.2274851222705
-42.4606307910014 -5.59957552675085 -38.3671904041561
-43.167508912229 -4.76639784446098 -38.5347882227469
-43.8927384557626 -3.95046073608079 -38.7086954281019
-44.6216957431829 -3.13312213090819 -38.8597598841472
-45.3347360151276 -2.29372092817665 -38.9585716520746
-46.0101109390336 -1.41819665177605 -38.9831657557904
-46.6294366490548 -0.50360265479165 -38.9255262034166
-47.1846797465924 0.443770270712656 -38.79461270391
-47.6827244968384 1.41419814947738 -38.614382156532
-48.1440813423824 2.39914980794066 -38.4175985052233
-48.5957961438226 3.39167152738179 -38.2377530333555
-49.0619688923091 4.38438454473529 -38.1009764013902
-49.5562333312531 5.36952023404826 -38.0191891159102
-50.0789583842225 6.34265446083966 -37.9862003545393
-50.6189645583497 7.30679156045954 -37.9784953693808
-51.1573101716362 8.2718557858824 -37.9608708920514
-51.67119519473 9.24843831899559 -37.8953607821357
-52.1383929902326 10.2402345463421 -37.7512550021296
-52.5432637312943 11.2414624873105 -37.5135529897934
-52.8829921749983 12.2416093002621 -37.1868352209282
-53.1704313194834 13.2335799359708 -36.7930697370043
-53.4309522178587 14.2184538675743 -36.3650748231935
-53.6940248531417 15.2033096637583 -35.9388791077211
-53.9829218666315 16.1949866313192 -35.5464822768974
-54.306632439534 17.1960148572513 -35.2087383663558
-54.6569750199681 18.2059590442189 -34.9292887516301
-55.0113370316333 19.225320022473 -34.692447024222
-55.3389441635983 20.2563159469221 -34.4671140753318
-55.6083592438108 21.2984222723643 -34.2158276572838
-55.7954808500881 22.3430326630558 -33.9057616858427
-55.8913172204239 23.373943077183 -33.5177370622446
-55.906823172482 24.3754269767774 -33.0499580272256
-55.871763043989 25.3422099373121 -32.5158235672976
-55.8273892921595 26.2831998301298 -31.9386376765367
-55.8155427640807 27.215895272931 -31.3467091941589
-55.8672040293705 28.1562475895767 -30.7690706206344
-55.9932824253339 29.1120687530249 -30.2294894728578
-56.1807087622408 30.0839418173095 -29.7388225996495
-56.3955377447061 31.0701608332118 -29.2899674807239
-56.5915284593427 32.0687043774314 -28.8597817095372
-56.7212088046796 33.0733801819861 -28.4179579348218
-56.7476096315935 34.0691557959954 -27.9383705272804
-56.6547686585772 35.0344203046859 -27.4071591480878
-56.4530905641263 35.9516616066127 -26.8240857156857
-56.1764226069145 36.8192413817754 -26.1981993566487
-55.8723857187468 37.6547058702149 -25.5426326760299
-55.5905496663281 38.4864297184761 -24.8726506038247
-55.371187073827 39.3394155094517 -24.2058380244315
-55.2351717537283 40.2250507413385 -23.559588928102
-55.1771874069216 41.1405244217929 -22.9441092579954
-55.1658787128007 42.0751139729049 -22.3555159901456
-55.1518786577899 43.0152092944849 -21.775553707539
-55.0810590793662 43.9432856736522 -21.1797402971022
-54.9095076349056 44.8351076016772 -20.5490821994803
-54.6163851789197 45.6635549969352 -19.8776649881167
-54.2096733717599 46.410922266186 -19.1715458858289
-53.7219419822313 47.0817867100478 -18.4411159930064
-53.19948025687 47.7062078303717 -17.6943136818464
-52.6915194292594 48.3296809903925 -16.9368249242223
-52.2420470496984 48.9952145540336 -16.1777542693073
-51.8813382126511 49.7275581726631 -15.43260357607
-51.6164187324097 50.5277794626721 -14.7177164407907
-51.425508883547 51.3790895649672 -14.0395543055978
-51.2616260570905 52.2564803082114 -13.3882229426013
-51.0651089299969 53.1310705659404 -12.7415708937268
-50.7808263463791 53.9684316658705 -12.0773355533813

14.4144232825458 24.6908764434553 -25.8266911715953
15.3355372278709 24.4122324650287 -26.3739588918964
16.2577176492663 24.0426871313615 -26.8615467477567
17.1707900789779 23.6133738212771 -27.3152203613855
18.0727798470841 23.1618778506949 -27.7690233879003
18.9654922492679 22.7253516091809 -28.2547191050383
19.8496097730616 22.3338537558418 -28.7919587352376
20.7240853050942 22.0033945313169 -29.3832469783309
21.5897848339278 21.7306529791868 -30.0152740446905
22.4529061224628 21.4925666630401 -30.6644801172086
23.3236433951498 21.2520602999158 -31.30276600866
24.209873022871 20.968282314832 -31.901317276616
25.1105557126209 20.6080664950951 -32.4342473719263
26.0146019967565 20.1547782996498 -32.8843032834557
26.9068807450602 19.6112366890251 -33.2494500547311
27.7772460346383 18.9960582987565 -33.5462448312118
28.625932130605 18.3365125361144 -33.806970281234
29.4616202382687 17.662153849076 -34.0710291370296
30.2943841067702 17.0005224244312 -34.3737415749598
31.1294784421849 16.3727752713171 -34.7364119800016
31.9664004830114 15.7878600463505 -35.1610325247147
32.8024848875361 15.2377061526727 -35.6310700507008
33.6362915774952 14.6976967989044 -36.1166874765315
34.4668759610003 14.1341850957879 -36.5812064664988
35.2899199206816 13.5164781741855 -36.9874973987864
36.0957215851859 12.8277604041125 -37.3053353651759
36.8728173642931 12.0695642632689 -37.5195910599261
37.6156294378776 11.2580038370719 -37.6359561287938
38.3303154416055 10.4152586378542 -37.6805773202007
39.0338041997378 9.56246100265261 -37.6932817267578
39.745970945562 8.71723081666212 -37.7171458001098
40.4799129290844 7.89342310299631 -37.787552605322
41.2364551109065 7.09873381807216 -37.9233014510027
42.0054643086618 6.32983203769346 -38.1222049267368
42.7711969863035 5.56956533786572 -38.3624383436701
43.516574395731 4.79090295809176 -38.6084294539979
44.2243214862247 3.96753246633308 -38.8190281760982
44.8778520162335 3.08556184946273 -38.95683181611
45.4655458468407 2.14901907456029 -38.9977336319455
45.9876610789783 1.1756574600389 -38.9378762274196
46.460901818711 0.186619035978056 -38.7947126081903
46.9161552841188 -0.802016829998172 -38.6018249068051
47.3891563526715 -1.78042194461397 -38.400263169561
47.9080849481503 -2.74125743222113 -38.2290219774336
48.4839396687846 -3.67801230483554 -38.1157438572938
49.1081157234002 -4.58906940590928 -38.069276741424
49.7571484538985 -5.48362219600526 -38.0769181797767
50.4000559828296 -6.38217338911228 -38.1077796026705
51.003814662936 -7.30832581933964 -38.1208935268639
51.5373337956028 -8.27622135480358 -38.0756663432831
51.9773512421168 -9.28259650945149 -37.9424442472967
52.3165224939216 -10.309696774616 -37.7101897247922
52.5690812247814 -11.3370313075784 -37.3881703530545
52.7693079600286 -12.3529611835465 -37.0014999964383
52.9623985809863 -13.3576316417521 -36.5839411998283
53.1912239059953 -14.3566909448351 -36.1711310194613
53.4836065864317 -15.3533470821191 -35.7940420664441
53.844454714784 -16.3466844707186 -35.4715925749306
54.2555042279846 -17.3367379948671 -35.2043934780364
54.6817108515556 -18.3294575001248 -34.9736301204475
55.0803181646118 -19.33466652613 -34.7467996960364
55.4099409279601 -20.357453497487 -34.4882136533284
55.6400063930415 -21.3909762692601 -34.1701186337597
55.760013855791 -22.4184873285025 -33.780154420426
55.7846562122024 -23.4241702350592 -33.3224592657284
55.7510847293378 -24.4040610808214 -32.8133310037151
55.7089800204662 -25.367911276812 -32.2755515317017
55.707198636931 -26.3308325529979 -31.734418126307
55.7804952789968 -27.3025530665588 -31.2141356673565
55.9394935158913 -28.2835390826167 -30.7317719359047
56.1674217124274 -29.2698754250559 -30.290000658003
56.4248466927352 -30.260023330824 -29.8738344427457
56.6596667426023 -31.2550157418548 -29.4551747926884
56.8190480653174 -32.2512342510793 -29.0038143067074
56.8622089053923 -33.2341590878038 -28.4992433769778
56.7721739089892 -34.1820383711096 -27.936968895906
56.5615287405465 -35.0790931519013 -27.3264153520931
56.2685757512177 -35.928273679075 -26.6832809408152
55.9463466260293 -36.7529324687981 -26.0231366988595
55.649963164918 -37.5853115052967 -25.3606090053351
55.4246999353422 -38.4499674661531 -24.7112595549868
55.2946847676078 -39.35377352534 -24.0896649468167
55.2550127858628 -40.2881190017395 -23.502146864246
55.2719548234573 -41.2384216367692 -22.9400657067199
55.2921346912437 -42.1904325302039 -22.380829695145
55.2571739381327 -43.1281521839108 -21.7978125245253
55.119860742022 -44.029506495797 -21.1730828622489
54.8578652925017 -44.8698485677161 -20.5043645299533
54.4796626389039 -45.6346515836853 -19.8019372776867
54.0197343397231 -46.3318806086717 -19.0790978335171
53.5269118589266 -46.9932163560813 -18.3448989214798
53.0527049735256 -47.6617106234708 -17.6049621657157
52.6415508291905 -48.3732938407943 -16.8671482358414
52.3205216191735 -49.1434202819618 -16.1433354456425
52.0896051643559 -49.9658542239573 -15.4432851546046
51.9185921099968 -50.8211432459222 -14.7660750819179
51.7543883222918 -51.6851456133016 -14.0981548849766
51.5365685904461 -52.5307404903142 -13.4212587866293
51.2158306350773 -53.3265093184691 -12.7241803806226
50.7690869175319 -54.0414839900836 -12.0086498318278
50.2048146064083 -54.6576877027854 -11.2846331010562
49.5564304293306 -55.1818386296783 -10.5594216543911
48.8693385207328 -55.6464480830059 -9.83005480161486
48.1903188201826 -56.0983959838938 -9.08556184566346
47.5614353806785 -56.5812720851519 -8.31661736550089
47.0134469893318 -57.1205989476215 -7.52345295511099
46.5563397285897 -57.7185789178262 -6.7150215719261
46.1724616222646 -58.358983015361 -5.90134322923795
45.8191139145098 -59.0164146221242 -5.08756159852371
45.4413690242272 -59.6631374730868 -4.27586482805951
44.9898459623244 -60.2725386287171 -3.47244092946841
44.4359929844962 -60.82349710868 -2.69070817390637
43.7784934589682 -61.3073753657855 -1.94579928306645
43.0389475133198 -61.7333228770623 -1.24419668607167
42.2514882348497 -62.1264759110797 -0.576992106068776
41.4534971326587 -62.5182705777782 0.0781607067159251
40.6799652881317 -62.9332559911404 0.748364833158986
39.9584057800164 -63.3787297055693 1.45620231063399
39.3021552239252 -63.84179127451 2.21467513344171
38.7051547256154 -64.2942619274911 3.02666930097253
38.142915494959 -64.7021404858808 3.88583923736576
37.5804783261466 -65.0357697125028 4.77654671066532
36.9835553488081 -65.2788057299227 5.67431533769737
36.3277080130342 -65.4347316882111 6.5501374518885
35.6025124436022 -65.5286199531435 7.37878210545292
34.8112222485651 -65.6022812522192 8.14662543130393
33.9686090795825 -65.7035729759934 8.85428651040525
33.0983223799754 -65.872957668061 9.51379234059338
32.2281528252276 -66.1313158368974 10.1438786361767
31.381878386748 -66.4730950918381 10.7665509288905
30.5707532343522 -66.8672269511458 11.4047527133339
29.7906066158754 -67.2646261461357 12.0787933568728
29.0273083199874 -67.6089849976317 12.8002864640173
28.2666588847079 -67.8491126296324 13.5661253646704
27.5012989592471 -67.9521025759006 14.357855985168
26.7301848894104 -67.9138429882874 15.1495063704813
25.9526336545604 -67.7614262517413 15.9201698997634
25.1634716610462 -67.5457266059817 16.6627820637992
24.354592007433 -67.327982253681 17.3830386596001
23.5217377041684 -67.1650308390776 18.0905336720644
22.6693460783339 -67.0953577992097 18.7902597689185
21.8074811463734 -67.1284324755545 19.480907257909
20.9428563859865 -67.2416142303877 20.1592000532852
20.0725998987862 -67.3864930547041 20.8240445606473
19.1875789324604 -67.5017696505205 21.4755291356525
18.2829699441711 -67.5287638986078 22.1103791347494
17.3661869690221 -67.4269681516887 22.7203096127756
16.4542199666802 -67.1856405512802 23.2972200838587
15.5621858489079 -66.8261201727744 23.8420519599798
14.6930270204359 -66.3939454516973 24.3698820451186
13.837251692573 -65.9461770219065 24.9061831982961
12.982325925334 -65.5392039416674 25.4756808188162
12.1224936607784 -65.2171031337815 26.0907627021488
11.2600436683609 -64.9999274793157 26.7468705686095
10.3978992378684 -64.8760757935147 27.4269138147401
9.53199230353643 -64.8040224077868 28.109493001038
8.65215158992909 -64.72356232271 28.7735108541165
7.75182481554028 -64.5723535885145 29.3975337659888
6.83764260122914 -64.303105212032 29.9596031741077
5.92900012208449 -63.8964019354282 30.4428121259098
5.04655235075131 -63.3638172596997 30.8445616810854
4.19834678732629 -62.7402266308429 31.1822906394423
3.37446871148351 -62.0713220859282 31.4906176368423
2.55409269945818 -61.4038444720763 31.8106887820832
1.71889893926629 -60.7794834541901 32.1766431178087
0.862337277100334 -60.2278443807081 32.6050545489759
-0.0112242489124156 -59.7573194796457 33.0916953929408
-0.894249561915879 -59.3494296772233 33.6158978695873
-1.78189771190177 -58.9625063105267 34.1481047558526
-2.6703322109651 -58.5447627556 34.6557942351381
-3.55069625978298 -58.0514517117678 35.1077316910623
-4.40728504911054 -57.4588840445572 35.4798355005513
-5.22427735267534 -56.769278268522 35.7629356492416
-5.99650825709826 -56.0051300121366 35.9679654355762
-6.73539690560132 -55.1983107241092 36.1242877862492
-7.46484886558467 -54.3814724730441 36.2712402554112
-8.20973014004778 -53.5842756528939 36.4464344679107
-8.98476280073791 -52.8303032326054 36.6749071652706
-9.79060537164854 -52.1308492921341 36.9625778163281
-10.6177024612939 -51.4782031678287 37.295970782582
-11.4524278292564 -50.8448418578708 37.6471582212156
-12.2795897653994 -50.1918065340051 37.9806987113286
-13.0811189796217 -49.4831811823243 38.2606697313632
-13.8363565019588 -48.6993178237624 38.458278667522
-14.5280611508871 -47.8418301498201 38.559662980335
-15.1516406101641 -46.9283856314671 38.5706925928763
-15.720762726465 -45.9821148289609 38.5157222719229
-16.2645216749359 -45.0236064961953 38.4307275100569
-16.8170646339944 -44.0695176267305 38.3538764731787
-17.4051167209821 -43.1343879618139 38.3161835405029
-18.0395988073727 -42.229446926606 38.3338897601272
-18.7145898254516 -41.3570594591795 38.4044649362397
-19.4120375218621 -40.5059312669009 38.5077552428527
-20.1074817566071 -39.6530844774104 38.6117119210752
-20.7737549570794 -38.7733728509279 38.680595466671
-21.3842120534127 -37.8510141285762 38.683850753028
-21.9184937372102 -36.8856161682591 38.6040219321241
-22.3701156416434 -35.8890876181212 38.4412416653695
-22.751254539905 -34.8766268495557 38.212293894947
-23.0907512784672 -33.8591259313941 37.9449608020623
-23.4254722837547 -32.8420875173585 37.6705188457362
-23.7886810075035 -31.8294789911347 37.4165563394922
-24.2000483960754 -30.826447029024 37.2006314874869
-24.6608430642654 -29.8370623131074 37.0255001288376
-25.155187801651 -28.859504373611 36.8777905072283
-25.6552306897941 -27.8845278818604 36.7314717685034
-26.1273211549462 -26.9002453794925 36.5554201512596
-26.5384615157274 -25.9000877632761 36.3227518878687
-26.8638593835057 -24.8872958804959 36.0188641501132
-27.0945547253246 -23.8719226683382 35.645175415813
-27.2415319412406 -22.8627359970854 35.217216927881
-27.3334671768909 -21.8607963171823 34.7587659972806
-27.408682854881 -20.8598919454588 34.2954144603696
-27.5043423370425 -19.8528383398069 33.8494433160401
-27.6461715628045 -18.837564410895 33.4353770689107
-27.8415341022037 -17.8177404524842 33.0556859219335
-28.0778357130588 -16.7985129860649 32.6983462790387
-28.3262241315686 -15.782807022984 32.3388252792972
-28.5487163735496 -14.772644792077 31.9471731770339
-28.7071045184347 -13.7739260429677 31.4980327941482
-28.7727516460779 -12.7984416257868 30.979379521794
-28.7352029371426 -11.8588386862424 30.3958092632071
-28.6060544463733 -10.9590847714984 29.7650039381008
-28.4161232816846 -10.0879435817129 29.1104439889748
-28.2076217301574 -9.22145404782055 28.4555626580682
-28.0244549005231 -8.3337510473518 27.8215983233006
-27.9022415153908 -7.40919575537667 27.2263954065374
-27.8590997068056 -6.44774854458258 26.6805045787791
-27.8898733894928 -5.46088075428271 26.1812682728159
-27.9665613481971 -4.46304216742694 25.7096333822865
-28.0447549592578 -3.46708209811355 25.2337141629899
-28.0736015792133 -2.48728649508701 24.718889209065
-28.0073665601723 -1.54488525586375 24.1401396667256
-27.816916884761 -0.667252050233914 23.4905619490388
-27.497502815717 0.122315435704032 22.7814098203627
-27.0688695523339 0.818373776193077 22.0337665329456
-26.5679191120049 1.44110139817334 21.2676033568374
-26.039112175509 2.0324304063278 20.4958781762519
-25.5274702119762 2.64215173815468 19.7268537031425
-25.0735562330008 3.31076989524595 18.9702215978219
-24.7066702322821 4.05712244432513 18.2391998357656
-24.4361840790948 4.87625649745639 17.5451550785785
-24.2459804765673 5.7470648974703 16.8888820434208
-24.0964928351419 6.64264849211343 16.2561536715501
-23.9341705779004 7.53527472127091 15.6220541565804
-23.7050714219388 8.39465156416957 14.9621520277014
-23.3689820334928 9.18653316188904 14.2637109988679
-22.9099770638895 9.87886814274577 13.5299289220609
-22.338930249456 10.4545030228506 12.7746547378913
-21.6867384880755 10.922136518777 12.0114528347507
-20.9930752278236 11.3177475103938 11.2449660702409
-20.2980458329272 11.6951240770943 10.4708946025171
-19.639251536835 12.1098600372658 9.68409652158045
-19.0495205314612 12.6031072887475 8.88742851412998
-18.5501110692163 13.1910778938451 8.09316987553549
-18.1411521964894 13.8642840931007 7.31535054617392
-17.7964483788352 14.5952912267417 6.55935637141397
-17.467745815176 15.3480267730607 5.81778210343184
-17.0977533742378 16.0821950214567 5.07643071087954
-16.6373063323274 16.7542316799199 4.32583984191313
-16.0604853532353 17.3222175755954 3.56895276985881
-15.3710717866928 17.7579312188045 2.81854878714314
-14.5968270706534 18.0599249027654 2.08612578788241
-13.7757023920978 18.2584360996936 1.37066540371362
-12.9441283065401 18.4086645521528 0.656151812713781
-12.1344061560584 18.5760212003198 -0.0795140550361501
-11.3775044898608 18.8188843268751 -0.850202902478204
-10.7013349839138 19.1734842022562 -1.65246413066017
-10.1207395392413 19.645860387536 -2.46863018768014
-9.62609161172346 20.2143474118805 -3.27950594230898
-9.18037541879763 20.8396916690716 -4.07624006231845
-8.72852658418684 21.4747187296665 -4.86186232364298
-8.21522962099497 22.0691723291482 -5.64223840861922
-7.60344705382121 22.5740601376112 -6.41562234937699
-6.88538331598228 22.9512305700279 -7.17070742182907
-6.08049879606219 23.1858422463018 -7.89500329021027
-5.2224809136499 23.2933130744475 -8.58658510962667
-4.34453059697692 23.3156725047046 -9.2598316224761
-3.47244803596159 23.3097538490773 -9.94049012050318
-2.62644965947772 23.3327685422286 -10.6530733258908
-1.82397550903422 23.428895565576 -11.4088746505332
-1.07649436055377 23.6193044037862 -12.2022796806579
-0.381813026026148 23.8985777734966 -13.0167819504649
0.280514754461374 24.2386054609423 -13.8347971416856
0.944914388412999 24.5969687838562 -14.6432490495237
1.64746771963714 24.9259402069195 -15.4321394999938
2.41193448598547 25.1813429427153 -16.1907391854756
3.24178523497899 25.3319943570708 -16.9078904540419
4.12233153913512 25.3677436491313 -17.5777913533017
5.03053552069197 25.3020614727894 -18.2066107669413
5.94520157838518 25.1675998033491 -18.8140592725025
6.85128217510225 25.0071654655918 -19.4276974309133
7.73825890081496 24.8635373435314 -20.0726827984586
8.59790911767045 24.7699054563229 -20.7624896495388
9.42595205006007 24.7421098192079 -21.4954220035422
10.2265999872502 24.774741271177 -22.2578560973938
11.0149869234574 24.8426836675905 -23.0306086586279
11.8134721792006 24.9074215512235 -23.7934579552069
12.6425332891051 24.9260685674443 -24.5261865063341
13.5114023566944 24.8613792328192 -25.209109331994
