2.7457001075834695 1.95907705763632e-05 -9.3509299075079374e-05
2.7134382561942263 0.19599248372324879 -0.13579103556368788
2.6281565471338526 0.38041659211964207 -0.25942792578091245
2.4918108876198968 0.54379858923742885 -0.35787606596183991
2.3236906466409524 0.68109202852378026 -0.42498820052883618
2.1350497043968653 0.78975627951523331 -0.45599696755025582
1.9417886054841107 0.87251188879361041 -0.45054285476174133
1.7543581799593482 0.93578593079469696 -0.41268513760670206
1.5808947303045588 0.98367026105038258 -0.33929853929281251
1.4288776175143307 1.0274049373927048 -0.23744438507608112
1.3141611735946142 1.0809006316796663 -0.10159513400843562
1.2368268915510798 1.1590448714479697 0.049423823180063831
1.1955233981622531 1.2706289810467601 0.19240811066513244
1.1750299550843677 1.4173691771999 0.30680056565364006
1.1586477140888045 1.5888144846126862 0.39102762888484133
1.133726522786163 1.7792412381165534 0.4401420964638097
1.0942205784031827 1.9823131610617533 0.4583498578268706
1.0281978990707419 2.1877085280608974 0.43875800253513003
0.93383818808736141 2.3845176585540688 0.3842269504458371
0.80648884424707457 2.556970548312409 0.29503613436322174
0.64927492010763266 2.690997591886517 0.17924854586136382
0.46738794527781363 2.7739156168606987 0.046298752444667829
0.27201602366464234 2.7982053932242694 -0.09024605278499627
0.073081373644608497 2.7656445537720229 -0.21988433879152325
-0.11689301730368179 2.6751298349573385 -0.32688746641386018
-0.28891683903264598 2.5453873067178829 -0.40611107976928612
-0.43717965373666429 2.3843361436171753 -0.44817531383056153
-0.56071588448574228 2.2106256366847821 -0.45513765145975699
-0.66182669819290163 2.0349954200737521 -0.42727515401317057
-0.74454136260241144 1.8677498766067426 -0.36645289935361103
-0.8162190400191206 1.7185684455268471 -0.27392893559614678
-0.88665674823367757 1.6006609130379177 -0.14776227536777292
-0.96838393568079195 1.5222711336048638 4.3304101458757402e-05
-1.0771985568018081 1.4907925331381355 0.14781241850384919
-1.2145837561416835 1.4888458648248448 0.27392807984520856
-1.3796954000297255 1.5013716770347509 0.36635031907888721
-1.5659260257351977 1.5133350436581035 0.42710781236896506
-1.768618305981791 1.5135459069583164 0.45484692925219999
-1.9808462135817617 1.4933480763751752 0.44778191892072977
-2.1944320406887714 1.4453714154328547 0.4056204495942084
-2.3927305821529785 1.3611607444950737 0.3263039197622617
-2.5660106221571266 1.2418259513600416 0.2191666589569673
-2.6934951012280481 1.0856972915949741 0.089471208065321634
-2.7699763484546054 0.90426975993535308 -0.047032838144123311
-2.7889458054447505 0.70526570518237275 -0.17993496620394994
-2.7513633240755411 0.50209230829645113 -0.29564627342633043
-2.6655533065186927 0.30558909939544204 -0.38472163439061036
-2.54218399485754 0.12553446159060883 -0.43918385568397772
-2.3972530831805279 -0.034245654284111256 -0.45867204304367154
-2.2411455604837571 -0.16994445377990924 -0.44035957830720046
-2.0886924670252851 -0.28665678716041454 -0.39117868009930595
-1.948498477780146 -0.38653290055981909 -0.3068236530780632
-1.8317314683963257 -0.4775981492091923 -0.19232004315520843
-1.7558940558809286 -0.5691802389737195 -0.04925691136639599
-1.726979675903495 -0.67529302556411175 0.10175997659288703
-1.7380838246254511 -0.80139875392784277 0.23759419105293617
-1.7762396417212529 -0.95493507083163309 0.3393860278431543
-1.8215380073577712 -1.1291168513947296 0.4127007008504317
-1.860492402912568 -1.3230947651036955 0.45049747079807928
-1.885444425836615 -1.5318569726465365 0.45589417591722614
-1.8856610649584422 -1.7495604195062238 0.42483353447255962
-1.8507931402290172 -1.9637920288763346 0.35765380291869314
-1.7774418320772194 -2.1635255246417469 0.25914111079041685
-1.6603274917535678 -2.3295574708211166 0.13546935934787002
-1.5066995648476871 -2.4554118609785034 -0.00024403510086534643
-1.3208413717916487 -2.5253828330427814 -0.13595157067336958
-1.1184581858655975 -2.5436622381401399 -0.25957478832156022
-0.90879553717532158 -2.5071575659340315 -0.35799550426348631
-0.70586136451956139 -2.4301289603728695 -0.42503903069438942
-0.51747433092970807 -2.3210369127708308 -0.45600461446649404
-0.34922933309501469 -2.1949977019454225 -0.45050097672823514
-0.2007623887485652 -2.0643252907908041 -0.41261648468836337
-0.072579412442418306 -1.9380905623624012 -0.33915793592278615
0.041288283160536968 -1.8283204724314013 -0.23725883177567891
0.14498066226704376 -1.7557926166512379 -0.10137622288290189
0.25136498511998312 -1.7279405248568218 0.049627875945085713
0.36868467088478352 -1.7480097184181971 0.19258798892630682
0.50601039379909407 -1.8036550885924467 0.30697344166719043
0.6626912755898654 -1.8752049033415974 0.39117230211290349
0.84008124078416957 -1.948839980652056 0.44027254877292993
1.0357137943530415 -2.0161444858771276 0.45845546885884686
1.2466081351014324 -2.0616528994035304 0.43885351538854828
1.4642301200107424 -2.0783263571106327 0.38429953093298452
1.6772549570726865 -2.0542410775038547 0.29510504568283918
1.8719135522419941 -1.9850805773823328 0.17930512978658761
2.0346558126703069 -1.8690213828957549 0.046339776836289585
2.1533579248624966 -1.711946610801776 -0.090200035278558272
2.224612058762065 -1.5233887899567822 -0.21985033644302285
2.2411765892240507 -1.3136139391722452 -0.32689090326387804
2.21477433376731 -1.0997887196677127 -0.40614061925332096
2.1494255733319894 -0.89087265512091374 -0.44819076714498668
2.0607248485676135 -0.6970507431478179 -0.45514987887865649
1.9591805956844364 -0.52167853403687958 -0.42729127117077681
1.8556873040725756 -0.36642559935683727 -0.36647088980435566
1.7623106840092977 -0.22975990340500246 -0.27395537023489347
1.6953844283396786 -0.10979973464894939 -0.14780292477436924
1.6683256139055744 0.00016782204020180825 -2.9351324267278255e-06
1.6954593058690657 0.11014302405735397 0.14777027891152658
1.7624522034258181 0.2301111793049728 0.27388767303098233
1.8558578658107814 0.36681175198296156 0.36635497961977942
1.9593290486250305 0.52208807889651487 0.42714322566468449
2.0608966467419734 0.69746712553863566 0.45493554517140489
2.1495843450110335 0.89132561566103263 0.44791769815904026
2.2148706103200904 1.1002641941323417 0.40581147408855484
2.2411958374124374 1.3140885337191219 0.32652149142667281
2.2245642123900069 1.5238442247287634 0.21943590703274063
2.1532156918281253 1.7123671250493449 0.089775483483402432
2.03445498657512 1.8693684046404802 -0.046790359813844488
1.8716509445877159 1.9853670566379511 -0.17972595190057131
1.6769547940505201 2.0544606177839295 -0.29550278553736931
1.4639109222751834 2.0784547384738712 -0.38466224489364814
1.2462968270338839 2.0617226255070222 -0.43918104438337396
1.035422084407851 2.016148639854622 -0.45873985257973593
0.83981970483155965 1.9488056015784758 -0.44052110104940961
0.66246848495632205 1.8751369347522642 -0.39138687988049958
0.50583352346452615 1.8035712161497262 -0.30713490585984649
0.36852953424794466 1.7479338221196816 -0.19273577390591465
0.2512496846858937 1.7279358945343204 -0.049743386264910705
0.14490447001145451 1.7558359507923877 0.10128576453537741
0.041224764729881361 1.8284322569794869 0.23713943124315384
-0.072650618119717944 1.9382328600918479 0.33900400742270648
-0.20081787622264818 2.0645238040762952 0.41244460723715731
-0.34932165900332018 2.1951835884545483 0.45031148065606669
-0.51757656579108335 2.3212077197407388 0.45580188742371697
-0.70597266955703952 2.4302732991346918 0.42478909272675819
-0.90890971528420761 2.5072894893814759 0.35772417221451686
-1.1185692785154426 2.5437604888518122 0.25927068936635117
-1.3209457513375098 2.5254460117921282 0.13563761293613721
-1.5067825323030464 2.4554321472934331 -7.6445225726844366e-05
-1.660392632715896 2.3295477452555144 -0.13577065446396891
-1.7774943097605032 2.1634915986314325 -0.25942657011262771
-1.850814593384972 1.9637395205917516 -0.35791209409146602
-1.885680393808532 1.749503136484597 -0.42506535608717999
-1.8854260453721516 1.5317948592560022 -0.45610995003524341
-1.8604603370186079 1.3230438214092004 -0.4507029706375969
-1.8214931616934356 1.1290749267830078 -0.41288342629577535
-1.7761786174566887 0.95490527562952621 -0.33956440991942005
-1.7380189217911821 0.80138838747491381 -0.23775802699182219
-1.7269351496597602 0.67531483765523992 -0.10189369890099721
-1.7558650384498138 0.5692221443502038 0.049136435435569885
-1.8317519659891648 0.47764317977831477 0.19218341974766651
-1.9484939180950647 0.38659432265436722 0.30670196529506522
-2.088734772591653 0.28675265328549032 0.39100243782550842
-2.2412083512235919 0.17002356834947777 0.4401634579172119
-2.3973237674097669 0.034326328099560884 0.45845524587208814
-2.5422692946872694 -0.12545692878043133 0.43892760931095837
-2.6656125429110715 -0.3055369345016361 0.38447216788528554
-2.7514005627251801 -0.50203394972335014 0.29537750216587044
-2.7889742964274822 -0.70520523567985238 0.17966703592136171
-2.7700048200486163 -0.90422818233800806 0.046791795634733228
-2.6935128819262415 -1.0856659968014377 -0.089707544002987763
-2.5659984853870621 -1.2417856963444742 -0.21939586666603095
-2.392713618560927 -1.3610974889237737 -0.32653487363856032
-2.1944101560940221 -1.4453025600020646 -0.40583982454202089
-1.9808193320664846 -1.4932668628754711 -0.44799212046531556
-1.768592728793114 -1.5134546016861774 -0.45505276676979922
-1.5659030146015223 -1.513236805688378 -0.4272963392819446
-1.3796727976476795 -1.5012714905479194 -0.36654079277625512
-1.2145676490834276 -1.4887524697501058 -0.27411520887927432
-1.0771890089481089 -1.4907108650853538 -0.147991184212446
-0.96837275284426572 -1.5221873858611177 -0.00021864270770640418
-0.88664852461057264 -1.6005888157584645 0.14757622231714054
-0.81621795010080078 -1.7185124229858528 0.27373178671006454
-0.74455217215577008 -1.8677070955222395 0.36625081099542661
-0.66183210640089685 -2.0349627939871873 0.42706342092650346
-0.56069785724631049 -2.2105791745879304 0.4549112412096466
-0.43718947012602932 -2.384312695291587 0.44795878521409055
-0.28890945572303101 -2.545336503473961 0.40591045195812864
-0.11694140163767927 -2.6751138090116964 0.32665571180079578
0.073027222200485561 -2.7656543113596919 0.21960426848277917
0.27196766798444305 -2.7981835897785143 0.089979249191413549
0.46734303923993809 -2.7739263223701074 -0.046569362846326311
0.6492422179100048 -2.6909748700167793 -0.17950782356155454
0.80644762851590335 -2.5569548395295456 -0.29529405279348381
0.93380620340820486 -2.3845036847214587 -0.38447767262783794
1.028163284389606 -2.1876885196250586 -0.43900891451874297
1.0941769493076841 -1.9822938848933851 -0.45858877728619724
1.1337134850385677 -1.7792233942958597 -0.44040113967063188
1.1586398380003411 -1.5887808232122833 -0.39131054757935918
1.1750120958106871 -1.4173247747743278 -0.30710230100763009
1.1954842041780935 -1.2705885819266212 -0.19271187301730208
1.2367829340973047 -1.1589813520891104 -0.049737759210940723
1.3141082332513563 -1.0808012164659992 0.10127702584295185
1.4288092566360591 -1.0272790765517703 0.23713142365124326
1.5808156367894153 -0.98352589798340628 0.33900494764104788
1.7542578338157924 -0.93562850902821304 0.41242089162255352
1.9416715730466803 -0.87236293433036649 0.45029736578240692
2.1349349853685182 -0.78963257414037125 0.45577175972299061
2.3235822906796448 -0.68099007691851265 0.42476068491486257
2.4917227993379729 -0.54371761449459821 0.3576907531032662
2.6281219046966706 -0.38036437357066311 0.25925043196748937
2.713417686914497 -0.19593992107137376 0.13560966457660983
