-28.666380729673 -12.7015106762628 4.94554945856183
-28.7011499300307 -13.498641513694 4.34271813171564
-28.6751697423239 -14.2827288992345 3.72252119885878
-28.6039804804007 -15.0551537151525 3.09136535236732
-28.4738243391521 -15.8099162200584 2.4483650995932
-28.3009214267634 -16.5501056093406 1.79853768761206
-28.0682004960028 -17.2673615408145 1.14167760800126
-27.793748525515 -17.9667750505485 0.481734134565927
-27.4645829768521 -18.6404969207668 -0.179985788787154
-27.0903166208059 -19.2908821789616 -0.841043769673328
-26.6667682598949 -19.9134867218399 -1.49913291861681
-26.1986082947031 -20.5086861955125 -2.15231465990381
-25.6837457815789 -21.07272172722 -2.79792280616828
-25.1285434030908 -21.6076413613172 -3.43482468457685
-24.5296688161983 -22.1084997941769 -4.05979561542182
-23.890448844563 -22.5751666472103 -4.67105167072997
-23.2140573224713 -23.0078000587821 -5.26716326155459
-22.5008850659791 -23.4039909263738 -5.84554239527172
-21.7517661587018 -23.7613313564152 -6.40336958662519
-20.9723380648551 -24.0830709604282 -6.94102559157647
-20.1602454476701 -24.362751739095 -7.4532423662971
-19.3211463086274 -24.6040576012029 -7.94079790007145
-18.4563089333784 -24.8049586784725 -8.40097884544291
-17.5674507574811 -24.9634831944596 -8.830876796266
-16.6587604143489 -25.0824181960321 -9.23108348755442
-15.7314395432221 -25.1585241001509 -9.59763520593307
-14.7889512703052 -25.193343838165 -9.93020284483171
-13.8333283976644 -25.1840143230741 -10.2246948357543
-12.8689707206782 -25.1368127289915 -10.4850799481223
-11.897237278356 -25.0436118657245 -10.7021460889603
-10.9223160159387 -24.9131741240538 -10.8824895083684
-9.94696631748452 -24.7378225209839 -11.0164574128246
-8.97393601222777 -24.5287035357822 -11.1139156223432
-8.00895076883145 -24.2694654703712 -11.1542427526588
-7.0496135804286 -23.9874871390692 -11.1673393507342
-6.11313306373634 -23.6430428896502 -11.1007204282996
-5.18248101156531 -23.2866455951213 -11.0178183385655
-4.29124817076871 -22.8677999264318 -10.843723185337
-3.40586014664275 -22.4416333488763 -10.6580570787291
-2.6019534299942 -21.939692111678 -10.3389286507569
-1.79804671334567 -21.4377508744797 -10.0198002227847
-1.00466636209937 -20.928536497426 -9.68625591978931
-0.290519307522029 -20.3742201817854 -9.2587508598456
0.423627747055292 -19.8199038661448 -8.83124579990189
1.1377748016326 -19.2655875505042 -8.40374073995815
1.83230314970459 -18.701967990645 -7.956566787795
2.47597880349309 -18.11615195822 -7.46409395862667
3.11965445728157 -17.530335925795 -6.97162112945833
3.75031662551283 -16.9391202561858 -6.46889641248414
4.3416368869884 -16.3319493253652 -5.93815620503331
4.93013863450062 -15.7236328812205 -5.4055990581224
5.49390922090816 -15.1053132401548 -4.85801722195578
6.03904497855459 -14.4793625413351 -4.3003302879509
6.56353725221637 -13.8447780991544 -3.73269049509977
7.07059971861696 -13.2026909070514 -3.15770027833984
7.55666674646246 -12.5512313297036 -2.57516697596763
8.02600977436428 -11.8919811164304 -1.98770342005398
8.47366559101606 -11.2221007034971 -1.39535306507069
8.90463438055527 -10.5435594052732 -0.800497412554892
9.31472141388682 -9.85350802382715 -0.20412628819377
9.70823314297445 -9.15373148886172 0.392080507259011
10.0815592993842 -8.44137090851808 0.986368594803633
10.4392659876705 -7.7187208438217 1.57784294651408
10.7764912118105 -6.98186778686684 2.16378720983719
11.1013756226262 -6.23611941313758 2.74544457647932
11.4049623339748 -5.47444560201073 3.31788912150314
11.6957883462716 -4.70294256339966 3.8837573113314
11.9682339889919 -3.91697833542229 4.43876591259686
12.2258858652117 -3.11917903600208 4.98386415782069
12.4644310244747 -2.30593823750134 5.51465200742428
12.6975281368087 -1.48829748397399 6.04109786793201
12.9011727849088 -0.646827578697096 6.54155650951158
13.092782369719 0.204245817819594 7.03041902118415
13.2843919545291 1.05531921433629 7.51928153285671
13.4360602319532 1.93722929180176 7.96563498689117
13.5753253620206 2.82823509419444 8.3977538092683
13.714590492088 3.71924089658712 8.82987263164541
13.8037063724826 4.64373673402142 9.20050167426578
13.8847370880202 5.573069278111 9.56080068590479
13.9657678035577 6.5024018222006 9.92109969754378
13.9500460104664 7.47462739921167 10.1546174111167
13.928265540653 8.44862770208566 10.3801796439285
13.8139822837755 9.43634369079705 10.4867675937393
13.6888225366288 10.42415578862 10.5795939143422
13.4905556095265 11.4043060260952 10.5814831351728
13.2697457443057 12.3793127787896 10.5557102236436
12.9955352155934 13.3367074869572 10.4650894156303
12.6908231188842 14.280611062222 10.3377782391749
12.3431476746003 15.2010747185227 10.1591657406631
11.9638086623016 16.1007902245908 9.9429939522048
11.5447587547899 16.9698626487928 9.67998930929709
11.095271944731 17.81175075271 9.38127761823236
10.6117966008082 18.6190900319055 9.04284923958079
10.0980008784091 19.391341419613 8.66912588858508
9.55526390090605 20.125911162831 8.26181311001376
8.98409872989827 20.8187539287366 7.82159279529702
8.38810120250639 21.4706545130975 7.35268422964326
7.76626472647132 22.0745253538183 6.85397547156513
7.12453897837442 22.6368375403079 6.33234948477637
6.45940738679713 23.1436089735159 5.78377684524313
5.77776109562802 23.6053688639534 5.21619285443917
5.07896506440782 24.0137857441175 4.62885418071206
4.36566458437177 24.3692607859038 4.02478715788798
3.63993185960622 24.6706832776043 3.40634890401044
2.90419368343811 24.9192105623912 2.77630129850183
2.15987240964567 25.1099384953729 2.13623500083145
1.40967940379027 25.2464765579111 1.48923581165231
0.655472209705395 25.3263179004628 0.837390524945655
-0.100563901851473 25.3492173785265 0.18316535056866
-0.85623877201988 25.3151031253589 -0.470968178759071
-1.60936288346935 25.2240759433808 -1.12253824349237
-2.35801639436554 25.0785158426529 -1.76936245977601
-3.09992775057568 24.8767149495263 -2.40888362455612
-3.83253665777108 24.6172948183337 -3.03821227641468
-4.55491759174311 24.3069682948333 -3.65625574093732
-5.26320206942556 23.9388488855755 -4.25866474335233
-5.95738834131856 23.5217533641602 -4.84536774970063
-6.63309055547664 23.0494831277999 -5.41140357605593
-7.29098788676739 22.5308284648847 -5.95745925333715
-7.92707447858045 21.9620519866088 -6.47896133973507
-8.5402086849459 21.3467916608436 -6.97453271575798
-9.12862882898902 20.6870553290748 -7.44208501054228
-9.68960520168539 19.9835260431443 -7.87840471076724
-10.2236164205744 19.2416053223072 -8.28391448456386
-10.7258756996235 18.4595932494708 -8.65298519064962
-11.1995613233982 17.6455208880535 -8.98911550087453
-11.6363774420078 16.7950930712266 -9.28250677286125
-12.0420777541299 15.9179893488319 -9.53961247750648
-12.410029130893 15.0127986340086 -9.75242056428666
-12.7426123040935 14.0853459369931 -9.92341312867733
-13.0349852693325 13.1369825924571 -10.0464671361317
-13.2904543426138 12.1733666529014 -10.1251047233874
-13.5002350614465 11.1958880292178 -10.1481305988112
-13.6771143434242 10.2118040925153 -10.1306174925644
-13.7877112856373 9.22301918507735 -10.0300093060337
-13.8861565468639 8.23467025263577 -9.91390162202156
-13.8648238081802 7.27278540465356 -9.64119575695944
-13.8434910694966 6.31090055667136 -9.36848989189731
-13.8104288339334 5.35394436850843 -9.08014593974648
-13.6788619331327 4.453487182964 -8.66552315216535
-13.5472950323321 3.55302999741959 -8.2509003645842
-13.4157281315315 2.65257281187519 -7.83627757700303
-13.2841612307308 1.7521156263308 -7.42165478942185
-13.1320991585912 0.866287822195146 -6.98326328914421
-12.9375401136158 0.0127615233930944 -6.49986749221806
-12.7429810686404 -0.840764775408953 -6.01647169529191
-12.5369768121708 -1.68532638588961 -5.5222236189998
-12.3019142981889 -2.50688569865155 -5.00280749498933
-12.0622563590366 -3.32482468207068 -4.47979638150905
-11.8011052348867 -4.12586140539217 -3.94114805057293
-11.5294037398171 -4.91870237975834 -3.39563621282044
-11.2338727428743 -5.69341031138775 -2.83661306885691
-10.9290691392643 -6.4612695426209 -2.27315150999368
-10.6037367237949 -7.2143572996426 -1.7012920290326
-10.2648442530163 -7.95806148464801 -1.12504762799534
-9.90566808259663 -8.68834090579989 -0.543922066546088
-9.53037498136788 -9.40853941307725 0.0395804729213086
-9.13627674392763 -10.1176103122326 0.624317679029771
-8.72311137081781 -10.8161183161911 1.20860253909295
-8.29355977444109 -11.5060472417954 1.79128064468908
-7.84134460153901 -12.1848428409029 2.36985064754211
-7.37402571263908 -12.8566091481733 2.94460724782956
-6.88540612401321 -13.518885849233 3.51262589435794
-6.37971806814796 -14.1738633572853 4.07413327679464
-5.85326197128346 -14.8202453857766 4.62643501845614
-5.30500351341754 -15.4578409603685 5.16762315657516
-4.7514631253062 -16.0933152653713 5.70592795305869
-4.16182135173898 -16.7145483327854 6.22206017996796
-3.55673751039688 -17.3296617213301 6.72755214679298
-2.95165366905476 -17.9447751098749 7.23304411361799
-2.30224631936735 -18.5418806237244 7.70393218924444
-1.64479067873096 -19.1355867879347 8.16790057652856
-0.953706583180237 -19.7144151777374 8.60075216964027
-0.25591628672874 -20.2901088583025 9.02699741027695
0.441874009722773 -20.8658025388675 9.45324265091362
1.2032917223097 -21.4078716895461 9.80877620240384
1.98271310215936 -21.9386972173961 10.1415692400942
2.76213448200904 -22.4695227452461 10.4743622777845
3.61906475453869 -22.9368248858141 10.6918473131163
4.47877780988033 -23.4012212525365 10.9045337181068
5.3923069705989 -23.7941043830292 11.0099331038811
6.31258150833695 -24.1751711285706 11.0991139273479
7.26025932109797 -24.4942556237044 11.1089727950265
8.21445596292367 -24.7932222715649 11.0947073406593
9.18126078182982 -25.0369463549973 11.0177876743703
10.1521290859413 -25.2499273960919 10.9079336353772
11.1255437693442 -25.4157018819525 10.7498542745512
12.0980230462565 -25.5440743978562 10.5554046252168
13.0661720416024 -25.6276685979187 10.3193558929104
14.0276943279701 -25.6715054787302 10.0480251826296
14.9787350802027 -25.6706715510886 9.73881160633052
15.9170855148968 -25.6279618903739 9.39571614089381
16.840039982136 -25.5432796066854 9.02015218379695
17.7441731495125 -25.4151037736141 8.6125149340947
18.6283353706874 -25.2467637297849 8.1766544415437
19.4874425340979 -25.0339922453607 7.71114688438689
20.323645857671 -24.7847761061428 7.22255155556839
21.1276455908125 -24.489411604322 6.70638063389333
21.9055207528559 -24.160063921815 6.17113655533879
22.6473800964847 -23.7877841272262 5.61332230786832
23.3570516103349 -23.3804378998483 5.03846550775025
24.0288177056323 -22.9349950434885 4.44655850022078
24.6635689827746 -22.4552865430973 3.84076419030493
25.2581757113963 -21.9411923484847 3.22251534269343
25.8109872040947 -21.3940717548775 2.59389603627019
26.3204688146624 -20.8153760591805 1.95701450296321
26.7852044959911 -20.2066442068434 1.31399931958254
27.2056727089866 -19.5704959850211 0.667059994152516
27.5790080357876 -18.9074994292581 0.0181255874889548
27.9041529909491 -18.2194240571446 -0.630636793177794
28.1802410030558 -17.5081331805366 -1.27706294808896
28.4081690829313 -16.7761807310826 -1.9192039927142
28.5837853359405 -16.0241294735486 -2.55449257184362
28.7102588971879 -15.2553217811739 -3.18134302916061
28.7868797271141 -14.4715405488261 -3.79772259191798
28.8067924840565 -13.6733044803877 -4.39974300749706
28.7832768408953 -12.8657333471256 -4.98911203494293
28.6993704434948 -12.0478314239702 -5.55834164292009
28.570851946238 -11.2242503817782 -6.11080060806149
28.3861888321425 -10.395946974725 -6.63979049902607
28.155816835764 -9.5658468099303 -7.14765908055039
27.8705319651581 -8.7361792294748 -7.62757926782227
27.5395578241072 -7.90911983030795 -8.08198738154153
27.1574714028582 -7.08757402629448 -8.50522211186709
26.7318493053553 -6.27302587753892 -8.89954431340938
26.2561709385449 -5.46949923189259 -9.25753444992513
25.7386442167708 -4.6778607525704 -9.58233204142669
25.1778580704562 -3.90137515018319 -9.86976898657081
24.5773761023246 -3.14175046615852 -10.1197314427627
23.9354490746831 -2.40336161746445 -10.326585149671
23.2596590066727 -1.68564040773878 -10.494532336446
22.5464149583635 -0.995076908637354 -10.614593508782
21.8058639041542 -0.327958412982747 -10.6955676716144
21.0284349331134 0.300693510618761 -10.7158264060275
20.2369006808282 0.911790755592953 -10.7094996902986
19.4034716370861 1.45443167631614 -10.6045502808645
18.5657104691342 1.98751515389691 -10.4863197490844
17.7011117239101 2.42815610247136 -10.2448371613094
16.8358566463518 2.86414527468309 -9.99735379846986
15.973454897936 3.16925360852413 -9.59329778204054
15.1110531495203 3.47436194236516 -9.1892417656112
14.2486514011046 3.77947027620618 -8.78518574918184
13.3862496526888 4.0845786100472 -8.38112973275245
12.5272652781222 4.36893364960984 -7.95534622228165
11.6777910228184 4.60555839626841 -7.48374067869118
10.8283167675147 4.84218314292698 -7.01213513510069
9.98183222078354 5.06512724376762 -6.52864768622429
9.14410784071455 5.2490512002722 -6.01445664544251
8.30638346064558 5.43297515677677 -5.50026560466072
7.47169531877817 5.60320290765354 -4.97651091515134
6.64460844490499 5.73746830455267 -4.43070777791369
5.81752157103182 5.87173370145179 -3.88490464067602
4.99400428871864 5.98734701799427 -3.32951685364017
4.17450933185231 6.07948850178739 -2.76387502290867
3.3567241087786 6.16017569605389 -2.19403303188459
2.54170766870119 6.21910503170329 -1.61759056232525
1.72808838395603 6.26386037564517 -1.03791598705043
0.91587090146965 6.28843636266458 -0.455072736560651
0.104217108089924 6.29693635871689 0.129009387461663
-0.70743299145685 6.28605363586224 0.713063100896829
-1.51976936575126 6.25723575395106 1.29554144114146
-2.33333414201295 6.21116372371479 1.8751890761503
-3.14880654006592 6.14649299758688 2.45036148213831
-3.9658716581015 6.0691233131024 3.02171180094835
-4.78657664916337 5.96811065203679 3.5840667262325
-5.60932066694739 5.85550480450294 4.14121550253251
-6.43596898134712 5.72262607830341 4.68802264206063
-7.26653304701901 5.57104967007038 5.22392191005391
-8.09782143095323 5.41607797004568 5.75772496216485
-8.9363255158175 5.22927133500878 6.26959886993087
-9.77664188935487 5.03467876393135 6.77556894197764
-10.6221517048327 4.81788482715825 7.26353792373713
-11.4722684876576 4.58108030832316 7.73388368094628
-12.3227198529927 4.34278149122692 8.20286834447959
-13.1815527524956 4.06518884141065 8.63338979331252
-14.0422129349179 3.7780592549312 9.05392837723407
-14.9028731173402 3.49092966845174 9.4744669611556
-15.7715811398774 3.14884478679501 9.83269163614424
-16.6407257226481 2.80223801920707 10.1854832162653
-17.5110821106659 2.39246968890182 10.458605428866
-18.3814384986837 1.98270135859655 10.7317276414666
-19.2211995599257 1.44997154903306 10.8366307021568
-20.0555964981296 0.905920544045792 10.9251975471066
-20.8550521074707 0.305207136181457 10.9292161533967
-21.6356764720957 -0.318959857318646 10.8965256608229
-22.3818493941347 -0.978539015674732 10.8059063638937
-23.099062073452 -1.66261233390641 10.6729748248036
-23.7796530333491 -2.37269706423018 10.4924444433198
-24.4251332387726 -3.10369149667683 10.2710073238938
-25.0303248642104 -3.85478764591369 10.0071249687335
-25.5957183148834 -4.62237200575689 9.70515534244251
-26.1177147477199 -5.4047308999673 9.36525783811961
-26.5943819048043 -6.19936644586746 8.98924648226782
-27.0272411541189 -7.00322573943046 8.58122716432022
-27.4099667865987 -7.81477242873349 8.13968830187898
-27.7477496959173 -8.63082472521692 7.67065690302954
-28.0312687374324 -9.44956029676407 7.17135650261533
-28.2713102393201 -10.2684102258451 6.64993970216169
-28.4518624648367 -11.0846624381081 6.10113252163953
-28.5911128518821 -11.897294017678 5.53518175382147
