-0.47573104505143954 -1.7261338142671192 0.31835683890682737
-0.49591289234733532 -1.7724503911766922 0.23581528846680511
-0.50465028952594093 -1.8176954817941247 0.15191774765885224
-0.50671461942994311 -1.8645192959488617 0.069280604820902522
-0.49965058932092082 -1.9151930484399016 -0.010387066162273842
-0.48917874484548063 -1.9768342585179672 -0.081312731868207477
-0.47393349238498783 -2.0439168410480915 -0.14565404151711686
-0.44819848626589248 -2.1130569943387951 -0.20372798679215567
-0.4144998487116372 -2.1819846681611397 -0.25800571825584701
-0.37262825446639891 -2.249073654221375 -0.30846497509249882
-0.32149143666704871 -2.3134832851313445 -0.35377678211121943
-0.26302764419305202 -2.374583086677772 -0.39483310425332757
-0.19810648950819762 -2.4315888054198744 -0.43203213039298644
-0.12798950218710323 -2.4844136351349939 -0.46589638895001556
-0.052651412835292635 -2.5323065718797815 -0.49568591016108554
0.028362624993111093 -2.5740021020143855 -0.52015227942594155
0.11365427769428284 -2.6096566297396042 -0.54036256372281299
0.2022566864895583 -2.6392912393600629 -0.55671927302331492
0.29346344496705634 -2.6632984586566182 -0.56961068716531627
0.38743659810561942 -2.6798658301921328 -0.57630125531167398
0.48293590942796411 -2.6896022777086683 -0.57792094759756996
0.57922112717607643 -2.692744001085519 -0.57469441064780113
0.67581032644499639 -2.6896408082973298 -0.56653875354954819
0.77261470444590474 -2.6805753645120407 -0.55361571444982693
0.86762353210698795 -2.6627218996185062 -0.53377967051619302
0.959505374552026 -2.6374253882913279 -0.50798216275805319
1.0486712400550411 -2.6062101859914093 -0.47737337959454718
1.1354376898288614 -2.569273144940762 -0.44217603517561566
1.2177322171167284 -2.5251176533630062 -0.40129303447433107
1.2927630327236566 -2.473795257992661 -0.35494885605814802
1.3607919674153384 -2.4168508110718228 -0.30440320296279638
1.4219916561413808 -2.3548049649431513 -0.25004172504303218
1.4776218118391498 -2.2876124278501022 -0.19169204780521909
1.5219695077002882 -2.2148109417940569 -0.12928974691605055
1.5553422743989191 -2.1392463362549266 -0.065234827139963092
1.579463857926668 -2.0609270480527799 0.00062761259227562052
1.5929284291468284 -1.980911681370914 0.067345241908857212
1.5956497585624172 -1.9022868869616039 0.13230277981074548
1.592602244597118 -1.8266582054699918 0.19445285609534252
1.5881660516135945 -1.7523694783940931 0.25545881270218784
1.5833891147730041 -1.6782174460736305 0.31640948313221584
1.5783438439769264 -1.6040993662030891 0.37739465393308957
1.5730280316644336 -1.530023828737715 0.43841905384875751
1.5674490241041878 -1.4559939449922179 0.49947920042653554
1.561717084220744 -1.3820322801772098 0.56074545882481563
1.5558262690434219 -1.3079854938602355 0.62236472542277355
1.5499745499850548 -1.2333859930128397 0.68520885009763743
1.5401907347571222 -1.1553347011339352 0.74509082060635179
1.5246958285879015 -1.0734764457426389 0.79832037929846789
1.5042178473993009 -0.98863681444436857 0.84457752840999001
1.4796113275589051 -0.90067776917239994 0.88467660281247884
1.4492176315719116 -0.81039570672875971 0.9166805640193747
1.4136329387029618 -0.71960640128709707 0.94013105574596179
1.3733681932183597 -0.62901932499826296 0.95609987017295961
1.328361864612577 -0.53928313460791522 0.96460281212512922
1.2785993739348469 -0.45032362916096424 0.96578298125709194
1.2231280957891131 -0.36524989770362659 0.95652468775597899
1.1642939317476393 -0.2850554612726407 0.93920675667034037
1.1024546212198658 -0.2092518598675317 0.91432928312981676
1.0379437798212203 -0.13809739204296956 0.88181210268375698
0.97127480947651779 -0.073092965588795189 0.84038456795275107
0.90429753928984025 -0.01614825231056552 0.79001861982639943
0.83817253992764285 0.033521992397753331 0.73273341476973597
0.7737083212131497 0.07609259698792839 0.66845643897634988
0.71167950096233079 0.11175981009030797 0.59669848576998119
0.6557587675042732 0.13726179784283346 0.5162559314512658
0.60728929963574296 0.15520074603835529 0.43065821776090513
0.56686316278319981 0.1664260532445502 0.34037027019768701
0.53560419715336671 0.17146637160328079 0.24605635530063416
0.51618045720723527 0.17114400522567066 0.14934738789253826
0.50899744885981013 0.17221704034486776 0.052686616755576385
0.50721664785737575 0.17522469555814371 -0.043682739980911441
0.51386501559429232 0.17888488581717452 -0.13965696838036951
0.53055960427976401 0.18414999811508878 -0.23362897368347849
0.55840191875076917 0.19499160908199523 -0.32377045568426893
0.59444046520896066 0.20936994861016209 -0.40997297694816487
0.63747975583395744 0.22790576728496678 -0.4914763696786929
0.68634408966120508 0.25052382646451299 -0.56808982808222996
0.74019589492897775 0.27725429363297605 -0.63839978834309197
0.79881356469394438 0.310357280984074 -0.70096084782705936
0.86036563602690963 0.34791325127543682 -0.75807922666873928
0.92428350571659512 0.38969604803537017 -0.80870826966224707
0.98930610660224705 0.43486591645967743 -0.85238332096324076
1.0545782392098955 0.48471473989192748 -0.88786635821202309
1.1203593764147715 0.53905482164008101 -0.9158658036189169
1.1858907812634643 0.59679620353146923 -0.93717632184116306
1.250436340380257 0.65736928396872663 -0.95166064950628237
1.3129291836096126 0.71943139722758964 -0.95990251678574279
1.3727643681940789 0.78398141307228897 -0.9591279675059442
1.4304787101896255 0.851234832791535 -0.95135674258046887
1.4855136652830812 0.92006144662333644 -0.93709754684190794
1.5373709619870792 0.98850240782139454 -0.91710141388801181
1.5846593337670316 1.0567171148730417 -0.89067518465395157
1.6271042171853578 1.1260725474462119 -0.8565799270085126
1.6650817806585627 1.195501869321667 -0.81592163651249439
1.6983103432120707 1.2635304673732548 -0.76996356147061285
1.7275095581284767 1.3308998120296449 -0.72088731892839453
1.7493596835032581 1.39786930021555 -0.66427440600835441
1.7646921087846106 1.4625651046460968 -0.60050201179779761
1.7747261106543073 1.5233319252691822 -0.53251399986724735
1.7799904141734104 1.5804913424151081 -0.46138620689319254
1.7793554656771049 1.6338454302435557 -0.38695405200085264
1.7701541977226438 1.6817209184464648 -0.30872055637891715
1.7533799430453403 1.7243993019462498 -0.22823110892638968
1.7296352410039402 1.7622042643579923 -0.14647487242352483
1.7010477822142205 1.7974633277222896 -0.063603698243548279
1.6639101519015338 1.8261070951877276 0.019876911618200946
1.6190741136951652 1.846697405418199 0.10203862653614094
1.5683353490637584 1.8609218462419788 0.18221808120071614
1.5114282750428156 1.8700155174545701 0.26046646876411877
1.448040405445115 1.8736991303620478 0.3367621528844047
1.3786170082617519 1.867958855348695 0.40775210575023557
1.3047361114482328 1.8545620984899334 0.47232989096080907
1.2264183674856897 1.8351717362525519 0.53136381135372768
1.1453488505228433 1.8099001856702415 0.58589211068028602
1.0612772962649737 1.7775523474672492 0.63212286116766792
0.97486225316732167 1.7392086806381026 0.66842967571835299
0.88706298612075696 1.6958859375516839 0.69586575378086424
0.79864106320320882 1.6480218326209568 0.71506623340140518
0.70965349953559509 1.5955821504652761 0.72634162938814195
0.62315861613436674 1.5384859811880074 0.72528456003847175
0.54015454692586218 1.4794419568449855 0.71351110785488869
0.45978378538390224 1.4191124240588837 0.69204985651592477
0.38211697822166918 1.3577011551005089 0.6615743333175812
0.30874747506418188 1.2961921404353725 0.6203051977844587
0.24187076488548687 1.2370478298826733 0.56839423207988626
0.18048911701103437 1.1811788783764916 0.50818378300435041
0.12395101184826773 1.1291728938371619 0.43974655711118799
0.072483003469205415 1.0814511257107493 0.3628306242461104
0.028581685593636833 1.0451707881306516 0.27681443339222833
-0.010254627705896423 1.0189097453837732 0.18679974152486239
-0.044227735672117595 1.0031618394635669 0.09301512799799086
-0.074202413793602387 0.99500602258040904 -0.00070008423429803422
-0.10583744749573397 1.0026166313032068 -0.090444472481780641
-0.14216516357125389 1.0163444341044914 -0.17568473557567005
-0.18380900661172944 1.0383064199517886 -0.25705677253332737
-0.23038668147311039 1.0674877300056118 -0.33252249280699331
-0.2818917557153543 1.1011574818063856 -0.40187612130725237
-0.33972426281764151 1.1397457033177096 -0.46266182288258378
-0.40317557972355311 1.180938073908439 -0.51578813382156041
-0.47108452789146144 1.2235523012949945 -0.56222750889708351
-0.54280226722039593 1.2668178887104655 -0.60165300642116759
-0.61774185678843019 1.3100744736428986 -0.6330973538093464
-0.69689933102611357 1.3521523171791403 -0.65492692971461897
-0.77896673459681809 1.3933153226307411 -0.66862359422616291
-0.86268615686327488 1.4326480817171012 -0.67434202509868024
-0.94740378673656378 1.4695891587796763 -0.6728902047830283
-1.0330240501943566 1.502940394011852 -0.66203932602517535
-1.1188444994588258 1.5324799534997691 -0.64214592276218685
-1.2039603124783513 1.5581759038012761 -0.61463188227039489
-1.2877814810868653 1.5797077490895217 -0.57988025779355556
-1.3699333131817926 1.597361824234486 -0.53918771861945802
-1.4489277181736757 1.6087766700622081 -0.48944649685987274
-1.5238750901269758 1.6155826613234094 -0.43262464642545095
-1.5939949206813704 1.6175531740618823 -0.37067057709490858
-1.659803165897727 1.6143955895389122 -0.30442148404742608
-1.7206501130147183 1.6050872259302362 -0.23342780709409092
-1.7746779587809844 1.5890741621900113 -0.15739813581141843
-1.8220076791381519 1.5677631932436538 -0.078057128886040369
-1.8624915134133431 1.5415250171837998 0.0034841677307299226
-1.8967577325378284 1.5107523970966059 0.086430471997953881
-1.9219954906625958 1.4738655020968796 0.17053454459618178
-1.9388163539080492 1.4321966957201167 0.25467118434125657
-1.9478348500723528 1.386508840282217 0.33780767025751418
-1.9493452974381171 1.337086050633036 0.41933883926267351
-1.9430412525314786 1.2841666355462578 0.49841863229075017
-1.9270563241651191 1.2272539318265829 0.57302087510203292
-1.9038377440417016 1.1672466903225704 0.64315371369617669
-1.873915068537032 1.104591757993475 0.70867655710911281
-1.8376960860204821 1.0397554272231373 0.76961439861251224
-1.7932610362847159 0.9739956858375739 0.82401449085623302
-1.7419875348689682 0.90766724716495728 0.87091243487629488
-1.6849807562912265 0.8413776294314107 0.91114912135696491
-1.6228340093391671 0.77581541869109449 0.94470129404143577
-1.5560829141413477 0.71180224295289385 0.97129409706535386
-1.4848151023924065 0.64921687617895929 0.98715980641052214
-1.4104192962338311 0.58853500804962899 0.99482023030939837
-1.3336808872703509 0.53025798870411933 0.9947016779250305
-1.2551478724258418 0.47459458777445562 0.98702462563832716
-1.1753023144441006 0.4227001972386647 0.97010254697943321
-1.0956029055121326 0.3747442979768465 0.94388820215292391
-1.0167780481208653 0.33050585069745164 0.90963050819043245
-0.9392051366229841 0.29017983342725129 0.86786564561361279
-0.86308071463732938 0.25441706751322002 0.81889319183997555
-0.79156506299591789 0.22408684792612535 0.76008911753250885
-0.72472400915471524 0.19823006724787209 0.69429980521212142
-0.66259067467291699 0.17669813436895696 0.62244921238560291
-0.60548378964257266 0.15947535464080717 0.54480849473298298
-0.55646445247529419 0.14666145504353703 0.46049549736012291
-0.51645167087457433 0.13790022249392916 0.37110960290398826
-0.48582221769602651 0.1318009074980773 0.27791199310451414
-0.46436776585065104 0.12825156191955725 0.18155668121128085
-0.45444410681901198 0.12769470877975728 0.083068944589976323
-0.45552955195203576 0.1258101640612477 -0.015431764746550039
-0.46320255604143784 0.12617204274809865 -0.11349326550090336
-0.47973050713319915 0.12612556142293993 -0.21085906287850228
-0.50722753647735408 0.12216035551985768 -0.30586925823264371
-0.54500432729825021 0.11075297338508508 -0.39676029681574504
-0.5917354193096287 0.090976209209641973 -0.48121730797801404
-0.64389549766038512 0.064455854073617952 -0.55968611097279208
-0.70059577891176694 0.030957377847246142 -0.63189130817896932
-0.76079224611833085 -0.0096835264764819629 -0.69760064906526398
-0.82342311374954946 -0.059230868003838588 -0.75391809529452536
-0.88602857738814744 -0.1146625321217678 -0.80332759486488836
-0.94843712929125668 -0.17576619047287451 -0.845714410179363
-1.0101606061939306 -0.24228568793430191 -0.88065537499649282
-1.0703178595789395 -0.31418268655994563 -0.90713939988129189
-1.1271025134203085 -0.39122144284625093 -0.92434586277150754
-1.1811725156624524 -0.47112224673802561 -0.93441548801180152
-1.2319162235290699 -0.55378059316540318 -0.93693080533613882
-1.2787869824904738 -0.6388196522123748 -0.93150702810802632
-1.320462155471237 -0.72544078753181329 -0.91642056022393736
-1.3577220460866157 -0.81204462015508616 -0.8938046224986459
-1.3916753758221387 -0.89773564948119167 -0.86450228517301575
-1.421991761587331 -0.98198067657961507 -0.82803584848430178
-1.447425383550496 -1.0637100862778868 -0.78305856371121851
-1.466822344594938 -1.1415380323773083 -0.72965389721198581
-1.4825487126402919 -1.2158155180749499 -0.67101286443268915
-1.4959771313795112 -1.2880198798803755 -0.60911802887657063
-1.5092033864916823 -1.3600404436469271 -0.54661236441134164
-1.5232017249135728 -1.4326063072446185 -0.48472807104904009
-1.5374490532369038 -1.5051590445577963 -0.4228578267469455
-1.551945180841672 -1.5776990477415171 -0.36100323394894335
-1.566691134291688 -1.6502271186890358 -0.29916729733268926
-1.5816931980463971 -1.7227414520384519 -0.23735873600533941
-1.5968104916956838 -1.7954051919388381 -0.17543574369750228
-1.6109172826062341 -1.8690169595599273 -0.11263064966504624
-1.6195581403770425 -1.9461554143163431 -0.046451024235173458
-1.6152377345378199 -2.0263332868472532 0.023092267918030283
-1.5975810759921276 -2.1062742681615867 0.093135345143369713
-1.5678687548307833 -2.1831605349961092 0.16102960877154843
-1.5301209577860182 -2.2566413614698857 0.22617275209039225
-1.4828436969543113 -2.3267079910280883 0.28861916407847288
-1.4237679900031746 -2.3925347516413571 0.34774619474660567
-1.353569299697301 -2.4515073387614246 0.40105554155933498
-1.2788526467720991 -2.504882221541965 0.44921781784335296
-1.1983032609929338 -2.55235274590021 0.49206648986726237
-1.1114533056140925 -2.5929517856655546 0.52875100706957923
-1.0180928989156373 -2.624501716535649 0.55752831453294072
-0.92229004859710673 -2.6473527682826847 0.57937971419097301
-0.82664367470183819 -2.663899725305571 0.59730344366373678
-0.73012393782139351 -2.6724176324114102 0.60983682399841388
-0.63307877332250428 -2.6718664388890319 0.61455943160811854
-0.5372807855476629 -2.6633828313182812 0.61006617029946086
-0.44413425112053478 -2.6504955167721067 0.60155973437211674
-0.35395345774141773 -2.6312333940920776 0.59021300378942021
-0.26762934103733416 -2.6050211790471218 0.57365332520290124
-0.18771072504924813 -2.5709227304496132 0.55044873531334748
-0.11401816385485648 -2.5306801039740368 0.52270775275556447
-0.042868169751580594 -2.4884691280685516 0.49319168953310683
0.023696899767385846 -2.4430118447407043 0.46044335683411858
0.081745129110469564 -2.3932242177608485 0.42444288497425703
0.13037189790591713 -2.3392466195664725 0.3856565163891062
0.17477086431336897 -2.2838660936622128 0.34427201016715764
0.21481499857099459 -2.2275905905565088 0.30000936355776614
0.24828471705214564 -2.1706327539770029 0.25382803615268645
0.27084684974077178 -2.1156982912313946 0.20682844189368169
0.28434565084462754 -2.0630603468261688 0.15711858543881912
0.29661426817198927 -2.0094334749265341 0.10120605412042576
0.30737000907760015 -1.9583802294821731 0.03928645916245304
0.31429470028135298 -1.9155096802496765 -0.029977335560095256
0.31703797080269575 -1.8772774588823782 -0.098490890543097939
0.31090123827892363 -1.840472472417799 -0.16646503497963019
0.29993806132896567 -1.8001113237296447 -0.2344464893588406
0.2802949638527546 -1.7545496493622015 -0.29803214524758442
0.25343859295944327 -1.7014797665584376 -0.35848288701152986
0.21915507190742026 -1.6404572241445605 -0.40950591332004516
0.17798514626341369 -1.573152991306469 -0.45000284925350054
0.13106295151401112 -1.501264322313957 -0.47956444266311682
0.079182736066768844 -1.4260442622937868 -0.49676775564369058
0.02739823412712657 -1.3501172075044465 -0.50489736934761031
-0.027988913127013775 -1.2775332517296858 -0.50196929911694077
-0.088942241380079598 -1.2076104389184052 -0.49177736807927075
-0.15467165435867589 -1.1410759600094544 -0.4750904951070577
-0.22335609201043846 -1.0767888412346374 -0.45404716252805688
-0.29395262924619742 -1.0159166152736629 -0.42612059582763079
-0.36775270758597023 -0.96155856823635955 -0.3913106235346589
-0.44369053731727659 -0.91283409888035705 -0.35094671835605884
-0.5211059597097355 -0.8686838618826932 -0.30569803357806413
-0.59974897017580564 -0.83014505286882589 -0.25500413504106301
-0.67508129298828712 -0.79914291188318509 -0.19818479145251475
-0.74453493375629587 -0.77254684723807332 -0.14091939853390045
-0.81043326542370142 -0.74447586039691049 -0.087929536408417233
-0.87378706891137015 -0.71316620296946454 -0.03903027904135218
-0.9388900430243392 -0.67445172617005833 0.00013671395564988052
-1.0065022967200756 -0.62718515476201631 0.027001639993152068
-1.072638225722822 -0.57205719681524891 0.044682991693580289
-1.1353268710977178 -0.51092281551752983 0.056715713435788948
-1.1939846666642548 -0.44681724044466198 0.065247616366554281
-1.2459971042077629 -0.37683051397561229 0.069847302047867238
-1.2909672148137159 -0.30043713502708902 0.070205215566699244
-1.3299749264001677 -0.22077707685633219 0.067865932225864817
-1.362838379557634 -0.13874944929185234 0.064103561315552157
-1.3894149484263427 -0.054695323446033617 0.058398489079084112
-1.407071126268771 0.031985683483296612 0.050047735895824071
-1.4162673275751037 0.120608529037147 0.040338583960906296
-1.4175369916800273 0.21010340960664106 0.030536990186336502
-1.4148177897787935 0.2993557941990409 0.020678080492328492
-1.4030620238444755 0.38833875417936825 0.010274129940824888
-1.3793989188305058 0.4765275759012142 9.7505398236746865e-06
-1.3470745121792995 0.56319094589753638 -0.0093531599923643311
-1.306779795901188 0.64822869876425526 -0.017070972874127191
-1.2578202376427272 0.7320820253425705 -0.022923416196849282
-1.195289295527981 0.81355630037694138 -0.026312745567117456
-1.1178833497992131 0.88482917052643406 -0.013529758984351563
-1.0334459927500566 0.94730374954288166 0.01474564319598398
-0.94808275188684898 1.0073374862283004 0.059195663038489013
-0.87793269170403265 1.0665752266855575 0.11923936163790821
-0.82668433802329555 1.1283964683470293 0.1792210091458486
-0.78668663998956345 1.1950466213682029 0.23043564639344763
-0.7498075867992875 1.2662308652384475 0.27045963165268061
-0.71491768063163963 1.339413582169654 0.30340035322344394
-0.67812385298980138 1.413701592681863 0.32448646482276972
-0.63543198403462942 1.4878617991960759 0.33431757037716742
-0.5871056821708992 1.5604630828089507 0.33728084207626008
-0.53566130011955648 1.6310363119242131 0.33487892091248816
-0.48116727417466942 1.6987785114657317 0.32690514050149805
-0.42007385219746496 1.7607432557123428 0.31165868489404203
-0.35318427811227465 1.8163545816770446 0.2904131858599921
-0.28274100430182408 1.86641277943978 0.26497854681404115
-0.20915135215463362 1.9126645498272425 0.23723260885360978
-0.13127184713565629 1.9501359932229823 0.20483310608375815
-0.050178401160511699 1.9773335202071214 0.1685711753815263
0.033532705959473115 1.9957088773623866 0.13042480852608879
0.11924588610954349 2.0065483355048541 0.091034736646651501
0.20688906281400582 2.011331493145192 0.050493216824009424
0.29515030064511216 2.0048937525453971 0.0088821039525673728
0.38190276843934123 1.9870543082062924 -0.033280628029431797
0.46648102715010625 1.9594770969638919 -0.075340298719327972
0.55022538042617519 1.9249432459718958 -0.11743459566016805
0.63196142106365061 1.8799885305144268 -0.15759540811375441
0.70783020547350728 1.8230896685536886 -0.19364852686668374
0.77800267094409103 1.7572894025443995 -0.22571378338674336
0.84344800840406797 1.6839457215434641 -0.25373601291112136
0.90431316200364475 1.6036760330326487 -0.27939648040574078
0.95575446544983322 1.5153765510407695 -0.29516485335480402
0.9997497418557022 1.4227881310471071 -0.30258973324863991
1.037397413179703 1.3265917642144989 -0.2998169094167929
1.065575057312983 1.2285145864216747 -0.28843589214533555
1.084512874228974 1.1342677443018827 -0.26190872142732452
1.1023243550902133 1.051724884232917 -0.21830176251082242
1.126394087858102 0.97886697706531833 -0.16521883177806251
1.1610862889915001 0.91293839862629678 -0.10831887680215106
1.2119989669234412 0.85463849009405035 -0.053772912849766569
1.2754941638219124 0.79633554486617353 -0.009753145470526919
1.3388829911947266 0.72670280462145653 0.01775043419481926
1.3962614399794453 0.64837887030375452 0.033740418116835993
1.4495220371658835 0.5645831695925021 0.042872304105606635
1.4950732218638794 0.47490607587744427 0.044363316198759072
1.5293768724901176 0.38058947389609077 0.040187079486259374
1.552398040996962 0.28329181033078876 0.032899172559634399
1.56547609659291 0.1842132984044508 0.023772663693244482
1.5701334748368407 0.083452655890082356 0.013459116310836022
1.5630130870030121 -0.017339621147159895 0.0017973725944080473
1.5439434480660756 -0.11560138791686025 -0.0093989962701989619
1.5162361528602306 -0.21181944651425103 -0.019453083926503328
1.4798121966705988 -0.30594300056492274 -0.028110936071887256
1.4344203772588051 -0.39704180925277111 -0.035724547469475759
1.3783952884476653 -0.48189228604009349 -0.039970116889636559
1.3144546955852929 -0.5600108002222367 -0.04075131430242919
1.243739882094095 -0.63168152224570184 -0.03794995676185163
1.1670303550729815 -0.69860947042796551 -0.032090780374331523
1.0829150888560486 -0.75404461526775735 -0.019537448660266979
0.99692512566499469 -0.79984707448265169 0.00085077140355132967
0.91047630471881824 -0.8374023148561347 0.032889090997773214
0.82704685022512192 -0.86531300376669484 0.079508046067089333
0.74818542091095597 -0.8848292643239698 0.13555055012958617
0.67373679204880921 -0.89853181356542289 0.19611528814740908
0.60040220400321564 -0.91183101919259169 0.25535788403408255
0.52485113155740137 -0.92867080267055613 0.309771727298081
0.44777628634123995 -0.9494832387366684 0.3600717803930481
0.36946922923522546 -0.97677320616111396 0.40481115285836905
0.29122044034279987 -1.011986058376765 0.44471868653953517
0.21271018149440143 -1.0531097789142385 0.47948701191847376
0.13432196408728878 -1.0985674833199042 0.50937574545874809
0.056939727371601669 -1.1487102252996213 0.53430062239799037
-0.017536166879059168 -1.2063603152178266 0.55131821783411261
-0.088989327490178557 -1.269630511813076 0.56063056294873681
-0.15839060616871234 -1.3358471915016714 0.56451693909512846
-0.22480664409371612 -1.4054971805055358 0.55866864210265166
-0.28783883014299588 -1.4757569350965616 0.53705815685857761
-0.34567622887930116 -1.544339993309181 0.5008046704217094
-0.39661609922283991 -1.6096839914985968 0.45100952405455175
-0.43988670342454145 -1.6704975559952746 0.38962459243736441
