-25.6305605776965 -11.2685430808934 -2.41443135187256
-25.5313483690725 -12.2284022361373 -1.88098135902536
-25.3893974869933 -13.1799672979988 -1.34212212669024
-25.2048759953981 -14.1216845962765 -0.798589151650871
-24.9779681226808 -15.051994285009 -0.251125372547634
-24.7087054817117 -15.969273360405 0.299519087105037
-24.3968665490674 -16.8717694760557 0.852567389320561
-24.0419893970649 -17.7575592789297 1.40717878430252
-23.6434830215277 -18.6245508695194 1.96240556782564
-23.2007770529214 -19.470525205041 2.51715719486715
-22.7134404962543 -20.2931902116468 3.0701778803837
-22.1812280860408 -21.0902157937148 3.62003489039849
-21.60405849877 -21.8592308312209 4.16510964667987
-20.9819654346171 -22.5977870461058 4.70358584484641
-20.3150722047343 -23.3033153995764 5.23343576158033
-19.6036217919534 -23.973106766395 5.75241232345263
-18.8480613133915 -24.604337406919 6.25805578919304
-18.0491516868333 -25.1941383782947 6.74771930455123
-17.2080638403023 -25.7396884336708 7.21861017462497
-16.3264338056064 -26.2383020420513 7.66783811733735
-15.4063711169848 -26.687490770769 8.09246129745409
-14.4504343778522 -27.0849922359087 8.48952539446333
-13.4615950589357 -27.4287763327138 8.85609677895216
-12.4432048874621 -27.7170449524399 9.18929364058648
-11.3989706279876 -27.9482364862439 9.48631653144086
-10.332931771725 -28.1210348684739 9.74447411822747
-9.2494368408662 -28.2343732893029 9.96119568741565
-8.15312112152385 -28.2874219914203 10.1340235865331
-7.04889602082517 -28.2795589557847 10.2605874239713
-5.94196090595179 -28.2103365471284 10.3385740811081
-4.83783951367785 -28.0794677772459 10.3657170555133
-3.74242809639928 -27.8868557540992 10.3398294223651
-2.66202880538486 -27.6326774790068 10.2588944798496
-1.60333707961297 -27.3175129734781 10.1212096016955
-0.573360222089494 -26.9424912582462 9.92555856661335
0.420735512362634 -26.5094145342409 9.67137356143462
1.37182715137024 -26.0208259120009 9.35884620230586
2.2730451296613 -25.4800032851523 8.98895900376125
3.11794555281452 -24.8908860176974 8.56343122706827
3.90061351782504 -24.2579625877127 8.08459827006202
4.61569613361967 -23.5861573930869 7.55526262551163
5.25839725886243 -22.8807486477009 6.97855984928338
5.82448780126016 -22.1473275414334 6.35787271398907
6.31038251178879 -21.3917786241378 5.69680476808211
6.71330171327578 -20.6202346914061 4.99920043199495
7.0314827453302 -19.8389499512579 4.26918451316572
7.26435336714205 -19.0540522791599 3.51119823185611
7.41255706553344 -18.2711771162345 2.73003032539172
7.47774943058538 -17.4950366575468 1.93086726872319
7.46216362679704 -16.7290161968839 1.11939733974226
7.36804257462657 -15.9748986623889 0.301987953157575
7.19711263494431 -15.2327966085728 -0.514080529821842
6.95029227903959 -14.5013271218056 -1.32038157196903
6.62777554765218 -13.7780099324073 -2.10719505380517
6.22951594045932 -13.0598126315554 -2.86353738304637
5.75599678768956 -12.3437242187331 -3.57743733646438
5.20906148709844 -11.6272298667038 -4.23646504472986
4.59254481452298 -10.9085994487295 -4.82843199751573
3.91251990568458 -10.1869794727562 -5.34210081574772
3.17712535204921 -9.46235549163348 -5.76772860823716
2.39608772960764 -8.7354873018893 -6.09734118367726
1.58013141764164 -8.00789397207415 -6.32476231043588
0.740443567823236 -7.28189809805899 -6.44552898085755
-0.111729197745266 -6.56066876013675 -6.45685091127393
-0.965373067346939 -5.84816616915878 -6.35771270169489
-1.80996348444803 -5.14890227746874 -6.14911079186683
-2.63575714882111 -4.4674829078462 -5.83432257220168
-3.43414451121208 -3.80796679670764 -5.41906554386034
-4.19803016924574 -3.17314019850931 -4.91143262401008
-4.9221694093282 -2.56384211945644 -4.32156626835176
-5.60338214973417 -1.97847565884887 -3.66112173724959
-6.24058623116327 -1.41280848546466 -2.94263253513726
-6.83462573362088 -0.860111735537433 -2.17890834470903
-7.38790332362726 -0.311625738669681 -1.38256669846656
-7.90385252358121 0.24271467398344 -0.56573923220163
-8.38630667791154 0.813404278845188 0.260073235536372
-8.83883826596038 1.41047248107963 1.08406786617705
-9.26415394253008 2.0426999725652 1.89620512917103
-9.66363167831433 2.71705051324351 2.68731262534309
-10.0370700671998 3.4383692690191 3.44921400734554
-10.3826849020402 4.20933489958303 4.17483127768191
-10.6973417750853 5.03059925614719 4.85820915686152
-10.9769688073331 5.90102764596935 5.49444603996285
-11.2170628343983 6.81796861370946 6.07956043916088
-11.4131920706067 7.77751841604621 6.61034518900089
-11.5614091764165 8.77477650052458 7.08425267794816
-11.6585171723599 9.80409839574169 7.49932428447655
-11.7021694929014 10.8593432778807 7.85414794418024
-11.6908243887466 11.9340987867968 8.14781568505984
-11.6236024020151 13.0218588397152 8.37986066514983
-11.5001072063831 14.116136281185 8.55017212164732
-11.3202645138583 15.2105076886122 8.65890466140818
-11.084216132456 16.298605037604 8.70640681343346
-10.7922838529239 17.3740814309515 8.69319018767161
-10.4449970060492 18.4305819122197 8.61994781791805
-10.0431624473365 19.4617449680321 8.4876141943781
-9.58794849008283 20.4612478173428 8.29744637886975
-9.08095530427717 21.4228931166357 8.05109993985043
-8.52425221562496 22.3407213048305 7.75067662557496
-7.92037414880851 23.209125711565 7.39873072634515
-7.2722810682679 24.0229483967989 6.99823364678009
-6.58329202242327 24.7775417267836 6.552506682745
-5.85700769561904 25.4687898495774 6.0651374667341
-5.09723329058007 26.0930916131365 5.53989580710735
-4.30790991059931 26.6473106397507 4.98066161891661
-3.49305997994514 27.1287007423424 4.39137371194715
-2.65675134043661 27.5348183656971 3.77600463804538
-1.80308402030025 27.8634394720074 3.13856327114369
-0.936200921725448 28.112504198325 2.48312216800078
-0.0603175790158271 28.280113927969 1.81386057330151
0.820241945808612 28.3645974966432 1.13510748671603
1.70102218961199 28.3646450753929 0.451365481525023
2.57744545236542 28.2794844767565 -0.232701777304103
3.44486313009337 28.1090545545803 -0.912325705556179
4.298643742993 27.8541239860886 -1.58272512672176
5.13427625092545 27.5163162520582 -2.23921265341367
5.94745879441411 27.0980298884635 -2.87728551031481
6.73414678959799 26.6022762886645 -3.4926748046412
7.49054906103636 26.0324823389902 -4.08134096179586
8.21307979657113 25.3923129787317 -4.63942120401838
8.89828946243645 24.6855582925418 -5.16315046769167
9.54280405850509 23.9161069157106 -5.64878499455081
10.1432984555212 23.0880013697199 -6.09255667384991
10.6965189286439 22.2055493869688 -6.49067784328111
11.1993566153195 21.2734529647404 -6.83940382554139
11.6489611042988 20.2969150153089 -7.13514701419076
12.0428739670417 19.2816908771839 -7.37462416529576
12.3791569079994 18.2340662232442 -7.55500952173685
12.6564889340497 17.1607610645712 -7.67406217013962
12.8742119464849 16.0687781132644 -7.73019818900553
13.0323145272351 14.9652286398036 -7.7224876710121
13.1313585426241 13.8571758029389 -7.65057304263558
13.1723699370108 12.7515308469427 -7.51452538442369
13.1567291899119 11.655020821313 -7.31467451993885
13.0861026032919 10.5742208195485 -7.05146034060967
12.9624477690622 9.51561625728901 -6.72535225915162
12.7881033846415 8.48564058605839 -6.33686945659954
12.5659387898335 7.49062934412949 -5.88671011408089
12.2995023377854 6.53664661919979 -5.37597064337669
11.9930843462061 5.6291718992943 -4.80641483970182
11.6516130244289 4.77267367892642 -4.18074367643805
11.2803356821399 3.97012762257091 -3.50281906701407
10.8842962366053 3.22255251724197 -2.77780492700943
10.4676870739315 2.52863736082532 -2.01220314544263
10.0332080157272 1.88452523211234 -1.21378239506912
9.58158891472688 1.28380911257786 -0.391426035056484
9.11141401690679 0.717778686192004 0.445046296168368
8.61932647863613 0.175929363361138 1.28502051373056
8.10060520666213 -0.353294786639547 2.11715970581414
7.55001814245956 -0.881596182723273 2.92943252503216
6.96279123923201 -1.41986659276021 3.70918285724335
6.33550831950452 -1.97730998552065 4.44333832898567
5.66678098001113 -2.56077630557821 5.11880757234394
4.95759427734229 -3.17440431053738 5.72303211749527
4.21132238482011 -3.81960979999663 6.2445875155865
3.43348700989671 -4.49538301317199 6.67370876199551
2.6313723857559 -5.19880223314776 7.00265040629589
1.81360632152791 -5.9256476646033 7.22585345043622
0.989781154041975 -6.67100975251441 7.33994543606995
0.170144052078704 -7.42981513586124 7.34362997822317
-0.634650940071671 -8.19722667799836 7.23752913498255
-1.41376141212352 -8.96890435112828 7.02403450081989
-2.15639037682265 -9.74114035069751 6.70720444034759
-2.85207821275719 -10.5109039046609 6.29271473671212
-3.49107429937559 -11.2758438439183 5.78783116473192
-4.06476740672331 -12.0342925916725 5.20133849241266
-4.56610091593054 -12.7852904128456 4.54335161486146
-4.98986017932703 -13.5286109246356 3.82496482749101
-5.3327226246086 -14.26473638405 3.05775749383831
-5.59301809698697 -14.9947243242174 2.25323900043061
-5.77023962883089 -15.7199340501244 1.42234824806843
-5.8644329142972 -16.4416314527972 0.575106986343382
-5.87563659539479 -17.1605395090707 -0.279525803941458
-5.80352799057132 -17.8764276432391 -1.13361163716869
-5.64736063986813 -18.5878278235793 -1.98006083841021
-5.4061885472615 -19.2919353548906 -2.81241097631012
-5.07928802274704 -19.9847103938673 -3.62463202663271
-4.66663664189265 -20.661153128884 -4.4110112503519
-4.16930452368181 -21.3156893411347 -5.16613281390495
-3.5896555696132 -21.942581544869 -5.8849275460422
-2.93132861007923 -22.5362815808811 -6.56274329958776
-2.19904221122242 -23.0916656562361 -7.19538725883751
-1.39831461143906 -23.6041349833803 -7.77911633034609
-0.535197486775928 -24.069609000252 -8.31058644248806
0.38390746625226 -24.484467566458 -8.78679836633999
1.35232988566804 -24.8455041102431 -9.20508428410582
2.36313926590352 -25.1499337164802 -9.56316363046971
3.40913920540336 -25.3954670794545 -9.85926600659216
4.48290659898323 -25.5804261366122 -10.0922862428061
5.57690851337131 -25.7038534142074 -10.26191592707
6.68368849774427 -25.7655638359913 -10.3686965871183
7.79607780422127 -25.7661060518645 -10.4139630940816
8.90737224949595 -25.7066321408627 -10.3996826147289
10.0114278661638 -25.5887061065803 -10.3282293336502
11.1026600528314 -25.4141003349331 -10.2021543087514
12.1759657209226 -25.18462950299 -10.0240071901347
13.226611520589 -24.9020559593716 -9.79624562748307
14.2501369859226 -24.5680771253502 -9.52123873529952
15.242310861102 -24.1843823515492 -9.20134365455818
16.1991579369246 -23.752749831539 -8.83901667754398
17.1170492956101 -23.2751465286619 -8.43691576074319
17.9928271641681 -22.7537963185847 -7.99795881308883
18.8239222684113 -22.1911928382192 -7.52531853766957
19.6084214085739 -21.5900512551877 -7.0223548289966
20.3450578926158 -20.9532125293998 -6.49250400926345
21.0331240068929 -20.2835283622475 -5.93915517858871
21.672333215348 -19.583759256568 -5.36554447182272
22.2626775038888 -18.8565098992985 -4.77468851467889
22.8043227371023 -18.1042086860942 -4.16936306840924
23.2975618841903 -17.3291193594558 -3.55211810319154
23.7428132666635 -16.5333613593857 -2.92531213850266
24.1406257981281 -15.7189172505854 -2.29114918358823
24.4916502112156 -14.8876193559104 -1.65170896895828
24.7965577073718 -14.0411254752048 -1.00896991029852
25.0559236596778 -13.1809047314911 -0.364828970367874
25.2701228566589 -12.3082524042789 0.278878512905414
25.439285926654 -11.4243382222911 0.92036020732
25.5633399755649 -10.5302743174825 1.55785323603508
25.6421138370666 -9.62717772696833 2.18961757140237
25.6754539491507 -8.71620522176912 2.81393241580581
25.6632915154424 -7.79855429657856 3.42908647950038
25.6056297392189 -6.87544382051672 4.03335395790262
25.5024659776195 -5.94809879498299 4.62495657526823
25.3537007027254 -5.01775915422473 5.20202364313958
25.1590910912173 -4.08571600443716 5.76256804454887
24.9182784025483 -3.15336112462146 6.3044900557015
24.6308725802008 -2.22222828546459 6.82560425416398
24.2965429021595 -1.29401267283516 7.32366668532299
23.9150618187669 -0.370572296950561 7.7963721973254
23.486282250337 0.546069583759739 8.24130312342926
23.0100770503283 1.45370081502352 8.65583759728767
22.4863038391063 2.34987050994808 9.03705555247169
21.9148574417334 3.23183112726406 9.38169617738972
21.2958341004062 4.09650749072952 9.68621183543249
20.6297753662197 4.94052749477366 9.94693197587834
19.9179142392049 5.76032925861417 10.1603091047132
19.1623356107405 6.55232738050073 10.323184800109
18.3659931293208 7.3130916589038 10.4330011725458
17.532580037313 8.03948039747851 10.4878969354429
16.6663055744967 8.72868387657458 10.4866613094453
15.7716584545883 9.37816580026317 10.4285603665393
14.8532366038067 9.98552728909569 10.3130863245809
13.9156941497516 10.5483459215754 10.1397029398659
12.963815379753 11.0640551794684 9.90766640504158
12.0026826349554 11.5299277483432 9.6159893767511
11.0378689924305 11.9432116194057 9.26358443558889
10.0755642970691 12.3014412240911 8.84957419244217
9.1225433935692 12.6029065164114 8.37369860366934
8.18591615604929 12.8472146889404 7.83670619570269
7.2726589762466 13.0358341171028 7.24060877310049
6.38899906079597 13.1724866315808 6.58872198941532
5.53977507093781 13.2632673877994 5.88549559359439
4.72790287856813 13.3164217582777 5.13622059347978
3.95403036931738 13.3417788275696 4.34674192613969
3.21639763998347 13.3499070797269 3.52328064224154
2.51086982786584 13.3511032082105 2.67239346052947
1.83110547371951 13.3543471325167 1.80101556166887
1.16885607212532 13.3663604621503 0.916492353100236
0.514426530543963 13.3908945754421 0.0265254610219562
-0.142675313943602 13.4283463200342 -0.860984563146
-0.812919834409277 13.4757540451748 -1.73816289333299
-1.50585800543368 13.5271710355984 -2.59739536781991
-2.22928879975631 13.574358238447 -3.43152735609411
-2.98863944728885 13.6076927279172 -4.23400449716156
-3.78665786405239 13.617159186838 -4.99895569454129
-4.62343868447131 13.5932841877218 -5.72123417620545
-5.49673060770477 13.5278903492166 -6.39643948945381
-6.40242737830695 13.4145871356221 -7.02093945472747
-7.33513352608728 13.2489684061628 -7.5918964193008
-8.28871070540048 13.0285413834856 -8.10728396907936
-9.25673846466206 12.7524551747435 -8.5658701115694
-10.2328544170101 12.4211202885154 -8.96714813678277
-11.2109669661222 12.0358103369323 -9.31121450192198
-12.1853555723635 11.5983166316549 -9.59861399894482
-13.1506871555631 11.1106946553445 -9.83018511139824
-14.1019822194648 10.5751096598176 -10.0069374400453
-15.0345621037097 9.99376606970523 -10.1299807401987
-15.9440024644489 9.36889573833929 -10.2005088829739
-16.8261109208425 8.70278111987981 -10.2198292587676
-17.6769404554797 7.99779493231892 -10.1894219345749
-18.4928437289933 7.25644185153733 -10.1110115286352
-19.270564437349 6.48138793325337 -9.98663439241276
-20.0073488284889 5.67546249751399 -9.81868221758668
-20.701046278218 4.84162047715153 -9.60990255839394
-21.3501599302475 3.98286410490281 -9.36334155899555
-21.9538154986232 3.10213890168175 -9.08222745391119
-22.5116415458736 2.20223236059424 -8.76981287496938
-23.0235902956867 1.28570600341988 -8.42921175759694
-23.4897573100179 0.354879498671871 -8.06327312887614
-23.9102634519612 -0.588135909208398 -7.67452370044241
-24.2852362173165 -1.54137797386219 -7.26518631452841
-24.6148792450052 -2.50298044985065 -6.83725215513712
-24.8995719434036 -3.47115113550241 -6.39256507941321
-25.1399216356648 -4.44418419881379 -5.93287660713248
-25.3367124818424 -5.42048712431338 -5.45985008769742
-25.4907507261338 -6.39859244465849 -4.97502151199083
-25.6026662002038 -7.37713363218214 -4.47974691106366
-25.6727615390252 -8.35478700076116 -3.97517126623452
-25.700983618204 -9.33020289628307 -3.46224029229611
-25.6870333370622 -10.3019571157928 -2.94175285066588
