Component 1 of 1:
28.040797 -0.003934 -0.001379
28.014597 1.023436 0.382808
27.935618 2.048357 0.766307
27.804001 3.068375 1.148425
27.619980 4.081034 1.528464
27.383887 5.083885 1.905720
27.096149 6.074480 2.279478
26.757295 7.050383 2.649015
26.367954 8.009166 3.013588
25.928865 8.948412 3.372442
25.440874 9.865727 3.724797
24.904942 10.758734 4.069858
24.322150 11.625086 4.406805
23.693699 12.462469 4.734799
23.020921 13.268610 5.052985
22.305275 14.041279 5.360491
21.548350 14.778300 5.656439
20.751868 15.477550 5.939945
19.917676 16.136965 6.210128
19.047749 16.754536 6.466108
18.144183 17.328311 6.707009
17.209191 17.856388 6.931950
16.245105 18.336909 7.140037
15.254373 18.768058 7.330339
14.239573 19.148063 7.501864
13.203417 19.475194 7.653521
12.148774 19.747791 7.784084
11.078695 19.964287 7.892147
9.996432 20.123265 7.976082
8.905471 20.223523 8.034007
7.809544 20.264172 8.063763
6.712637 20.244742 8.062915
5.618975 20.165311 8.028776
4.532984 20.026633 7.958457
3.459215 19.830267 7.848960
2.402237 19.578680 7.697294
1.366498 19.275322 7.500622
0.356148 18.924644 7.256426
-0.625153 18.532063 6.962688
-1.574440 18.103850 6.618052
-2.489636 17.646955 6.221984
-3.369720 17.168760 5.774882
-4.214855 16.676790 5.278158
-5.026451 16.178384 4.734262
-5.807163 15.680365 4.146654
-6.560813 15.188720 3.519743
-7.292234 14.708331 2.858776
-8.007058 14.242747 2.169715
-8.711443 13.794045 1.459088
-9.411765 13.362751 0.733848
-10.114286 12.947849 0.001225
-10.824828 12.546864 -0.731411
-11.548449 12.155997 -1.456692
-12.289166 11.770336 -2.167388
-13.049714 11.384099 -2.856542
-13.831382 10.990918 -3.517626
-14.633916 10.584141 -4.144675
-15.455514 10.157141 -4.732438
-16.292905 9.703612 -5.276504
-17.141513 9.217842 -5.773408
-17.995691 8.694937 -6.220697
-18.849006 8.130988 -6.616956
-19.694556 7.523183 -6.961781
-20.525285 6.869843 -7.255705
-21.334277 6.170396 -7.500080
-22.115009 5.425299 -7.696923
-22.861550 4.635916 -7.848750
-23.568685 3.804371 -7.958398
-24.231989 2.933385 -8.028858
-24.847834 2.026120 -8.063127
-25.413351 1.086028 -8.064096
-25.926358 0.116729 -8.034451
-26.385265 -0.878089 -7.976631
-26.788976 -1.894750 -7.892793
-27.136787 -2.929636 -7.784822
-27.428298 -3.979218 -7.654345
-27.663340 -5.040074 -7.502771
-27.841918 -6.108886 -7.331326
-27.964171 -7.182442 -7.141101
-28.030347 -8.257623 -6.933089
-28.040797 -9.331400 -6.708220
-27.995963 -10.400827 -6.467391
-27.896387 -11.463036 -6.211482
-27.742714 -12.515237 -5.941370
-27.535696 -13.554717 -5.657934
-27.276198 -14.578844 -5.362056
-26.965198 -15.585069 -5.054620
-26.603786 -16.570928 -4.736504
-26.193161 -17.534043 -4.408578
-25.734624 -18.472128 -4.071698
-25.229577 -19.382982 -3.726702
-24.679507 -20.264497 -3.374408
-24.085988 -21.114650 -3.015613
-23.450667 -21.931508 -2.651094
-22.775263 -22.713220 -2.281607
-22.061560 -23.458024 -1.907892
-21.311399 -24.164237 -1.530674
-20.526684 -24.830261 -1.150667
-19.709368 -25.454580 -0.768575
-18.861459 -26.035758 -0.385096
-17.985014 -26.572442 -0.000924
-17.082139 -27.063362 0.383249
-16.154989 -27.507329 0.766733
-15.205763 -27.903236 1.148834
-14.236708 -28.250065 1.528853
-13.250115 -28.546879 1.906088
-12.248318 -28.792832 2.279823
-11.233694 -28.987167 2.649334
-10.208664 -29.129221 3.013883
-9.175686 -29.218431 3.372710
-8.137259 -29.254335 3.725041
-7.095921 -29.236581 4.070079
-6.054243 -29.164934 4.407006
-5.014829 -29.039279 4.734983
-3.980311 -28.859631 5.053154
-2.953347 -28.626140 5.360650
-1.936616 -28.339092 5.656592
-0.932816 -27.998914 5.940096
0.055343 -27.606173 6.210279
1.025134 -27.161572 6.466263
1.973819 -26.665947 6.707171
2.898643 -26.120265 6.932122
3.796834 -25.525612 7.140221
4.665593 -24.883204 7.330538
5.502098 -24.194381 7.502081
6.303495 -23.460630 7.653760
7.066912 -22.683605 7.784350
7.789468 -21.865164 7.892445
8.468308 -21.007414 7.976419
9.100651 -20.112771 8.034390
9.683859 -19.184023 8.064201
10.215532 -18.224384 8.063417
10.693624 -17.237552 8.029350
11.116574 -16.227734 7.959113
11.483455 -15.199649 7.849706
11.794116 -14.158488 7.698138
12.049318 -13.109826 7.501568
12.250839 -12.059481 7.257479
12.401538 -11.013334 6.963848
12.505361 -9.977088 6.619318
12.567286 -8.956019 6.223350
12.593196 -7.954705 5.776341
12.589689 -6.976769 5.279701
12.563826 -6.024663 4.735876
12.522845 -5.099502 4.148326
12.473845 -4.200973 3.521457
12.423472 -3.327333 2.860516
12.377621 -2.475481 2.171464
12.341169 -1.641122 1.460830
12.317765 -0.819001 0.735567
12.309666 -0.003184 0.002906
12.317637 0.812609 -0.729783
12.340925 1.634660 -1.455130
12.377283 2.468904 -2.165902
12.423075 3.320606 -2.855144
12.473430 4.194067 -3.516322
12.522461 5.092397 -4.143472
12.563528 6.017352 -4.731341
12.589535 6.969254 -5.275516
12.593243 7.946999 -5.772529
12.567589 8.948145 -6.219927
12.505971 9.969078 -6.616293
12.402500 11.005226 -6.961222
12.252189 12.051319 -7.255246
12.051084 13.101654 -7.499716
11.796317 14.150354 -7.696650
11.486102 15.191598 -7.848563
11.119668 16.219807 -7.958291
10.697158 17.229789 -8.028826
10.219495 18.216819 -8.063167
9.688233 19.176686 -8.064201
9.105416 20.105687 -8.034619
8.473442 21.000603 -7.976857
7.794947 21.858645 -7.893075
7.072712 22.677393 -7.785156
6.309592 23.454737 -7.654729
5.508469 24.188818 -7.503202
4.672217 24.877983 -7.331802
3.803688 25.520744 -7.141619
2.905708 26.115758 -6.933648
1.981074 26.661814 -6.708819
1.032560 27.157821 -6.468027
0.062920 27.602815 -6.212153
-0.925107 27.995958 -5.942075
-1.928796 28.336547 -5.658670
-2.945436 28.624012 -5.362822
-3.972331 28.857925 -5.055414
-5.006800 29.037999 -4.737324
-6.046186 29.164081 -4.409421
-7.087856 29.236156 -4.072563
-8.129207 29.254335 -3.727587
-9.167667 29.218852 -3.375311
-10.200698 29.130059 -3.016532
-11.225800 28.988415 -2.652026
-12.240514 28.794483 -2.282550
-13.242419 28.548925 -1.908845
-14.229138 28.252498 -1.531635
-15.198335 27.906048 -1.151634
-16.147720 27.510509 -0.769546
-17.075046 27.066903 -0.386070
-17.978112 26.576334 -0.001899
-18.854766 26.039992 0.382276
-19.702900 25.459147 0.765762
-20.520457 24.835152 1.147867
-21.305429 24.169441 1.527893
-22.055863 23.463532 1.905135
-22.769856 22.719021 2.278880
-23.445566 21.937590 2.648404
-24.081207 21.121001 3.012965
-24.675063 20.271103 3.371809
-25.225482 19.389829 3.724158
-25.730892 18.479199 4.069215
-26.189803 17.541322 4.406164
-26.600813 16.578396 4.734164
-26.962618 15.592707 5.052362
-27.274018 14.586633 5.359885
-27.533921 13.562635 5.655857
-27.741349 12.523264 5.939392
-27.895435 11.471151 6.209609
-27.995425 10.409007 6.465628
-28.040675 9.339624 6.706572
-28.030643 8.265868 6.931562
-27.964884 7.190686 7.139702
-27.843052 6.117106 7.330062
-27.664895 5.048246 7.501649
-27.430276 3.987318 7.653376
-27.139189 2.937638 7.784015
-26.791803 1.902628 7.892162
-26.388517 0.885815 7.976191
-25.930030 -0.109186 8.034220
-25.417438 -1.078696 8.064093
-24.852323 -2.019030 8.063374
-24.236863 -2.926567 8.029377
-23.573920 -3.797852 7.959214
-22.867117 -4.629721 7.849886
-22.120870 -5.419448 7.698401
-21.340388 -6.164903 7.501921
-20.531597 -6.864715 7.257926
-19.701015 -7.518419 6.964393
-18.855557 -8.126576 6.619965
-18.002278 -8.690860 6.224103
-17.148085 -9.214072 5.777202
-16.299413 -9.700112 5.280671
-15.461918 -10.153868 4.736953
-14.640185 -10.581048 4.149509
-13.837496 -10.987953 3.522741
-13.055664 -11.381210 2.861896
-12.294955 -11.767471 2.172931
-11.554093 -12.153110 1.462376
-10.830352 -12.543913 0.737180
-10.119724 -12.944801 0.004574
-9.417157 -13.359581 -0.728074
-8.716836 -13.790739 -1.453395
-8.012500 -14.239304 -2.164158
-7.297774 -14.704760 -2.853406
-6.566496 -15.185044 -3.514607
-5.813030 -15.676615 -4.141797
-5.032536 -16.174603 -4.729720
-4.221185 -16.673029 -5.273964
-3.376313 -17.165074 -5.771059
-2.496500 -17.643404 -6.218548
-1.581573 -18.100493 -6.615013
-0.632544 -18.528957 -6.960046
0.348518 -18.921843 -7.254176
1.358654 -19.272872 -7.498751
2.394209 -19.576621 -7.695787
3.451036 -19.828630 -7.847796
4.524692 -20.025440 -7.957613
5.610605 -20.164577 -8.028229
6.704224 -20.244474 -8.062641
7.801122 -20.264370 -8.063738
8.897073 -20.224182 -8.034210
9.988086 -20.124376 -7.976494
11.070428 -19.965839 -7.892750
12.140612 -19.749770 -7.784863
13.195381 -19.477587 -7.654462
14.231686 -19.150855 -7.502957
15.246655 -18.771236 -7.331574
16.237573 -18.340458 -7.141405
17.201865 -17.860296 -6.933445
18.137080 -17.332564 -6.708623
19.040887 -16.759121 -6.467836
19.911072 -16.141868 -6.211964
20.745537 -15.482758 -5.941883
21.542309 -14.783798 -5.658472
22.299537 -14.047053 -5.362614
23.015501 -13.274644 -5.055192
23.688608 -12.468748 -4.737084
24.317400 -11.631593 -4.409161
24.900545 -10.765453 -4.072279
25.436839 -9.872641 -3.727277
25.925202 -8.955504 -3.374975
26.364672 -8.016417 -3.016169
26.754401 -7.057777 -2.651637
27.093652 -6.081998 -2.282137
27.381794 -5.091508 -1.908409
27.618298 -4.088745 -1.531178
27.802734 -3.076154 -1.151159
27.934771 -2.056186 -0.769055
28.014173 -1.031293 -0.385564
