1 0.864016 
2 0.863763 
3 0.863575 
4 0.863471 
5 0.863292 
6 0.863177 
7 0.863002 
8 0.862863 
9 0.862721 
10 0.862582 
11 0.862443 
12 0.862314 
13 0.862186 
14 0.86205 
15 0.861915 
16 0.861797 
17 0.861632 
18 0.86149 
19 0.861346 
20 0.861208 
21 0.861047 
22 0.860896 
23 0.860743 
24 0.86048 
25 0.860339 
26 0.860189 
27 0.860062 
28 0.859899 
29 0.859796 
30 0.859587 
31 0.85943 
32 0.859301 
33 0.859113 
34 0.858992 
35 0.858794 
36 0.858628 
37 0.858478 
38 0.858328 
39 0.858246 
40 0.858021 
41 0.85779 
42 0.85767 
43 0.857467 
44 0.857297 
45 0.857527 
46 0.856869 
47 0.856694 
48 0.856501 
49 0.856414 
50 0.856173 
51 0.855914 
52 0.855576 
53 0.855411 
54 0.855204 
55 0.855325 
56 0.854831 
57 0.854641 
58 0.854449 
59 0.854253 
60 0.854057 
61 0.853923 
62 0.853693 
63 0.853385 
64 0.853212 
65 0.852939 
66 0.852719 
67 0.852478 
68 0.852316 
69 0.852053 
70 0.851782 
71 0.851494 
72 0.851269 
73 0.850961 
74 0.850941 
75 0.850441 
76 0.850117 
77 0.849921 
78 0.849831 
79 0.849687 
80 0.849488 
81 0.849214 
82 0.848981 
83 0.84875 
84 0.848497 
85 0.848279 
86 0.847981 
87 0.847744 
88 0.847479 
89 0.847596 
90 0.84695 
91 0.846928 
92 0.84679 
93 0.846523 
94 0.846315 
95 0.84596 
96 0.845783 
97 0.845357 
98 0.844912 
99 0.844548 
100 0.844153 
101 0.843825 
102 0.84356 
103 0.84328 
104 0.843103 
105 0.842811 
106 0.842533 
107 0.842253 
108 0.841881 
109 0.841688 
110 0.84156 
111 0.840854 
112 0.840464 
113 0.840268 
114 0.845704 
115 0.840343 
116 0.839521 
117 0.83927 
118 0.838807 
119 0.838392 
120 0.837888 
121 0.83747 
122 0.836891 
123 0.836398 
124 0.835988 
125 0.835488 
126 0.834937 
127 0.834534 
128 0.834266 
129 0.834132 
130 0.833716 
131 0.833252 
132 0.832619 
133 0.832547 
134 0.832233 
135 0.831395 
136 0.830884 
137 0.830375 
138 0.830011 
139 0.82906 
140 0.828913 
141 0.828967 
142 0.828503 
143 0.82842 
144 0.828345 
145 0.827939 
146 0.82739 
147 0.826752 
148 0.826183 
149 0.826454 
150 0.825659 
151 0.82546 
152 0.824875 
153 0.824432 
154 0.823657 
155 0.823517 
156 0.823463 
157 0.823406 
158 0.823346 
159 0.823284 
160 0.823217 
161 0.823145 
162 0.822938 
163 0.822515 
164 0.821846 
165 0.821459 
166 0.821052 
167 0.999406 
168 0.997591 
169 0.992264 
170 0.968108 
171 0.944132 
172 0.919583 
173 0.880584 
174 0.856231 
175 0.839639 
176 0.825843 
177 0.824261 
178 0.821869 
179 0.820892 
180 0.820858 
181 0.820126 
182 0.819718 
183 0.825484 
184 0.825283 
185 0.817881 
186 0.817438 
187 0.817288 
188 0.821788 
189 0.820667 
190 0.81666 
191 0.814686 
192 0.814065 
193 0.813441 
194 0.813075 
195 0.814185 
196 0.812149 
197 0.81214 
198 0.811695 
199 0.811394 
200 0.810809 
201 0.810444 
202 0.810267 
203 0.81 
204 0.809559 
205 0.808729 
206 0.808683 
207 0.808113 
208 0.807605 
209 0.807109 
210 0.806947 
211 0.806438 
212 0.805546 
213 0.805464 
214 0.805017 
215 0.804614 
216 0.804012 
217 0.803593 
218 0.80355 
219 0.80307 
220 0.802891 
221 0.802449 
222 0.802285 
223 0.801841 
224 0.801356 
225 0.800894 
226 0.800414 
227 0.799998 
228 0.799475 
229 0.799044 
230 0.798538 
231 0.798052 
232 0.797979 
233 0.797593 
234 0.797139 
235 0.796781 
236 0.796293 
237 0.796245 
238 0.795718 
239 0.795277 
240 0.794832 
241 0.794425 
242 0.793927 
243 0.793521 
244 0.793076 
245 0.79248 
246 0.79192 
247 0.79148 
248 0.791046 
249 0.790148 
250 0.78954 
251 0.788776 
252 0.788172 
253 0.787513 
254 0.787398 
255 0.7868 
256 0.78661 
257 0.78588 
258 0.785192 
259 0.784105 
260 0.783082 
261 0.782997 
262 0.78189 
263 0.781533 
264 0.781369 
265 0.780301 
266 0.779836 
267 0.780703 
268 0.779013 
269 0.778313 
270 0.777638 
271 0.776041 
272 0.775966 
273 0.775617 
274 0.774705 
275 0.773768 
276 0.772912 
277 0.772747 
278 0.772068 
279 0.771697 
280 0.770849 
281 0.769556 
282 0.768813 
283 0.768676 
284 0.770373 
285 0.76815 
286 0.766134 
287 0.765321 
288 0.764538 
289 0.765004 
290 0.764185 
291 0.761812 
292 0.761003 
293 0.760044 
294 0.759039 
295 0.758994 
296 0.757927 
297 0.756942 
298 0.755665 
299 0.754813 
300 0.754016 
301 0.753068 
302 0.752994 
303 0.752347 
304 0.75135 
305 0.750511 
306 0.749314 
307 0.748304 
308 0.747421 
309 0.746451 
310 0.745451 
311 0.744134 
312 0.744105 
313 0.743162 
314 0.742102 
315 0.741404 
316 0.740413 
317 0.739361 
318 0.738974 
319 0.738144 
320 0.737729 
321 0.736865 
322 0.735576 
323 0.734621 
324 0.733549 
325 0.732427 
326 0.732416 
327 0.731209 
328 0.730305 
329 0.729489 
330 0.728636 
331 0.727896 
332 0.726926 
333 0.725863 
334 0.722775 
335 0.726876 
336 0.71588 
337 0.71584 
338 0.714565 
339 0.712025 
340 0.710704 
341 0.707826 
342 0.70752 
343 0.705751 
344 0.704015 
345 0.703495 
346 0.702056 
347 0.700812 
348 0.699555 
349 0.698548 
350 0.697739 
351 0.696868 
352 0.695956 
353 0.695097 
354 0.694232 
355 0.692205 
356 0.690692 
357 0.688121 
358 0.687772 
359 0.686395 
360 0.685213 
361 0.68478 
362 0.683987 
363 0.683517 
364 0.683017 
365 0.682593 
366 0.682042 
367 0.681447 
368 0.680863 
369 0.680258 
370 0.679642 
371 0.679046 
372 0.678422 
373 0.677766 
374 0.677075 
375 0.67636 
376 0.675631 
377 0.674945 
378 0.673745 
379 0.672912 
380 0.672221 
381 0.671469 
382 0.6708 
383 0.669862 
384 0.669033 
385 0.668278 
386 0.667429 
387 0.666569 
388 0.666294 
389 0.665518 
390 0.664611 
391 0.663002 
392 0.661913 
393 0.661347 
394 0.660643 
395 0.660068 
396 0.659441 
397 0.658816 
398 0.655129 
399 0.654502 
400 0.655075 
401 0.648332 
402 0.648129 
403 0.646817 
404 0.642371 
405 0.639922 
406 0.639844 
407 0.63569 
408 0.630162 
409 0.627634 
410 0.624304 
411 0.623087 
412 0.622165 
413 0.617533 
414 0.615021 
415 0.613894 
416 0.61342 
417 0.612543 
418 0.610462 
419 0.60937 
420 0.607488 
421 0.606038 
422 0.604235 
423 0.602883 
424 0.600863 
425 0.596748 
426 0.59493 
427 0.593887 
428 0.592617 
429 0.589601 
430 0.588045 
431 0.587256 
432 0.586392 
433 0.58575 
434 0.584424 
435 0.583043 
436 0.582199 
437 0.581294 
438 0.579621 
439 0.578469 
440 0.576453 
441 0.575103 
442 0.573915 
443 0.572336 
444 0.570472 
445 0.569612 
446 0.56876 
447 0.567782 
448 0.566964 
449 0.565924 
450 0.564839 
451 0.563766 
452 0.562694 
453 0.561951 
454 0.560685 
455 0.557782 
456 0.557646 
457 0.555017 
458 0.553115 
459 0.552483 
460 0.552238 
461 0.551983 
462 0.551706 
463 0.551404 
464 0.551097 
465 0.549208 
466 0.548853 
467 0.548278 
468 0.547622 
469 0.547116 
470 0.543253 
471 0.541245 
472 0.537428 
473 0.533562 
474 0.531895 
475 0.527336 
476 0.525722 
477 0.522537 
478 0.519456 
479 0.515864 
480 0.512816 
481 0.510811 
482 0.705991 
483 0.485793 
484 0.474252 
485 0.474149 
486 0.470234 
487 0.467352 
488 0.474277 
489 0.46604 
490 0.451628 
491 0.449769 
492 0.441185 
493 0.438763 
494 0.43505 
495 0.431135 
496 0.426673 
497 0.421012 
498 0.418367 
499 0.417695 
500 0.416461 
501 0.411927 
502 0.408536 
503 0.408584 
504 0.397046 
505 0.396869 
506 0.394891 
507 0.403168 
508 0.386536 
509 0.376316 
510 0.375795 
511 0.375579 
512 0.375435 
513 0.375274 
514 0.375119 
515 0.374935 
516 0.374703 
517 0.374376 
518 0.373711 
519 0.369913 
520 0.369311 
521 0.367842 
522 0.422841 
523 0.347251 
524 0.34437 
525 0.34421 
526 0.343624 
527 0.34156 
528 0.373572 
529 0.336541 
530 0.31712 
531 0.312844 
532 0.325751 
533 0.31811 
534 0.309115 
535 0.299837 
536 0.299694 
537 0.299549 
538 0.299404 
539 0.29922 
540 0.299069 
541 0.298922 
542 0.298775 
543 0.298625 
544 0.298469 
545 0.298316 
546 0.298161 
547 0.298003 
548 0.297841 
549 0.297675 
550 0.297492 
551 0.297311 
552 0.297122 
553 0.296921 
554 0.296705 
555 0.296468 
556 0.296204 
557 0.295898 
558 0.295519 
559 0.295018 
560 0.294216 
561 0.292547 
562 0.372482 
563 0.317314 
564 0.271869 
565 0.269546 
566 0.26798 
567 0.267843 
568 0.267752 
569 0.267573 
570 0.267488 
571 0.267401 
572 0.267313 
573 0.267222 
574 0.26708 
575 0.266987 
576 0.266891 
577 0.266792 
578 0.266585 
579 0.266482 
580 0.266374 
581 0.26625 
582 0.266136 
583 0.266017 
584 0.26589 
585 0.265635 
586 0.26549 
587 0.265336 
588 0.265152 
589 0.264953 
590 0.26472 
591 0.264425 
592 0.264056 
593 0.263488 
594 0.262221 
595 0.260409 
596 0.25797 
597 0.273932 
598 0.254034 
599 0.244015 
600 0.24053 
601 0.237565 
602 0.235977 
603 0.230407 
604 0.226491 
605 0.224266 
606 0.219181 
607 0.217163 
608 0.21707 
609 0.216998 
610 0.216925 
611 0.216851 
612 0.216775 
613 0.216697 
614 0.216617 
615 0.216534 
616 0.216448 
617 0.216358 
618 0.216265 
619 0.216166 
620 0.216061 
621 0.215949 
622 0.215827 
623 0.215694 
624 0.215488 
625 0.215331 
626 0.21515 
627 0.214933 
628 0.214659 
629 0.214288 
630 0.21372 
631 0.212413 
632 0.208938 
633 0.205744 
634 0.201817 
635 0.196536 
636 0.194152 
637 0.193931 
638 0.193839 
639 0.193737 
640 0.19362 
641 0.193484 
642 0.19332 
643 0.193111 
644 0.192815 
645 0.192616 
646 0.191735 
647 0.464523 
648 0.174158 
649 0.171006 
650 0.156225 
651 0.156046 
652 0.155838 
653 0.155727 
654 0.155627 
655 0.155054 
656 0.154897 
657 0.154573 
658 0.154354 
659 0.153926 
660 0.153577 
661 0.15334 
662 0.153183 
663 0.152986 
664 0.152684 
665 0.151983 
666 0.157632 
667 0.153004 
668 0.144833 
669 0.144623 
670 0.14394 
671 0.143581 
672 0.143134 
673 0.142883 
674 0.142593 
675 0.142427 
676 0.141882 
677 0.141743 
678 0.141604 
679 0.141466 
680 0.141327 
681 0.141147 
682 0.141007 
683 0.140867 
684 0.140456 
685 0.140323 
686 0.14019 
687 0.140057 
688 0.139924 
689 0.139791 
690 0.139657 
691 0.139524 
692 0.139346 
693 0.139212 
694 0.13908 
695 0.138947 
696 0.138814 
697 0.138681 
698 0.138547 
699 0.138412 
700 0.138277 
701 0.138141 
702 0.138005 
703 0.137867 
704 0.137729 
705 0.137589 
706 0.137447 
707 0.137305 
708 0.13716 
709 0.136661 
710 0.136531 
711 0.136399 
712 0.136265 
713 0.136128 
714 0.135988 
715 0.135844 
716 0.135697 
717 0.135544 
718 0.135386 
719 0.135221 
720 0.135047 
721 0.134863 
722 0.134666 
723 0.134447 
724 0.134243 
725 0.134018 
726 0.133766 
727 0.133476 
728 0.133129 
729 0.132692 
730 0.132662 
731 0.131195 
732 0.131774 
733 0.124101 
734 0.122816 
735 0.119521 
736 0.117559 
737 0.116299 
738 0.115828 
739 0.115413 
740 0.115043 
741 0.114703 
742 0.114381 
743 0.114054 
744 0.113706 
745 0.113233 
746 0.112238 
747 0.108047 
748 0.10529 
749 0.104498 
750 0.0971273 
751 0.0918082 
752 0.0911921 
753 0.0879004 
754 0.0875486 
755 0.0874127 
756 0.0872662 
757 0.0871043 
758 0.0868986 
759 0.0866946 
760 0.0864146 
761 0.0859485 
762 0.0847569 
763 0.0825936 
764 0.0809245 
765 0.0934726 
766 0.0870246 
767 0.0825271 
768 0.0800168 
769 0.076676 
770 0.0749372 
771 0.0739462 
772 0.0738385 
773 0.073711 
774 0.0735394 
775 0.0732491 
776 0.0720433 
777 0.0713447 
778 0.0684262 
779 0.0676985 
780 0.0672766 
781 0.0670954 
782 0.0840468 
783 0.083534 
784 0.0759163 
785 0.0743542 
786 0.0727533 
787 0.0711417 
788 0.0696849 
789 0.0681932 
790 0.0664075 
791 0.0647236 
792 0.0631502 
793 0.0616924 
794 0.0603007 
795 0.0589511 
796 0.0576259 
797 0.0563115 
798 0.0548474 
799 0.053973 
800 0.0536552 
801 0.0521244 
802 0.0517283 
803 0.0511316 
804 0.0504847 
805 0.0519644 
806 0.0504646 
807 0.0491469 
808 0.0480532 
809 0.048521 
810 0.0470961 
811 0.0458964 
812 0.0454171 
813 0.0447864 
814 0.0443166 
815 0.0441711 
816 0.0434619 
817 0.0431242 
818 0.0428886 
819 0.041481 
820 0.040527 
821 0.0404191 
822 0.04034 
823 0.0402596 
824 0.0401779 
825 0.0400942 
826 0.0400074 
827 0.0399148 
828 0.0398101 
829 0.0396669 
830 0.0389899 
831 0.0388258 
832 0.0384475 
833 0.0383565 
834 0.038249 
835 0.0380876 
836 0.0381004 
837 0.0344185 
838 0.0339224 
839 0.0337628 
840 0.0337227 
841 0.0336818 
842 0.0336385 
843 0.0335961 
844 0.033552 
845 0.0335056 
846 0.0334555 
847 0.033399 
848 0.0333239 
849 0.0332065 
850 0.0319893 
851 0.0314506 
852 0.0313869 
853 0.0312608 
854 0.0306919 
855 0.030404 
856 0.0302281 
857 0.0301293 
858 0.0300278 
859 0.0299227 
860 0.0298688 
861 0.0298147 
862 0.0297602 
863 0.029705 
864 0.0296485 
865 0.02959 
866 0.0295276 
867 0.0294568 
868 0.0293615 
869 0.029257 
870 0.0285846 
871 0.0282514 
872 0.0281659 
873 0.0280074 
874 0.0278431 
875 0.0277373 
876 0.0275753 
877 0.0271883 
878 0.995775 
879 0.992181 
880 0.988728 
881 0.986164 
882 0.981379 
883 0.977915 
884 0.966579 
885 0.956571 
886 0.948646 
887 0.942261 
888 0.938718 
889 0.924702 
890 0.910145 
891 0.899331 
892 0.889561 
893 0.878593 
894 0.857051 
895 0.837479 
896 0.815314 
897 0.78553 
898 0.755796 
899 0.740588 
900 0.714324 
901 0.701652 
902 0.672588 
903 0.659391 
904 0.635783 
905 0.60087 
906 0.591024 
907 0.573878 
908 0.53914 
909 0.517536 
910 0.491819 
911 0.474882 
912 0.433522 
913 0.415079 
914 0.38523 
915 0.366442 
916 0.345497 
917 0.318238 
918 0.302828 
919 0.289037 
920 0.257565 
921 0.225314 
922 0.21447 
923 0.195872 
924 0.149866 
925 0.138199 
926 0.127067 
927 0.116935 
928 0.101521 
929 0.0850881 
930 0.077801 
931 0.0683512 
932 0.0641175 
933 0.0558396 
934 0.0484597 
935 0.0434281 
936 0.0432176 
937 0.0389733 
938 0.0372393 
939 0.0354342 
940 0.0331134 
941 0.0317741 
942 0.0309724 
943 0.0302579 
944 0.0295671 
945 0.0288683 
946 0.0284488 
947 0.0281303 
948 0.0279596 
949 0.0279107 
950 0.0276927 
951 0.0274204 
952 0.0271961 
953 0.0268678 
954 0.0266937 
955 0.0265567 
956 0.0262312 
957 0.0259113 
958 0.0257677 
959 0.0253762 
960 0.0253024 
961 0.0249928 
962 0.0248277 
963 0.0247785 
964 0.0247193 
965 0.0246081 
966 0.024359 
967 0.0243265 
968 0.02429 
969 0.0242432 
970 0.0241978 
971 0.0333839 
972 0.0244594 
973 0.0237705 
974 0.0259461 
975 0.0240253 
976 0.0236047 
977 0.0235474 
978 0.0234829 
979 0.0283145 
980 0.0240087 
981 0.022738 
982 0.0226737 
983 0.0225075 
984 0.0223872 
985 0.0222062 
986 0.0221549 
987 0.0221156 
988 0.0220518 
989 0.0244286 
990 0.0220185 
991 0.0216912 
992 0.0214775 
993 0.021446 
994 0.0214135 
995 0.0213792 
996 0.021341 
997 0.0212896 
998 0.0234698 
999 0.021578 
1000 0.0210817 
1001 0.0209995 
1002 0.0209636 
1003 0.0208745 
1004 0.0238322 
1005 0.0205228 
1006 0.020502 
1007 0.0204812 
1008 0.0204605 
1009 0.0204399 
1010 0.0204193 
1011 0.0203987 
1012 0.0203781 
1013 0.0203573 
1014 0.0203363 
1015 0.0203145 
1016 0.0202909 
1017 0.0202612 
1018 0.0201996 
1019 0.0198974 
1020 0.0198772 
1021 0.0198567 
1022 0.0198354 
1023 0.0198119 
1024 0.01978 
1025 0.019677 
1026 0.0485851 
1027 0.0214937 
1028 0.0198862 
1029 0.0198646 
1030 0.0198431 
1031 0.0198216 
1032 0.0198001 
1033 0.0197786 
1034 0.0197572 
1035 0.0197358 
1036 0.0197144 
1037 0.0196931 
1038 0.0196717 
1039 0.0196504 
1040 0.0196292 
1041 0.0196079 
1042 0.0195867 
1043 0.0195655 
1044 0.0195443 
1045 0.0195231 
1046 0.019502 
