-18.4053119770171 -10.6711734105221 -5.04000613248153
-17.697490450394 -11.3860373732996 -5.53676639876559
-16.9227948398373 -12.0699223784225 -5.97396694649141
-16.0848825855779 -12.7187156434645 -6.34296941358794
-15.1889691686711 -13.3280635019923 -6.63525789820021
-14.241982039889 -13.8935336318935 -6.84278888172969
-13.252609766613 -14.4108345838817 -6.95840457270475
-12.2312098125241 -14.8760883297805 -6.97628111625825
-11.1895462525945 -15.2861429732502 -6.89236961795043
-10.1403443132572 -15.6389036817722 -6.70477783516958
-9.09667098581311 -15.9336520311755 -6.41403736342228
-8.07117710523926 -16.1713189474579 -6.02320822509656
-7.07526167003104 -16.3546751192764 -5.53779121429975
-6.11823894488792 -16.4884045902734 -4.96544681247248
-5.20659933906563 -16.5790304239608 -4.3155537783122
-4.34345432299095 -16.6346641959009 -3.59867389222054
-3.52824271012015 -16.66455480157 -2.82601294299584
-2.75674835243301 -16.6784235521816 -2.00897178629917
-2.02143520601652 -16.6856036055994 -1.15885723125715
-1.31204996464864 -16.6940602236876 -0.28677286765806
-0.616398008044891 -16.7094418574889 0.596345087231047
0.0788022724299314 -16.7343610629499 1.479611815161
0.787033883894751 -16.7680833028803 2.3520547615482
1.52106268961525 -16.806700560353 3.20248544476923
2.29199227520212 -16.8437292531341 4.01941278474495
3.10836098231096 -16.8709677382019 4.79104700397286
3.97540404316236 -16.879421833389 5.50545177719484
4.89460002414274 -16.8601489208852 6.15087556077995
5.86356675962944 -16.8049395897409 6.71624017830663
6.87630571562037 -16.7068119463702 7.19171524879994
7.92374216233063 -16.5603244634275 7.56928231963567
8.99447744920136 -16.3617249357322 7.84319616687716
10.0756554436835 -16.108956951338 8.01027511417709
11.1538444681955 -15.8015482831474 8.06998700533507
12.2158471825538 -15.4404093634666 8.0243332618248
13.2493717234575 -15.0275730824553 7.8775630768957
14.2435242226448 -14.5659076586532 7.63576880843822
15.1891105673601 -14.0588313846161 7.30642065048149
16.0787591786138 -13.510052089046 6.89789507878836
16.9068934696466 -12.9233465115245 6.41904063265021
17.6695914400425 -12.3023870311002 5.87881020574459
18.3643713753174 -11.6506166006155 5.28597462138236
18.9899388313061 -10.971168023043 4.64892021716023
19.5459233057807 -10.2668210010985 3.97552457371824
20.0326252804008 -9.53998942164908 3.27309947553894
20.4507871052644 -8.79273162327539 2.54838812049902
20.8013953023676 -8.02677743368493 1.8076036522608
21.0855175600081 -7.24356713114679 1.0564974233092
21.3041749030512 -6.44429888287589 0.300447300456708
21.4582479965282 -5.62998246410699 -0.455441710156243
21.5484159547349 -4.80149807365139 -1.20623053991082
21.5751260778858 -3.95965979687213 -1.94703760090174
21.5385933550627 -3.10528370940411 -2.6729328297565
21.4388291264096 -2.23926075040047 -3.3788380795254
21.2756987863863 -1.36263429943308 -4.05943803409302
21.0490086414638 -0.476681832589759 -4.70910658811851
20.7586218180268 0.417000926831594 -5.32185472091559
20.4046022569398 1.31641633472962 -5.89130709932629
19.9873841524086 2.21908640235666 -6.4107156851895
19.5079615678466 3.12198652189984 -6.87301910557666
18.9680893762015 4.02150049018766 -7.27095598219879
18.3704823064782 4.91340799407009 -7.59723828057594
17.7189941919126 5.79291698236242 -7.84478656522298
17.018755305365 6.65475321257586 -8.00702260565311
16.2762430479682 7.49331706412931 -8.07820628909688
15.4992615123964 8.30291295525037 -8.05379412498299
14.6968097291637 9.07804927838403 -7.93078737569796
13.8788273347594 9.81379715357579 -7.70803123696373
13.0558196151332 10.5061856217402 -7.38642495495087
12.2383797928824 11.1526008098984 -6.96900830053621
11.4366423311062 11.7521489223563 -6.46090320925127
10.6597136214857 12.3059392193449 -5.86910957876079
9.91513269214003 12.8172444938868 -5.20217803395043
9.20841270137299 13.2915035625084 -4.46980494601566
8.54270401246121 13.7361434154044 -3.68241022320192
7.91860364274236 14.1602181753491 -2.85076110373686
7.33411772518636 14.5738867624111 -1.98569292041299
6.7847683021553 14.987776725629 -1.09795307348429
6.26382779155016 15.4122999409095 -0.19816497691829
5.76266515387893 15.8569886325706 0.703115851815502
5.27119309532605 16.3299058534967 1.59529524970833
4.77840749770213 16.837161235949 2.46762909122461
4.27300235561166 17.3825432152213 3.30915142325889
3.74402702372911 17.9672710136232 4.10868152824994
3.18153598104575 18.5898718272303 4.85493925671659
2.57717378266479 19.2461928895814 5.53677998059311
1.92464296766707 19.9295569202368 6.14353643276267
1.22001770176168 20.6310603128169 6.66543082447188
0.461885557984424 21.3399985425157 7.09400419490492
-0.348680360858309 22.0443873729531 7.42250534918531
-1.20829949317881 22.7315362016156 7.64618923856064
-2.11157955030467 23.3886244669216 7.76249116125782
-3.05148963379945 24.0032344799831 7.77106397267358
-4.01976858245012 24.5638033134198 7.67368575166846
-5.00733002256533 25.0599699850954 7.47406130320612
-6.0046334494679 25.4828090435923 7.17755040899097
-7.0020008421809 25.8249550215079 6.79085856477054
-7.98986880036873 26.0806322053931 6.32172316392723
-8.95897535939171 26.2456100276504 5.77862157798738
-9.90048749784269 26.3171063421037 5.17051936554343
-10.8060795916614 26.2936597586116 4.50666860704106
-11.6679749136804 26.1749891894025 3.79645925163695
-12.4789622668351 25.9618548528313 3.04932093056143
-13.2323986202866 25.6559310088903 2.27466902381948
-13.9222067936866 25.2596971902859 1.48188663637907
-14.5428752812228 24.7763518892202 0.6803331597815
-15.0894655408811 24.2097505829859 -0.120630162602214
-15.5576306554984 23.5643684865473 -0.911607174326626
-15.9436482189025 22.8452872554417 -1.68313565445615
-16.2444695074745 22.0582037181629 -2.42566753723573
-16.4577862547132 21.2094572755099 -3.12957021668677
-16.582115362522 20.3060705939105 -3.78515897068204
-16.6169003234383 19.3557954857226 -4.38277061246859
-16.5626256789295 18.3671524589446 -4.91288780393119
-16.4209373050109 17.3494486713417 -5.3663214045351
-16.194756751818 16.3127556421919 -5.73445411848803
-15.8883727117729 15.2678261263498 -6.00954205748558
-15.5074878830681 14.2259303483067 -6.18506164714603
-15.0591964314565 13.1985965760823 -6.25607834902771
-14.5518675858265 12.1972504984247 -6.21960272311599
-13.9949160879235 11.232761683233 -6.07489112524521
-13.3984509066685 10.3149216890765 -5.82364595930482
-12.7728091173102 9.45189389781063 -5.47007651544147
-12.1279998840351 8.64968588315405 -5.02079700525945
-11.4731007285448 7.91169792913307 -4.48456195365881
-10.8156613809622 7.23839533726468 -3.87186666839956
-10.1611774586122 6.62713984021789 -3.19446674284063
-9.51269690311643 6.07220164041816 -2.46489026464948
-8.87061757879528 5.56496294543214 -1.69602533969177
-8.23272488939718 5.09431754707726 -0.900859654201772
-7.59450147232951 4.64726535908308 -0.0924234159059985
-6.94971340030322 4.20968973619398 0.716060962949325
-6.29123791130634 3.76728494270638 1.51088459836793
-5.61205203212098 3.30657326512079 2.27753957817982
-4.90626170131113 2.8159235067893 3.000548765615
-4.17003133679964 2.28646455044898 3.66358164182293
-3.40228290292012 1.71278610575036 4.24993270989689
-2.60506889883418 1.09333430853038 4.74334551446323
-1.78357401257196 0.43043853008648 5.12907678711675
-0.9457536624149 -0.270056397590701 5.39503485857144
-0.101666685607123 -0.999533867404068 5.53280505188819
0.737401214203127 -1.74765922914005 5.53839325676185
1.55990237184968 -2.50363498565069 5.41257080509724
2.35495450178468 -3.25751889280309 5.16077625187729
3.11311846296959 -4.00145425177634 4.79260619857571
3.82694153906048 -4.73066723988485 4.32099267433063
4.49121380051029 -5.44410629666441 3.76120888166292
5.10291833823898 -6.14463198164876 3.12986342085356
5.66089118422046 -6.83871511457419 2.44403210495995
6.16524639878717 -7.5356690019069 1.72063348353231
6.61666280618353 -8.2465205493114 0.976083425538634
7.01565844352391 -8.98269165371917 0.226184844037789
7.36198225920456 -9.75468770802293 -0.513848630503038
7.65422528242245 -10.5709623322971 -1.22934946069907
7.88970418068268 -11.4370632176729 -1.90622044682302
8.06461399573972 -12.3550964788584 -2.5310680959863
8.17439768059218 -13.323501445691 -3.09144530636876
8.21424771108628 -14.3371073315809 -3.5761738448612
8.1796448341717 -15.3874345325003 -3.97569863398079
8.06685013481368 -16.4631939321469 -4.28241830088233
7.87329208493912 -17.55092554208 -4.49094081184718
7.59782037887842 -18.6357088065042 -4.59822815647864
7.24082508404521 -19.7018766036837 -4.60361524530833
6.80423861758538 -20.7336746308645 -4.50870929741287
6.29144837351839 -21.7158246855355 -4.31719215668103
5.70715062987271 -22.6339698773585 -4.03455689379509
5.05717374837697 -23.4749978965632 -3.66781184274858
4.34829290799987 -24.2272524116697 -3.2251815474095
3.58805169101629 -24.8806513897107 -2.71582720842038
2.78459925887003 -25.4267348819714 -2.14960123762212
1.94654651188351 -25.8586646774197 -1.5368430091253
1.08284087068592 -26.1711955778047 -0.888216734416289
0.202657082976414 -26.3606341846495 -0.214587884454544
-0.684699566530145 -26.4247969841897 0.473068375050667
-1.56988149249993 -26.3629757575582 1.16373500401733
-2.44358216407798 -26.1759151578258 1.84640632847026
-3.29661797735601 -25.8658046357317 2.51013625178654
-4.12001186112668 -25.4362845387348 3.14409107953298
-4.90508179447891 -24.8924638488145 3.73761647047703
-5.64353744409599 -24.2409443664381 4.28032759420029
-6.32758802178237 -23.4898429903939 4.76223062074222
-6.95006391212772 -22.6488000734418 5.17388185885671
-7.50455325996655 -21.7289579213559 5.50658782039275
-7.98555218820611 -20.742889972811 5.7526449079074
-8.38862342180821 -19.7044590463419 5.90561121551022
-8.71055288298725 -18.6285835446513 5.96059543164314
-8.94948777630021 -17.5308949767593 5.91453996040497
-9.10503379618837 -16.4272795313477 5.76646871808514
-9.17828486790836 -15.3333107554557 5.5176667178502
-9.1717581400585 -14.2635983327659 5.17176072380555
-9.08921170794954 -13.2310965892401 4.73467949012086
-8.9353342933248 -12.2464314803768 4.21448839752963
-8.71531533383734 -11.3173121112012 3.62111432468033
-8.43432925376706 -10.4480898990061 2.96599763592681
-8.0969949855013 -9.63951698711678 2.2617234298133
-7.70689421940936 -8.88874141376249 1.52168920370823
-7.26624137060805 -8.18956594683451 0.759859371117009
-6.77578861259642 -7.53298953500905 -0.00936125621538524
-6.23501825609199 -6.90803419802758 -0.771133972632424
-5.64262461789314 -6.3028231620355 -1.51011584701275
-4.99722640261864 -5.70581810501148 -2.21040414555485
-4.29819393090134 -5.10706426389009 -2.85561688059591
-3.54644302801403 -4.49926149800147 -3.42921772343125
-2.74505190055472 -3.87849592174889 -3.91513335987695
-1.89959429225167 -3.24452473449353 -4.29862703895802
-1.01813309996419 -2.60058274409767 -4.56731640565512
-0.110866591329748 -1.95274952357996 -4.71217816126884
0.810540078297848 -1.30896991160358 -4.7283715528114
1.73386800929472 -0.67785664702378 -4.61573401634434
2.64739593212418 -0.0674239687763468 -4.37885143320375
3.54095313256508 0.516095073115084 -4.02667663737289
4.40682280753254 1.0692081653942 -3.57175185302441
5.24035399321686 1.59179071128083 -3.02916670480548
6.04017577446994 2.08731431959601 -2.41543444306151
6.80796690415947 2.56266322030272 -1.74747926726235
7.54780980694423 3.02758058574061 -1.04188924615322
8.26523526390381 3.49383692002753 -0.314508064005095
8.96612049495917 3.97424497408605 0.419661508548837
9.65561913377689 4.48164959713466 1.14635219570404
10.337273710027 5.02799736175082 1.85186890701332
11.0124056070389 5.62355283862176 2.5229920025909
11.6798168096782 6.27629262191941 3.14701859167396
12.3357888714325 6.99148532267683 3.71195536925117
12.9743333554277 7.77145690725238 4.20683223395891
13.5876319339536 8.61553924852808 4.62208019685181
14.1665978384511 9.52019657143055 4.94990750099896
14.701489761176 10.4793145030626 5.18461134594299
15.1825139310226 11.4846210962635 5.32277677541073
15.6003604012889 12.5261943247235 5.36333595292099
15.9466350956124 13.5930021664038 5.30748543132074
16.2141676300233 14.6734225208564 5.15848077916377
16.3971931007611 15.7557001198471 4.92134293325519
16.4914208578719 16.8283129546371 4.60251714218298
16.4940129285337 17.8802374137119 4.20952399679167
16.4034988789514 18.9011158480172 3.75063506687888
16.2196534090062 19.8813406615738 3.23459587089498
15.9433594034233 20.8120747805756 2.67040874194991
15.5764741147859 21.6852301073898 2.06717924731042
15.1217108786615 22.4934244866801 1.43402291471536
14.5825440056893 23.2299350251232 0.780024173109373
13.9631405347019 23.8886622871897 0.114236285669377
13.2683193063976 24.4641165353204 -0.554290833786131
12.5035350990314 24.9514340309563 -1.2164690919094
11.6748830926475 25.3464284283614 -1.86313164755549
10.7891164957858 25.6456792804467 -2.4850080005819
9.85366769970559 25.8466563853467 -3.0727288866477
8.87666089849328 25.9478749239968 -3.61687377877695
7.86690198432689 25.949071984404 -4.10807133390081
6.83383013104817 25.8513902501495 -4.53715922517903
5.78741540453833 25.6575497319332 -4.89540425031488
4.73798864833523 25.371984137997 -5.17477642798599
3.69599437769958 25.0009158007185 -5.36826241480089
2.67166477964225 24.5523431554627 -5.47019494334556
1.67462294464356 24.0359186591802 -5.47656758812652
0.713435241083094 23.4627033245188 -5.38529987489251
-0.204855312517385 22.8447964536061 -5.19641840811906
-1.07517276589352 22.194854298891 -4.91212656194028
-1.89478100544937 21.5255268258472 -4.536748426058
-2.66353687521348 20.8488544874341 -4.07655055684689
-3.38398057245417 20.1756741222669 -3.53946441366619
-4.06123237524383 19.5150830051365 -2.93474869980222
-4.70268346254604 18.8740027145296 -2.27263950615165
-5.3174935277688 18.2568719244875 -1.56403384408845
-5.91593677347355 17.6654834844497 -0.820238698964611
-6.50866420092184 17.0989711206969 -0.0527973266069085
-7.10596347753412 16.5539480646878 0.726615485637642
-7.71708981323559 16.0248020088169 1.50625066420184
-8.34971463369055 15.5041495459645 2.27432133982058
-9.00950797535797 14.9834385379045 3.01904660297532
-9.69985176013083 14.4536569453356 3.72873134729194
-10.4216795345586 13.9060738275696 4.39190957588018
-11.1734456296036 13.3329213997716 4.99756951626168
-11.9512308931932 12.7279366477925 5.53545998356811
-12.7489869404936 12.0867115199184 5.99645332238859
-13.5589077027944 11.406837372994 6.37291986958863
-14.3719011093893 10.687859762026 6.65905958610086
-15.178120104523 9.93107918202255 6.85114067059345
-15.9675044203796 9.13924302325401 6.94761023016678
-16.7302843340008 8.3161763947956 6.94906344936427
-17.4574049249191 7.46639660206244 6.85807962235292
-18.1408423130507 6.59474921279053 6.6789512687244
-18.7737990455669 5.70609400449711 6.41734350314812
-19.3507810242221 4.80505811576343 6.07992410340412
-19.867570556375 3.89586303508694 5.67400134547242
-20.3211178681209 2.9822230568833 5.20719880045166
-20.7093765638652 2.06730639641625 4.68718640060134
-21.0311078238683 1.15374653578061 4.12147733842635
-21.2856748593905 0.243690285702963 3.51729222035963
-21.4728446135524 -0.66113012300111 2.88148603443759
-21.5926089927231 -1.55931158258223 2.22052994560522
-21.6450337663825 -2.44968939844783 1.54053832557089
-21.630140053175 -3.3312468675963 0.847331192621982
-21.5478211038443 -4.20302843434875 0.146522800368494
-21.3977957963985 -5.06405796470813 -0.556372024680106
-21.1795996685813 -5.91326251532862 -1.25582141487147
-20.8926141710125 -6.7494014017776 -1.94615703176151
-20.5361348513983 -7.5710003733827 -2.62145887430434
-20.109479077726 -8.37629124595062 -3.27545208275462
-19.6121333548724 -9.1631583876062 -3.90142453595053
-19.0439389403693 -9.92909493367188 -4.49217539755309
