-1.7533988187975422 -1.5477995773252728 -0.037060238420054514
-1.754316738803178 -1.615252124999039 0.015938180258232487
-1.7481123902981393 -1.6810204590051692 0.06871569778870576
-1.7357804971882886 -1.7459762432219592 0.12179025212391072
-1.7174911393762387 -1.8108507734398578 0.17570401740383965
-1.6912946208199859 -1.8742334578317208 0.22962157857411664
-1.6581567108598949 -1.9342697938581392 0.28191631727914124
-1.6192830063788328 -1.9914081141018425 0.3327485949209058
-1.5745811592986103 -2.0463285562072593 0.38265741663557656
-1.523086845438701 -2.0986683694684123 0.43147819312537161
-1.4653086027648254 -2.1460805542525838 0.47724971179479947
-1.4035646527142749 -2.1888638182368512 0.51987025459635472
-1.337498571307755 -2.2276629040551632 0.55989326808087614
-1.2658851530059432 -2.2630082071090007 0.59790353909315974
-1.1892413342946178 -2.292022869507349 0.63152715586538477
-1.1112104830250507 -2.3155025954448831 0.66104995559656887
-1.0307546625315613 -2.333964354481453 0.68728394512578539
-0.94727368681050728 -2.3472292388519231 0.71037021008538592
-0.86110930008440467 -2.3539311120619386 0.72934288139039627
-0.77502076659511221 -2.3542010186844644 0.7437697393277567
-0.68970241938440391 -2.3493070608315123 0.75442424069755865
-0.60463353315959067 -2.3392746171260557 0.76119655083049287
-0.51877394501741658 -2.3235068273793238 0.76351858202620759
-0.43469612373962768 -2.3009975494249089 0.76019407587982535
-0.35393299407434237 -2.2742925987232367 0.75377113504614623
-0.27552328389168834 -2.2425914228382231 0.74414990783013413
-0.19957129269194857 -2.2055343862626362 0.73130717992128824
-0.12708158309895862 -2.1625783716171911 0.71450286756443249
-0.059666315116036518 -2.1154872082524752 0.69391399906225748
0.0032983789630965515 -2.0656702826122144 0.6711584029507589
0.062015314120148726 -2.0124030561475874 0.64567882954389233
0.11586339744816627 -1.9551970564980872 0.61706831313582344
0.16358815677881394 -1.894761286879167 0.58546328509158396
0.20577803457771859 -1.8328645267844785 0.55189918978237607
0.24275617509934611 -1.7692115338418786 0.51680694748694633
0.27403430388050287 -1.7044539233270144 0.4796625529180909
0.2996795765782263 -1.6386980638061046 0.44015167281706236
0.31782307855158975 -1.5718895968790294 0.3986565269784989
0.3305363974998764 -1.5058547150330948 0.35624577325604029
0.33839226880028028 -1.4411109272280918 0.31230778364292977
0.34041327742943056 -1.3773765572101668 0.26662286877183738
0.3346357382563746 -1.3157325447622541 0.21912377176190392
0.32259859735060981 -1.2584775448086707 0.16977637965718456
0.30878492045284039 -1.2064338596623121 0.11813848777229305
0.29267508801035924 -1.1613305900034412 0.063327927858765648
0.27402367908900949 -1.1217311207695948 0.0045489690213336709
0.25065357682675282 -1.0826505912792981 -0.055998141019329706
0.22123055192978963 -1.0435035881752053 -0.11615900729978312
0.18425300742092493 -1.0035084284784999 -0.17327500432477355
0.13906512664533843 -0.96161811186037005 -0.22467877186082119
0.085962216756597556 -0.91642657136472561 -0.26712124643647572
0.027715250106174191 -0.86694710747029047 -0.29813875094078779
-0.033017559052125778 -0.81490817767589097 -0.31523671254408592
-0.094137817558150913 -0.76279106850745737 -0.32050234522210613
-0.15456903493856983 -0.71171431736964219 -0.31422291249145234
-0.21398636004753419 -0.66369547654281413 -0.29878181940800552
-0.27286329156749389 -0.61937998427873897 -0.27854100342349797
-0.33316560675756612 -0.57894725579170081 -0.2570474055576924
-0.39453115028801622 -0.54120755618136551 -0.23389462240026754
-0.45716267964094359 -0.5073258932023017 -0.20840394244269184
-0.52093569136561491 -0.47669824486550405 -0.18020698153724185
-0.585182906350314 -0.44874555775991209 -0.14881069503031047
-0.64967794569694937 -0.42367900447550033 -0.11275014536525313
-0.7129922869893407 -0.3967364248778229 -0.073402206172919732
-0.77293033765913344 -0.3669453780173092 -0.031823300746715966
-0.83082925086909709 -0.33604929428075392 0.0099850808711380579
-0.89000402568901071 -0.2999611347913505 0.045904062876235538
-0.95085609749056021 -0.25751790557581061 0.072935106695366014
-1.010640988373406 -0.20868571637749311 0.092674276905805375
-1.0680114061489192 -0.15510455178423982 0.10777530072159459
-1.1230689822522659 -0.096881621189720213 0.11988425001496533
-1.1730127417110465 -0.033087372474212465 0.12771228952646821
-1.2178471842821268 0.034120121597712799 0.13280567085326092
-1.2577358311385913 0.10443842182355129 0.13549281593825091
-1.2934518419326595 0.17758255432817358 0.13616799311448863
-1.3238598721123731 0.25425787596149441 0.13473825173665271
-1.3469104394949742 0.33334735250321701 0.13178398681994494
-1.3635592337525027 0.41338407154057527 0.12744930742848579
-1.3744833363447873 0.49449218472244005 0.12214175050773868
-1.3795189191918773 0.57697180482241373 0.11626399549303393
-1.3771752637267967 0.65984249149474183 0.10962864191360309
-1.3681201898482642 0.74187832265641318 0.1028648981602253
-1.3527277869738725 0.82285007632418627 0.095992944829374191
-1.3313649219178794 0.90233748349234488 0.089054217954546294
-1.3042602769330216 0.98086954928189674 0.082016322810199799
-1.2700873727716817 1.0571847827625771 0.076068670883825767
-1.2300627725857984 1.1300569191620276 0.070374672146886613
-1.1847157249480871 1.1994547180298096 0.06540292513044893
-1.1344709671864939 1.265560780269825 0.061553945531113048
-1.0785446229427629 1.328857221354125 0.059277063592235571
-1.0165915224405953 1.3861906569717535 0.05915448704590838
-0.95156391305928101 1.4381055111351917 0.061302196019076875
-0.88288958123144579 1.4851395332897237 0.065862446279560088
-0.81076018610694067 1.5270393542441774 0.073169358646926363
-0.73566896374223034 1.5628398023371743 0.084324526563585273
-0.65972234185578849 1.592040647611686 0.10036055926312801
-0.58403993092820106 1.6160345136458432 0.12071705279975514
-0.50828582901911612 1.635098806485678 0.14610011893256558
-0.43479977756305366 1.6481442480119011 0.17820930567994253
-0.36927557668344135 1.6566400320504027 0.21701435397809854
-0.31171438379733363 1.6666355473812864 0.25864438857293337
-0.25824581542054942 1.6802737729139419 0.30155983324309943
-0.20756040677102239 1.6981809969888353 0.34557283013619966
-0.15770918516036747 1.7224668075567484 0.39016376168691297
-0.10391574926807162 1.7543102913435553 0.43187109736969848
-0.044069363868763575 1.7904551925842762 0.46698044788355936
0.020142211441021782 1.8275916025804286 0.49567756039314953
0.088469304264321799 1.8649666650566026 0.51884654321391199
0.16135224902987111 1.9006202064335933 0.53497310818519028
0.23712574283182153 1.9325068348559649 0.54440037514206108
0.31482099020509968 1.9606514561253983 0.54848158955362081
0.3945097321917278 1.9850854662589761 0.54769259177977769
0.47682790426623911 2.0056761845335425 0.54224235199165438
0.56006530242335972 2.0197043941560935 0.53086522316858054
0.64236900427463284 2.0281517202667536 0.51533385279973343
0.72435067038983036 2.0314265965450562 0.49607224879591966
0.80675934447484132 2.0298005406631998 0.47323941176533829
0.88838719956401502 2.0215115609450125 0.44588246062909243
0.96704393035877434 2.0068379230046967 0.41523622432393892
1.0430635173114007 1.986554517206879 0.3824258984852939
1.1166443921033837 1.9606853692930524 0.34755851653841219
1.1881383699284125 1.9289842498010392 0.31002887415657854
1.2549619700394372 1.8906235764553303 0.2703595964123372
1.3169898787298648 1.847732240463686 0.23025862318032644
1.37481485689313 1.8001153072553926 0.18936826827892972
1.4287754958433021 1.7474324998595914 0.14722036847864872
1.4766821746528158 1.6893091334448616 0.10391281660848042
1.518296264358497 1.6277810161557973 0.06112513781304639
1.5545976539646615 1.5630398604286446 0.019489562884222295
1.5856373493764271 1.4948218681176759 -0.021491881944129709
1.6101858725244707 1.4227718002968524 -0.062541116156069249
1.6272352770315444 1.3482840082926146 -0.1016899942787281
1.6385927856020974 1.2730776538116499 -0.13854459465169788
1.6439593622205617 1.1968174451015288 -0.17395898364449058
1.64283013012463 1.1186753688638067 -0.20824752400796331
1.6337791714679757 1.0395836980941158 -0.23917099848541773
1.6192297800393609 0.96195755111823922 -0.2672183858830629
1.5993846498176121 0.88515123943958907 -0.29251147439790953
1.5739041110694902 0.80891390389698981 -0.3149416220899654
1.5417818133652457 0.73369505087464715 -0.33385751552354931
1.5039157277220405 0.66121689753579616 -0.34881538365583126
1.4624851177273939 0.59130017936061707 -0.36017376938861001
1.4169530348868975 0.52385275436779577 -0.36781824530009333
1.3667764174473473 0.45889475188417433 -0.37140831817774145
1.3118785442062693 0.39814795329907676 -0.36982051323625081
1.2550264776576452 0.34113989209353923 -0.3645683264354842
1.1959848228913248 0.28764556698220245 -0.35544514032885965
1.1347487391175255 0.23781316111142203 -0.34214784799817843
1.0714235637982092 0.19244513585792822 -0.32383540659771359
1.0073565786190928 0.15180468861779739 -0.30059339697528176
0.94360715907887638 0.11474290186058177 -0.27333152801936839
0.88055362631982526 0.081600811810800936 -0.24099447531784535
0.81949960506551489 0.052520720377803774 -0.2025525105302704
0.7631391929994995 0.028041103775320125 -0.15633450213533023
0.7116314918033686 0.005816689579100115 -0.10502796841866788
0.66404951810304746 -0.013359016950468094 -0.049202794394731575
0.61988441091894131 -0.029560300332290762 0.010315546613250709
0.57910393465789944 -0.042704709310218025 0.072778537391996231
0.54269984892375922 -0.05327666185214705 0.13790092574740007
0.50957244188606798 -0.069686250556051821 0.2034007664246599
0.47841170099650743 -0.090968587840556503 0.2695738537648853
0.44658194747640989 -0.11522920544196452 0.33675992514720371
0.40802074551384077 -0.14153410817716788 0.40091495119068998
0.36489666299269446 -0.16918505896516439 0.46162973788348599
0.31536657602975926 -0.19787603539858345 0.51738657391558029
0.26004495410207262 -0.22758082124624379 0.56607945201121102
0.20264060973843501 -0.25843638307691347 0.60893882753881212
0.14625064088551032 -0.29387411685296216 0.64779107077575815
0.090472573693091071 -0.33249558663776241 0.68441854887175291
0.035675917907596014 -0.37526288526629764 0.71800185393038984
-0.018352892454538569 -0.42142738259642609 0.74945328371860787
-0.071750079014532217 -0.47159858846981884 0.77658316636817748
-0.12445989608161108 -0.52447598330324596 0.79976294548667226
-0.17616719523699503 -0.58035835711622119 0.81870883148580265
-0.22660944914541881 -0.64041701931646955 0.83375376047731398
-0.27775431536291456 -0.70274390263958497 0.84104337109407734
-0.3285748459757481 -0.7654928313799908 0.84058064639762797
-0.37890115888321801 -0.82854298347560262 0.83327138535560685
-0.4288376165010061 -0.89209541647121571 0.8189771863743055
-0.47755728018398641 -0.95538946828826143 0.79587472959596928
-0.52286128833347167 -1.0166360008847959 0.76358174307265925
-0.56545777153923382 -1.0753946286366025 0.72473426611628822
-0.60603069245087327 -1.1321255503005858 0.67935315487848136
-0.64288716566171711 -1.1866858446464454 0.62645533832516642
-0.67344057207711772 -1.2369282988696089 0.5664326278548002
-0.69852025847222421 -1.28340742756698 0.50206870332162357
-0.71847616049518537 -1.3273083027406543 0.43213675883147784
-0.72872858975367427 -1.3657563733201163 0.35806345873394935
-0.72776005796066423 -1.4005811314684338 0.28767402316362861
-0.72193042168729937 -1.4362401506033886 0.2223789467934732
-0.71360120933996118 -1.4735270008392551 0.16048375567804921
-0.7052348305004853 -1.5186909958455677 0.1000086227944014
-0.68932010805155808 -1.5692937553329447 0.038713210764470402
-0.66458651012141079 -1.6195755428345642 -0.020263483731785298
-0.63353409022204199 -1.6687161508662269 -0.077101000791054669
-0.59624916489915658 -1.7170004361476008 -0.1324169730660878
-0.55229715969867077 -1.7632895216059437 -0.18612243258492128
-0.50205071521387257 -1.8058579409959044 -0.23699371550447329
-0.44699370920946413 -1.8449747481137582 -0.28471312741599819
-0.38737923734687224 -1.8811245352780177 -0.33002082732024768
-0.32265227412072606 -1.9142734078057813 -0.37397966199661736
-0.25256931936291721 -1.9416366748573002 -0.41385306850831971
-0.18016356020604937 -1.9637868016403157 -0.45004266280638927
-0.10514547504155006 -1.981396536878449 -0.48294950754281951
-0.0271234678347511 -1.9949687586516629 -0.51287443284624601
0.054137298486418725 -2.0030701759735492 -0.53929759337800087
0.13670764580177241 -2.0051756477188656 -0.56083839078099096
0.21947866498759905 -2.002062894183875 -0.5785276713472165
0.30260135017036893 -1.9939051691191501 -0.59256189958323902
0.3864727918095307 -1.9807163286494607 -0.60276612766969162
0.47016011352952158 -1.9618455112895248 -0.60737897931021556
0.55186681332944265 -1.938081851898751 -0.60717335506506021
0.63142830672952732 -1.9099686362286237 -0.60300494686633854
0.70907053391486174 -1.8777392890016289 -0.59501627118207612
0.78533985115689176 -1.8408068277488576 -0.58251405664594991
0.8579581715445217 -1.7988944423761946 -0.56446960606107
0.92608757769082284 -1.7539458899562459 -0.54249165464316007
0.99028762804050929 -1.705973435767608 -0.51671736947309965
1.0503952642719645 -1.6550950345857394 -0.48721875008737325
1.1065466450273544 -1.6007417714168004 -0.45353531486233334
1.1563443775933302 -1.5433142331500398 -0.4154060897183558
1.2004895747078823 -1.4847195392889607 -0.37498904457857657
1.239264853559938 -1.4245492995829654 -0.3320242885765447
1.2725416845553543 -1.3630600998845015 -0.28669658060362457
1.2999616681680906 -1.2997654549178534 -0.23844623909366985
1.3195501769645204 -1.235979646590776 -0.18789552570357154
1.334698765887439 -1.1744981242095385 -0.13830086753549026
1.3493018598412807 -1.114728401465177 -0.090147955913006395
1.3635709371770797 -1.0553675944728056 -0.042369474853323291
1.3777146178393351 -0.99610138352214561 0.0052453621875273582
1.3916912235394785 -0.93682097554837374 0.052803861080459633
1.405576641042467 -0.87754757111322768 0.10030465193354239
1.4193845347403777 -0.8182546626136048 0.14776465822842
1.4331350792967184 -0.75894081377034539 0.19518174604300725
1.4468472123467584 -0.69960879664205311 0.2425354585874584
1.4605585737324767 -0.64027070725407231 0.28982299397526873
1.4743347025172762 -0.58063758058568771 0.33725585408216557
1.4879665393140471 -0.51893535101934096 0.38555600596845052
1.4989782383139505 -0.45220066699982886 0.43347583425669811
1.5046158558361498 -0.38127203848066721 0.47704263259893398
1.5062536830558548 -0.30922272610895118 0.51641227599095729
1.504351916553927 -0.23548236689362434 0.55215791877084186
1.498687259430951 -0.15965963445683207 0.58408623181153541
1.4885799188451561 -0.082158947397562992 0.61163409224395293
1.4739896981866236 -0.0043748990415128641 0.63485913900818558
1.4554563623365389 0.073403152024486662 0.65434900889109504
1.4324288177407916 0.15116874667486868 0.66991155578619244
1.4044897270992218 0.22892574018856612 0.68158111481527783
1.3710102457743452 0.30507528128833328 0.68775207884745515
1.3338728201556553 0.37870382378417605 0.68949707869667531
1.2930088843568104 0.45006929286849851 0.68691526650821277
1.2482000601026442 0.51940067687222791 0.67980263250702588
1.199288060086648 0.58517986490321028 0.66669555650381451
1.1481327293046699 0.64671188805729174 0.64856011747301312
1.0952374275448107 0.70442006258630863 0.62592722991066974
1.0405628754410927 0.75838284951348611 0.59850664892444416
0.98422736480202411 0.80787204067809992 0.56532594421511373
0.92793046710352933 0.85131465636367187 0.52575386255103496
0.87314502876026368 0.88976144673060364 0.48154291848527159
0.82010268415329324 0.92350954066059832 0.43245415296063078
0.77032260251713613 0.95202023627939736 0.37807169062276685
0.72678148690351929 0.97558694891655329 0.31928213082702273
0.69029061588551444 0.99783284352689816 0.25829469158605101
0.66032698689228031 1.0199301335803166 0.19578746494211996
0.63744139401797728 1.0432139145763131 0.1321388743725293
0.62065728149323385 1.0702231320105566 0.066147590487085281
0.60524826436542489 1.0976319474378271 0.00059628720587527606
0.59363355057470646 1.1297876543925347 -0.061628109623330762
0.58405918863032658 1.1690444906221003 -0.12194994944498028
0.57534100858064996 1.21440578417812 -0.17989841367602766
0.56643654311663372 1.2649351338682058 -0.23479907780784937
0.55628392814761696 1.3216291995960283 -0.2845729064201884
0.5445467437016287 1.3830342740594035 -0.32960307822818818
0.5309057539279991 1.4478844386879364 -0.37015267955211739
0.51529450872521576 1.5154270826590595 -0.40697570381361337
0.49715497278088994 1.5860029023866922 -0.43847205170203896
0.47593861651190927 1.6586825751541032 -0.46373716181060187
0.45190944756279694 1.7324935408374857 -0.48355498648088013
0.42515180748973336 1.8071456670445221 -0.49831952823547621
0.39558884667769401 1.8829057898495152 -0.50882642133897971
0.36250523055648048 1.9586321820118435 -0.51214106109536606
0.326458439745484 2.0326997149189796 -0.50896828012382078
0.28765928274301944 2.1052698097095845 -0.50048271289168145
0.24613020496590321 2.1764208821463167 -0.4868865565521161
0.20155641268024194 2.2462814630978807 -0.46789029013477579
0.15408809936351126 2.3121082007517573 -0.44212711383946746
0.10492360044847636 2.3732911350261645 -0.41123606386520017
0.053989037799453368 2.430841801235069 -0.37573391580973481
0.0010363099465376668 2.4852760152724613 -0.33538395348862632
-0.053609311523171617 2.5350317021512625 -0.28912309199856306
-0.10945816970476138 2.5779990818306651 -0.23878256982320906
-0.16575286966468145 2.6150077818957977 -0.18525604672832285
-0.22235411972613667 2.6464904398553104 -0.12822638900997158
-0.27986936020132869 2.673051886272181 -0.066749340378983335
-0.33758150299837408 2.691303735042065 -0.0019281107436473627
-0.39379951199353486 2.7022764835691651 0.063672060410436465
-0.44898735438255938 2.7068342945413897 0.13076542501340066
-0.50313776002317434 2.70500078649791 0.19960121255303315
-0.55620981797165769 2.6959217722149522 0.27047904285174701
-0.60651364328247492 2.6787804144608049 0.34107676769464784
-0.65385372929184149 2.6557695747585228 0.41035243296502893
-0.6986557809024927 2.6265957514456586 0.47909607743365701
-0.74113010809092406 2.590763444065042 0.5477203283649198
-0.78014678389156755 2.5472138915594131 0.61466815638722205
-0.81488896421087886 2.4982988976735854 0.67826430174904084
-0.84614563549902111 2.4447885396699758 0.73870011550997028
-0.87394231549404533 2.3865145435832349 0.7961465303257409
-0.89786454703381335 2.3224216812924507 0.85101927566648483
-0.91614640594990471 2.2534287666112593 0.90121808107868429
-0.93139491764221305 2.1825998175325663 0.9464081012458605
-0.94310272889207425 2.1088084056862018 0.98720328511508904
-0.95055584312882835 2.031839748776973 1.023707686158166
-0.95241052094997569 1.9519837979416881 1.055116576667078
-0.94999751402662125 1.8713114732516591 1.0808213849545192
-0.94451902074274907 1.7904904815766782 1.1015042183823227
-0.93551977605548364 1.7092962178946176 1.117208990444382
-0.92204551196693052 1.6271569402243982 1.1273710039125564
-0.90381217072426445 1.5458021963048432 1.1306112235415511
-0.88382342163003746 1.466462031170773 1.1292843865830235
-0.86097467330904709 1.3886726294641463 1.1231955111141176
-0.83515800091656889 1.3124292778822295 1.1117241137853129
-0.80649464553355599 1.238592780339792 1.0936718416732474
-0.77613228533203793 1.1679749617127841 1.0704562464740621
-0.74439867577554053 1.1003489452188151 1.0434049588929757
-0.71125332361935978 1.0357976034462817 1.0119789175107909
-0.67666286509899698 0.97501905014770973 0.97513678440059881
-0.64116753168050233 0.91937522232554325 0.93253530177917798
-0.60565693410307131 0.86730534379449442 0.88705665727528749
-0.56994056379987823 0.81923788653700169 0.83816134378472829
-0.53453191500908437 0.77568407014968044 0.78549205559929725
-0.50037121829493814 0.7377706568321668 0.72838690170360221
-0.46768482289657687 0.70449127471474737 0.66819160386759635
-0.43692432153456129 0.67526561881245351 0.60535603347352784
-0.40842530882674583 0.65034515158720696 0.53999533359258201
-0.38300101305438394 0.6303480393637273 0.47239573493805914
-0.36203512433657753 0.61638775610183583 0.40204578091706178
-0.34428200657934194 0.60566429577812697 0.33040685856569474
-0.33129051307814528 0.59917754923467703 0.25682505854440441
-0.32187165794308342 0.59403527719060756 0.18234237437056669
-0.31939478531289828 0.5908642201023917 0.10757334062004949
-0.32134072553593795 0.59092422452225757 0.032219665993271862
-0.32742344877613522 0.59166810942283266 -0.043268258030750184
-0.33934452897251943 0.592711531250674 -0.11829560354098947
-0.35864223098557241 0.59230585207747932 -0.19252393683934227
-0.38528215496499735 0.58940512447270976 -0.26499018811751357
-0.41791134451293732 0.58328540859556044 -0.33524401733760256
-0.45526218359787607 0.5738270894890054 -0.40316497426550091
-0.49697231258112401 0.56090841524238266 -0.46896961290413919
-0.54326681395155774 0.5421339202180111 -0.53065450640854173
-0.59231303745299824 0.51887677637502994 -0.58835757659375587
-0.64363082479252198 0.49141721540298916 -0.64232064809143841
-0.69683875801766859 0.46006806779661097 -0.69285288800636646
-0.75175838006697959 0.42425567475569398 -0.73967386668314694
-0.8077878960928051 0.38347334266537481 -0.78093965203737414
-0.86416581803574 0.33898221353993019 -0.81712050809908554
-0.92066274453095198 0.2909429235708722 -0.8489009267903036
-0.97691273838200965 0.23911960936033277 -0.87668020450575024
-1.0328456991818964 0.18346436200149216 -0.89878245298785187
-1.0872282984678037 0.12460077125866879 -0.91480796643571916
-1.139943576833119 0.063268925782097252 -0.92570211727271556
-1.1910116095607157 -0.00044165127010356575 -0.93148852387561165
-1.2410822985846945 -0.066690125056093175 -0.93233644506094882
-1.2876728456326714 -0.1355734776570412 -0.92655379728335618
-1.3307238321264061 -0.20509104605870715 -0.91517670912741211
-1.3709625767193607 -0.27540598500555419 -0.89865594943888372
-1.4081726934404248 -0.34620009057612683 -0.87692092525810161
-1.4425560428213888 -0.41775547155541437 -0.85017972594598179
-1.4730443507883519 -0.48840032501844377 -0.81691163774089659
-1.4999156559446638 -0.55743396234613551 -0.77886071371981513
-1.523006913744763 -0.62486501895787272 -0.73607771575888936
-1.5420470714886865 -0.68924682446220986 -0.69008401952613341
-1.5583141277651102 -0.75037747813186184 -0.64343419296836968
-1.5738758683120513 -0.81030772017106789 -0.59734085103302126
-1.5893186745193646 -0.87024705436051497 -0.55129244954442802
-1.6046702252472107 -0.93020809729756515 -0.5052910681642877
-1.6199468312557224 -0.99017718882518857 -0.45934531005814727
-1.6351608900358232 -1.0501850689063579 -0.4134991181894081
-1.65035446324312 -1.1102328855981445 -0.36774211874120816
-1.6655516876360286 -1.1703179811750699 -0.32207385152183599
-1.6807601823667615 -1.2304267537620981 -0.276501219388394
-1.6959958044211447 -1.2905572728493473 -0.23105091329502259
-1.712721631493485 -1.3517492797395918 -0.18523368556258435
-1.7297491386210686 -1.4151386137729811 -0.13787717466693145
-1.7437981691429665 -1.4804128184766991 -0.088645501092320167
